0 6 -999999999 -1 -1
1 2 0 -1 -1
0.2734 -0.3557
356
6.01524305e-01
5.15800872e-01
0.00000000e+00
9.64269043e-01
-7.06337547e-01
-1.73786831e+00
1.18395601e-01
0.00000000e+00
0.00000000e+00
-1.89818296e-01
1.27493070e-01
-3.26092011e-03
9.86680190e-02
4.57465561e-01
4.67864580e-01
3.89389024e-02
0.00000000e+00
0.00000000e+00
0.00000000e+00
0.00000000e+00
0.00000000e+00
0.00000000e+00
0.00000000e+00
0.00000000e+00
0.00000000e+00
0.00000000e+00
0.00000000e+00
0.00000000e+00
0.00000000e+00
0.00000000e+00
0.00000000e+00
0.00000000e+00
0.00000000e+00
0.00000000e+00
0.00000000e+00
0.00000000e+00
0.00000000e+00
0.00000000e+00
0.00000000e+00
0.00000000e+00
0.00000000e+00
0.00000000e+00
0.00000000e+00
0.00000000e+00
0.00000000e+00
0.00000000e+00
0.00000000e+00
0.00000000e+00
0.00000000e+00
0.00000000e+00
0.00000000e+00
-8.70490503e-01
-7.23498519e-01
1.13551958e+00
0.00000000e+00
0.00000000e+00
0.00000000e+00
0.00000000e+00
2.72731669e-01
2.65843649e-01
5.15451868e-01
9.34410590e-02
5.88690775e-01
-3.54536129e-01
-2.20883240e-02
-5.21665580e-01
-7.53261682e-01
-3.93908189e-02
-3.14122040e-01
-1.74675601e-03
-5.00048510e-01
-4.68753816e-01
5.76286852e-03
-3.97515017e-01
4.46359154e-01
8.07724783e-04
-4.85668398e-01
9.38041008e-01
8.36361741e-03
-5.59554180e-01
0.00000000e+00
0.00000000e+00
0.00000000e+00
0.00000000e+00
0.00000000e+00
0.00000000e+00
0.00000000e+00
-4.60939120e-02
3.21781946e-01
3.25836271e-01
-5.67364382e-01
-2.90763610e-01
-1.15078860e+00
-6.16220125e-01
-3.82412745e-01
-4.98994862e-01
-5.82927754e-02
-2.96263825e-01
1.66735357e-01
-6.84088716e-02
1.89750809e-01
1.17353562e-01
0.00000000e+00
0.00000000e+00
2.81859406e+00
3.93466090e+00
0.00000000e+00
0.00000000e+00
0.00000000e+00
0.00000000e+00
0.00000000e+00
0.00000000e+00
4.82476527e-01
3.07667358e-01
1.81211202e-01
-3.66248277e-01
-7.65314454e-01
-2.05686211e+00
0.00000000e+00
5.50735299e-01
-3.18732750e-01
-2.65749644e-01
-1.41254384e-01
-2.29432627e+00
7.02303708e-01
-2.80980948e-02
-1.23918325e-01
-5.67289958e-01
-1.24697571e+00
-1.19898254e+00
6.87023887e+00
6.90613015e+00
6.87096544e+00
6.88891032e+00
6.83702549e+00
6.83791964e+00
-1.78257259e-01
5.12165074e-02
1.15190315e-01
2.68567418e-01
8.95253320e-03
-6.91589537e-01
2.13867961e-01
-2.35966368e-01
-2.95550636e-01
-3.06384085e-01
-2.06265797e-01
-6.24103541e-01
0.00000000e+00
0.00000000e+00
0.00000000e+00
0.00000000e+00
-8.70175674e-01
1.76682801e+00
0.00000000e+00
0.00000000e+00
1.47169998e+00
3.28981337e-01
0.00000000e+00
-1.85824958e+00
-7.00190862e-01
-8.03268096e-01
-1.51687889e+00
-6.71618914e-01
-2.21706975e+00
0.00000000e+00
0.00000000e+00
0.00000000e+00
6.53010198e-01
-1.08269284e-01
-2.58043781e-01
-7.21642143e-01
-1.48629307e+00
5.08278698e-01
2.98830764e-02
-1.37562346e-01
4.36814790e-01
0.00000000e+00
1.03019628e+00
4.37250621e-01
-6.79792192e-01
6.20365756e-02
-1.43260378e+00
-1.61336801e-01
4.38356023e-02
-9.28402134e-01
-9.29909019e-02
5.88560830e-01
3.31252199e-01
0.00000000e+00
0.00000000e+00
0.00000000e+00
-3.03476360e-02
-6.75059758e-01
1.11936578e-01
5.75014028e-01
2.18560820e-02
1.39253522e-01
2.20302712e-01
7.90833488e-03
-5.13695260e-03
0.00000000e+00
-3.03112646e-01
-6.20608939e-03
2.40203069e-01
9.26862865e-02
-2.43550244e-01
2.16400464e-01
4.90485474e-02
-7.77621994e-04
-1.36510015e-02
-6.55154752e-02
-1.29775708e+00
-3.99961462e-01
0.00000000e+00
-8.27978015e-02
-2.88756099e-02
3.73688252e-01
2.71275909e-02
-8.00777305e-01
-6.16906395e-01
0.00000000e+00
0.00000000e+00
0.00000000e+00
-8.22716788e-02
1.88048016e-02
-3.61253619e-01
2.64361689e-01
-1.94521339e-01
3.97590485e-01
6.48940800e-01
-1.11371390e+00
-6.17053203e-02
0.00000000e+00
6.28133803e-01
5.16709794e-01
3.31784501e-01
-7.40694337e-02
-1.52787404e+00
-6.07178158e-01
-3.27085204e-01
2.68764933e-01
2.98580355e-02
6.27817452e-01
-8.97795618e-01
0.00000000e+00
3.32179476e-01
8.24976896e-02
-9.19312674e-01
-3.00229400e-01
0.00000000e+00
-5.73347229e-01
5.32999298e-01
5.74171514e-01
3.19941795e-02
-9.06395093e-01
-6.19083274e-01
0.00000000e+00
0.00000000e+00
5.18526831e-02
-1.47488701e+00
0.00000000e+00
0.00000000e+00
0.00000000e+00
-5.07414724e-01
2.59053138e-01
-2.67872045e-01
-3.33748409e-01
-3.45241228e-01
5.39373614e-01
5.65812309e-01
-4.87290197e-01
-1.74329072e-01
0.00000000e+00
-2.67867176e-01
8.37148630e-01
-3.43939388e-01
7.61550093e-01
-1.12521488e+00
-1.25394821e-01
-1.23871055e-01
-3.63391655e-01
2.04082869e-01
-1.76333014e-01
4.14513633e-01
0.00000000e+00
0.00000000e+00
0.00000000e+00
-3.49338140e-02
-6.79841272e-01
6.09366614e-02
4.55733436e-01
-3.53157013e-01
-5.59140172e-04
1.00055036e-01
-1.68061634e-02
4.66020541e-01
0.00000000e+00
4.63186556e-02
-1.91969912e-01
1.20548280e-01
5.55264830e-02
2.18757828e-01
-1.11069277e-01
-8.12040175e-02
2.29606184e-01
-1.46634591e-02
1.45214598e-01
-7.66276603e-01
-3.55286384e-01
4.82505883e-01
4.29537574e-01
4.56985372e-01
2.42734303e-01
-3.95142147e-02
-5.58506473e-01
-4.36379890e-01
0.00000000e+00
0.00000000e+00
0.00000000e+00
-1.91535514e-01
5.31181082e-01
2.39905285e-01
-1.13219724e+00
8.21083046e-01
-3.59061490e-01
-9.10285310e-01
4.53052064e-01
2.12783170e-01
0.00000000e+00
-3.88387821e-01
-3.65811552e-01
-2.22170725e-01
-2.00887431e-01
2.74869024e-01
5.23038144e-01
4.14851006e-01
1.95560414e-01
5.30233105e-01
-8.62599145e-01
-4.10990219e-01
1.97782313e+00
-4.69043680e-01
-1.25519065e+00
-7.08610408e-01
-4.47981712e-01
2.78638091e-02
-6.32441468e-02
-4.12601374e-01
4.05576691e-01
1.09285244e-01
-9.62843647e-01
-2.60628696e-01
1.90670123e+00
-1.53014518e+00
0.00000000e+00
247
-1.57797281e+00
-1.57797281e+00
0.00000000e+00
-2.12664423e-01
-1.36530839e+00
0.00000000e+00
-2.29636976e+00
5.81389505e-01
0.00000000e+00
0.00000000e+00
1.39214532e+00
-1.62519158e-01
0.00000000e+00
0.00000000e+00
0.00000000e+00
0.00000000e+00
0.00000000e+00
0.00000000e+00
0.00000000e+00
0.00000000e+00
0.00000000e+00
0.00000000e+00
0.00000000e+00
0.00000000e+00
0.00000000e+00
0.00000000e+00
0.00000000e+00
0.00000000e+00
0.00000000e+00
0.00000000e+00
0.00000000e+00
0.00000000e+00
0.00000000e+00
0.00000000e+00
0.00000000e+00
0.00000000e+00
0.00000000e+00
0.00000000e+00
0.00000000e+00
0.00000000e+00
0.00000000e+00
-5.64483664e-01
-2.91691755e-03
-8.33042434e-01
3.05351249e-03
-1.97744859e-01
1.67494252e-03
1.72981427e-02
5.31768114e-03
0.00000000e+00
0.00000000e+00
0.00000000e+00
0.00000000e+00
0.00000000e+00
0.00000000e+00
0.00000000e+00
-6.73443086e-01
-5.67386379e-01
-3.37143349e-01
6.69294301e+00
4.35502655e+00
0.00000000e+00
0.00000000e+00
0.00000000e+00
0.00000000e+00
0.00000000e+00
0.00000000e+00
-2.48683071e-01
-7.43230505e-01
-9.08280912e-01
-1.75590426e+00
-2.10334996e+00
-2.51146713e+00
-9.11285814e-01
0.00000000e+00
0.00000000e+00
0.00000000e+00
0.00000000e+00
7.57665026e-02
7.11213958e-01
-1.37893889e-01
-3.84248208e-01
-6.89813435e-01
-1.45728878e+00
-1.50899495e+00
8.63713773e+00
8.56732142e+00
8.66023879e+00
8.78452411e+00
9.01885654e+00
9.00817792e+00
-6.31073714e-01
-9.63427336e-02
-2.95750566e-01
-3.64316040e-01
-4.74032912e-01
-1.57071947e+00
1.99550277e-01
2.30076160e-01
-2.24310992e-01
-3.28667813e-01
0.00000000e+00
-1.17047985e+00
0.00000000e+00
-2.46597406e+00
4.79840147e+00
0.00000000e+00
8.88001250e-01
6.59726589e-01
0.00000000e+00
-3.47531215e+00
-1.08268409e+00
-8.76934899e-01
-1.28645653e+00
-1.17123069e+00
-1.95961899e+00
0.00000000e+00
0.00000000e+00
0.00000000e+00
2.46921657e+00
0.00000000e+00
1.98311237e+00
1.38847329e+00
0.00000000e+00
2.71813787e+00
1.76366164e+00
2.08330465e+00
1.21597272e+00
0.00000000e+00
2.42104852e+00
0.00000000e+00
1.72340738e+00
1.93599855e+00
-6.98224206e-01
2.04813532e+00
2.28149805e+00
1.10386531e+00
1.26302170e+00
2.55021684e+00
-1.47367835e+00
-9.65664452e-01
0.00000000e+00
1.55619882e+00
1.07612402e+00
5.19355481e-01
0.00000000e+00
0.00000000e+00
0.00000000e+00
-2.84810243e-01
0.00000000e+00
-3.42697286e-01
-2.36100824e-01
0.00000000e+00
-4.27834717e-01
-2.26658511e-01
2.16246082e-01
2.80336596e-01
0.00000000e+00
-2.86225024e-01
0.00000000e+00
2.19448177e-03
4.51281918e-02
1.15367526e+00
1.95117716e-01
-2.28077100e-01
1.14694109e-01
4.61454613e-01
-3.67552382e-01
-5.08013895e-01
0.00000000e+00
7.88390486e-01
4.48666577e-01
-4.85940647e-01
-1.17019642e-01
0.00000000e+00
0.00000000e+00
6.60133309e-01
-3.68921005e-01
0.00000000e+00
0.00000000e+00
0.00000000e+00
-2.45768722e+00
0.00000000e+00
0.00000000e+00
0.00000000e+00
3.14190432e-02
1.52246708e-01
5.73044347e-01
9.35376189e-01
0.00000000e+00
1.47664265e+00
1.03123715e+00
6.77957394e-01
-4.97478670e-01
0.00000000e+00
7.49747180e-01
9.01983643e-01
-4.11700619e-02
1.35124128e+00
3.18025568e-01
2.72537403e-01
8.93834639e-01
1.09315823e+00
1.24224006e+00
8.40257684e-01
-1.14374127e+00
-9.42281088e-01
-5.81713516e-02
-3.62322336e-01
-6.09871965e-01
5.81424579e-01
0.00000000e+00
0.00000000e+00
0.00000000e+00
1.74258126e-01
0.00000000e+00
-9.98173464e-04
4.06833238e-01
0.00000000e+00
8.93450659e-02
2.34722265e-01
1.73717107e-01
0.00000000e+00
0.00000000e+00
3.00156440e-01
4.45985134e-02
0.00000000e+00
1.70854104e-01
-4.38051953e-01
1.36770161e-01
1.61675854e-01
0.00000000e+00
4.89150808e-02
4.95203119e-01
-2.01460182e-01
3.79525299e-01
-6.70680180e-01
-5.20804030e-01
-1.31394595e+00
-3.44175441e-01
3.04389718e-01
2.40254718e-02
0.00000000e+00
-9.69770510e-01
9.05828897e-01
6.74227526e-01
0.00000000e+00
6 -999999999 4 0 -1
2 0 2 1 -1
-2.9411e-01 5.5713e-01
356
1.32323617e-01
0.00000000e+00
0.00000000e+00
0.00000000e+00
0.00000000e+00
0.00000000e+00
0.00000000e+00
0.00000000e+00
0.00000000e+00
0.00000000e+00
0.00000000e+00
0.00000000e+00
0.00000000e+00
0.00000000e+00
0.00000000e+00
0.00000000e+00
-8.18388123e-02
2.14162429e-01
7.73349097e-02
9.55418916e-02
0.00000000e+00
0.00000000e+00
0.00000000e+00
0.00000000e+00
0.00000000e+00
0.00000000e+00
0.00000000e+00
0.00000000e+00
-2.59122061e-02
-1.28036530e-01
2.31283646e-01
3.29613089e-01
-1.97289472e-01
-2.69112285e+00
-1.93667276e+00
1.52658285e+00
2.19358754e-01
1.61007933e+00
4.60094402e-01
1.41065661e+00
1.60471320e+00
0.00000000e+00
0.00000000e+00
0.00000000e+00
0.00000000e+00
0.00000000e+00
0.00000000e+00
0.00000000e+00
0.00000000e+00
0.00000000e+00
0.00000000e+00
-3.88384239e-01
-3.49922974e-03
-5.96444412e-01
0.00000000e+00
0.00000000e+00
0.00000000e+00
0.00000000e+00
8.09701880e-02
-1.72112083e-01
-2.21090567e-01
2.88290843e-01
1.89381911e-01
1.57353873e-01
2.43642434e-01
-2.78950669e-01
-1.60580350e-01
3.48087739e-02
0.00000000e+00
0.00000000e+00
0.00000000e+00
0.00000000e+00
0.00000000e+00
0.00000000e+00
0.00000000e+00
0.00000000e+00
0.00000000e+00
1.46626263e-01
2.03842216e-04
3.03585090e-01
0.00000000e+00
0.00000000e+00
0.00000000e+00
0.00000000e+00
0.00000000e+00
0.00000000e+00
0.00000000e+00
-4.12671783e-01
-2.93309422e-01
8.38304822e-01
-1.31211456e-01
-2.72455833e-01
-3.12319629e-01
-1.93399099e-01
-2.71820445e-01
-2.37207292e-01
2.00008928e-01
1.67740540e-01
-2.13157991e-01
-1.29656591e-01
-3.12927910e-01
2.59626599e-03
2.93193188e-01
5.46741782e-02
2.01176334e+00
1.81557837e+00
0.00000000e+00
0.00000000e+00
0.00000000e+00
0.00000000e+00
0.00000000e+00
0.00000000e+00
5.11827222e-02
2.02416194e-01
4.58362401e-01
-1.15929966e-01
-6.84316282e-01
-1.79115479e+00
2.38963250e+00
1.16562478e-01
-4.68286423e-01
-1.04911387e+00
-6.04034552e-02
-1.87407268e+00
7.49720138e-01
2.58722424e-01
-4.51640246e-02
-2.19844102e-01
-7.78091802e-01
-7.02915927e-01
6.29046460e+00
6.28178304e+00
6.28638968e+00
6.35743432e+00
6.43928833e+00
6.35619387e+00
-3.33415124e-02
2.25440210e-01
-9.58537461e-02
-4.74353121e-03
-1.41508065e-01
-9.11075112e-01
2.25998083e-01
-1.40394742e-01
-3.56031318e-01
-1.66936306e-01
-1.46890650e-01
-3.97844274e-01
0.00000000e+00
0.00000000e+00
0.00000000e+00
0.00000000e+00
-9.45681460e-01
2.88416640e+00
0.00000000e+00
0.00000000e+00
1.07800508e+00
-1.34941516e-01
0.00000000e+00
0.00000000e+00
-4.60408293e-01
-5.39651614e-01
-1.41903143e+00
-1.12930049e+00
-1.87943972e+00
0.00000000e+00
0.00000000e+00
0.00000000e+00
8.61631211e-01
-2.83956667e-01
-6.51630004e-01
5.57793793e-01
-1.76236935e+00
3.95135596e-01
5.94743661e-01
-2.80863263e-01
4.98661084e-01
0.00000000e+00
1.02943445e+00
1.49015151e-01
-3.97510195e-01
1.71293082e-01
-1.82187432e+00
4.53312607e-02
-2.97121224e-01
-1.05118863e+00
-2.60342155e-01
6.24376787e-01
-8.70218681e-02
0.00000000e+00
0.00000000e+00
0.00000000e+00
-5.09172191e-02
-2.56291110e-01
-9.02688333e-03
-1.41514685e-01
3.49976414e-01
-4.84599724e-02
-1.16811571e-01
2.71962386e-01
-2.54009060e-01
0.00000000e+00
-1.73259952e-01
-2.07208685e-01
4.83473017e-02
5.92061191e-02
-2.68258462e-02
1.01448419e-01
1.03743513e-01
1.98136305e-01
2.15905320e-01
-1.51422664e-01
-8.90319698e-01
-3.28940411e-01
0.00000000e+00
0.00000000e+00
0.00000000e+00
-1.75869830e-01
-7.29248691e-02
-8.01457114e-02
5.48007745e-02
0.00000000e+00
0.00000000e+00
0.00000000e+00
4.58255567e-01
2.79990968e-02
-6.36768785e-01
2.18651038e-01
-7.54794611e-01
5.32849347e-01
3.87889746e-01
-1.17744208e+00
2.91463825e-01
0.00000000e+00
1.12634282e+00
3.17550448e-01
1.94246285e-01
-3.46685988e-02
-1.30516457e+00
-4.94514541e-01
-7.50446258e-02
9.94512272e-02
-1.48316087e-01
1.02681528e+00
-5.61379287e-01
0.00000000e+00
0.00000000e+00
0.00000000e+00
-9.89120025e-01
-1.31467882e-01
0.00000000e+00
0.00000000e+00
0.00000000e+00
-7.41713712e-03
-6.26632998e-03
-1.17784415e-01
-8.57652143e-01
0.00000000e+00
0.00000000e+00
0.00000000e+00
-1.66895211e+00
0.00000000e+00
0.00000000e+00
0.00000000e+00
-5.38036974e-01
-4.53566892e-01
2.39964032e-02
-1.71316882e-01
-5.63668377e-01
7.62891190e-01
2.31608649e-01
-2.84923014e-01
-2.56519891e-01
0.00000000e+00
-6.14251478e-03
1.80986933e-01
-7.48283291e-01
6.17487711e-01
-2.38420782e-01
-2.26161688e-02
3.29678425e-01
-4.43566552e-01
2.09461013e-01
-2.98001095e-01
-1.65913736e-01
0.00000000e+00
0.00000000e+00
0.00000000e+00
4.14703155e-02
-4.19066717e-01
-1.41488661e-01
4.98057721e-03
-1.00013272e-02
8.75376887e-03
1.43686176e-02
-5.96891607e-02
-3.78508205e-02
0.00000000e+00
6.66706829e-02
-9.78221081e-02
2.12944266e-01
7.96129738e-02
-1.60490018e-01
-6.73618031e-02
-1.38749204e-02
1.77064558e-01
5.03083482e-02
1.85557691e-01
-8.23250310e-01
-2.09054169e-01
0.00000000e+00
0.00000000e+00
0.00000000e+00
-1.37983190e-01
-3.60316251e-02
-3.50393535e-02
9.53365158e-02
0.00000000e+00
0.00000000e+00
0.00000000e+00
-1.38866716e-01
5.01745700e-01
3.32905765e-01
-2.00479897e-01
3.02681024e-01
-1.11285366e-01
-3.98774139e-01
7.11063231e-01
-1.78931066e-01
0.00000000e+00
-7.02527725e-01
-8.67346349e-02
-1.82702955e-01
-5.67601094e-02
2.03097251e-01
5.91421221e-01
2.68350274e-01
3.02368763e-02
1.42056861e-01
-9.31159077e-01
-6.14196141e-01
0.00000000e+00
0.00000000e+00
0.00000000e+00
-8.45701798e-01
-3.30597445e-01
0.00000000e+00
0.00000000e+00
0.00000000e+00
-1.53735856e-02
-2.67386507e-01
-4.78373523e-02
-5.15104353e-01
0.00000000e+00
0.00000000e+00
0.00000000e+00
247
-3.29057484e-01
0.00000000e+00
0.00000000e+00
0.00000000e+00
0.00000000e+00
0.00000000e+00
0.00000000e+00
0.00000000e+00
0.00000000e+00
0.00000000e+00
0.00000000e+00
0.00000000e+00
0.00000000e+00
0.00000000e+00
-2.12296917e-01
-1.16760567e-01
-8.25717748e-02
-1.29725143e-01
-1.65262839e-01
0.00000000e+00
0.00000000e+00
0.00000000e+00
0.00000000e+00
0.00000000e+00
0.00000000e+00
0.00000000e+00
0.00000000e+00
-3.29057484e-01
0.00000000e+00
5.45291031e-01
-8.74348515e-01
-5.88662128e-02
4.54552273e-01
-2.97089188e-01
0.00000000e+00
0.00000000e+00
0.00000000e+00
0.00000000e+00
0.00000000e+00
0.00000000e+00
0.00000000e+00
0.00000000e+00
0.00000000e+00
0.00000000e+00
0.00000000e+00
0.00000000e+00
0.00000000e+00
-3.89735250e-01
5.59289503e-05
0.00000000e+00
0.00000000e+00
0.00000000e+00
0.00000000e+00
0.00000000e+00
0.00000000e+00
0.00000000e+00
-4.02080573e-01
-2.82969500e-01
3.55992589e-01
6.58757834e-01
7.87165894e-01
0.00000000e+00
0.00000000e+00
0.00000000e+00
0.00000000e+00
0.00000000e+00
0.00000000e+00
2.59943331e-01
4.66107141e-01
5.44118149e-01
2.35917829e-02
-6.70728950e-01
-1.61084677e+00
2.66632101e+00
3.38693396e-02
0.00000000e+00
-1.29595052e+00
0.00000000e+00
-2.60466932e+00
9.41006587e-01
5.55841384e-01
2.04705177e-01
-1.83367249e-01
-6.76380270e-01
-5.57105452e-01
3.16889988e+00
3.14727407e+00
2.97346651e+00
3.09386687e+00
3.16686623e+00
3.04689372e+00
6.66574400e-01
6.16776790e-01
5.60892346e-01
6.06357461e-01
3.74841831e-01
-7.45103380e-01
6.46332368e-01
1.48953333e-01
1.18060904e-01
3.96708210e-02
1.87450621e-01
-2.61461691e-01
0.00000000e+00
-1.40092355e+00
2.48005565e+00
0.00000000e+00
1.07186607e+00
2.54917073e-01
0.00000000e+00
0.00000000e+00
-2.03339108e-01
-7.84476211e-01
-4.41973220e-01
-6.74250158e-01
-9.87815319e-01
0.00000000e+00
0.00000000e+00
0.00000000e+00
6.53422435e-01
-4.05869742e-01
-4.48316608e-02
5.05302732e-02
-1.00966086e+00
4.37121983e-01
2.66325299e-01
-5.56253038e-02
2.97259329e-01
0.00000000e+00
6.82318397e-01
6.60786815e-01
-4.88811397e-01
2.37257208e-01
-1.12364868e+00
1.49736825e-01
5.68841041e-02
-1.15601502e+00
-3.84828347e-01
1.89833024e-01
-2.80883249e-01
2.18956576e-01
0.00000000e+00
0.00000000e+00
0.00000000e+00
-2.25913989e-01
0.00000000e+00
0.00000000e+00
0.00000000e+00
-8.20358707e-02
-3.04029106e-01
1.06208432e-01
1.83594274e-02
6.05547462e-02
-2.60064243e-02
-1.16744109e-01
2.21517592e-01
-2.96491464e-01
0.00000000e+00
-1.59367591e-02
-2.86674350e-01
-1.99415543e-01
1.64198395e-02
6.81450917e-01
1.37623736e-02
-2.97157950e-03
8.40361494e-02
1.17260762e-01
-2.15179022e-01
-4.99839825e-01
0.00000000e+00
0.00000000e+00
0.00000000e+00
-7.06932070e-01
-4.22295684e-01
0.00000000e+00
0.00000000e+00
0.00000000e+00
-2.84636386e-01
0.00000000e+00
0.00000000e+00
0.00000000e+00
-1.11622338e+00
0.00000000e+00
0.00000000e+00
0.00000000e+00
-5.80136735e-01
2.67915163e-02
3.00144736e-02
-2.60915029e-01
-6.98496485e-01
5.54683479e-01
6.83244058e-02
-3.93137329e-01
4.85142306e-01
0.00000000e+00
-1.72640899e-01
7.83755413e-01
-5.63401092e-01
8.83749458e-01
-8.21047253e-01
-2.61659565e-01
1.90930796e-01
-4.02560254e-01
3.28275987e-01
-3.13896571e-01
-2.85958015e-01
2.70017949e-01
0.00000000e+00
0.00000000e+00
0.00000000e+00
-3.25773887e-01
0.00000000e+00
0.00000000e+00
0.00000000e+00
2.04026733e-01
-3.26196310e-01
-2.30523871e-01
3.21021188e-01
-4.79474730e-01
1.23865680e-01
1.77436595e-01
-1.04164360e-01
8.64894740e-02
0.00000000e+00
2.42653170e-01
-1.38639039e-01
2.35955948e-01
8.31964930e-02
-7.71603355e-01
-7.34846544e-02
-4.32806608e-02
1.40462603e-01
-5.65586397e-02
2.83043850e-01
-5.55975964e-01
0.00000000e+00
0.00000000e+00
8.23980983e-02
-8.30265364e-01
-7.11991169e-01
0.00000000e+00
0.00000000e+00
0.00000000e+00
-1.18274194e-01
0.00000000e+00
0.00000000e+00
0.00000000e+00
3 1
-3.9474e-01 2.4987e-01
2 0
0 6 
217
-1.16240074e+00
-5.62469817e-01
1.27046683e+00
3.67389829e-02
-7.11640849e-01
1.66280894e-01
-6.29362592e-01
-6.00409644e-02
-6.09094763e-01
5.60781939e-01
3.94868982e-01
5.65068400e-02
0.00000000e+00
0.00000000e+00
-3.12681504e-02
6.16022407e-03
5.76957168e-01
-1.19132800e-01
-4.41550079e-03
3.25203303e-01
-6.53891432e-01
1.27168826e-04
4.87077644e-01
-3.58108360e-01
-1.98554793e-03
2.60951240e-01
0.00000000e+00
0.00000000e+00
0.00000000e+00
0.00000000e+00
0.00000000e+00
0.00000000e+00
0.00000000e+00
-2.05472119e-01
-3.65183562e-01
0.00000000e+00
0.00000000e+00
-1.18580701e+00
-2.11876910e-01
0.00000000e+00
0.00000000e+00
0.00000000e+00
0.00000000e+00
0.00000000e+00
0.00000000e+00
-5.39723029e-01
-6.46083977e-01
-2.11876910e-01
0.00000000e+00
0.00000000e+00
0.00000000e+00
0.00000000e+00
0.00000000e+00
0.00000000e+00
0.00000000e+00
0.00000000e+00
0.00000000e+00
0.00000000e+00
0.00000000e+00
0.00000000e+00
-2.11876910e-01
-6.46083977e-01
-5.39723029e-01
0.00000000e+00
-4.10800804e-01
-1.76605766e+00
-3.34090530e-01
1.46368786e+00
-4.17509409e-01
9.62020339e-01
0.00000000e+00
-2.78702748e-01
-6.63834621e-01
-1.70278890e-01
-5.60006441e-01
-6.87681998e-01
6.68144731e-01
0.00000000e+00
0.00000000e+00
0.00000000e+00
0.00000000e+00
0.00000000e+00
0.00000000e+00
0.00000000e+00
0.00000000e+00
0.00000000e+00
0.00000000e+00
0.00000000e+00
0.00000000e+00
0.00000000e+00
0.00000000e+00
0.00000000e+00
0.00000000e+00
0.00000000e+00
0.00000000e+00
0.00000000e+00
0.00000000e+00
0.00000000e+00
0.00000000e+00
0.00000000e+00
0.00000000e+00
0.00000000e+00
0.00000000e+00
0.00000000e+00
0.00000000e+00
0.00000000e+00
0.00000000e+00
0.00000000e+00
0.00000000e+00
0.00000000e+00
0.00000000e+00
0.00000000e+00
0.00000000e+00
0.00000000e+00
0.00000000e+00
0.00000000e+00
0.00000000e+00
0.00000000e+00
0.00000000e+00
-6.92005570e-01
-8.74934150e-01
-8.87137722e-01
0.00000000e+00
0.00000000e+00
0.00000000e+00
6.61775051e-01
-1.19792203e+00
5.82971067e-01
-1.16538425e-01
-1.32175053e+00
7.17262040e-01
1.44702757e-01
6.70577452e-01
2.24018776e-01
0.00000000e+00
4.97466053e-01
-8.60908696e-01
-1.04428251e+00
4.02304915e-01
5.50928984e-01
3.72203344e-01
1.63129556e-01
-1.76105566e+00
4.56551412e-02
3.82324997e-01
-2.00923615e-01
0.00000000e+00
0.00000000e+00
0.00000000e+00
1.44195424e-01
-7.14380304e-01
-3.15412823e-01
5.88685298e-01
-1.03829180e+00
2.67761936e-02
2.99261351e-01
1.07967741e-01
-2.82129146e-01
0.00000000e+00
1.73677796e-01
8.02644867e-01
3.37806553e-01
1.43982673e-02
-2.73452522e-01
1.31896087e-01
2.44103491e-01
-1.61405277e-01
-4.51217128e-01
1.63952315e-01
-1.10070551e+00
0.00000000e+00
0.00000000e+00
0.00000000e+00
1.53700710e-01
-4.64890129e-01
-1.95998415e-01
-8.42539180e-02
-8.92456204e-01
1.51455246e+00
3.41438483e-01
-4.71201847e-01
-8.04213325e-01
0.00000000e+00
6.47675287e-01
1.15211361e+00
-7.21786280e-01
7.71040965e-01
-8.57654736e-01
3.89789189e-01
-2.62801444e-02
-8.80664120e-01
-9.36732901e-01
2.65115815e-01
-2.89189675e-02
0.00000000e+00
0.00000000e+00
0.00000000e+00
7.67156256e-02
-2.42753744e-01
-4.79312056e-03
2.18492840e-01
-7.05117457e-01
-8.05523911e-02
5.29000161e-01
4.08158009e-01
7.19537801e-01
0.00000000e+00
-8.60051978e-02
-5.00990015e-01
-4.33164335e-01
-3.98341698e-01
6.80711022e-01
-1.29346524e-01
1.19576976e-01
-3.52464821e-01
3.50931058e-01
-1.98513158e-01
136
1.45685171e+00
7.73645426e-01
-1.22943351e-03
7.33983379e-01
-7.25427457e-03
7.13076125e-02
-2.79523521e-03
-1.22084707e-01
1.26535165e-03
0.00000000e+00
0.00000000e+00
0.00000000e+00
0.00000000e+00
0.00000000e+00
0.00000000e+00
0.00000000e+00
6.59947949e-01
7.61987096e-01
3.49166655e-02
2.70361177e-01
1.01673365e-02
1.17632320e+00
0.00000000e+00
0.00000000e+00
0.00000000e+00
0.00000000e+00
0.00000000e+00
2.70361177e-01
9.65218121e-02
-8.63544755e-02
1.17632320e+00
0.00000000e+00
0.00000000e+00
0.00000000e+00
0.00000000e+00
0.00000000e+00
0.00000000e+00
0.00000000e+00
0.00000000e+00
0.00000000e+00
0.00000000e+00
0.00000000e+00
0.00000000e+00
0.00000000e+00
0.00000000e+00
0.00000000e+00
0.00000000e+00
2.85792285e-01
6.11649394e-01
-5.39851700e-01
-1.84549074e+00
0.00000000e+00
3.06116488e-01
-7.09896449e-01
-3.95811949e-02
-7.44558197e-01
0.00000000e+00
0.00000000e+00
0.00000000e+00
0.00000000e+00
1.17632320e+00
-8.63544755e-02
9.65218121e-02
0.00000000e+00
0.00000000e+00
0.00000000e+00
0.00000000e+00
0.00000000e+00
0.00000000e+00
0.00000000e+00
0.00000000e+00
0.00000000e+00
0.00000000e+00
0.00000000e+00
0.00000000e+00
0.00000000e+00
0.00000000e+00
0.00000000e+00
0.00000000e+00
0.00000000e+00
0.00000000e+00
0.00000000e+00
0.00000000e+00
0.00000000e+00
0.00000000e+00
0.00000000e+00
-7.48765438e-01
-6.67869514e-01
-1.18067740e+00
0.00000000e+00
0.00000000e+00
0.00000000e+00
8.61106488e-01
-2.57786227e+00
3.58020421e-01
4.51551169e-01
-2.29839577e+00
5.56971889e-01
5.36732340e-01
8.68630500e-01
-9.57629815e-02
0.00000000e+00
9.54174534e-01
-2.97569778e-01
-1.01109896e+00
3.80428544e-01
1.04596824e+00
7.59405839e-01
5.37119836e-01
-2.09729577e+00
-6.15294227e-01
5.02492552e-01
-1.05392157e+00
0.00000000e+00
0.00000000e+00
0.00000000e+00
5.06699800e-01
-1.19280379e+00
-2.69163113e-02
5.05793817e-01
-1.69282506e+00
6.79875800e-01
3.59672305e-01
9.62979057e-02
-5.45731252e-01
0.00000000e+00
1.11450812e+00
1.94095678e-01
-6.05998349e-01
7.17115562e-01
-7.62876408e-01
1.84083875e-01
2.65085692e-01
-1.29057311e+00
-1.62510291e-01
6.03084457e-01
19 2
-5.0819e-01 2.5517e-01
3 6
0 6 3 
217
-3.04665996e-01
-2.59507501e-01
7.07799879e-01
-1.97056271e-01
-2.14811945e-01
7.62843692e-02
-1.10953729e-01
1.15540813e-01
-8.32897823e-02
3.08853362e-01
1.36148790e-01
9.98369470e-02
-3.17593301e-02
-2.24191267e-02
0.00000000e+00
0.00000000e+00
0.00000000e+00
0.00000000e+00
0.00000000e+00
0.00000000e+00
0.00000000e+00
0.00000000e+00
0.00000000e+00
-3.04665996e-01
-1.32507544e-04
5.81972121e-01
0.00000000e+00
0.00000000e+00
0.00000000e+00
0.00000000e+00
0.00000000e+00
0.00000000e+00
0.00000000e+00
-6.74452933e-01
-7.40122510e-02
4.43799188e-01
0.00000000e+00
-3.01877436e-01
-4.22855563e-01
2.06297695e-01
0.00000000e+00
0.00000000e+00
0.00000000e+00
0.00000000e+00
0.00000000e+00
1.56452931e-02
-3.00617571e-01
9.83511941e-01
0.00000000e+00
-3.02043117e-01
-1.10432439e+00
2.06297695e-01
0.00000000e+00
0.00000000e+00
0.00000000e+00
0.00000000e+00
0.00000000e+00
0.00000000e+00
0.00000000e+00
0.00000000e+00
8.54852487e-02
-3.00617571e-01
-3.03302983e-01
-1.57868488e-01
-1.05020932e+00
-1.23997513e+00
5.19754571e-01
1.36638796e+00
3.83657240e-01
1.32916542e+00
0.00000000e+00
-8.95336738e-02
-6.10766746e-01
1.61399363e-01
-9.21712193e-01
-3.76531685e-01
-2.41404653e-01
9.04857925e-01
7.45104729e-03
-1.32237505e-01
-7.17658515e-01
-5.23190015e-01
-4.99316453e-01
-5.44145096e-01
0.00000000e+00
0.00000000e+00
0.00000000e+00
0.00000000e+00
0.00000000e+00
0.00000000e+00
0.00000000e+00
0.00000000e+00
0.00000000e+00
0.00000000e+00
0.00000000e+00
0.00000000e+00
0.00000000e+00
0.00000000e+00
0.00000000e+00
0.00000000e+00
0.00000000e+00
0.00000000e+00
0.00000000e+00
0.00000000e+00
0.00000000e+00
0.00000000e+00
0.00000000e+00
0.00000000e+00
0.00000000e+00
0.00000000e+00
0.00000000e+00
0.00000000e+00
0.00000000e+00
0.00000000e+00
0.00000000e+00
0.00000000e+00
0.00000000e+00
0.00000000e+00
0.00000000e+00
-1.01691515e+00
-1.61038655e+00
-9.71612643e-01
0.00000000e+00
0.00000000e+00
0.00000000e+00
4.28357673e-01
-6.51229633e-01
1.64569674e-02
-3.93590792e-02
-4.14372998e-01
7.08928856e-01
2.53783808e-01
5.19322334e-02
-1.72160492e-02
0.00000000e+00
9.31177099e-02
-3.95409072e-01
-4.33253510e-01
1.78277285e-01
1.70132983e-01
5.21570791e-02
1.69498135e-01
-6.74452643e-01
-3.27379438e-01
-1.41582951e-01
-1.67104872e-01
0.00000000e+00
0.00000000e+00
0.00000000e+00
2.39560063e-01
-7.64270982e-01
-8.17950165e-02
2.74419973e-01
-7.78085853e-01
-5.18332787e-02
1.09380254e-01
2.51886449e-01
-6.78708460e-02
0.00000000e+00
4.22289296e-01
-2.05076984e-01
-1.15834652e-01
1.34062587e-01
-3.27789388e-02
3.00882168e-01
2.03978435e-01
-3.65903675e-01
-1.67482693e-02
3.76634398e-01
-1.39979618e+00
0.00000000e+00
0.00000000e+00
0.00000000e+00
-3.55485405e-01
1.44391010e+00
-6.03863689e-01
-2.94372714e-01
-2.00007821e-01
4.19044277e-01
-3.09129436e-01
-2.21681563e-01
-6.28340077e-01
0.00000000e+00
2.28285989e-01
1.94162956e+00
-7.29612311e-01
-4.00580707e-01
-6.76272856e-01
-3.59511427e-01
-5.22902797e-02
-4.91649914e-01
-2.94826807e-01
1.84958903e-01
-4.21421543e-02
0.00000000e+00
0.00000000e+00
0.00000000e+00
2.26378326e-01
-3.58135538e-01
1.37314653e-01
9.85820687e-02
-4.26113909e-01
3.80034194e-02
9.11040766e-02
1.68300269e-01
-1.59815173e-01
0.00000000e+00
6.51999310e-02
-2.81430837e-01
-7.69498095e-02
3.19278117e-01
2.03537147e-01
2.23850287e-01
6.42592206e-02
-3.25486247e-01
1.02500742e-02
-6.02682292e-02
136
6.84949548e-01
0.00000000e+00
0.00000000e+00
0.00000000e+00
0.00000000e+00
0.00000000e+00
0.00000000e+00
5.67160831e-01
1.58089794e-04
0.00000000e+00
0.00000000e+00
0.00000000e+00
0.00000000e+00
0.00000000e+00
0.00000000e+00
0.00000000e+00
6.02085882e-03
3.73143534e-01
3.05785156e-01
3.53904484e-01
-1.19832083e-01
5.22876211e-02
3.98589526e-01
0.00000000e+00
0.00000000e+00
0.00000000e+00
0.00000000e+00
3.53904484e-01
-1.01721419e-01
-1.02117974e-01
9.24148416e-01
0.00000000e+00
-2.40017100e-01
-6.31843694e-01
3.98589526e-01
0.00000000e+00
0.00000000e+00
0.00000000e+00
0.00000000e+00
0.00000000e+00
0.00000000e+00
0.00000000e+00
0.00000000e+00
0.00000000e+00
0.00000000e+00
0.00000000e+00
2.23751134e-01
-5.19801008e-01
6.85872278e-01
-2.19796562e-01
-1.18639011e+00
0.00000000e+00
9.61732749e-02
-2.04016177e-01
1.45471876e-01
-7.56257565e-01
6.87303880e-01
3.86909627e-01
-5.40232058e-01
2.56140184e-01
-4.85893190e-02
-1.02117974e-01
-2.57731209e-01
0.00000000e+00
0.00000000e+00
0.00000000e+00
0.00000000e+00
0.00000000e+00
0.00000000e+00
0.00000000e+00
0.00000000e+00
0.00000000e+00
0.00000000e+00
0.00000000e+00
0.00000000e+00
0.00000000e+00
0.00000000e+00
0.00000000e+00
0.00000000e+00
0.00000000e+00
0.00000000e+00
0.00000000e+00
0.00000000e+00
0.00000000e+00
0.00000000e+00
0.00000000e+00
-9.89359538e-01
-8.68530662e-01
-1.12094631e+00
0.00000000e+00
0.00000000e+00
0.00000000e+00
7.77001192e-01
-2.13218604e+00
3.41365507e-01
3.39236355e-01
-2.13203073e+00
6.30574460e-01
5.10648051e-01
8.10606918e-01
-2.47527499e-01
0.00000000e+00
9.08993636e-01
3.91411018e-02
-8.25576352e-01
4.23741198e-01
7.14223730e-01
6.27894318e-01
3.95123733e-01
-2.11982512e+00
-5.75046067e-01
3.92695291e-01
-1.28163836e+00
0.00000000e+00
0.00000000e+00
0.00000000e+00
3.37116034e-01
1.03224617e+00
-1.77341063e-01
2.31732299e-01
-1.99265288e+00
-1.33680911e-01
4.75376901e-01
-8.44704588e-02
-4.83498568e-01
0.00000000e+00
7.96954610e-01
1.69946260e+00
-9.30072822e-01
4.64029010e-01
-8.50115043e-01
5.67300531e-02
1.10698422e-01
-1.68248731e+00
-3.93707713e-01
2.42042305e-01
14 2
-6.3727e-01 3.0580e-01
4 6
0 6 3 19 
217
-2.70529187e-02
-3.32049718e-01
5.37698298e-01
-2.00841275e-01
-2.18825258e-01
-5.33359438e-02
3.48510552e-03
-2.61104486e-02
7.81577902e-02
4.23254368e-02
4.50734482e-02
1.79443419e-01
6.50559951e-02
-3.05499386e-01
0.00000000e+00
0.00000000e+00
0.00000000e+00
0.00000000e+00
0.00000000e+00
0.00000000e+00
0.00000000e+00
0.00000000e+00
0.00000000e+00
-2.70529187e-02
-6.35362537e-05
3.92068088e-01
0.00000000e+00
0.00000000e+00
0.00000000e+00
0.00000000e+00
0.00000000e+00
0.00000000e+00
0.00000000e+00
-5.43681966e-01
-1.81110048e-02
5.34740052e-01
0.00000000e+00
-1.54030933e-01
-1.19164622e-01
-1.13467824e-01
2.72555795e-01
0.00000000e+00
0.00000000e+00
0.00000000e+00
0.00000000e+00
1.02250130e-01
-3.34941262e-01
4.01061355e-01
0.00000000e+00
-1.11701630e-01
-3.91845412e-01
3.28089121e-01
0.00000000e+00
7.05112340e-02
-8.71901680e-02
7.93070765e-01
0.00000000e+00
-5.91495404e-01
-6.43132307e-01
2.72555795e-01
2.38815147e-01
-3.43471231e-01
-9.45150053e-03
-3.87947625e-02
-1.25259952e+00
-5.48090573e-01
7.57102630e-01
1.11718884e+00
5.07238735e-01
1.31277041e+00
0.00000000e+00
-3.64720806e-01
-6.02371418e-01
4.07185244e-01
-8.22277053e-01
-6.95173568e-02
-2.54713646e-01
1.02503631e+00
8.54406084e-02
1.94452782e-02
-7.55362081e-01
-3.03447558e-01
-3.82167756e-01
-6.00784927e-01
0.00000000e+00
7.99669669e-02
-1.12869680e-01
-2.79577800e-02
-5.08478534e-01
-7.90621056e-02
-1.90785014e-01
0.00000000e+00
0.00000000e+00
0.00000000e+00
0.00000000e+00
0.00000000e+00
0.00000000e+00
0.00000000e+00
0.00000000e+00
0.00000000e+00
0.00000000e+00
0.00000000e+00
0.00000000e+00
0.00000000e+00
0.00000000e+00
0.00000000e+00
0.00000000e+00
0.00000000e+00
0.00000000e+00
0.00000000e+00
0.00000000e+00
0.00000000e+00
0.00000000e+00
0.00000000e+00
0.00000000e+00
0.00000000e+00
0.00000000e+00
0.00000000e+00
0.00000000e+00
-1.01226580e+00
-1.75467820e+00
-1.01042322e+00
0.00000000e+00
0.00000000e+00
0.00000000e+00
3.21893047e-01
-4.73223989e-01
-1.08029271e-01
3.25670401e-02
-4.17493186e-01
2.75702503e-01
1.78121756e-01
-2.22646362e-02
-1.49606746e-01
0.00000000e+00
-6.21173809e-02
-2.77941593e-01
-2.46731366e-01
1.72369957e-01
-5.72582142e-02
2.38159684e-01
5.45036023e-01
-5.98335982e-01
-3.04169461e-01
-5.71014075e-02
-1.81092529e-01
0.00000000e+00
0.00000000e+00
0.00000000e+00
2.90387298e-01
-8.78453584e-01
-9.36393158e-02
1.78644051e-01
-8.06471891e-01
1.24930321e-01
1.63242125e-01
2.84542798e-01
-7.82057205e-02
0.00000000e+00
5.27440107e-01
-2.81652114e-01
-1.92472318e-01
1.87035427e-01
-1.23917145e-02
2.79657104e-01
8.97735650e-02
-4.00620550e-01
3.92575890e-02
3.97904294e-01
-1.58071093e+00
0.00000000e+00
0.00000000e+00
0.00000000e+00
-2.24055445e-01
1.45353055e+00
-4.15404996e-01
-2.71597434e-01
-3.21523495e-01
3.01600505e-01
-1.18520164e-01
-4.03997230e-01
-5.14742121e-01
0.00000000e+00
2.20141110e-01
1.79495319e+00
-6.05205441e-01
-1.28262097e-01
-7.70099695e-01
-2.75063788e-01
-1.38156968e-01
-4.76536786e-01
-4.21754835e-01
-2.66015787e-01
-3.93633641e-02
0.00000000e+00
0.00000000e+00
0.00000000e+00
2.23918915e-01
-3.83957012e-01
1.14307751e-01
8.48442774e-02
-5.68327651e-01
1.36607213e-03
6.56983255e-02
2.34384465e-01
-3.61169592e-01
0.00000000e+00
1.00407343e-01
-2.45897957e-01
-1.39011882e-01
2.78521910e-01
2.49576166e-01
1.92967848e-01
1.09816977e-01
-2.69697536e-01
1.63620786e-01
1.09267430e-01
136
3.89117475e-01
0.00000000e+00
0.00000000e+00
0.00000000e+00
0.00000000e+00
0.00000000e+00
0.00000000e+00
3.57018610e-01
9.50025770e-05
0.00000000e+00
0.00000000e+00
0.00000000e+00
0.00000000e+00
0.00000000e+00
0.00000000e+00
0.00000000e+00
-7.31639228e-02
2.77585629e-01
1.84695769e-01
4.18290739e-01
-2.00547363e-01
-6.77903864e-02
1.36383918e-01
1.02780569e-01
0.00000000e+00
0.00000000e+00
0.00000000e+00
4.18290739e-01
-1.78955596e-01
-8.00396569e-02
5.22789404e-01
0.00000000e+00
-7.56619391e-02
-3.93778587e-01
3.32234074e-01
0.00000000e+00
-1.54429757e-01
3.52738467e-02
9.21049061e-02
0.00000000e+00
-1.37616889e-01
-1.50338174e-01
1.02780569e-01
0.00000000e+00
0.00000000e+00
0.00000000e+00
-3.97287221e-02
-7.43985747e-02
7.15951140e-01
-1.53110535e-01
-3.52063529e-01
0.00000000e+00
-7.19089069e-02
-6.28863843e-02
2.68636032e-01
-8.20389971e-01
4.78950004e-01
2.10025829e-01
-6.12596876e-01
1.77580723e-01
6.91227318e-03
-1.08238630e-02
3.39272787e-01
-2.03944712e-01
3.63059251e-01
-1.04520670e-01
0.00000000e+00
0.00000000e+00
0.00000000e+00
0.00000000e+00
0.00000000e+00
0.00000000e+00
0.00000000e+00
0.00000000e+00
0.00000000e+00
0.00000000e+00
0.00000000e+00
0.00000000e+00
0.00000000e+00
0.00000000e+00
0.00000000e+00
0.00000000e+00
0.00000000e+00
0.00000000e+00
0.00000000e+00
0.00000000e+00
-1.06708114e+00
-9.92465962e-01
-1.19988781e+00
0.00000000e+00
0.00000000e+00
0.00000000e+00
7.49484412e-01
-2.12228261e+00
3.07932382e-01
3.46876221e-01
-2.08581959e+00
6.65816634e-01
4.90443148e-01
7.81309919e-01
-2.10667992e-01
0.00000000e+00
8.86765987e-01
5.67787616e-02
-7.95929929e-01
4.16895111e-01
6.64289363e-01
6.08418981e-01
3.26077067e-01
-2.10128205e+00
-5.35152826e-01
3.50159196e-01
-1.33575999e+00
0.00000000e+00
0.00000000e+00
0.00000000e+00
3.47740288e-01
1.08672679e+00
-2.20606681e-01
1.95762305e-01
-1.88634025e+00
-1.13867139e-01
4.04530776e-01
-5.27869794e-02
-4.81814708e-01
0.00000000e+00
7.21912453e-01
1.78230422e+00
-1.01021288e+00
3.95622335e-01
-7.41180171e-01
1.06244343e-01
1.32525169e-01
-1.73707386e+00
-4.56669087e-01
1.91423091e-01
5 1
-6.4293e-01 3.5669e-01
5 0
0 6 3 19 14 
217
-8.02103591e-01
-6.39730581e-01
1.20699918e+00
-1.56989151e-01
-2.33226862e-01
-4.93041395e-01
-7.66723016e-01
-1.47214997e-01
-9.81468549e-01
4.10404983e-01
4.60110590e-01
-6.86862214e-02
0.00000000e+00
0.00000000e+00
1.67909971e-03
9.63066940e-03
5.13493182e-01
-9.58542275e-02
-3.67219696e-04
4.99191296e-01
-2.25104007e-01
-1.15851904e-03
6.45935471e-01
-4.82824456e-01
-3.81939288e-04
7.40681228e-01
0.00000000e+00
0.00000000e+00
0.00000000e+00
0.00000000e+00
0.00000000e+00
0.00000000e+00
0.00000000e+00
-3.08471969e-01
-4.29920015e-01
-6.37116065e-02
0.00000000e+00
-3.69665327e-01
-2.39018804e-01
-2.89543146e-01
-5.69945297e-02
1.53118216e-01
0.00000000e+00
0.00000000e+00
0.00000000e+00
-3.29559435e-01
4.83820932e-01
1.13641928e-01
0.00000000e+00
-3.28830568e-01
-4.30983539e-01
2.73946244e-01
0.00000000e+00
-3.15660525e-01
-6.42683851e-01
2.85432407e-01
0.00000000e+00
-2.41892521e-01
-5.88593960e-02
3.89524734e-01
-3.47433049e-01
-1.58862919e-01
-2.95807623e-01
0.00000000e+00
-6.48705855e-01
-5.18837526e-01
4.49097410e-02
1.51304533e+00
-1.98307477e-01
8.16825194e-01
0.00000000e+00
-1.21594305e+00
-7.09653908e-01
1.32640422e-01
-5.85590766e-01
2.81199036e-01
2.03695579e-01
-3.68657416e-01
-3.63511286e-02
1.50413786e-01
-1.75225865e-01
-3.55756284e-01
-2.21869181e-01
-7.25087959e-02
0.00000000e+00
-2.17964438e-01
1.76226892e-01
-6.44873461e-02
-3.35060173e-01
-5.19651807e-01
-5.55582572e-01
0.00000000e+00
-3.44176657e-01
-2.07119384e-01
-8.46008613e-02
-1.76376836e-01
-3.73326073e-01
-8.42558434e-02
0.00000000e+00
0.00000000e+00
0.00000000e+00
0.00000000e+00
0.00000000e+00
0.00000000e+00
0.00000000e+00
0.00000000e+00
0.00000000e+00
0.00000000e+00
0.00000000e+00
0.00000000e+00
0.00000000e+00
0.00000000e+00
0.00000000e+00
0.00000000e+00
0.00000000e+00
0.00000000e+00
0.00000000e+00
0.00000000e+00
0.00000000e+00
-8.90891742e-01
-8.57342550e-01
-1.10567522e+00
0.00000000e+00
0.00000000e+00
0.00000000e+00
2.99208098e-01
-9.83400538e-01
-2.96170981e-01
1.88987757e-01
-1.56416895e+00
3.52884881e-01
9.76412357e-02
3.67854178e-01
1.49598780e-02
0.00000000e+00
7.12834416e-01
-8.95278546e-01
-9.31079410e-01
1.03427291e+00
6.67988633e-01
2.77406721e-01
2.75248194e-01
-1.15436384e+00
-2.74162856e-01
7.03662996e-01
-3.45113994e-01
0.00000000e+00
0.00000000e+00
0.00000000e+00
5.53646340e-01
-1.56688665e+00
1.96272423e-01
4.68007128e-01
-9.63432500e-01
3.63223307e-01
5.85856293e-01
3.54121635e-01
-5.11496028e-02
0.00000000e+00
7.46013520e-02
4.87546689e-01
5.21082900e-02
-3.19859979e-01
-3.54404592e-01
2.60022484e-01
1.66739695e-01
-4.78573704e-01
-1.70907073e-01
-2.04552780e-03
-9.82269354e-01
0.00000000e+00
0.00000000e+00
0.00000000e+00
1.31168589e-01
-1.45590621e-01
3.02978649e-01
8.72379051e-03
-6.48658490e-01
1.24396139e+00
1.42147290e-02
-9.47960186e-02
-1.06521065e+00
0.00000000e+00
1.12868250e+00
5.83102795e-01
-1.26882343e+00
2.40173768e-01
-7.48111556e-01
2.55979383e-01
-3.24248967e-01
-6.28847526e-01
-3.73498408e-01
4.06530710e-01
-2.61326577e-01
0.00000000e+00
0.00000000e+00
0.00000000e+00
1.70651218e-01
-8.08536004e-01
4.72993835e-01
1.65119895e-01
-4.42113543e-01
4.29687862e-01
4.86714459e-01
1.55468725e-01
2.71532719e-01
0.00000000e+00
-4.52059177e-01
-3.51296087e-01
-6.57877644e-02
4.59750398e-02
5.74432431e-01
-8.28796937e-02
4.11376593e-01
-7.89147256e-01
-1.04178259e-01
-3.49281572e-01
136
1.05835282e+00
6.17059716e-01
1.65862813e-03
5.96274213e-01
-5.77407698e-03
3.43949899e-02
-2.56064765e-03
-1.89376102e-01
1.69962442e-03
0.00000000e+00
0.00000000e+00
0.00000000e+00
0.00000000e+00
0.00000000e+00
0.00000000e+00
0.00000000e+00
4.84976842e-01
5.49978366e-01
2.33976082e-02
4.83164546e-01
9.30224982e-03
-1.16081649e-01
-4.78688195e-02
1.21909908e-01
6.07926582e-01
0.00000000e+00
0.00000000e+00
5.59348969e-01
-3.87122286e-01
6.42559965e-02
8.30752148e-01
0.00000000e+00
-1.85311463e-01
-5.47661517e-01
8.16378895e-01
2.45664985e-01
-3.93846305e-01
-6.01602392e-01
8.26100009e-01
0.00000000e+00
-4.24992132e-01
-5.37077894e-01
6.66639069e-01
0.00000000e+00
0.00000000e+00
0.00000000e+00
0.00000000e+00
-5.02038701e-01
6.58470203e-01
-4.35624062e-01
-4.92718862e-01
0.00000000e+00
-5.16648706e-01
-4.58939648e-01
1.44482447e-01
-7.38843162e-01
2.98828969e-01
8.44722153e-01
-2.23362031e-01
2.33471054e-01
1.26513610e-01
-1.58279780e-01
-1.34428109e-02
-3.29448638e-01
2.60601723e-01
4.04005860e-02
0.00000000e+00
8.02399857e-01
-2.92550445e-02
2.35060970e-01
-1.95339948e-03
0.00000000e+00
0.00000000e+00
0.00000000e+00
0.00000000e+00
0.00000000e+00
0.00000000e+00
0.00000000e+00
0.00000000e+00
0.00000000e+00
0.00000000e+00
0.00000000e+00
0.00000000e+00
0.00000000e+00
0.00000000e+00
0.00000000e+00
-8.76853048e-01
-7.94493309e-01
-1.29554106e+00
0.00000000e+00
0.00000000e+00
0.00000000e+00
7.54454751e-01
-2.47608338e+00
3.77306436e-01
4.63471524e-01
-2.18684200e+00
5.26214325e-01
5.02169446e-01
8.26883644e-01
-3.84524506e-02
0.00000000e+00
7.91022389e-01
-1.46826020e-01
-9.02332287e-01
3.59382266e-01
9.14615361e-01
6.75125917e-01
4.82394013e-01
-2.05214706e+00
-5.63697553e-01
3.97799613e-01
-1.12208253e+00
0.00000000e+00
0.00000000e+00
0.00000000e+00
5.55805276e-01
-1.22311017e+00
-2.73014208e-01
4.84641466e-01
-1.84025321e+00
4.93404796e-01
6.12188870e-01
1.59513494e-01
-3.54989425e-01
0.00000000e+00
9.48988679e-01
3.37399907e-01
-6.09393730e-01
6.30831566e-01
-5.46783125e-01
3.03405023e-01
2.80985371e-01
-1.42088506e+00
-1.96569713e-01
5.35751663e-01
4 2
-9.7555e-01 3.7485e-01
6 -1
0 6 3 19 14 5 
217
2.83885491e+00
-2.63862385e-02
-1.09840112e+00
-9.04639064e-02
9.55763071e-01
1.83393110e-01
1.08365483e+00
6.88902258e-01
9.09269124e-01
-2.16524121e-01
0.00000000e+00
0.00000000e+00
0.00000000e+00
0.00000000e+00
2.04882964e-01
6.52506562e-03
-7.90653731e-02
0.00000000e+00
0.00000000e+00
0.00000000e+00
0.00000000e+00
0.00000000e+00
0.00000000e+00
0.00000000e+00
0.00000000e+00
0.00000000e+00
0.00000000e+00
0.00000000e+00
0.00000000e+00
0.00000000e+00
0.00000000e+00
0.00000000e+00
0.00000000e+00
1.35952739e+00
1.47932752e+00
0.00000000e+00
2.38929954e+00
-1.30517722e+00
-1.12116715e+00
-7.48460998e-01
-4.99719618e-01
1.00259679e+00
3.12148356e+00
0.00000000e+00
-1.51810484e+00
-9.34262274e-01
-1.94300007e+00
7.10066152e-01
0.00000000e+00
-1.34839940e-01
0.00000000e+00
1.53125338e+00
0.00000000e+00
-2.77543944e-01
-1.60783913e+00
1.40250596e+00
0.00000000e+00
-1.28059954e-01
0.00000000e+00
2.91737471e-01
-1.48029826e+00
3.24574624e+00
-1.31589260e+00
0.00000000e+00
3.77998059e-01
9.20588499e-01
1.19830186e+00
1.17785707e+00
1.26255500e+00
2.56136346e+00
0.00000000e+00
1.78349193e+00
-1.03015149e+00
2.48508873e+00
-6.35505514e-01
0.00000000e+00
0.00000000e+00
0.00000000e+00
6.38999753e-01
-1.11375117e-01
6.59673025e-02
-1.15460029e-01
2.13388786e+00
1.34061135e+00
0.00000000e+00
4.84084513e-01
-1.56538379e-01
1.41129072e+00
-6.47681586e-01
0.00000000e+00
0.00000000e+00
0.00000000e+00
-2.26627158e+00
1.24846568e-01
-3.50701132e+00
3.10731441e-01
0.00000000e+00
0.00000000e+00
0.00000000e+00
6.47144580e-02
-8.24445789e-01
1.74326832e-02
-5.70404711e-01
2.75670777e+00
2.45326961e+00
0.00000000e+00
0.00000000e+00
0.00000000e+00
0.00000000e+00
0.00000000e+00
0.00000000e+00
0.00000000e+00
0.00000000e+00
0.00000000e+00
0.00000000e+00
0.00000000e+00
0.00000000e+00
0.00000000e+00
0.00000000e+00
-6.64043652e-03
-1.45302253e+00
-2.47705321e+00
0.00000000e+00
0.00000000e+00
0.00000000e+00
3.29595629e+00
-7.99514510e-01
3.04163269e+00
1.73680606e+00
-6.12372509e-01
2.07240486e+00
2.90696307e+00
2.03049478e+00
1.11588009e+00
0.00000000e+00
3.02525018e+00
9.97413279e-01
1.09123246e+00
1.55982896e+00
1.96662897e+00
3.13486528e+00
2.86735638e+00
-1.31328383e-01
4.09049963e-01
2.38333280e+00
-1.92920656e+00
0.00000000e+00
0.00000000e+00
0.00000000e+00
8.70293632e-01
-3.62425780e-01
-1.97363142e-03
2.65340272e+00
-3.27864665e-01
2.71256938e+00
7.41781787e-01
2.01695045e+00
1.66148402e+00
0.00000000e+00
9.29597578e-01
1.08564837e+00
8.52003347e-01
2.75668418e+00
2.19756261e+00
1.30627947e+00
2.69442274e-01
1.68894003e+00
1.85526506e+00
1.86284293e+00
-3.04576826e+00
0.00000000e+00
0.00000000e+00
0.00000000e+00
2.04521749e+00
-8.24276260e-01
3.22072455e-01
2.08102934e+00
-1.89795176e-01
8.39998427e-01
2.17184522e+00
1.37002421e+00
1.73027124e+00
0.00000000e+00
1.60351756e+00
1.55229470e+00
-6.00296516e-01
3.10804686e+00
2.25216013e+00
1.49525008e+00
1.32170518e+00
-4.18516873e-01
1.81016195e+00
1.65428061e+00
-5.94862706e-01
0.00000000e+00
0.00000000e+00
0.00000000e+00
-5.96229422e-01
2.34248312e+00
1.72281067e+00
1.93959661e-01
-1.14519312e-01
1.82123447e+00
2.10226717e-01
-5.79466111e-02
1.60142485e+00
0.00000000e+00
1.17542343e+00
-1.00924774e+00
1.12909136e+00
-6.71342654e-02
-8.92562045e-03
1.23535855e+00
1.15780477e+00
-2.00552905e-01
-1.63861573e-01
1.08660028e+00
136
1.17513559e+00
4.18370672e-01
-4.00683891e-03
7.56764921e-01
-2.11619192e-01
0.00000000e+00
0.00000000e+00
0.00000000e+00
0.00000000e+00
0.00000000e+00
0.00000000e+00
0.00000000e+00
0.00000000e+00
0.00000000e+00
0.00000000e+00
0.00000000e+00
5.95409003e-01
5.79726590e-01
0.00000000e+00
0.00000000e+00
-9.11622507e-01
-5.13698619e-01
-3.97875854e-01
-1.21721814e-01
4.20825227e-01
7.60148504e-01
0.00000000e+00
0.00000000e+00
-9.00657464e-01
-9.97259988e-01
1.00155989e+00
0.00000000e+00
-6.06852122e-01
4.20123888e-01
1.19468208e+00
0.00000000e+00
-4.62239781e-01
-1.58267619e+00
1.51889394e+00
0.00000000e+00
-3.19259641e-01
0.00000000e+00
1.42658073e+00
0.00000000e+00
0.00000000e+00
0.00000000e+00
0.00000000e+00
-1.67757204e+00
4.67310494e-01
-6.88266952e-01
-4.51840898e-01
0.00000000e+00
5.49486334e-02
-5.36162445e-01
1.35374915e-01
-6.37580355e-01
0.00000000e+00
9.21787502e-01
-2.87445937e-01
1.99537901e-01
-1.29291561e-01
1.51023969e+00
1.72110389e-03
-4.52282578e-01
2.00198906e-01
-2.26909959e-01
0.00000000e+00
1.11191562e+00
4.94733093e-02
2.28405213e-01
4.48960619e-02
0.00000000e+00
1.43617735e+00
-1.74568524e-01
3.48051421e-01
-8.80365494e-02
0.00000000e+00
0.00000000e+00
0.00000000e+00
0.00000000e+00
0.00000000e+00
0.00000000e+00
0.00000000e+00
0.00000000e+00
0.00000000e+00
0.00000000e+00
-9.28135034e-01
-1.00869898e+00
-1.44899736e+00
0.00000000e+00
0.00000000e+00
0.00000000e+00
1.00365298e+00
-3.02524858e+00
2.20945836e-01
5.28896135e-01
-2.54998593e+00
6.44061113e-01
5.58440883e-01
1.14566204e+00
-3.33926489e-01
0.00000000e+00
9.10721143e-01
1.83078038e-01
-1.07454449e+00
9.28964228e-02
1.13618065e+00
9.37509259e-01
6.71598581e-01
-2.21837595e+00
-7.79917613e-01
4.99358614e-01
-1.47033741e+00
0.00000000e+00
0.00000000e+00
0.00000000e+00
4.73386049e-01
-2.18118019e+00
8.04280216e-02
7.54454854e-01
-1.80760071e+00
6.94747573e-01
7.38924364e-01
1.63905513e-01
1.19970663e-02
0.00000000e+00
8.05730505e-01
-1.51193788e-01
-8.28297304e-01
7.30811517e-01
-3.15383423e-01
1.47643280e-01
2.38520946e-01
-1.55766908e+00
3.38025735e-02
4.96634825e-01
12 1
-1.0203e+00 4.4016e-01
7 0
0 6 3 19 14 5 4 
217
3.57142953e-01
-8.04893055e-01
1.39971656e-01
1.08040917e-01
1.99654368e-01
-1.46840561e-01
8.77885001e-02
-5.28530536e-02
1.52475252e-01
7.66303634e-02
-2.64381017e-01
-1.30156172e-01
0.00000000e+00
0.00000000e+00
4.95340310e-02
4.41377118e-03
3.15793624e-01
1.13839378e-01
1.32016953e-03
-5.43140358e-02
3.42201239e-01
-1.34419420e-03
-1.72599514e-01
-1.48431695e-01
2.71693212e-03
-1.88134684e-02
0.00000000e+00
0.00000000e+00
0.00000000e+00
0.00000000e+00
0.00000000e+00
0.00000000e+00
0.00000000e+00
4.01309148e-01
-4.41661948e-02
0.00000000e+00
0.00000000e+00
-1.31667196e-01
-3.05446917e-02
-5.27147687e-02
-8.66324817e-02
-5.12779767e-02
-1.87468469e-01
0.00000000e+00
0.00000000e+00
-6.14603299e-01
-5.51561554e-01
4.06251961e-01
0.00000000e+00
-5.72294481e-01
1.75510636e-01
3.36997717e-01
0.00000000e+00
1.24508559e-01
-4.38890088e-01
5.00075873e-01
0.00000000e+00
-1.45275853e-01
0.00000000e+00
5.43693024e-01
-5.13873634e-01
7.20662407e-01
-1.57830456e-01
0.00000000e+00
-2.22210548e-01
0.00000000e+00
4.44069813e-01
1.42197795e+00
1.35283689e-01
9.51998136e-01
0.00000000e+00
-4.09908077e-01
-4.92707586e-01
7.75745071e-01
-4.98566669e-01
-8.69404072e-03
-2.56266918e-01
0.00000000e+00
2.23538448e-01
9.73260621e-01
1.04835158e-01
-3.30838971e-01
2.87693472e-02
-5.78061686e-01
0.00000000e+00
-2.19420234e-02
3.12378029e-01
-9.41867976e-02
-2.20108032e-01
4.73271774e-01
-1.67384984e-01
0.00000000e+00
1.06464465e-01
1.14069774e-01
5.80414959e-01
-1.64893194e-01
-3.29736472e-01
1.41189637e-02
0.00000000e+00
1.81554604e-01
-3.30462168e-01
2.20746831e-01
-3.39661108e-01
-4.51584810e-02
-4.80678741e-01
4.62031778e-01
1.34256233e-01
0.00000000e+00
0.00000000e+00
0.00000000e+00
7.77593325e-02
1.36690315e-01
0.00000000e+00
0.00000000e+00
0.00000000e+00
0.00000000e+00
0.00000000e+00
0.00000000e+00
0.00000000e+00
-8.90848188e-01
-6.81074866e-01
-1.28466634e+00
0.00000000e+00
0.00000000e+00
0.00000000e+00
6.46749257e-01
-1.58160918e+00
1.47181542e-01
4.16616445e-01
-1.49332332e+00
9.39742439e-01
4.74254330e-01
3.80263709e-01
1.00711828e-01
0.00000000e+00
5.32588829e-01
-7.80759409e-01
-7.96273752e-01
6.49385687e-01
7.37602971e-01
3.17368246e-01
3.02068316e-01
-1.75241888e+00
-4.39138291e-01
-8.56770948e-02
-8.01450998e-02
0.00000000e+00
0.00000000e+00
0.00000000e+00
1.39435008e-01
-1.51223776e+00
5.81006576e-02
1.83088028e-01
-5.99644848e-01
6.44559021e-02
1.58363455e-01
1.97336999e-01
-1.88954322e-01
0.00000000e+00
2.44831453e-01
4.88099739e-01
5.05254077e-03
-4.06605209e-02
-6.65627773e-02
2.59528201e-01
1.05110952e-01
-1.41410099e-02
-5.30450046e-02
4.91698209e-01
-7.52524559e-01
0.00000000e+00
0.00000000e+00
0.00000000e+00
9.62936239e-01
-5.51820564e-01
4.75853079e-01
-1.19382895e-01
-9.11986863e-01
1.81542295e+00
3.22459936e-01
-9.43559748e-02
-1.29696267e+00
0.00000000e+00
7.49890059e-01
1.07863213e+00
-5.61777803e-01
-7.51896063e-02
-1.20551881e+00
4.15268465e-01
2.26238060e-01
-8.48798806e-01
-8.78401195e-01
-2.55030284e-01
-3.36954269e-01
0.00000000e+00
0.00000000e+00
0.00000000e+00
-4.62536634e-01
-7.83169770e-01
-1.31631675e-01
2.23641027e-01
-5.64392980e-01
-5.31712303e-01
1.50095718e-01
2.81254482e-01
1.03468403e+00
0.00000000e+00
-6.03581293e-02
-8.97968119e-01
-1.54858324e-01
2.86427209e-01
6.27262392e-01
-7.99368090e-02
3.14819620e-02
-1.31747455e-01
3.23137346e-01
5.03373764e-01
136
5.85137811e-01
5.08831864e-01
2.66494166e-04
2.98166270e-01
-3.86425862e-03
-1.52236630e-01
-2.50217426e-04
-6.96236929e-02
-8.49299128e-05
0.00000000e+00
0.00000000e+00
0.00000000e+00
0.00000000e+00
0.00000000e+00
0.00000000e+00
0.00000000e+00
4.57639746e-01
5.98523635e-01
0.00000000e+00
4.89622680e-01
-6.98832246e-02
-1.69127545e-01
-1.85499306e-01
-1.27291495e-01
1.45664008e-01
3.67623913e-01
1.34028781e-01
3.55758959e-01
-2.22391823e-01
-3.66472526e-01
1.14977167e+00
0.00000000e+00
-4.32312881e-01
-1.47606719e-01
7.85102840e-01
9.89148287e-02
-4.18002388e-01
-7.25573546e-01
1.07089133e+00
0.00000000e+00
-7.95872816e-01
-6.03407053e-01
7.24273174e-01
0.00000000e+00
0.00000000e+00
0.00000000e+00
0.00000000e+00
-1.18804721e+00
6.46478434e-01
-4.73771098e-01
-4.12709891e-01
0.00000000e+00
-1.26345029e+00
-6.40750254e-01
-1.82647976e-02
-6.61800673e-01
0.00000000e+00
1.03117061e+00
-8.89153954e-02
3.40908971e-01
6.35121941e-02
9.23387916e-01
-4.93142138e-02
-2.50044938e-01
2.19892415e-01
2.86247783e-02
0.00000000e+00
7.25508468e-01
-4.26734150e-02
2.44171321e-01
-5.51191928e-03
0.00000000e+00
1.00620933e+00
-2.93916460e-01
3.19789644e-01
-2.48788776e-01
2.43693661e-01
2.50107499e-01
-1.87798120e-01
8.53026094e-02
5.15806775e-02
0.00000000e+00
0.00000000e+00
0.00000000e+00
0.00000000e+00
0.00000000e+00
-9.26715748e-01
-6.17694218e-01
-1.38203176e+00
0.00000000e+00
0.00000000e+00
0.00000000e+00
7.23207104e-01
-2.36183845e+00
3.31790658e-01
5.22750978e-01
-2.30582548e+00
5.21942463e-01
5.46768107e-01
8.46784324e-01
-2.05844529e-02
0.00000000e+00
7.48304807e-01
-1.34521606e-01
-9.60658325e-01
3.44067636e-01
8.86972354e-01
6.62563236e-01
4.64728283e-01
-2.04968387e+00
-5.85318237e-01
4.36518707e-01
-1.04614703e+00
0.00000000e+00
0.00000000e+00
0.00000000e+00
4.82204747e-01
-1.29739856e+00
-1.53280059e-02
5.28753615e-01
-1.72259937e+00
7.13867707e-01
5.85681514e-01
9.11645328e-02
-3.68463423e-01
0.00000000e+00
8.89199231e-01
2.04596250e-01
-6.56367516e-01
6.51446895e-01
-4.76694375e-01
2.90388390e-01
3.01939248e-01
-1.49735508e+00
-2.67555660e-01
5.16372837e-01
17 1
-1.0908e+00 4.7368e-01
8 0
0 6 3 19 14 5 4 12 
217
-4.98748548e-03
-5.18085915e-01
5.70048436e-01
-1.12867583e-01
6.66185609e-02
-3.61855677e-01
-3.39558746e-01
1.82060582e-01
-1.65088363e-02
3.00940568e-01
5.73079620e-02
-6.45931247e-02
0.00000000e+00
0.00000000e+00
2.28027437e-01
-6.87826299e-04
-1.75459592e-02
-1.53843851e-01
-7.31027438e-04
2.75912459e-01
-2.84208772e-01
-3.61491128e-03
4.32620568e-01
2.05037701e-01
-3.81554004e-03
8.50097015e-02
0.00000000e+00
0.00000000e+00
0.00000000e+00
0.00000000e+00
0.00000000e+00
0.00000000e+00
0.00000000e+00
3.94044951e-02
7.67516889e-02
-1.21143670e-01
0.00000000e+00
-9.14613109e-02
-8.79793066e-02
-2.71585801e-01
-1.13611332e-01
1.14975221e-01
1.97659355e-01
2.47015689e-01
0.00000000e+00
-4.03582824e-01
-4.17700992e-01
1.73956523e-01
0.00000000e+00
-3.42364745e-01
-1.68865872e-01
1.45073454e-01
0.00000000e+00
-1.53685073e-01
-5.27698665e-01
6.20696403e-01
0.00000000e+00
-1.26937875e-02
0.00000000e+00
2.57880659e-01
-1.09008954e-01
4.27629443e-01
-3.23607974e-01
0.00000000e+00
-2.90268095e-01
0.00000000e+00
3.08144162e-01
1.31319144e+00
-2.28635518e-02
1.11964834e+00
0.00000000e+00
-3.29275346e-01
-4.28533836e-01
3.86049291e-01
-4.05467434e-01
-6.17614303e-02
-6.73042727e-01
-1.28625558e-01
3.66201351e-03
-3.91642742e-01
1.36855378e-01
-1.11351294e-01
-1.68793190e-02
5.74862073e-02
0.00000000e+00
-3.50917480e-01
-2.39412886e-01
-1.13851284e-01
-4.42372313e-01
4.59781279e-01
-5.55685355e-01
0.00000000e+00
-1.31206866e-01
-4.69822298e-02
-9.37707067e-02
-8.50025211e-02
2.19990088e-01
-7.05440956e-01
-4.05529617e-01
1.49669449e-01
-4.64888797e-01
5.26665744e-02
-5.98167265e-01
1.98206108e-01
-9.58888992e-02
-1.67512201e-01
3.98875010e-02
0.00000000e+00
-3.33436566e-01
3.17704312e-01
4.56073780e-01
3.67434853e-01
-2.71503260e-01
-1.74001281e-01
-6.80961822e-02
1.17642690e-01
2.61224837e-02
3.22874366e-01
2.93143866e-01
-1.01682463e+00
-6.98985060e-01
-1.36886545e+00
0.00000000e+00
0.00000000e+00
0.00000000e+00
3.46526396e-01
-1.22094611e+00
-2.42754437e-01
-8.96450150e-02
-1.58347669e+00
5.23647762e-01
9.53719401e-01
6.19316138e-01
-3.39594655e-01
0.00000000e+00
5.09769830e-01
-8.62176060e-01
-5.19709724e-01
-3.85642572e-03
7.18368542e-01
7.39942414e-01
3.22377988e-01
-1.41273586e+00
-2.86998127e-01
4.59359184e-01
-1.35747380e-01
0.00000000e+00
0.00000000e+00
0.00000000e+00
4.56466689e-01
-7.69011162e-01
3.06423567e-01
4.95664741e-01
-9.49385600e-01
3.27259764e-02
-2.61042260e-01
2.59180458e-01
4.89163471e-01
0.00000000e+00
1.46508424e-01
5.30771707e-01
-2.85032614e-01
3.40589533e-01
-6.13421601e-01
2.90686251e-01
-3.22645102e-02
-3.01219928e-01
-2.28101711e-01
-4.44488117e-02
-9.60689696e-01
0.00000000e+00
0.00000000e+00
0.00000000e+00
7.56920142e-01
-8.35226446e-01
1.44224670e-01
-2.56292514e-01
-7.37656562e-01
1.30446254e+00
3.09971053e-01
2.66827468e-01
-1.60920686e+00
0.00000000e+00
7.05512764e-01
1.01554204e+00
-1.01033234e+00
-4.91672167e-01
-6.91558380e-01
5.49159434e-01
5.72575003e-01
-6.82068632e-01
-4.67964348e-01
1.96093434e-01
-1.04417434e-01
0.00000000e+00
0.00000000e+00
0.00000000e+00
-1.10391985e-01
-3.50264696e-02
1.24785369e-01
3.48293410e-01
-1.39948767e+00
-8.47934687e-02
-5.39970808e-02
3.97998356e-02
1.07707166e+00
0.00000000e+00
1.39109456e-01
-5.00392132e-01
1.60039898e-01
6.68763514e-01
3.12641161e-01
-2.95107125e-01
-1.86973972e-01
-4.78863976e-01
-4.50032046e-02
2.15115349e-01
136
7.09310081e-01
4.94845625e-01
-6.07690319e-04
4.02075369e-01
-5.05947878e-03
-6.19140942e-02
-1.25682134e-03
-1.25696819e-01
-3.51797586e-04
0.00000000e+00
0.00000000e+00
0.00000000e+00
0.00000000e+00
0.00000000e+00
0.00000000e+00
0.00000000e+00
2.86529090e-01
3.69244532e-01
5.35364583e-02
2.47851725e-01
7.48330055e-02
-5.78162286e-03
-5.32827871e-02
-1.42774661e-02
3.82350857e-02
2.08111487e-01
2.13620654e-01
2.94685096e-01
-1.16253480e-01
-3.02827284e-01
1.16151431e+00
0.00000000e+00
-3.82813347e-01
-2.25741790e-01
7.54012458e-01
1.45429667e-01
-3.84951929e-01
-6.86637661e-01
9.04901604e-01
0.00000000e+00
-7.75922558e-01
-5.02702258e-01
6.88358768e-01
0.00000000e+00
0.00000000e+00
0.00000000e+00
0.00000000e+00
-9.75991375e-01
6.03488149e-01
-4.23101268e-01
-2.88859054e-01
0.00000000e+00
-1.04646836e+00
-5.35574250e-01
2.16888248e-02
-7.09577820e-01
3.28054106e-01
6.87806215e-01
-2.09826399e-01
2.86695871e-01
1.14396338e-01
7.67866360e-01
3.83481688e-02
-1.89051160e-01
2.54279484e-01
1.74210048e-03
0.00000000e+00
6.91077334e-01
1.57983359e-02
2.13027676e-01
-9.52129915e-02
3.74351550e-01
5.54265566e-01
-2.48082436e-01
2.07803923e-01
-2.06183332e-01
3.52570696e-01
2.64370974e-01
-1.26909919e-01
9.68352601e-02
-2.66320299e-01
2.42218116e-01
2.95316966e-01
-3.06729944e-01
2.04645291e-01
-8.48911099e-03
-9.66822225e-01
-8.52832570e-01
-1.44055016e+00
0.00000000e+00
0.00000000e+00
0.00000000e+00
6.91327132e-01
-2.51631533e+00
3.19516840e-01
5.34772106e-01
-2.24910064e+00
5.40129470e-01
5.07378504e-01
7.63673273e-01
-4.71772732e-02
0.00000000e+00
7.53030293e-01
-1.56609704e-01
-9.28334749e-01
3.27501377e-01
9.07899208e-01
6.39307171e-01
4.75639959e-01
-1.94644089e+00
-5.65222222e-01
5.08475318e-01
-1.21452333e+00
0.00000000e+00
0.00000000e+00
0.00000000e+00
4.75906906e-01
-1.22916569e+00
-2.73240156e-02
4.56239027e-01
-1.68041986e+00
7.80653723e-01
5.39125299e-01
1.64510910e-01
-4.62683966e-01
0.00000000e+00
8.18971181e-01
1.87152429e-01
-7.70642540e-01
5.66842303e-01
-4.85246157e-01
3.66247638e-01
3.26001035e-01
-1.43327366e+00
-2.46721009e-01
4.39303123e-01
21 1
-1.1375e+00 4.8790e-01
8 0
0 6 3 19 14 5 4 12 
217
4.05082692e-01
-4.95639920e-01
5.43225349e-02
4.92205657e-01
-1.75973775e-02
-3.50580412e-02
-2.14547031e-01
-6.19728309e-02
-8.49330069e-04
-3.10207966e-01
7.27472515e-01
5.17281406e-02
0.00000000e+00
0.00000000e+00
1.25188271e-01
1.69452027e-03
5.58575446e-01
-2.29557028e-01
-9.28409352e-04
6.54526531e-01
-1.24932377e-01
4.95822714e-03
1.45443881e-01
6.34383826e-01
-4.11921948e-03
-1.11439333e-01
0.00000000e+00
0.00000000e+00
0.00000000e+00
0.00000000e+00
0.00000000e+00
0.00000000e+00
0.00000000e+00
1.87081615e-01
2.18001077e-01
0.00000000e+00
0.00000000e+00
-4.35072540e-01
-3.38303776e-01
-2.35036443e-01
-2.69215509e-01
-1.94605647e-01
4.09305479e-01
6.32503098e-01
0.00000000e+00
-2.26008309e-01
-3.86770599e-01
2.05645137e-01
0.00000000e+00
-4.72012606e-02
7.43111454e-02
1.16225798e-01
0.00000000e+00
-1.64263015e-01
1.91096953e-01
4.12340770e-01
0.00000000e+00
-1.46694393e-01
0.00000000e+00
2.84690700e-01
5.62752350e-03
-1.42846945e-01
-2.93205918e-01
0.00000000e+00
-2.96527352e-02
-1.26284703e-01
2.53789973e-01
1.41766947e+00
1.80945455e-01
1.37280081e+00
0.00000000e+00
-3.66036146e-01
-5.56181901e-01
4.66828888e-01
-4.47117715e-01
3.04289951e-01
5.23618060e-01
0.00000000e+00
2.50171769e-01
2.79608357e-02
3.67131876e-01
-4.20998129e-01
-2.12220953e-01
-3.84175738e-01
0.00000000e+00
-4.31435384e-02
-1.64291907e-01
2.07605766e-01
-3.89810223e-01
2.40620464e-01
2.18917595e-01
0.00000000e+00
-5.58055818e-03
5.40116925e-01
1.92469753e-01
-2.28032493e-01
2.18193497e-01
4.75967266e-01
0.00000000e+00
1.48996265e-01
-4.26734332e-01
3.09697293e-01
-8.29711990e-01
-5.36108659e-02
9.83356186e-02
1.23004870e-01
1.22835384e-01
0.00000000e+00
5.40545514e-01
4.26803548e-01
-3.81303076e-01
-5.33808495e-01
-1.80146961e-01
2.03538325e-01
1.32749980e-01
4.47445664e-01
-1.42578613e+00
-6.57543366e-02
-2.13736237e-01
-9.04309220e-01
-5.26059523e-01
-2.10478778e+00
0.00000000e+00
0.00000000e+00
0.00000000e+00
1.20338729e+00
-5.59308070e-01
5.97263802e-01
4.91212339e-01
-1.39373744e+00
1.08525007e+00
9.46553829e-01
1.29953614e+00
6.60916980e-01
0.00000000e+00
1.01189373e+00
1.68874773e-01
6.06699137e-01
1.46809514e+00
1.24802443e+00
1.34257796e+00
8.60157009e-01
-2.60388724e-01
9.37083331e-01
7.19824620e-01
-7.71022245e-01
0.00000000e+00
0.00000000e+00
0.00000000e+00
8.75100290e-01
-4.38533237e-01
9.05018204e-01
1.25334527e+00
1.73873749e-01
1.15791506e+00
9.33988608e-01
8.10962319e-01
9.02450824e-01
0.00000000e+00
9.80898724e-01
9.18177018e-01
4.36998537e-01
3.62308599e-01
4.13301341e-01
7.32632302e-01
1.17915708e+00
2.69035056e-01
8.91908670e-02
1.29920000e+00
-9.02533606e-01
0.00000000e+00
0.00000000e+00
0.00000000e+00
7.80477982e-01
-4.67297584e-04
8.59939243e-01
-3.13281878e-01
-1.42917010e+00
1.32405905e+00
2.87596373e-01
-9.62696331e-03
-1.38839502e+00
0.00000000e+00
7.52439352e-01
-2.28475818e-01
-4.37996433e-01
3.16607073e-01
-1.02945822e+00
6.95160288e-01
1.23101158e-01
-9.65720056e-01
-2.99162318e-01
5.98399746e-02
-2.15737672e-01
0.00000000e+00
0.00000000e+00
0.00000000e+00
-2.96814910e-01
-1.05996698e+00
-4.23293264e-01
5.34449355e-01
-7.34932497e-01
-1.62422027e-02
2.14152641e-01
1.92330279e-01
8.77193616e-01
0.00000000e+00
6.60065048e-02
5.02253040e-01
-2.00595514e-01
-2.02771377e-01
6.43998126e-01
-4.05671401e-01
1.23286388e-01
-3.67538679e-01
-7.42234033e-02
4.12642609e-01
136
4.61141024e-01
4.25104637e-01
7.86811879e-04
2.44060149e-01
-2.66351683e-03
-7.13644450e-02
-8.98981292e-04
-1.36659317e-01
2.25808646e-03
0.00000000e+00
0.00000000e+00
0.00000000e+00
0.00000000e+00
0.00000000e+00
0.00000000e+00
0.00000000e+00
3.46924296e-01
4.48352471e-01
0.00000000e+00
2.81918453e-01
-5.06387318e-02
-1.01871201e-01
-1.21888859e-01
-8.96179699e-02
6.59437234e-02
1.97537918e-01
2.79757691e-01
4.38100162e-02
-1.58706694e-01
-3.02497087e-01
1.11806873e+00
0.00000000e+00
-3.00774833e-01
-3.18764445e-01
8.08880682e-01
0.00000000e+00
-3.55801692e-01
-4.51224980e-01
8.80799420e-01
0.00000000e+00
-7.35254829e-01
-5.63775111e-01
6.01596153e-01
0.00000000e+00
0.00000000e+00
0.00000000e+00
0.00000000e+00
-1.27250952e+00
5.59157178e-01
-4.98290697e-01
-3.90090992e-01
0.00000000e+00
-1.18607863e+00
-5.73426853e-01
1.20151338e-02
-6.77897454e-01
0.00000000e+00
9.64279452e-01
-1.26720429e-01
3.09872409e-01
1.37842971e-01
4.44048660e-01
1.75011804e-01
-1.53435813e-01
2.64243388e-01
-6.85828086e-02
0.00000000e+00
6.32472683e-01
-2.59540084e-02
2.25943891e-01
-1.55574245e-02
0.00000000e+00
8.88183931e-01
-2.16904907e-01
2.64631077e-01
-2.33172824e-01
2.01639432e-01
1.64303756e-01
-2.25950731e-01
6.13190355e-02
6.56808868e-02
2.16517501e-02
3.24387618e-01
-2.53172550e-01
1.85601502e-01
-1.13695306e-02
-9.64559483e-01
-6.52087219e-01
-1.49150011e+00
0.00000000e+00
0.00000000e+00
0.00000000e+00
7.19313214e-01
-2.55002448e+00
3.20697447e-01
5.13598854e-01
-2.20956974e+00
5.93367635e-01
5.30865825e-01
8.11245720e-01
-5.58448844e-02
0.00000000e+00
7.36801180e-01
-1.59370541e-01
-9.47407449e-01
3.33447414e-01
8.93513674e-01
6.39031209e-01
4.53676754e-01
-1.98413341e+00
-5.58927381e-01
4.28218850e-01
-1.11286262e+00
0.00000000e+00
0.00000000e+00
0.00000000e+00
4.56663221e-01
-1.31833109e+00
1.56943385e-02
4.28759016e-01
-1.67500231e+00
8.05105026e-01
5.44562450e-01
1.13424221e-01
-3.91594822e-01
0.00000000e+00
7.84415921e-01
2.10264614e-01
-7.15943856e-01
6.53271912e-01
-4.50274880e-01
3.23338995e-01
3.00292850e-01
-1.45564076e+00
-2.19213164e-01
4.77345697e-01
18 2
-1.3055e+00 4.1555e-01
8 4
0 6 3 19 14 5 4 12 
217
3.39354796e+00
1.15592338e-02
-1.69563647e+00
-1.31506369e-01
1.36830456e+00
-2.31000217e-01
8.72884226e-01
8.87650262e-01
1.15484486e+00
-2.97929217e+00
0.00000000e+00
0.00000000e+00
0.00000000e+00
0.00000000e+00
3.39354796e+00
-8.28321419e-03
8.52328807e-01
0.00000000e+00
0.00000000e+00
0.00000000e+00
0.00000000e+00
0.00000000e+00
0.00000000e+00
0.00000000e+00
0.00000000e+00
0.00000000e+00
0.00000000e+00
0.00000000e+00
0.00000000e+00
0.00000000e+00
0.00000000e+00
0.00000000e+00
0.00000000e+00
1.73373157e+00
1.65981639e+00
0.00000000e+00
0.00000000e+00
-2.08033134e+00
-1.42456055e+00
-1.51961782e+00
-1.93519490e+00
-1.45497132e+00
-1.05618607e+00
0.00000000e+00
0.00000000e+00
-2.59935489e-02
-2.69350248e+00
-6.24059893e-01
0.00000000e+00
-1.72317775e+00
0.00000000e+00
-1.37479380e+00
0.00000000e+00
3.22414955e+00
0.00000000e+00
3.01905393e+00
0.00000000e+00
0.00000000e+00
0.00000000e+00
4.59928377e-01
-2.04063013e+00
0.00000000e+00
-1.65154864e+00
0.00000000e+00
1.62118968e+00
0.00000000e+00
4.54421466e-01
1.50800884e+00
1.31793681e+00
-1.91782321e-01
0.00000000e+00
8.58723097e-01
0.00000000e+00
3.70996149e+00
-7.96923878e-01
0.00000000e+00
0.00000000e+00
0.00000000e+00
4.04571904e-02
-8.93885211e-01
2.51873273e+00
-1.01948866e+00
8.34358039e-01
-5.69472080e+00
0.00000000e+00
3.69831364e+00
-1.31497490e+00
2.29033461e+00
-5.83019867e-01
0.00000000e+00
0.00000000e+00
0.00000000e+00
-4.84370928e+00
0.00000000e+00
-3.31260824e+00
-5.76124735e-01
0.00000000e+00
0.00000000e+00
0.00000000e+00
5.07098185e-04
-1.52813889e-01
2.58751527e-01
1.25217266e-01
0.00000000e+00
0.00000000e+00
0.00000000e+00
8.48619497e-01
0.00000000e+00
2.16466267e+00
-1.52057714e+00
3.80265797e-01
-1.21680190e+00
0.00000000e+00
-8.15709596e-01
0.00000000e+00
-1.46217153e+00
7.63325308e-01
0.00000000e+00
0.00000000e+00
-8.15700614e-01
-9.52324761e-01
-3.76088886e+00
0.00000000e+00
0.00000000e+00
0.00000000e+00
2.92284449e+00
-1.01745928e+00
2.87408323e+00
2.30843819e+00
-2.32451779e-01
5.02666977e+00
3.20958944e+00
3.99827054e+00
2.00895403e+00
0.00000000e+00
3.33228652e+00
3.29958023e+00
2.15156715e+00
4.08403920e-01
5.16371961e+00
3.33615213e+00
3.53741575e+00
-1.17963350e+00
1.35828114e+00
2.33446349e+00
-1.11869994e+00
0.00000000e+00
0.00000000e+00
0.00000000e+00
1.81335803e+00
-5.13742861e-01
-4.49486813e-01
2.07910088e+00
-1.48691173e-01
-2.62947088e-01
1.21560113e+00
3.07277139e-01
7.56041438e-01
0.00000000e+00
1.26641902e+00
-3.60290447e-01
-8.09207019e-01
4.23373074e+00
-1.63196120e+00
1.20333928e+00
-1.57586895e-01
-5.11832844e-01
1.09182237e+00
2.11490832e+00
-3.38449299e+00
0.00000000e+00
0.00000000e+00
0.00000000e+00
2.27621104e+00
-7.10371966e-02
1.31397099e+00
1.91620654e+00
-4.55598319e-01
1.61652473e+00
2.21923978e+00
1.83155532e+00
1.95045719e+00
0.00000000e+00
1.89596143e+00
6.32822436e-01
9.63662944e-01
3.28482078e+00
2.20615025e+00
2.48075207e+00
2.36863840e+00
-6.01058019e-02
1.26978867e+00
3.04083272e+00
-1.56090123e+00
0.00000000e+00
0.00000000e+00
0.00000000e+00
1.12944641e+00
-5.41307150e-02
5.54697433e-01
1.35689496e+00
-2.70640205e-01
1.94130445e+00
1.11611873e+00
7.37219242e-01
5.62657848e-01
0.00000000e+00
1.58782391e+00
1.99376811e+00
8.67971371e-01
5.85900696e-01
-1.07681968e-03
3.09717396e-01
9.75584344e-01
-6.28746035e-02
1.62898897e+00
3.96188943e-01
136
1.16292665e+00
7.19726361e-01
-5.37780719e-03
0.00000000e+00
0.00000000e+00
0.00000000e+00
0.00000000e+00
0.00000000e+00
0.00000000e+00
0.00000000e+00
0.00000000e+00
0.00000000e+00
0.00000000e+00
0.00000000e+00
0.00000000e+00
0.00000000e+00
6.25870369e-01
5.37056284e-01
0.00000000e+00
9.39103058e-01
-4.69385409e-01
-2.78779411e-01
-1.51733770e-01
-2.55083731e-02
1.13514962e-01
2.72119618e-01
7.63595977e-01
-1.12237562e+00
-7.30102558e-02
4.40096528e-01
1.06357796e+00
0.00000000e+00
3.43154772e-01
1.05227416e+00
1.19032902e+00
0.00000000e+00
-4.94870256e-01
-3.83247993e-01
6.35245575e-01
0.00000000e+00
-3.29710294e-01
0.00000000e+00
8.51647734e-01
0.00000000e+00
0.00000000e+00
0.00000000e+00
0.00000000e+00
-2.02343759e+00
3.35712577e-01
-6.56203705e-01
-4.58133985e-01
0.00000000e+00
-1.55224325e+00
-6.15181727e-01
-3.64294684e-02
-7.77570313e-01
0.00000000e+00
1.89984334e-01
-2.92882945e-01
3.74860094e-02
-2.12734508e-01
-4.29275149e-01
-9.93287962e-02
-1.88940166e-01
2.44497604e-01
-2.46431905e-01
0.00000000e+00
1.19966293e+00
7.40237878e-02
3.02974783e-01
7.75942299e-02
0.00000000e+00
2.32199462e+00
-4.33087940e-03
5.58449464e-01
-3.00098768e-01
0.00000000e+00
7.98898201e-01
-1.04979203e-01
1.72803762e-01
-5.00006874e-02
0.00000000e+00
-6.18528374e-01
-2.78481975e-01
-7.60467947e-02
2.97286580e-02
-6.36304943e-01
-9.93919094e-01
-1.43875014e+00
0.00000000e+00
0.00000000e+00
0.00000000e+00
1.17580962e+00
-3.16978340e+00
3.38806159e-01
6.08575529e-01
-2.59017885e+00
5.69492200e-01
4.87538357e-01
1.04186355e+00
-3.16067170e-01
0.00000000e+00
8.93369512e-01
2.59512542e-02
-9.75992178e-01
2.27748960e-01
1.08069021e+00
9.94834432e-01
5.62473779e-01
-2.10970958e+00
-8.30620286e-01
5.46447755e-01
-1.72794286e+00
0.00000000e+00
0.00000000e+00
0.00000000e+00
5.47967228e-01
-2.32958280e+00
1.51536343e-01
7.51542218e-01
-1.96436654e+00
6.40027205e-01
6.73559300e-01
6.30057319e-02
7.15511754e-02
0.00000000e+00
7.11671837e-01
-2.40451629e-01
-8.46212132e-01
6.46889861e-01
-8.18992574e-02
2.67337641e-01
3.49768367e-01
-1.40774363e+00
-1.94017866e-01
4.61474082e-01
