1 4 -999999999 -1 -1
1 2 0 -1 -1
0.2847 -0.848
356
-2.76617574e-01
-2.76617574e-01
0.00000000e+00
2.10235921e+00
-1.69564471e+00
-1.07592428e+00
4.59464916e-01
0.00000000e+00
0.00000000e+00
8.48410499e-01
3.34847859e-01
0.00000000e+00
0.00000000e+00
5.25950057e-01
7.43316377e-01
8.33092777e-01
0.00000000e+00
0.00000000e+00
0.00000000e+00
0.00000000e+00
0.00000000e+00
0.00000000e+00
0.00000000e+00
0.00000000e+00
0.00000000e+00
0.00000000e+00
0.00000000e+00
0.00000000e+00
0.00000000e+00
0.00000000e+00
0.00000000e+00
0.00000000e+00
0.00000000e+00
0.00000000e+00
0.00000000e+00
0.00000000e+00
0.00000000e+00
0.00000000e+00
0.00000000e+00
0.00000000e+00
0.00000000e+00
0.00000000e+00
0.00000000e+00
0.00000000e+00
0.00000000e+00
0.00000000e+00
0.00000000e+00
0.00000000e+00
0.00000000e+00
0.00000000e+00
0.00000000e+00
-7.79970591e-01
5.44751159e-01
-1.31484221e+00
0.00000000e+00
0.00000000e+00
0.00000000e+00
0.00000000e+00
-3.67651159e-01
4.54543831e-01
-9.49085938e-02
-8.59643523e-02
-1.91495070e-01
5.02918770e-02
-1.41368624e-01
3.56631786e-01
5.18805872e-01
-7.29514263e-01
2.32368583e-01
4.63810134e-03
1.05329323e-01
-4.38173546e-01
-3.38273873e-03
6.88830584e-01
-7.00501950e-02
-5.80648627e-01
4.27537141e-01
0.00000000e+00
0.00000000e+00
0.00000000e+00
0.00000000e+00
-1.56073714e-01
-1.72296272e-01
3.59643455e-02
0.00000000e+00
0.00000000e+00
0.00000000e+00
0.00000000e+00
0.00000000e+00
0.00000000e+00
-6.05932172e-01
-3.35274768e-01
-9.39097298e-01
-3.18916429e-01
-1.34192388e+00
-7.12914838e-01
-7.06510122e-02
-7.32356946e-02
-1.91424243e-01
-1.15281404e-01
6.11546042e-01
2.80188300e-02
0.00000000e+00
0.00000000e+00
3.50495199e+00
1.56036909e+00
7.84846694e-01
2.21043005e-01
7.13760623e-01
2.25440214e-01
-3.59439801e-01
-1.21972684e+00
4.94924251e-01
5.59074411e-01
1.92441707e-01
-4.81225366e-01
-1.39604971e+00
-3.51665875e+00
0.00000000e+00
0.00000000e+00
0.00000000e+00
0.00000000e+00
0.00000000e+00
0.00000000e+00
9.42810591e-01
-3.28029329e-01
-7.08333350e-02
-4.40035642e-01
-5.96779074e-01
-1.34411987e+00
5.78684908e+00
5.84274720e+00
5.82056430e+00
5.81772040e+00
5.83107862e+00
5.70735776e+00
-1.77195706e-01
-1.91792006e-01
-1.56241305e-01
-3.40607306e-01
-3.39687888e-01
-6.91136060e-01
-6.23443517e-01
-7.32467820e-01
-1.01588050e+00
-8.87029107e-01
-9.72680214e-01
-1.27372112e+00
3.65923892e-01
0.00000000e+00
0.00000000e+00
0.00000000e+00
0.00000000e+00
0.00000000e+00
0.00000000e+00
0.00000000e+00
-6.42541467e-01
9.58592104e-01
-2.40000114e+00
0.00000000e+00
-7.12589725e-01
-1.02177855e+00
-6.68978698e-01
-8.15208112e-01
-1.38156842e+00
0.00000000e+00
0.00000000e+00
0.00000000e+00
-5.33720569e-01
1.26228094e+00
-2.01570189e-01
-5.48376829e-01
2.93224445e-01
1.45983307e-01
-5.72600047e-01
-3.62668425e-01
1.01309842e+00
0.00000000e+00
2.31732132e-01
1.15314316e-01
6.68378973e-02
4.78579345e-01
-4.94853698e-01
-1.86866597e+00
-1.55564193e-01
-3.25007065e-01
3.00641613e-01
-2.26233861e-01
-2.95168648e-01
0.00000000e+00
0.00000000e+00
0.00000000e+00
6.72436032e-01
0.00000000e+00
3.67535529e-02
2.55675524e-01
0.00000000e+00
-3.60140417e-01
3.64434593e-01
4.67843251e-01
-1.31703083e+00
0.00000000e+00
1.46413330e-01
-1.49002600e+00
-8.01940271e-01
-1.80469292e-01
8.33069705e-02
1.17067989e+00
2.72766148e-01
0.00000000e+00
0.00000000e+00
3.84128878e-01
-5.88274911e-01
1.54180521e-01
1.47986240e-01
6.19428168e-03
0.00000000e+00
1.31407128e-01
1.35177335e-01
-1.12403941e-01
-3.36578437e-01
0.00000000e+00
0.00000000e+00
0.00000000e+00
-8.12117346e-01
0.00000000e+00
-1.80080471e-01
-6.69468331e-02
0.00000000e+00
8.65094646e-01
-3.34864938e-01
-8.51874711e-01
1.21221782e+00
0.00000000e+00
-1.94931407e-02
1.30457482e+00
9.58198611e-01
3.93236147e-01
-4.95110748e-01
-1.39480246e+00
-6.46443538e-01
0.00000000e+00
0.00000000e+00
-2.68166297e-01
-7.42455432e-01
3.04664361e-01
-1.04711979e+00
0.00000000e+00
-7.93293512e-01
-8.66770247e-01
-8.66770247e-01
0.00000000e+00
0.00000000e+00
-1.26115371e-01
0.00000000e+00
0.00000000e+00
7.34767346e-02
7.34767346e-02
0.00000000e+00
0.00000000e+00
-1.83698666e+00
0.00000000e+00
0.00000000e+00
0.00000000e+00
-1.08200979e+00
-1.10625906e+00
3.20228871e-01
3.08248877e-02
-8.50238066e-01
5.71743177e-01
5.12202247e-01
7.70838255e-01
-5.35818235e-01
0.00000000e+00
-5.90706636e-01
6.14335911e-02
-9.01759087e-01
4.59107827e-01
1.09666179e-01
7.13097571e-01
1.28286867e-01
-5.52246495e-01
1.35886863e-01
-3.12656229e-02
1.84344634e-01
0.00000000e+00
0.00000000e+00
0.00000000e+00
1.91709177e-01
-2.50464435e-01
-9.60709926e-02
4.17082094e-01
1.60945188e-02
-5.33399191e-02
2.04045693e-01
-7.71570266e-02
-7.12860144e-03
0.00000000e+00
5.12173011e-02
-3.19046683e-01
1.45855043e-01
1.39970304e-01
-4.39165327e-01
-1.07961545e-01
-1.51657136e-02
-2.97693652e-02
1.27118748e-01
2.86521363e-01
-6.15317757e-01
-3.69490447e-01
0.00000000e+00
-3.51451327e-01
-9.70652166e-03
1.70739447e-01
6.11736110e-02
-6.01403504e-01
-1.76895216e-01
0.00000000e+00
0.00000000e+00
0.00000000e+00
-1.12854116e-01
-1.13700148e+00
2.91570233e-01
-4.50624795e-01
5.42802011e-02
3.30902084e-02
-1.91761982e-01
4.61911944e-01
-4.01989372e-01
0.00000000e+00
-1.92657977e-01
3.26795864e-01
4.30818446e-02
1.14712119e-01
4.40554133e-01
5.82058041e-01
2.65597477e-01
1.05780197e-01
1.02287416e-01
-5.11725168e-01
-2.45827311e-01
0.00000000e+00
-1.38867458e+00
-3.75214663e-01
-1.22166891e+00
-6.52288104e-01
0.00000000e+00
-2.18204996e-03
1.43229098e-01
3.16149585e-01
-7.87756681e-02
-8.89662020e-01
-5.69380802e-01
0.00000000e+00
0.00000000e+00
-1.76044405e-01
247
-1.40383767e+00
-1.40383767e+00
0.00000000e+00
2.87046372e-01
-1.69088404e+00
-2.07409388e+00
-1.25883237e+00
-7.62130708e-01
0.00000000e+00
0.00000000e+00
4.84126613e-01
4.78715837e-01
0.00000000e+00
0.00000000e+00
0.00000000e+00
0.00000000e+00
0.00000000e+00
0.00000000e+00
0.00000000e+00
0.00000000e+00
0.00000000e+00
0.00000000e+00
0.00000000e+00
0.00000000e+00
0.00000000e+00
0.00000000e+00
0.00000000e+00
0.00000000e+00
0.00000000e+00
0.00000000e+00
0.00000000e+00
0.00000000e+00
0.00000000e+00
0.00000000e+00
0.00000000e+00
0.00000000e+00
0.00000000e+00
0.00000000e+00
0.00000000e+00
0.00000000e+00
0.00000000e+00
-4.28607007e-01
1.10653583e-02
-1.65257938e-01
-4.03277219e-03
-8.09972724e-01
-2.17148680e-01
0.00000000e+00
0.00000000e+00
0.00000000e+00
3.78529407e+00
3.83792108e+00
3.82128263e+00
0.00000000e+00
0.00000000e+00
0.00000000e+00
0.00000000e+00
0.00000000e+00
0.00000000e+00
6.32645497e+00
3.42171171e+00
1.03910316e+00
8.94052360e-01
8.19821659e-01
5.28646503e-01
-7.97674621e-01
-1.21685975e+00
2.62165959e+00
2.81056053e+00
2.29001373e+00
9.78356235e-01
0.00000000e+00
0.00000000e+00
0.00000000e+00
0.00000000e+00
0.00000000e+00
0.00000000e+00
0.00000000e+00
0.00000000e+00
4.27414305e-01
-6.00687855e-01
-5.97124906e-01
-1.19901662e+00
-1.01786891e+00
-1.83826540e+00
8.87481311e+00
8.97218495e+00
8.93565047e+00
9.35607457e+00
9.21425231e+00
9.09681895e+00
1.73489027e-01
1.26174986e-01
1.86000419e-01
-2.75151305e-02
3.68381497e-02
-2.81177919e-02
-4.70377760e-01
-9.77386122e-01
-1.17690550e+00
-1.25048158e+00
-1.10600404e+00
-1.47360864e+00
1.26708931e+00
0.00000000e+00
0.00000000e+00
0.00000000e+00
-2.67092698e+00
-1.86291022e+00
-5.16972387e+00
0.00000000e+00
-1.54238607e+00
-1.01818269e+00
-1.33405299e+00
-7.46545361e-01
-2.56056876e+00
0.00000000e+00
0.00000000e+00
0.00000000e+00
-1.69076062e-01
1.58069737e+00
-9.68548427e-01
-9.87243696e-01
5.52653552e-01
-1.65173092e+00
-1.34794702e+00
-1.10716571e-01
-6.81494010e-02
0.00000000e+00
1.30733951e-02
5.86134830e-01
-1.71144278e-01
1.03233333e+00
-4.65275252e-01
-5.28202046e-01
-2.85029018e-01
8.05351550e-01
2.83563360e-01
-6.61313467e-01
-5.94937973e-01
-5.22855410e-02
-1.81975461e-01
1.29689920e-01
0.00000000e+00
-1.34973572e-01
0.00000000e+00
0.00000000e+00
0.00000000e+00
5.00478849e-01
0.00000000e+00
4.24312215e-01
-9.12457362e-02
0.00000000e+00
1.11961514e+00
2.72009780e-01
6.63392362e-01
0.00000000e+00
0.00000000e+00
5.38551655e-01
9.87661129e-01
1.34123761e-01
-9.43395061e-01
8.86144299e-01
7.20022121e-01
6.26482234e-01
0.00000000e+00
0.00000000e+00
4.63217131e-01
-5.42652432e-01
-1.69259613e-01
-3.73392818e-01
0.00000000e+00
-1.96563079e+00
0.00000000e+00
0.00000000e+00
0.00000000e+00
0.00000000e+00
-4.75530260e-01
-4.75530260e-01
0.00000000e+00
0.00000000e+00
-2.08059835e+00
0.00000000e+00
0.00000000e+00
0.00000000e+00
-7.47065949e-01
-1.11760056e+00
1.12751141e-01
4.50274644e-01
-1.42956507e+00
4.25283128e-01
5.47319419e-01
5.67338593e-01
2.17702690e-01
0.00000000e+00
-1.03369696e-01
-1.69779479e-01
-5.21649009e-01
6.42047978e-01
-6.72975861e-01
2.58642578e-01
4.21217331e-02
-1.08838649e+00
9.07218382e-02
4.15590026e-01
-1.01059494e+00
-9.09097459e-01
0.00000000e+00
6.07035574e-01
2.30643185e-01
2.73930328e-01
0.00000000e+00
0.00000000e+00
0.00000000e+00
-2.03233720e-01
4.06285038e-01
-8.65953242e-02
1.17800775e-01
5.91065220e-02
-6.10516767e-02
2.26682871e-02
-2.40843978e-01
4.33469724e-01
0.00000000e+00
-1.35808306e-02
1.27860893e-01
4.92237447e-02
4.53814331e-02
-2.80560721e-01
-2.18967300e-01
-1.39814960e-01
1.84175562e-01
1.35147893e-01
-6.25410326e-02
-1.01497485e-01
0.00000000e+00
-1.50043468e+00
-2.48808629e-01
-1.07000340e+00
-4.24955529e-01
0.00000000e+00
0.00000000e+00
-1.61263072e-01
-6.45047876e-01
0.00000000e+00
0.00000000e+00
-4.50970678e-01
0 -999999999 1 1 -1
1 0 1 1 -1
1.4614e-01 -4.2491e-01
356
3.20837456e-01
0.00000000e+00
0.00000000e+00
0.00000000e+00
0.00000000e+00
0.00000000e+00
0.00000000e+00
0.00000000e+00
0.00000000e+00
0.00000000e+00
0.00000000e+00
0.00000000e+00
0.00000000e+00
0.00000000e+00
0.00000000e+00
0.00000000e+00
2.18062123e-02
2.99031244e-01
4.94791472e-02
-3.47394244e-01
-3.50781452e-01
2.48963867e-01
1.99979421e-02
2.48282161e-03
-8.30539437e-02
7.29516518e-02
-1.00754615e-01
1.22639959e-01
1.46946898e-01
1.45284642e-01
-2.42752393e-01
2.18062123e-02
2.99031244e-01
-2.76729349e-02
-3.47394244e-01
2.34268041e-01
1.44841031e-01
-3.51393362e-01
-2.38289176e-01
4.00872509e-01
-4.57933088e-01
0.00000000e+00
0.00000000e+00
0.00000000e+00
0.00000000e+00
0.00000000e+00
0.00000000e+00
0.00000000e+00
0.00000000e+00
0.00000000e+00
0.00000000e+00
-1.22671974e+00
1.81974094e-01
-1.10214445e+00
0.00000000e+00
0.00000000e+00
0.00000000e+00
0.00000000e+00
3.08891887e-01
-2.48702700e-01
6.24384272e-02
-3.85982161e-02
-1.89660642e-02
-1.11929587e-01
-1.11155357e-01
2.26096519e-01
7.96285634e-02
5.76123419e-01
-3.94370778e-01
-5.78157716e-03
2.20880047e-01
-1.19808102e-01
-7.47117631e-04
1.86189497e-01
1.29443974e-01
3.14527762e-03
4.79767450e-02
7.05572362e-01
-2.02782524e-04
-4.25023747e-02
1.17019527e+00
-4.29582277e-02
-2.64158503e-01
-5.50518025e-01
0.00000000e+00
0.00000000e+00
0.00000000e+00
0.00000000e+00
0.00000000e+00
0.00000000e+00
-5.32557389e-01
-1.62286285e-01
-1.24193100e+00
-3.81941571e-01
-1.22700430e-01
-1.14226432e-01
-1.17904071e-01
-9.99797655e-02
2.74237672e-01
3.90745106e-02
7.70738171e-01
4.39078323e-01
0.00000000e+00
0.00000000e+00
1.79460750e+00
2.05561106e+00
1.50855162e+00
2.98477940e-01
4.76896171e-01
1.78892005e-01
-4.72262250e-01
-1.07350753e+00
3.64065397e-01
8.37652794e-01
-6.05440010e-01
-1.79509780e+00
-5.98244277e-01
-5.93754108e-01
0.00000000e+00
0.00000000e+00
0.00000000e+00
0.00000000e+00
0.00000000e+00
0.00000000e+00
8.70046703e-01
-2.57046304e-01
1.91387771e-02
-5.36387843e-01
-5.50341260e-01
-1.28018368e+00
2.70027394e+00
2.65981127e+00
2.55123676e+00
2.55164369e+00
2.39720484e+00
2.32000689e+00
8.32982575e-01
6.60412251e-01
9.46384976e-01
7.36438495e-01
7.75742154e-01
2.86489350e-01
1.43833862e-01
1.66261484e-03
-2.74721449e-01
1.81976796e-01
-2.73660717e-01
-7.99750283e-01
9.17047959e-01
0.00000000e+00
0.00000000e+00
0.00000000e+00
0.00000000e+00
0.00000000e+00
0.00000000e+00
0.00000000e+00
-5.96210503e-01
5.49445344e-01
0.00000000e+00
0.00000000e+00
-5.14332681e-01
-4.20326713e-01
-9.11280445e-01
-1.31444689e+00
-1.42561313e+00
0.00000000e+00
0.00000000e+00
0.00000000e+00
-2.38396308e-01
1.04448758e+00
-1.15028217e-01
-1.24203648e-01
-4.90251672e-01
-7.67306949e-01
-4.01991247e-01
-5.68390728e-01
7.45486626e-01
0.00000000e+00
4.57845318e-01
-4.95042238e-01
4.32591725e-03
8.28549372e-01
-4.61596324e-01
-1.89299910e+00
5.63967953e-02
-6.57409630e-02
9.02693847e-01
1.55548806e-01
3.20641998e-01
0.00000000e+00
0.00000000e+00
0.00000000e+00
1.34066702e-01
-1.00734332e+00
3.36259342e-01
-1.78910946e-01
4.89641668e-02
3.90035828e-01
-1.02096035e-01
1.16060860e-01
-1.27296603e-01
0.00000000e+00
-3.48261917e-01
1.61117528e-01
6.06162790e-02
-9.54976707e-02
2.16062190e-01
5.72876918e-01
2.56550142e-01
3.59881276e-02
1.35009905e-01
-2.83559495e-01
-4.43306926e-01
1.96428089e-01
-2.12357245e-01
-1.86063500e-01
-1.90755229e-01
2.00492918e-01
2.13726988e-02
-2.54375271e-02
-2.67919975e-01
0.00000000e+00
0.00000000e+00
0.00000000e+00
-3.29477095e-01
-1.44441188e-01
-2.62012946e-01
-3.01900537e-01
1.23441912e-01
-5.05049837e-02
5.42571968e-02
-7.91804584e-01
9.99530550e-01
0.00000000e+00
3.64622739e-01
5.19148254e-01
1.15680554e-01
3.41269053e-01
-6.37642666e-01
-5.74168962e-01
-3.03929312e-01
1.93286250e-01
2.78581471e-01
1.38144317e-01
-6.39735015e-01
5.06116400e-01
8.55345796e-02
-2.48689027e-01
-9.82306200e-01
-7.10760770e-01
-2.09179106e-01
-2.71961121e-01
-1.83617941e-01
-2.17007547e-01
-3.64896789e-01
-1.28856433e-01
-2.71545430e-01
3.25392920e-02
1.50858874e-02
-1.46704243e-02
-1.73477360e+00
0.00000000e+00
0.00000000e+00
0.00000000e+00
-2.21331853e-01
5.05913533e-02
-9.21917427e-02
5.43009308e-01
-1.13395239e+00
1.28037556e-01
-6.44259026e-01
2.30420015e+00
2.23842783e-01
0.00000000e+00
-5.56675501e-01
-3.44405740e-01
-1.40970495e+00
-9.15321940e-02
4.03129741e-01
1.03684770e+00
1.25330391e-01
-9.81214976e-01
-3.47497910e-01
-7.26996297e-01
6.84125869e-01
0.00000000e+00
0.00000000e+00
0.00000000e+00
-1.29535686e-01
-1.87941893e-01
3.16498724e-02
-8.56852732e-02
2.64917319e-01
5.37361276e-02
3.15463063e-01
-5.14209759e-01
1.60220036e-01
0.00000000e+00
-1.93699696e-01
5.06234017e-03
2.52827413e-01
2.13159154e-01
-1.99250228e-02
-1.18099577e-01
-3.01717195e-02
1.40399361e-01
2.58575578e-01
2.67384230e-01
-4.32584751e-01
-2.92298510e-02
0.00000000e+00
7.90018877e-01
8.97015174e-02
4.17395180e-01
1.79440040e-02
-4.64569035e-01
-8.98858675e-01
0.00000000e+00
0.00000000e+00
0.00000000e+00
-1.08687630e-01
3.26236235e-02
1.37637881e-01
2.72569670e-01
-7.16234527e-02
-2.58636477e-01
-3.49918509e-01
7.99380255e-01
-2.98751465e-01
0.00000000e+00
-3.55402992e-01
-3.16353534e-01
-1.77875318e-01
-2.19047605e-01
3.23595460e-01
2.83392029e-01
2.80808269e-01
-3.88500274e-02
-2.07583191e-01
-6.26135662e-01
-4.03354900e-01
0.00000000e+00
-4.14927588e-01
-3.49367998e-01
-1.30218885e+00
-3.91096862e-01
0.00000000e+00
2.27157959e-02
6.63654605e-01
2.16438846e-01
7.15794381e-02
-6.79115146e-01
-9.11091990e-01
0.00000000e+00
0.00000000e+00
-1.50903165e-01
247
9.57691206e-03
0.00000000e+00
0.00000000e+00
0.00000000e+00
0.00000000e+00
0.00000000e+00
0.00000000e+00
0.00000000e+00
0.00000000e+00
2.76824093e-01
0.00000000e+00
0.00000000e+00
0.00000000e+00
0.00000000e+00
1.94876283e-02
0.00000000e+00
6.70025517e-01
-6.50537889e-01
0.00000000e+00
-4.56549556e-01
0.00000000e+00
0.00000000e+00
0.00000000e+00
-1.65252089e-01
2.40678267e-01
1.17506537e-02
-8.20127287e-02
1.94876283e-02
0.00000000e+00
6.70025517e-01
-6.50537889e-01
0.00000000e+00
1.64504959e-01
-4.48956699e-01
0.00000000e+00
0.00000000e+00
0.00000000e+00
0.00000000e+00
0.00000000e+00
0.00000000e+00
0.00000000e+00
8.56087502e-01
-2.73985017e-02
-3.82942304e-01
1.90957078e-03
-3.14899568e-01
1.17071090e-03
-1.48668717e-01
1.12555494e-03
0.00000000e+00
2.59618236e-01
-7.51621478e-03
-1.96047060e-01
0.00000000e+00
0.00000000e+00
0.00000000e+00
0.00000000e+00
0.00000000e+00
0.00000000e+00
2.16525410e+00
1.84879921e+00
1.15996243e+00
4.86306441e-01
2.44331989e-01
-1.16581521e-01
-2.57371515e-01
-9.98598058e-01
8.16792785e-01
3.70144751e-01
-1.82037082e-01
-5.33366471e-01
0.00000000e+00
0.00000000e+00
0.00000000e+00
0.00000000e+00
0.00000000e+00
0.00000000e+00
0.00000000e+00
0.00000000e+00
9.65650914e-01
-2.26934028e-01
-4.65251674e-01
-4.09757285e-01
-9.04039871e-01
-7.98890350e-01
5.43304401e+00
5.38184783e+00
5.33140148e+00
5.38901529e+00
5.37579088e+00
5.45753686e+00
3.89876851e-01
5.06716561e-01
4.39647414e-01
1.49857853e-01
2.51121145e-01
-2.84406006e-01
-6.47636823e-01
-3.72035885e-01
-4.03545108e-01
-5.83298111e-01
-4.91317543e-01
-1.98277152e-01
5.18049767e-01
0.00000000e+00
0.00000000e+00
0.00000000e+00
-5.08472855e-01
1.31033222e-01
0.00000000e+00
0.00000000e+00
-9.56291557e-01
-1.00224895e+00
-7.49336201e-01
-1.08988609e+00
-1.95854051e+00
0.00000000e+00
0.00000000e+00
0.00000000e+00
-1.96827752e-01
-1.22766615e-01
6.49702176e-01
4.81270292e-01
0.00000000e+00
6.40825384e-01
3.30643099e-01
3.79859156e-01
-7.90877287e-01
0.00000000e+00
3.35405803e-01
2.53799837e-01
3.33311195e-01
9.46489475e-01
-8.47780869e-01
-1.06254796e+00
7.02446444e-02
-1.19791119e+00
7.79808010e-01
2.84580069e-01
-1.03869880e+00
-3.89675870e-01
6.66415099e-02
4.62578468e-02
5.06491651e-01
-2.05823616e-01
0.00000000e+00
0.00000000e+00
0.00000000e+00
3.99745973e-01
0.00000000e+00
1.27323839e-01
2.26986366e-01
0.00000000e+00
4.42977116e-01
-2.49012817e-01
7.47891116e-01
0.00000000e+00
0.00000000e+00
3.89491300e-01
0.00000000e+00
0.00000000e+00
2.44314275e-01
7.21302490e-01
8.32253604e-01
1.19057987e-01
0.00000000e+00
0.00000000e+00
3.06818696e-01
-6.49022927e-01
5.32456906e-01
8.95416606e-01
1.09607535e+00
-9.19841710e-01
-5.66615686e-01
9.13857750e-01
0.00000000e+00
0.00000000e+00
-3.53226024e-01
2.88897591e-01
4.31005536e-03
-4.18999188e-01
-1.83922229e+00
0.00000000e+00
0.00000000e+00
0.00000000e+00
-2.50886081e-01
-3.08496548e-01
1.28829054e-01
5.44102532e-01
-2.01999794e+00
1.24923974e+00
6.60620366e-01
4.59201744e-01
-8.21086330e-01
0.00000000e+00
-2.32505775e-01
-5.68842155e-01
-6.52079603e-01
7.81371195e-01
-4.59537227e-01
-9.15344130e-02
-6.94188410e-02
-5.95919940e-01
-9.35337480e-02
5.01251669e-01
-8.46651900e-01
-8.31261097e-01
0.00000000e+00
8.80295667e-01
1.52136717e-01
5.88991928e-01
0.00000000e+00
0.00000000e+00
0.00000000e+00
-1.96238189e-01
4.07200144e-01
1.38788943e-01
-1.27734140e-01
2.95196102e-01
9.68757016e-02
-1.80155140e-02
-2.64832133e-01
3.17562943e-01
0.00000000e+00
7.74168732e-02
1.54912679e-01
-1.06915986e-01
-9.82130827e-03
-2.88701919e-01
-8.62729919e-02
6.37175449e-03
9.66078382e-02
1.05320668e-01
-8.72953816e-03
-1.53908029e-02
0.00000000e+00
-1.04507333e-01
-2.90019479e-01
-9.92570395e-01
8.19248957e-02
0.00000000e+00
0.00000000e+00
-3.72868449e-01
-1.07449529e+00
0.00000000e+00
0.00000000e+00
0.00000000e+00
8 -999999999 -999999999 1 0
1 0 0 1 1
-2.3038e-01 -1.3516e-01
356
6.19529130e-02
0.00000000e+00
0.00000000e+00
0.00000000e+00
0.00000000e+00
0.00000000e+00
0.00000000e+00
0.00000000e+00
0.00000000e+00
0.00000000e+00
0.00000000e+00
0.00000000e+00
0.00000000e+00
0.00000000e+00
0.00000000e+00
0.00000000e+00
0.00000000e+00
0.00000000e+00
0.00000000e+00
0.00000000e+00
0.00000000e+00
0.00000000e+00
0.00000000e+00
0.00000000e+00
0.00000000e+00
0.00000000e+00
0.00000000e+00
0.00000000e+00
0.00000000e+00
0.00000000e+00
0.00000000e+00
6.19529130e-02
0.00000000e+00
-9.09023031e-01
-1.40642049e+00
6.08634630e-01
5.11572779e-01
6.89778008e-01
1.42969892e-01
2.81197936e-01
5.95578418e-01
2.67295400e-01
0.00000000e+00
-1.79589926e+00
-2.07278739e+00
-2.28770592e-01
-4.54912160e-01
1.13078800e+00
1.26722660e+00
9.32406661e-01
1.06135062e+00
-8.39508645e-01
-2.89444229e-01
-9.98387700e-01
0.00000000e+00
0.00000000e+00
0.00000000e+00
0.00000000e+00
-2.62366695e-01
1.09228260e+00
5.00028346e-01
-2.08718164e-01
6.55080277e-02
-1.97505219e-02
-8.14509435e-02
-3.82317053e-01
-1.59765822e-01
-3.71775854e-01
4.25250879e-01
-3.20014016e-03
6.77953171e-01
2.75590251e-01
2.23267571e-03
6.33838178e-01
0.00000000e+00
0.00000000e+00
0.00000000e+00
0.00000000e+00
0.00000000e+00
0.00000000e+00
0.00000000e+00
4.47534823e-01
-2.84717195e-03
-3.79130171e-01
0.00000000e+00
0.00000000e+00
0.00000000e+00
0.00000000e+00
0.00000000e+00
0.00000000e+00
-1.42903824e-01
-5.75863563e-02
-3.75557450e-02
-6.22811368e-03
-2.21894912e-01
-6.36938085e-02
-1.18755504e-01
5.92148413e-03
-7.84357926e-02
-2.23525202e-01
0.00000000e+00
0.00000000e+00
0.00000000e+00
0.00000000e+00
5.62182256e+00
2.48066072e+00
6.61496096e-01
3.49302045e-01
9.69565205e-01
4.34708767e-01
-6.02090094e-01
-1.07576929e+00
3.90862894e-01
4.07898491e-01
3.03857719e-01
2.61057166e-03
-4.06469889e-01
0.00000000e+00
0.00000000e+00
0.00000000e+00
0.00000000e+00
0.00000000e+00
0.00000000e+00
0.00000000e+00
3.35637620e-01
-6.37540165e-01
-1.00909923e-01
-4.50344129e-01
-7.16796549e-01
-8.48754661e-01
8.43442055e+00
8.44761706e+00
8.33144778e+00
8.34018817e+00
8.53297464e+00
8.24667978e+00
-4.22017792e-01
-2.58026611e-01
-3.26093675e-01
-5.21011023e-01
-3.04217195e-01
-6.87541781e-01
-5.91090355e-01
-1.81371346e-01
-7.55471270e-01
-6.76999016e-01
-1.12582881e+00
-1.79856486e+00
7.37212731e-01
0.00000000e+00
0.00000000e+00
0.00000000e+00
0.00000000e+00
0.00000000e+00
0.00000000e+00
0.00000000e+00
-6.75259818e-01
-1.72848935e+00
-3.99816347e+00
0.00000000e+00
-8.62948108e-01
-9.94659560e-01
-6.98758071e-01
-1.42404825e+00
-1.56170618e+00
0.00000000e+00
0.00000000e+00
0.00000000e+00
-1.82019659e-01
1.60876596e+00
-9.30136214e-01
-6.86681408e-01
5.37987407e-02
-7.65149584e-01
-2.64043605e-01
-2.02793642e-01
-1.45656403e-01
0.00000000e+00
3.91977843e-01
7.60329192e-01
1.00729209e-01
1.15146058e+00
-9.36842426e-01
-2.21220670e+00
-6.09965980e-01
6.35786221e-01
8.18285930e-01
-1.47344245e-01
1.52732502e-01
0.00000000e+00
0.00000000e+00
0.00000000e+00
-1.70883294e-01
0.00000000e+00
-2.58630141e-01
7.23008745e-02
0.00000000e+00
0.00000000e+00
0.00000000e+00
5.84911706e-02
0.00000000e+00
0.00000000e+00
-4.26893095e-01
0.00000000e+00
0.00000000e+00
0.00000000e+00
-8.65705869e-02
1.03235845e+00
6.07952835e-03
0.00000000e+00
0.00000000e+00
-7.35203999e-02
-5.86309905e-01
-1.30698706e-01
-5.71351771e-02
-7.35635286e-02
0.00000000e+00
-1.59770961e-01
-6.31375708e-02
9.22098261e-02
-5.42924235e-01
0.00000000e+00
0.00000000e+00
0.00000000e+00
2.92586782e-01
0.00000000e+00
2.39443629e-02
1.58862904e-01
0.00000000e+00
0.00000000e+00
0.00000000e+00
-3.77119738e-01
0.00000000e+00
0.00000000e+00
4.06824992e-01
0.00000000e+00
0.00000000e+00
0.00000000e+00
-3.81850328e-01
-7.36067812e-01
2.49047156e-01
0.00000000e+00
0.00000000e+00
-1.79152554e-01
-4.55611200e-01
-5.00173218e-01
4.45620189e-02
0.00000000e+00
-9.75396274e-01
0.00000000e+00
0.00000000e+00
0.00000000e+00
0.00000000e+00
0.00000000e+00
0.00000000e+00
0.00000000e+00
-2.43146872e-01
-2.43146872e-01
0.00000000e+00
0.00000000e+00
-2.41870781e+00
0.00000000e+00
0.00000000e+00
0.00000000e+00
-7.79805175e-01
3.89256332e-01
-2.74991748e-01
3.50628380e-01
-7.55061734e-01
4.85044052e-01
4.78760641e-01
4.43778058e-01
7.32309916e-01
0.00000000e+00
-5.73263857e-01
-8.36110122e-02
-8.10847996e-01
1.82505511e-01
-5.15634837e-01
3.63028677e-02
-5.64007323e-01
-8.44394621e-01
-3.58681979e-01
4.30067185e-02
-1.31708089e-01
0.00000000e+00
0.00000000e+00
0.00000000e+00
3.09063531e-01
-1.74344470e-01
-3.24391340e-01
-1.72998052e-01
-8.07350268e-02
-1.30558152e-01
1.18595211e-01
-1.45598857e-01
-4.42559472e-01
0.00000000e+00
4.57991975e-01
-4.20103257e-01
9.61991157e-02
3.14868626e-02
-5.73954604e-02
-6.28841577e-03
-1.10128035e-02
-5.22257532e-02
3.57403394e-01
5.15762879e-01
-9.26060083e-01
-2.14107883e-01
0.00000000e+00
-9.51932369e-01
-3.99140142e-01
-1.45187055e-01
-7.70754957e-02
8.15466839e-03
-2.05208388e-01
0.00000000e+00
0.00000000e+00
0.00000000e+00
-3.27912467e-01
5.17649558e-01
5.93252827e-01
3.28401052e-01
3.11392892e-01
1.08952420e-01
1.28986305e-01
3.33955758e-01
-8.58175034e-01
0.00000000e+00
-4.14716388e-01
8.68601627e-03
-2.38368189e-01
-3.90637108e-01
2.11032022e-01
6.76358115e-02
-2.16915875e-01
1.26994402e-01
-2.88145686e-01
-2.07276704e-01
-7.11952200e-01
0.00000000e+00
1.41645642e-01
1.93813342e-01
-1.49264772e+00
-7.80551678e-01
0.00000000e+00
0.00000000e+00
3.76655973e-01
-2.20806502e-01
-1.61760921e-01
-3.97984255e-01
-7.12096046e-01
0.00000000e+00
-1.08638680e+00
-6.61717858e-01
247
-1.98201802e+00
0.00000000e+00
0.00000000e+00
0.00000000e+00
0.00000000e+00
0.00000000e+00
0.00000000e+00
0.00000000e+00
0.00000000e+00
0.00000000e+00
0.00000000e+00
0.00000000e+00
0.00000000e+00
0.00000000e+00
0.00000000e+00
0.00000000e+00
0.00000000e+00
0.00000000e+00
0.00000000e+00
0.00000000e+00
0.00000000e+00
0.00000000e+00
0.00000000e+00
0.00000000e+00
0.00000000e+00
0.00000000e+00
0.00000000e+00
2.83492913e+00
0.00000000e+00
1.13564904e+00
1.69928009e+00
-1.59070240e+00
-1.67848811e-01
5.42010914e-01
-9.21907357e-01
0.00000000e+00
1.97481166e+00
-2.89671902e+00
-2.01943152e+00
4.12461582e-01
-8.35838580e-01
-2.40432818e-01
1.79686193e-02
1.88217299e-01
7.32873059e-03
0.00000000e+00
0.00000000e+00
0.00000000e+00
0.00000000e+00
0.00000000e+00
5.95643470e-02
-5.66526965e-01
-9.80844694e-01
0.00000000e+00
0.00000000e+00
0.00000000e+00
0.00000000e+00
0.00000000e+00
0.00000000e+00
3.48985016e+00
9.80270730e-01
4.66153194e-01
2.61360359e-02
4.47082444e-01
-4.19820923e-02
-5.60757298e-01
-1.49003271e+00
2.29033443e-01
4.06276085e-01
1.00650204e-01
-1.16448037e+00
-1.52488218e+00
-2.36506493e+00
0.00000000e+00
0.00000000e+00
0.00000000e+00
0.00000000e+00
0.00000000e+00
0.00000000e+00
1.91406438e-01
-5.08772535e-01
-2.71033701e-02
-4.47759591e-01
-6.67146275e-01
-1.50291341e+00
6.39777978e+00
6.69361602e+00
6.66549853e+00
6.75774671e+00
6.88062019e+00
6.75613998e+00
-1.76369626e-01
-1.41245541e-01
-1.65115574e-02
-2.34055352e-01
-8.28199207e-02
-6.84055901e-01
-5.62098352e-02
-1.70824124e-01
-6.18167621e-01
-6.22273180e-01
-2.90087062e-01
-6.27124418e-01
-1.15340043e+00
0.00000000e+00
0.00000000e+00
0.00000000e+00
-8.28617587e-01
1.06696046e+00
-3.85499683e+00
0.00000000e+00
-1.37524963e+00
-2.41621709e-01
-1.28381241e+00
-1.26518961e+00
-1.61687134e+00
0.00000000e+00
0.00000000e+00
0.00000000e+00
-2.20740811e-01
5.87949525e-01
2.23749918e-01
3.62917161e-01
-4.05905674e-01
1.10834871e+00
-1.39477659e-01
-1.23754481e-01
3.22606092e-01
0.00000000e+00
-1.14449693e-01
6.83434428e-02
-1.78062879e-01
-2.55867679e-01
-1.13512160e-01
-9.93544444e-01
-1.25780591e-01
1.83891468e-01
-1.00424659e+00
-7.99335002e-01
-6.48853123e-01
1.00547941e-02
-3.18621455e-02
4.19169396e-02
0.00000000e+00
4.41731724e-01
0.00000000e+00
0.00000000e+00
0.00000000e+00
1.65637352e-02
0.00000000e+00
-2.48770745e-01
-3.63261485e-02
0.00000000e+00
0.00000000e+00
0.00000000e+00
1.01800427e-01
0.00000000e+00
0.00000000e+00
2.25152199e-01
0.00000000e+00
0.00000000e+00
0.00000000e+00
9.92856905e-03
3.51734516e-01
-1.25973591e-01
0.00000000e+00
0.00000000e+00
1.47622763e-01
-6.58907917e-01
-2.93147488e-01
-3.65760429e-01
0.00000000e+00
-9.68018220e-01
0.00000000e+00
0.00000000e+00
0.00000000e+00
0.00000000e+00
4.17286208e-01
4.17286208e-01
0.00000000e+00
0.00000000e+00
-2.54900202e+00
0.00000000e+00
0.00000000e+00
0.00000000e+00
-5.71708519e-01
-7.28994199e-01
-2.69494388e-01
5.01196832e-01
-9.47704078e-01
4.55156386e-01
5.62977906e-01
4.06759607e-01
4.40155351e-01
0.00000000e+00
-3.20374842e-01
-1.21297369e-01
-1.06900011e+00
1.61757727e-01
-2.71526832e-01
4.13374498e-01
-2.16210844e-01
-7.75883237e-01
-1.78886857e-01
-1.92990556e-02
-8.81200336e-01
-2.50859433e-01
0.00000000e+00
-2.81639798e-01
2.07520794e-01
9.93096022e-02
0.00000000e+00
0.00000000e+00
0.00000000e+00
4.72764857e-01
-1.02176421e-01
-3.34835634e-01
-3.08636953e-01
-4.35838210e-01
-2.70963303e-01
1.54245736e-01
-2.93916954e-01
3.62790586e-01
0.00000000e+00
7.03751254e-01
-5.35628068e-01
2.57700579e-01
3.46576582e-01
-6.72587408e-01
-3.90654578e-01
-1.82352379e-01
1.71581488e-01
3.48164180e-01
8.09324247e-01
-6.30340904e-01
0.00000000e+00
2.41600346e-01
3.79951039e-02
-1.66780168e+00
-1.03295298e+00
0.00000000e+00
0.00000000e+00
2.78856958e-01
-6.34848702e-01
0.00000000e+00
0.00000000e+00
-3.79224598e-01
4 2
-1.3942e-01 -1.0315e-01
3 -1
1 0 8 
217
4.56565048e-01
1.83145656e-01
-6.12482453e-01
-1.40186395e+00
3.72101319e-02
4.01331980e-02
8.30534062e-02
3.70492447e-03
8.86028053e-02
7.73043014e-02
2.02865646e-01
-4.27622159e-02
4.48330590e-02
-5.09487023e-01
0.00000000e+00
0.00000000e+00
0.00000000e+00
7.00048548e-03
-1.82877580e-04
3.68342242e-02
-3.46074743e-01
5.20490598e-03
3.60910402e-01
7.95698259e-01
-8.86324441e-04
2.19502045e-01
6.72188158e-01
3.60716958e-02
-1.26308494e-01
-1.12958641e-01
0.00000000e+00
0.00000000e+00
0.00000000e+00
0.00000000e+00
0.00000000e+00
0.00000000e+00
0.00000000e+00
-2.94807567e-01
7.52569208e-02
6.81202776e-01
0.00000000e+00
0.00000000e+00
0.00000000e+00
0.00000000e+00
0.00000000e+00
-1.96431429e-01
2.96388583e-01
3.78370255e-01
-3.94764721e-01
2.76613562e-01
-5.79726895e-01
6.81202776e-01
0.00000000e+00
0.00000000e+00
0.00000000e+00
0.00000000e+00
0.00000000e+00
0.00000000e+00
0.00000000e+00
0.00000000e+00
4.79846136e-01
-3.14582588e-01
2.96388583e-01
8.47268516e-03
-6.91662801e-01
-1.45423855e+00
6.43175587e-01
-3.27090303e-02
4.96579577e-01
1.30047981e-01
0.00000000e+00
-3.05941212e-01
-2.38907855e+00
4.73325193e-01
5.14487368e-01
3.02909526e-01
3.30055657e-01
6.55446681e-01
-1.82206354e-01
-8.09997398e-01
7.17794510e-03
5.48855300e-01
-2.38532239e-02
-1.32694964e-01
0.00000000e+00
0.00000000e+00
0.00000000e+00
0.00000000e+00
0.00000000e+00
0.00000000e+00
0.00000000e+00
0.00000000e+00
0.00000000e+00
0.00000000e+00
0.00000000e+00
0.00000000e+00
0.00000000e+00
0.00000000e+00
0.00000000e+00
0.00000000e+00
0.00000000e+00
0.00000000e+00
0.00000000e+00
0.00000000e+00
0.00000000e+00
0.00000000e+00
0.00000000e+00
0.00000000e+00
0.00000000e+00
0.00000000e+00
0.00000000e+00
0.00000000e+00
0.00000000e+00
0.00000000e+00
0.00000000e+00
0.00000000e+00
0.00000000e+00
0.00000000e+00
0.00000000e+00
-3.92286209e-01
-2.23309144e+00
-1.16820264e+00
0.00000000e+00
0.00000000e+00
0.00000000e+00
2.01324268e-01
2.90834975e-02
5.56223935e-01
-5.13573239e-01
-2.84447345e-01
1.15002942e-01
8.70654304e-02
1.82356426e-01
2.95887308e-02
0.00000000e+00
5.84619494e-01
-4.60096551e-01
-5.72993521e-01
3.96541096e-01
-1.54772344e-01
-1.22294883e+00
-1.22873755e-01
-1.51692394e-01
-4.70944534e-02
1.80483976e-01
9.55283018e-02
0.00000000e+00
0.00000000e+00
0.00000000e+00
1.46725084e-01
-5.68702875e-01
-6.59806784e-02
2.98547712e-01
-4.10705709e-01
-2.28739134e-01
1.26668607e-01
8.24706617e-02
3.70104715e-02
0.00000000e+00
1.79152453e-01
1.06301774e-01
-1.04236271e-01
1.71225434e-01
-2.60488227e-02
3.38767773e-01
2.04862069e-01
-6.65130661e-01
3.09237921e-01
1.64102493e-01
-2.23395209e+00
0.00000000e+00
0.00000000e+00
0.00000000e+00
1.87560982e-01
-2.05946055e-01
-7.29654204e-03
7.18803642e-02
-5.64897057e-01
4.64235572e-01
6.79129080e-01
-3.63669219e-02
-1.52676982e+00
0.00000000e+00
8.16314079e-01
-5.58650336e-01
-3.14662906e-01
5.28617317e-01
-1.92455129e+00
-4.47965969e-02
3.03368195e-01
-3.89925600e-01
4.65783787e-02
2.42227063e-01
-9.05185116e-04
0.00000000e+00
0.00000000e+00
0.00000000e+00
9.29776870e-03
-6.09474965e-01
-6.07946636e-02
-1.08329708e-01
-6.07203303e-02
1.21489495e-02
-2.43654882e-01
5.70359573e-02
6.27801896e-01
0.00000000e+00
-4.20389537e-02
1.62951353e-01
-1.74907027e-01
9.38142351e-02
5.73679679e-01
1.17740520e-02
-5.72992230e-02
-1.41890017e-01
2.08547222e-03
-5.23847790e-02
136
2.60121590e+00
0.00000000e+00
0.00000000e+00
5.02606019e-02
6.24519066e-03
7.43670011e-01
9.45666235e-03
1.77838015e+00
3.41234920e-03
1.44235185e+00
4.02207471e-01
2.04627448e-01
5.59194798e-01
0.00000000e+00
0.00000000e+00
0.00000000e+00
0.00000000e+00
0.00000000e+00
0.00000000e+00
0.00000000e+00
-3.47800880e-01
1.19639318e+00
1.76237256e+00
0.00000000e+00
0.00000000e+00
0.00000000e+00
0.00000000e+00
0.00000000e+00
-5.59491770e-01
5.75631160e-01
9.65008190e-01
-3.63940270e-01
-1.06610729e+00
1.29749228e+00
1.76237256e+00
0.00000000e+00
0.00000000e+00
0.00000000e+00
0.00000000e+00
0.00000000e+00
0.00000000e+00
0.00000000e+00
0.00000000e+00
0.00000000e+00
0.00000000e+00
0.00000000e+00
1.04755517e+00
4.51879034e-01
3.87534411e-02
1.69201131e-01
-1.12890487e+00
0.00000000e+00
-1.86922459e+00
2.41459423e-01
-1.10477780e+00
-1.26495206e+00
4.45594098e-01
5.25804514e-01
2.79845860e-02
-7.02366236e-02
-8.89309977e-01
-1.98953933e+00
5.75631160e-01
0.00000000e+00
0.00000000e+00
0.00000000e+00
0.00000000e+00
0.00000000e+00
0.00000000e+00
0.00000000e+00
0.00000000e+00
0.00000000e+00
0.00000000e+00
0.00000000e+00
0.00000000e+00
0.00000000e+00
0.00000000e+00
0.00000000e+00
0.00000000e+00
0.00000000e+00
0.00000000e+00
0.00000000e+00
0.00000000e+00
0.00000000e+00
0.00000000e+00
0.00000000e+00
-8.86066695e-01
-1.42518203e+00
-1.36213988e+00
0.00000000e+00
0.00000000e+00
0.00000000e+00
1.97924130e-01
-6.67823171e-02
2.30110935e-01
1.46477321e-01
-1.66288260e+00
-5.08268713e-01
-1.72947794e-01
5.75395510e-01
7.19669637e-02
0.00000000e+00
9.59073075e-01
-5.63284665e-01
-8.33024509e-01
8.45631160e-01
-5.59412956e-02
-7.20770669e-01
1.11160620e-01
-5.39933483e-01
3.85603017e-01
2.38353437e-01
-2.05581945e+00
0.00000000e+00
0.00000000e+00
0.00000000e+00
5.79815302e-01
-1.16502351e+00
2.49997670e-01
5.05035714e-01
-1.83405832e+00
7.46141886e-01
7.60018808e-01
6.25961142e-01
-9.62256492e-01
0.00000000e+00
1.02986698e+00
-8.13911274e-01
-1.07119027e+00
7.73693624e-01
-1.37128413e+00
2.64839186e-01
1.56525826e-01
-1.21506762e+00
5.11819603e-02
6.33894072e-01
18 2
-4.4807e-01 -6.5000e-02
4 4
1 0 8 4 
217
1.56718401e-01
4.98150869e-01
-6.64026227e-01
-3.50535426e-01
-1.53420047e-01
-1.41797696e-01
-1.09649312e-01
2.70851783e-01
1.04881296e-01
8.40089689e-02
9.31948400e-02
1.02245132e-01
2.21711624e-01
-7.15262684e-01
0.00000000e+00
0.00000000e+00
0.00000000e+00
-6.82089670e-03
9.79668485e-03
6.74946373e-02
-5.69211185e-01
6.42277534e-03
4.97145608e-01
7.32750484e-01
-1.46528647e-04
3.01949557e-01
5.69529143e-01
-2.69439091e-01
-2.96063507e-01
1.52691856e-01
0.00000000e+00
0.00000000e+00
0.00000000e+00
0.00000000e+00
0.00000000e+00
0.00000000e+00
0.00000000e+00
-4.38322558e-01
-3.91580610e-01
2.95803360e-01
6.90818210e-01
0.00000000e+00
0.00000000e+00
0.00000000e+00
0.00000000e+00
-4.60589623e-01
1.86594457e-01
3.15128324e-01
-1.64327392e-01
-5.63069895e-01
-7.52796438e-02
3.97720024e-01
0.00000000e+00
-1.08452933e-01
3.09138874e-01
6.60887693e-02
-2.69045336e-01
7.03732290e-01
-8.71737724e-01
6.90818210e-01
8.48971980e-01
-1.18798691e+00
4.95733331e-01
-1.07998234e-01
-7.76658530e-01
-9.12660194e-01
5.40637652e-01
3.50092772e-02
5.00737514e-01
2.50375785e-01
0.00000000e+00
-7.37277995e-01
-2.37809196e+00
4.21750076e-01
6.14947347e-01
5.96721214e-01
7.60769102e-01
5.71091417e-01
-2.63183549e-01
-8.74501260e-01
-2.71380001e-02
4.54302592e-01
-1.24051466e-01
-6.32903490e-02
0.00000000e+00
-3.63823749e-01
-1.55635198e+00
2.62804643e-01
2.37484233e-01
2.57737507e-01
1.21238486e-01
0.00000000e+00
0.00000000e+00
0.00000000e+00
0.00000000e+00
0.00000000e+00
0.00000000e+00
0.00000000e+00
0.00000000e+00
0.00000000e+00
0.00000000e+00
0.00000000e+00
0.00000000e+00
0.00000000e+00
0.00000000e+00
0.00000000e+00
0.00000000e+00
0.00000000e+00
0.00000000e+00
0.00000000e+00
0.00000000e+00
0.00000000e+00
0.00000000e+00
0.00000000e+00
0.00000000e+00
0.00000000e+00
0.00000000e+00
0.00000000e+00
0.00000000e+00
-1.95270089e-02
-1.94798135e+00
-9.17207391e-01
0.00000000e+00
0.00000000e+00
0.00000000e+00
-1.65066965e-01
-2.43998042e-02
1.93261726e-03
-2.40898065e-01
-4.04810769e-01
4.28324089e-01
5.52920991e-01
-1.02552194e-01
6.65620641e-02
0.00000000e+00
8.10902701e-01
-8.29769880e-02
-6.45944911e-01
4.37715986e-01
-2.60469455e-01
-8.93486812e-01
-4.26322243e-01
-3.75526601e-01
1.93566670e-01
2.13322297e-01
3.73160863e-02
0.00000000e+00
0.00000000e+00
0.00000000e+00
2.40946587e-01
-4.63628108e-01
1.65907236e-01
3.22442825e-01
-2.22494293e-01
-4.48329375e-01
-7.24541144e-02
2.13683376e-01
1.10383493e-02
0.00000000e+00
1.45688996e-01
-1.55735906e-01
-1.20716198e-01
1.56642154e-01
1.33460249e-01
3.24090248e-01
2.98650269e-01
-7.90831984e-01
1.49982699e-01
1.48973076e-01
-2.00203456e+00
0.00000000e+00
0.00000000e+00
0.00000000e+00
-9.27052138e-02
-4.32308150e-01
8.75868081e-02
1.64420398e-01
-3.07031172e-01
2.21591612e-01
1.92504703e-01
-4.65188882e-02
-2.50551633e-01
0.00000000e+00
5.16735143e-01
-5.17806927e-02
-6.31062254e-01
3.93808388e-01
-2.69688918e-01
-6.15476136e-01
-7.08423636e-01
-2.33538758e-01
-6.99447293e-02
1.30348572e-01
-1.06857958e-01
0.00000000e+00
0.00000000e+00
0.00000000e+00
1.35135308e-01
-7.59430103e-01
-1.10788576e-01
-9.66387221e-02
-3.35894197e-01
4.35395140e-01
1.91070771e-01
2.15034698e-01
3.68383959e-01
0.00000000e+00
-2.83175211e-02
-2.29860757e-01
-3.23866917e-01
-1.16132054e-02
1.49112519e-01
4.69839744e-01
4.95481966e-01
-5.56937283e-01
-9.74831870e-02
-1.54815936e-02
136
2.39122733e+00
0.00000000e+00
0.00000000e+00
1.49169783e-02
8.06970460e-03
7.38687868e-01
8.52881247e-03
1.62595060e+00
2.07973110e-03
1.30719028e+00
3.82035266e-01
2.14811680e-01
5.00825786e-01
0.00000000e+00
0.00000000e+00
0.00000000e+00
0.00000000e+00
0.00000000e+00
0.00000000e+00
0.00000000e+00
-7.12078913e-01
2.05579778e-01
1.40259776e+00
1.49929840e+00
0.00000000e+00
0.00000000e+00
0.00000000e+00
0.00000000e+00
-5.76060146e-01
3.12019517e-02
7.39849516e-01
-1.57734479e-01
-9.66162821e-01
1.00938194e+00
3.24403056e-01
0.00000000e+00
-2.41894362e-01
1.57819538e-01
8.58344763e-01
-4.93414037e-01
-1.34477207e-01
3.54327149e-01
1.49929840e+00
0.00000000e+00
0.00000000e+00
0.00000000e+00
8.30881649e-01
5.70444878e-02
1.03648465e-01
1.66294212e-01
-1.28629543e+00
0.00000000e+00
-2.46910784e+00
2.10831683e-01
-9.41808362e-01
-1.37836863e+00
6.05304570e-01
3.50300762e-01
1.20701001e-01
2.19877695e-02
-7.39681008e-01
-1.69995745e+00
5.80244581e-01
4.60747153e-01
-1.87998043e-01
-1.25468505e+00
0.00000000e+00
0.00000000e+00
0.00000000e+00
0.00000000e+00
0.00000000e+00
0.00000000e+00
0.00000000e+00
0.00000000e+00
0.00000000e+00
0.00000000e+00
0.00000000e+00
0.00000000e+00
0.00000000e+00
0.00000000e+00
0.00000000e+00
0.00000000e+00
0.00000000e+00
0.00000000e+00
0.00000000e+00
0.00000000e+00
-7.86205252e-01
-1.62690939e+00
-1.27697014e+00
0.00000000e+00
0.00000000e+00
0.00000000e+00
3.07982691e-01
-3.04544696e-01
2.40474849e-01
1.83015320e-01
-1.63371515e+00
-5.04145252e-01
9.97175825e-03
5.65965145e-01
9.17536244e-02
0.00000000e+00
1.01217074e+00
-6.01914158e-01
-9.45591748e-01
8.91525910e-01
-1.41232617e-01
-6.01633369e-01
1.73069065e-01
-8.66395719e-01
5.19726323e-01
3.26547145e-01
-2.10851638e+00
0.00000000e+00
0.00000000e+00
0.00000000e+00
4.45516537e-01
-1.36799376e+00
1.00569233e-01
3.49573424e-01
-1.51894010e+00
4.52338088e-01
5.04298049e-01
5.24858762e-01
-2.60217457e-01
0.00000000e+00
8.78384215e-01
-5.55350156e-01
-1.03756545e+00
7.61250804e-01
-8.97189573e-01
1.13613156e-01
-9.97715229e-03
-1.11489620e+00
4.01882610e-02
4.83022931e-01
2 1
-5.6168e-01 -2.8902e-02
5 1
1 0 8 4 18 
217
2.37444642e-01
-3.68674204e-01
-2.73120508e-01
-5.70783170e-01
-1.53841780e-01
5.21987421e-01
3.83371029e-01
1.80540906e-01
5.87397501e-01
-5.68217257e-01
-4.49151521e-02
-3.62983529e-01
-5.34566956e-01
2.81083229e-01
4.66119008e-01
1.62867051e-02
-4.78739715e-01
-1.82733805e-02
1.44460050e-02
2.52106131e-01
0.00000000e+00
0.00000000e+00
0.00000000e+00
0.00000000e+00
0.00000000e+00
0.00000000e+00
0.00000000e+00
4.24758338e-01
1.22977487e-01
-2.78936888e-01
0.00000000e+00
0.00000000e+00
0.00000000e+00
0.00000000e+00
0.00000000e+00
0.00000000e+00
0.00000000e+00
-2.47921418e-01
-3.22466657e-01
-1.42751440e-01
3.77296253e-01
5.73287904e-01
0.00000000e+00
0.00000000e+00
0.00000000e+00
-6.97654944e-01
4.68531828e-01
3.58156389e-02
-3.26779414e-01
-5.03229757e-01
9.35274783e-02
6.53843487e-01
0.00000000e+00
2.02666865e-01
-1.33814624e-01
-1.48073501e-01
-2.33371935e-01
1.01786197e+00
-7.65908329e-01
5.74029881e-01
2.12568034e-01
-3.09840595e-01
3.34717204e-01
0.00000000e+00
-8.97814997e-01
-1.65383621e+00
5.16849009e-01
-7.68084418e-01
6.18410630e-01
-3.86432477e-01
0.00000000e+00
-5.34316192e-01
-1.88420777e+00
5.45242537e-01
1.15837384e+00
2.32709321e-01
1.74279108e+00
-3.07422804e-03
-2.69454510e-01
-1.26975847e+00
2.72353913e-01
2.89623910e-01
2.37619467e-01
2.50055801e-01
0.00000000e+00
-2.75945683e-01
-8.58399828e-01
3.57624200e-01
3.79219341e-01
1.55766126e-01
5.01893877e-02
0.00000000e+00
1.19504364e-01
-2.44369966e-01
1.03283823e-01
1.34377378e-01
1.46564559e-02
2.32714184e-02
0.00000000e+00
0.00000000e+00
0.00000000e+00
0.00000000e+00
0.00000000e+00
0.00000000e+00
0.00000000e+00
0.00000000e+00
0.00000000e+00
0.00000000e+00
0.00000000e+00
0.00000000e+00
0.00000000e+00
0.00000000e+00
0.00000000e+00
0.00000000e+00
0.00000000e+00
0.00000000e+00
0.00000000e+00
0.00000000e+00
0.00000000e+00
-1.42616418e-01
-1.88430664e+00
-5.84317078e-01
0.00000000e+00
0.00000000e+00
0.00000000e+00
1.77343135e-01
-1.48039535e-01
6.73451127e-01
4.12692283e-01
-1.75619088e+00
1.35804591e-01
7.42352113e-01
1.08501325e+00
3.16296230e-01
0.00000000e+00
3.85613788e-01
-5.64274036e-01
-1.28181342e+00
9.40796618e-01
8.91087544e-01
-8.43008423e-01
4.12975364e-01
-1.50765797e+00
4.08863573e-02
-6.97645219e-01
-6.95243771e-02
0.00000000e+00
0.00000000e+00
0.00000000e+00
3.65945877e-01
-6.50229786e-01
-1.68536095e-01
-9.04299657e-02
-3.22028095e-01
3.80132257e-01
1.94076621e-01
-1.30137124e-01
-5.03641183e-02
0.00000000e+00
2.04630419e-01
6.23480211e-01
-3.36629415e-01
-5.83601999e-01
-5.19739142e-01
5.87713283e-01
6.93984339e-02
2.84976102e-01
-4.92046533e-01
5.63864690e-01
-1.90738390e+00
0.00000000e+00
0.00000000e+00
0.00000000e+00
3.99806851e-02
-8.05199381e-01
2.20809671e-01
6.20373426e-01
-9.49601215e-01
3.39217085e-01
8.15717988e-01
4.43894936e-01
1.56828412e-01
0.00000000e+00
4.31533117e-01
-6.63578070e-01
-8.48567639e-01
6.11270674e-01
-1.26745786e+00
2.61137526e-02
2.36193525e-01
-9.02980138e-01
-3.94686450e-01
-1.72464129e-02
-1.66539258e-01
0.00000000e+00
0.00000000e+00
0.00000000e+00
2.25738089e-01
-1.14864371e+00
-4.06442009e-02
-1.61998009e-01
-1.05268457e-01
1.28676203e-01
-1.17299620e-01
3.48721517e-02
-1.94958681e-01
0.00000000e+00
1.38084489e-01
6.71564144e-02
-1.22322423e-01
2.18655504e-01
3.16798983e-01
9.47917114e-02
-1.24741665e-01
-2.19420419e-02
2.87275597e-01
3.59230408e-01
136
8.97745529e-01
1.21114126e+00
3.47113947e-04
9.97073747e-01
7.07654050e-03
0.00000000e+00
0.00000000e+00
0.00000000e+00
0.00000000e+00
0.00000000e+00
7.77749267e-01
3.84789560e-01
6.86221459e-02
0.00000000e+00
0.00000000e+00
0.00000000e+00
0.00000000e+00
0.00000000e+00
0.00000000e+00
0.00000000e+00
-1.03993516e+00
-5.14220366e-01
8.52302904e-02
8.00737688e-01
1.56598863e+00
0.00000000e+00
0.00000000e+00
0.00000000e+00
-1.14860866e+00
-8.68063397e-02
1.11749516e+00
-7.62257341e-01
-1.02152252e+00
8.72755339e-01
1.53753459e+00
0.00000000e+00
-4.38870677e-01
-1.04589440e+00
7.76978692e-01
-7.89055873e-01
8.43498578e-01
-1.42599422e-01
1.18515395e+00
0.00000000e+00
0.00000000e+00
0.00000000e+00
0.00000000e+00
3.35151368e+00
6.55191367e-01
5.64925968e-01
-1.25490025e+00
0.00000000e+00
-3.09925359e+00
1.24240352e-01
-9.28577019e-01
-1.29486579e+00
-4.12954861e-01
-4.12806910e-01
-1.20085505e-01
-1.69915277e-01
-1.01220438e+00
-7.99516330e-01
-6.24166057e-01
4.41423135e-01
-3.16139016e-01
-1.21216147e+00
0.00000000e+00
8.56531482e-01
1.36313272e-01
3.82955094e-02
-5.21071445e-01
0.00000000e+00
0.00000000e+00
0.00000000e+00
0.00000000e+00
0.00000000e+00
0.00000000e+00
0.00000000e+00
0.00000000e+00
0.00000000e+00
0.00000000e+00
0.00000000e+00
0.00000000e+00
0.00000000e+00
0.00000000e+00
0.00000000e+00
5.23770262e-01
-1.23090092e+00
-8.54552880e-01
0.00000000e+00
0.00000000e+00
0.00000000e+00
3.84612142e-01
-2.32496404e-01
2.15371302e-01
3.90524463e-01
-1.59365480e+00
-7.76374148e-02
-1.01313565e-01
9.80690397e-01
-3.81705074e-01
0.00000000e+00
6.20269337e-01
-5.97249973e-01
-9.07840294e-01
6.96542304e-01
8.16731607e-02
-5.20370925e-01
-1.49064149e-01
-4.22186710e-01
6.36238769e-01
1.23044559e-01
-1.85019539e+00
0.00000000e+00
0.00000000e+00
0.00000000e+00
2.75115326e-01
-7.14519918e-01
-1.00173443e-02
4.83705773e-01
-1.54243113e+00
6.02612299e-01
5.91657876e-01
3.47320787e-01
1.80431490e-01
0.00000000e+00
7.37087778e-01
-5.94889875e-01
-1.02568918e+00
6.51136835e-01
-9.04651965e-01
2.03225940e-01
9.32411450e-02
-1.37405614e+00
-1.96924782e-01
3.47449704e-01
11 1
-7.4554e-01 -1.1545e-03
6 1
1 0 8 4 18 2 
217
-2.90673736e-01
-9.52621663e-01
4.89253809e-01
-7.76898689e-01
-7.95741048e-01
1.00369521e+00
1.88489068e-01
1.92976606e-01
5.17899151e-01
-4.41725933e-01
-8.52885357e-02
-9.51928068e-01
-1.16032372e-01
5.93367428e-02
-8.97849235e-02
8.05681171e-03
1.07896994e-01
-7.23831233e-02
1.13197374e-02
4.71927610e-01
0.00000000e+00
0.00000000e+00
0.00000000e+00
0.00000000e+00
0.00000000e+00
0.00000000e+00
0.00000000e+00
2.87435955e-02
-1.12903079e-01
-2.01042262e-01
0.00000000e+00
0.00000000e+00
0.00000000e+00
0.00000000e+00
0.00000000e+00
0.00000000e+00
0.00000000e+00
-2.57123017e-02
-4.32382835e-01
-3.83925706e-01
-2.71719291e-01
5.01242769e-01
3.21823629e-01
0.00000000e+00
0.00000000e+00
-1.09690948e+00
9.17024007e-01
1.60305331e-01
-2.91331790e-01
-7.53337100e-01
2.24871658e-01
4.94746540e-01
0.00000000e+00
-6.69402237e-02
-2.23428276e-01
8.88263235e-02
-3.31109787e-01
1.82592529e+00
-1.47578395e+00
2.36467720e-01
2.07102079e-01
2.35356016e-01
-7.33131832e-01
0.00000000e+00
-1.17975814e+00
-1.72094752e+00
6.11560488e-01
-2.47158761e-01
2.77523912e-01
6.86908181e-01
0.00000000e+00
-7.13703092e-01
-2.15524069e+00
3.71167929e-01
1.40678743e+00
5.18614262e-02
1.32653782e+00
0.00000000e+00
-2.21122315e-01
-1.05599972e+00
2.01429327e-01
-1.35141111e-02
-2.70980748e-01
-3.93484707e-01
0.00000000e+00
-3.44630831e-01
-7.18505237e-01
1.75397420e-01
3.74710412e-01
-1.21440326e-01
-2.93087273e-01
0.00000000e+00
-2.97484408e-01
-3.37092365e-02
-2.20843614e-01
-8.03178319e-02
2.27654286e-01
4.25533832e-01
0.00000000e+00
-2.95367000e-01
-2.08755341e-01
1.08734711e-01
-5.62148239e-01
-1.04041447e-01
2.75947690e-01
0.00000000e+00
0.00000000e+00
0.00000000e+00
0.00000000e+00
0.00000000e+00
0.00000000e+00
0.00000000e+00
0.00000000e+00
0.00000000e+00
0.00000000e+00
0.00000000e+00
0.00000000e+00
0.00000000e+00
0.00000000e+00
2.96827193e-01
-1.52849764e+00
-8.38777488e-01
0.00000000e+00
0.00000000e+00
0.00000000e+00
3.41176955e-01
-1.57940162e+00
7.87392079e-01
5.93733561e-01
-2.78625370e+00
6.67726722e-01
1.29618982e+00
1.33577380e+00
1.50309713e+00
0.00000000e+00
3.77006914e-01
-5.39125005e-01
-2.25339174e+00
-2.66941176e-01
1.31166611e-01
-4.00744590e-01
7.58599172e-01
-4.11530418e-01
-2.03253506e-01
-1.89998490e-01
-4.41265203e-02
0.00000000e+00
0.00000000e+00
0.00000000e+00
1.99926049e-01
-1.35283844e-01
-1.13923923e-01
-3.58826422e-01
6.27934297e-01
-5.30583342e-01
-6.00596515e-01
-5.51680160e-01
-7.09971678e-01
0.00000000e+00
4.58690606e-01
4.98891721e-01
6.35798820e-01
5.38727727e-01
-4.29451185e-01
1.52404003e-01
-4.20270300e-01
5.37433166e-02
1.26254467e-01
5.14089842e-01
-1.98627178e+00
0.00000000e+00
0.00000000e+00
0.00000000e+00
-5.29630070e-02
-1.24962901e+00
-1.90810066e-01
1.31028715e-01
-1.46212482e+00
8.71501112e-01
6.78440174e-01
6.69801128e-01
3.84037279e-01
0.00000000e+00
5.58140475e-01
-4.81049847e-01
-1.06010423e+00
1.04848630e+00
-1.01614288e+00
1.01494070e-01
3.08813468e-01
-1.33916217e+00
-3.02781566e-01
4.16753092e-01
-7.14688412e-02
0.00000000e+00
0.00000000e+00
0.00000000e+00
1.63645886e-01
-8.45988177e-01
2.46235791e-01
2.55346343e-01
1.38770497e-01
-1.01104716e-01
-3.15655912e-02
-1.68129128e-01
-3.75710922e-01
0.00000000e+00
1.54236058e-01
-1.14347841e-01
1.10312918e-01
-1.49230065e-01
2.70566036e-01
9.61519807e-02
-1.40204718e-01
1.23320610e-01
2.45050937e-01
5.11752603e-02
136
6.37691761e-01
4.77433792e-01
1.10303684e-02
8.70024966e-01
1.32787151e-02
0.00000000e+00
0.00000000e+00
0.00000000e+00
0.00000000e+00
0.00000000e+00
6.22975244e-01
2.56431868e-01
-1.41784216e-01
0.00000000e+00
0.00000000e+00
0.00000000e+00
0.00000000e+00
0.00000000e+00
0.00000000e+00
0.00000000e+00
-8.40053255e-01
-5.96993780e-01
-3.42358779e-01
1.84000225e-01
9.05502301e-01
1.32872394e+00
0.00000000e+00
0.00000000e+00
-1.60284451e+00
2.14581221e-01
4.24223323e-01
-1.26220738e-01
-9.03630218e-01
8.88701493e-01
1.82937617e+00
0.00000000e+00
-1.05175578e+00
-8.63888417e-01
-6.30337490e-05
-8.98183491e-01
1.19922291e+00
1.47024256e-01
1.39999023e+00
0.00000000e+00
0.00000000e+00
0.00000000e+00
0.00000000e+00
3.36729102e-01
7.81693669e-02
1.61320432e-01
-1.33448207e+00
0.00000000e+00
-3.31274760e+00
1.46230030e-01
-9.15743550e-01
-1.13708235e+00
0.00000000e+00
2.40873124e+00
3.55814116e-01
2.60325612e-01
-1.14649377e+00
-8.66879393e-01
-1.67790925e+00
3.03391023e-01
-4.27525305e-01
-1.12394212e+00
0.00000000e+00
3.56932915e-01
9.26253969e-02
-3.50406025e-03
-5.19886185e-01
0.00000000e+00
2.05905516e+00
-1.88281495e-03
5.41164151e-01
-7.80288325e-01
0.00000000e+00
0.00000000e+00
0.00000000e+00
0.00000000e+00
0.00000000e+00
0.00000000e+00
0.00000000e+00
0.00000000e+00
0.00000000e+00
0.00000000e+00
1.07080726e+00
-1.19357229e+00
-6.18906760e-01
0.00000000e+00
0.00000000e+00
0.00000000e+00
5.82567253e-01
-1.15877150e-01
1.68414710e-01
4.47055374e-01
-2.09331480e+00
3.23162981e-01
3.43015183e-01
1.33229970e+00
-3.61338328e-01
0.00000000e+00
5.14920688e-01
-4.40016993e-01
-1.23151365e+00
1.68531928e-01
4.12241151e-01
3.26765679e-01
1.63639440e-01
-9.92732222e-01
-3.43680708e-01
1.76953011e-01
-1.84404592e+00
0.00000000e+00
0.00000000e+00
0.00000000e+00
3.12073047e-01
-7.95226454e-01
-1.55181798e-02
4.68427589e-01
-1.51989277e+00
6.03970700e-01
6.36425417e-01
3.91791513e-01
2.73676040e-01
0.00000000e+00
7.14506893e-01
-7.57189081e-01
-1.04982729e+00
6.97252513e-01
-1.03373087e+00
2.11111413e-01
7.61022526e-02
-1.24369533e+00
-1.09795859e-01
2.95492546e-01
3 1
-5.9926e-01 1.9497e-02
7 0
1 0 8 4 18 2 11 
217
2.38426180e-01
-3.87656886e-01
3.45429834e-01
-1.19742303e-01
1.78583851e-01
-1.40914117e-01
-8.20394894e-02
-4.65779353e-02
-2.22195537e-01
3.56300509e-01
1.85264474e-01
3.87895270e-02
1.78812881e-01
-8.25410279e-02
3.62715177e-01
-1.83688125e-03
1.17787221e-01
2.05007746e-01
-1.11125445e-03
1.83673840e-01
-2.55136997e-01
3.73669373e-04
3.38205508e-01
-7.41597466e-02
1.20337745e-04
2.30004770e-01
8.68893617e-01
1.36936159e-01
-1.35654734e-01
-6.27616028e-01
0.00000000e+00
0.00000000e+00
0.00000000e+00
0.00000000e+00
0.00000000e+00
0.00000000e+00
0.00000000e+00
-4.92210110e-01
-2.00762416e-01
-2.14162086e-01
1.90980250e-02
3.70681942e-01
7.20138532e-01
3.56422920e-02
0.00000000e+00
-1.22721684e+00
3.35765984e-01
9.23284357e-02
4.86449379e-01
-1.14935921e+00
2.51808489e-01
9.17070516e-01
0.00000000e+00
-2.28929285e-01
-4.24321065e-02
2.54193384e-01
1.48310913e-02
1.40530984e+00
-1.77795101e+00
9.06557514e-01
1.14981061e-01
7.76907139e-03
1.15676047e-01
1.96575392e-02
-7.51185714e-01
-1.17626166e+00
3.96501177e-01
-4.71213972e-01
5.73453178e-01
2.75170929e-01
0.00000000e+00
-6.85927931e-01
-1.51439043e+00
6.17586096e-01
1.00731183e+00
3.19755109e-01
9.98353676e-01
-2.37580661e-01
-5.78709766e-01
-1.20948449e+00
5.88307331e-01
-8.36512051e-03
4.66409276e-01
4.64065150e-01
0.00000000e+00
-2.93153246e-01
-1.17212536e+00
3.45139114e-01
2.12002014e-01
1.86440311e-01
1.05263982e-01
0.00000000e+00
4.26482385e-02
-2.83405339e-01
-1.18960963e-02
1.54031276e-02
2.07674037e-01
1.07653507e-01
-3.41919878e-02
9.77731912e-03
-2.73292834e-01
3.02554305e-01
-2.48417246e-01
-3.97134564e-02
3.95390653e-02
-1.83032929e-01
-5.90238359e-01
-9.75851076e-01
5.62751388e-01
-5.49826753e-01
4.48946079e-01
1.88643656e-01
0.00000000e+00
0.00000000e+00
0.00000000e+00
0.00000000e+00
0.00000000e+00
0.00000000e+00
0.00000000e+00
-1.00740890e-01
-2.16909078e+00
-8.26658550e-01
0.00000000e+00
0.00000000e+00
0.00000000e+00
4.57983267e-01
-1.21798329e+00
2.18429242e-01
-3.06026777e-02
-5.96657296e-01
-3.17408373e-02
-2.94504161e-01
-9.94985281e-02
5.35720275e-01
0.00000000e+00
1.26996411e+00
-3.21400951e-01
-8.67542004e-01
9.15466591e-01
8.57969869e-02
-1.28761009e+00
6.76207999e-01
-9.71670193e-01
1.78781927e-01
5.54201087e-01
2.76332383e-02
0.00000000e+00
0.00000000e+00
0.00000000e+00
-1.10408288e-01
6.62540632e-01
4.27723365e-02
4.85251393e-02
-3.05009863e-01
-1.57013718e-01
1.22613300e-01
9.10862471e-03
7.08840800e-02
0.00000000e+00
-8.74118159e-02
2.22827403e-01
-4.30900975e-02
-1.63473024e-01
-3.72871099e-02
2.89730207e-01
-2.20699630e-01
-4.05079615e-01
1.13093187e-01
-2.49885102e-02
-2.32785856e+00
0.00000000e+00
0.00000000e+00
0.00000000e+00
-8.68060752e-02
-9.13556472e-01
-6.13496323e-01
-1.49196408e-02
-7.24409413e-01
2.17616126e-01
7.38504596e-01
5.18249733e-01
8.50708539e-02
0.00000000e+00
2.06542071e-01
-3.13487636e-01
-8.52042470e-01
4.81407791e-01
-7.04924027e-01
4.24507862e-01
3.75972500e-01
-7.83106248e-01
-9.45591512e-02
-2.74422632e-01
-4.14176954e-02
0.00000000e+00
0.00000000e+00
0.00000000e+00
2.27619759e-01
-3.89905243e-01
2.37450209e-01
1.48015605e-01
-4.51277059e-01
2.61998328e-01
1.96894435e-02
4.95803964e-02
-1.52385517e-01
0.00000000e+00
1.51551534e-01
-1.27744348e-01
-3.79980453e-01
7.80366244e-03
2.66475862e-01
1.75981243e-01
3.39416167e-02
-3.72945072e-01
4.30268276e-02
2.09685509e-01
136
7.73078607e-01
2.34386649e-01
6.39078675e-04
3.18616085e-01
-2.55494337e-03
-6.17720171e-02
3.18940608e-03
2.81847889e-01
-2.10613174e-05
8.53416061e-01
1.39021303e-01
2.61022433e-03
-1.56672246e-01
0.00000000e+00
0.00000000e+00
0.00000000e+00
0.00000000e+00
0.00000000e+00
0.00000000e+00
0.00000000e+00
-1.16603859e-01
1.66413123e-01
1.00284876e-01
1.40511203e-01
2.76719182e-01
1.94532823e-01
1.16252464e-02
0.00000000e+00
-6.50544062e-01
1.74879682e-01
5.30856174e-01
6.16057578e-01
-1.17817352e+00
3.16389154e-01
3.22828918e-01
0.00000000e+00
-5.36157689e-02
-1.53953023e-01
6.11333656e-01
-4.75771584e-01
4.93530096e-01
-2.09841175e-01
4.31330192e-01
0.00000000e+00
0.00000000e+00
0.00000000e+00
5.95307361e-01
-3.29774441e-01
1.94390922e-01
8.12053600e-02
-1.39050851e+00
0.00000000e+00
-1.22516147e+00
6.22221214e-01
-3.85612250e-01
-8.63775356e-01
2.72364126e-01
1.84364821e-01
3.53270399e-02
2.09566362e-01
-2.90074098e-01
-7.14424990e-01
8.59390519e-02
5.88101427e-01
-9.52082061e-02
-1.21365051e+00
0.00000000e+00
6.01739728e-01
2.90246197e-01
5.80156513e-02
-4.65218655e-01
5.95627556e-01
1.08814381e-01
-2.54579039e-01
2.58303304e-01
-4.41837924e-01
5.51409305e-01
2.39261045e-01
-2.99374979e-01
2.55955540e-01
-8.76057680e-01
0.00000000e+00
0.00000000e+00
0.00000000e+00
0.00000000e+00
0.00000000e+00
-5.68556690e-01
-1.69176625e+00
-1.28900703e+00
0.00000000e+00
0.00000000e+00
0.00000000e+00
4.77596930e-01
-6.15514610e-01
1.17191549e-01
2.54048479e-01
-1.60776667e+00
-3.66115016e-01
8.47155912e-02
8.13989463e-01
-9.03257815e-02
0.00000000e+00
9.96660076e-01
-5.50320886e-01
-1.01746529e+00
7.90557458e-01
-4.34939682e-02
-4.85424616e-01
1.82334793e-01
-1.02537618e+00
4.28545029e-01
3.67156624e-01
-2.24777242e+00
0.00000000e+00
0.00000000e+00
0.00000000e+00
4.83815042e-01
-1.47758242e+00
1.12712195e-01
3.46924550e-01
-1.49198096e+00
4.57058183e-01
3.10024022e-01
5.44837188e-01
-4.79923345e-02
0.00000000e+00
9.02203050e-01
-6.22588060e-01
-9.01104556e-01
7.44921633e-01
-8.59300719e-01
9.05348825e-02
1.47463086e-03
-1.26974536e+00
-9.69979645e-02
5.25014585e-01
5 1
-6.2458e-01 3.0565e-02
8 0
1 0 8 4 18 2 11 3 
217
2.06677052e-01
-5.90075804e-01
4.99404811e-01
1.98212887e-02
1.27669889e-01
-2.09534066e-01
-1.01645886e-01
7.14365261e-02
-1.02730724e-01
3.33614264e-01
2.21187521e-01
1.19146077e-01
6.21962523e-02
-1.68809187e-01
2.81044038e-01
4.30866282e-03
3.29337931e-02
2.31891928e-01
-1.77940043e-03
1.62001844e-01
-1.67115495e-01
-6.11051083e-04
2.98890608e-01
-1.39143420e-01
1.53384695e-04
2.57267606e-01
1.03568316e+00
1.32576235e-01
-1.99549805e-01
-7.59870936e-01
0.00000000e+00
0.00000000e+00
0.00000000e+00
0.00000000e+00
0.00000000e+00
0.00000000e+00
0.00000000e+00
-3.82522824e-01
-1.95012493e-01
-1.78492281e-01
-1.27694176e-01
1.70539236e-01
4.25178094e-01
4.94681496e-01
0.00000000e+00
-1.27123609e+00
3.45861195e-01
1.78829443e-01
1.19375115e-01
-9.47451278e-01
-1.00455027e-02
1.02948912e+00
0.00000000e+00
6.05170438e-02
-7.60974886e-02
-1.31405782e-02
-2.55433851e-02
1.37488045e+00
-1.37918900e+00
8.20428012e-01
-9.45468798e-02
2.21316371e-01
7.99075604e-02
-3.29425395e-01
-6.96213668e-01
-1.05066964e+00
4.91269059e-01
-3.94343681e-01
7.41047056e-01
3.00220082e-01
0.00000000e+00
-6.77806922e-01
-1.41248037e+00
6.65949587e-01
1.01218587e+00
2.30185616e-01
7.05862961e-01
-2.72469532e-01
-5.02796945e-01
-1.29044626e+00
5.94992379e-01
-3.89566208e-02
3.86951150e-01
5.15607255e-01
0.00000000e+00
-5.55178001e-01
-1.07455562e+00
4.42460037e-01
2.16898680e-01
3.19395016e-01
1.02158854e-01
0.00000000e+00
-3.86439819e-02
-1.06969322e-01
1.46018962e-01
-7.97164343e-02
9.93020716e-02
-6.86749638e-02
9.13468241e-02
7.29306375e-02
-3.34975386e-01
2.39219994e-01
-2.50869905e-01
-1.96820404e-01
-1.41319117e-01
-1.48757290e-01
-5.26834340e-01
-8.35884817e-01
4.44086033e-01
-5.67222775e-01
4.38182649e-01
1.90106979e-01
0.00000000e+00
3.15434878e-01
-1.40514383e-02
3.55908961e-02
-6.26698381e-01
-1.44348722e-01
-3.07557567e-01
-3.06716970e-02
-2.36824193e+00
-5.92743739e-01
0.00000000e+00
0.00000000e+00
0.00000000e+00
2.12537480e-01
-8.61196368e-01
1.64851668e-01
-1.23214013e-01
-5.96655220e-01
-1.46315773e-01
-3.74729353e-02
-1.07672282e-01
5.78311930e-01
0.00000000e+00
1.46811071e+00
-3.51643667e-01
-7.24232273e-01
6.51956449e-01
5.28893682e-01
-1.29479919e+00
4.00972276e-01
-9.68707700e-01
6.19765522e-02
5.51554937e-01
-1.55135022e-02
0.00000000e+00
0.00000000e+00
0.00000000e+00
5.68498690e-02
6.21151712e-01
3.74732199e-02
5.46821871e-02
-4.42923079e-01
-1.12107253e-01
-6.33267238e-02
5.00326177e-03
7.02061772e-04
0.00000000e+00
-1.28012273e-01
3.71469750e-01
-1.31576690e-01
1.32423801e-01
-2.75157615e-01
2.67458356e-01
-8.20471590e-02
-5.02076221e-01
1.84995411e-01
-1.04961176e-02
-2.38158772e+00
0.00000000e+00
0.00000000e+00
0.00000000e+00
4.04659093e-02
-1.09808470e+00
-1.13123701e-01
7.03751607e-02
-7.42148407e-01
2.60104326e-01
4.71114455e-01
3.18720656e-01
-4.73311414e-02
0.00000000e+00
3.02136484e-01
-2.48206814e-01
-6.90374638e-01
3.48305234e-01
-7.00650945e-01
1.66828630e-01
1.99039283e-01
-5.62132104e-01
-1.64860580e-01
-1.91764826e-01
-5.51833645e-02
0.00000000e+00
0.00000000e+00
0.00000000e+00
1.61796751e-01
7.19003310e-02
2.32289166e-01
8.89658827e-02
-2.62514411e-01
4.47221503e-01
-2.47723738e-02
1.42689205e-01
-1.95073410e-01
0.00000000e+00
6.35353547e-02
-3.76191546e-01
-4.83363442e-01
-1.90736589e-02
1.41859310e-01
1.90949203e-01
5.03556312e-02
-4.58977244e-01
1.98488473e-02
1.53371538e-01
136
7.98928456e-01
1.69342080e-01
4.83366254e-03
3.13725206e-01
-1.56369857e-03
2.50793003e-02
2.71857027e-03
2.90781870e-01
2.05129658e-04
8.08096737e-01
1.47736296e-01
6.30370288e-02
-1.41747169e-01
0.00000000e+00
0.00000000e+00
0.00000000e+00
0.00000000e+00
0.00000000e+00
0.00000000e+00
0.00000000e+00
9.89700460e-04
1.35693031e-01
7.39003838e-03
-9.41248128e-03
1.58600655e-01
3.49343884e-01
1.59926465e-01
0.00000000e+00
-6.13458813e-01
4.56540317e-02
5.74978778e-01
7.68159275e-01
-1.45502203e+00
3.33327278e-01
4.27679523e-01
0.00000000e+00
-2.10599219e-01
-7.35798487e-02
7.36144672e-01
-5.03890025e-01
4.75799598e-01
-2.51531699e-01
5.51052786e-01
0.00000000e+00
0.00000000e+00
0.00000000e+00
6.07921741e-01
-2.95568582e-01
1.56439279e-01
6.59151093e-02
-1.56376726e+00
0.00000000e+00
-1.50067763e+00
5.92989724e-01
-4.65484670e-01
-8.26446132e-01
3.33426318e-01
1.19927431e-01
1.68385147e-03
2.12307782e-01
-3.15525290e-01
-8.52401213e-01
-1.09589334e-01
5.21499710e-01
-1.26626792e-01
-1.22045567e+00
0.00000000e+00
6.08253243e-01
2.95152114e-01
6.02524328e-02
-3.95014335e-01
5.73725264e-01
1.64336584e-01
-2.74758094e-01
2.76693865e-01
-5.05577956e-01
5.71140410e-01
2.43259058e-01
-3.26385737e-01
2.79705638e-01
-8.69174191e-01
0.00000000e+00
6.52281807e-01
-3.54628368e-01
2.54288491e-01
-2.06358280e-01
-6.24557889e-01
-1.74616625e+00
-1.39399315e+00
0.00000000e+00
0.00000000e+00
0.00000000e+00
4.48789043e-01
-5.73319830e-01
1.71301408e-01
3.11341536e-01
-1.55793755e+00
-4.09453092e-01
2.49631724e-01
7.78424119e-01
-6.83735020e-02
0.00000000e+00
9.52713386e-01
-6.46165974e-01
-1.04699704e+00
7.35832191e-01
-4.52119189e-02
-4.76215187e-01
1.93855938e-01
-1.08784484e+00
3.69401029e-01
3.06235407e-01
-2.30775338e+00
0.00000000e+00
0.00000000e+00
0.00000000e+00
5.07883790e-01
-2.00576882e+00
-2.46017724e-02
3.40997447e-01
-1.60518055e+00
1.60917544e-01
5.44109017e-01
6.43232342e-01
4.20200581e-02
0.00000000e+00
8.83269326e-01
-4.50783368e-01
-9.03972801e-01
7.57260631e-01
-7.22038957e-01
2.26499521e-01
9.45428863e-02
-1.33669217e+00
-4.68204401e-02
5.87372931e-01
7 1
-5.2162e-01 1.0904e-02
8 1
1 0 8 4 18 2 11 3 
217
3.53041017e-01
-4.70586986e-01
-5.25079615e-01
3.53278780e-01
-7.36531998e-03
6.57108341e-01
5.80581930e-01
1.30721786e-01
6.25922472e-01
-1.09492793e-01
6.33031285e-02
-3.90565598e-01
-9.09401194e-01
-1.72453173e-01
4.79821142e-01
1.89155566e-02
2.42652805e-01
1.08245822e+00
2.41170944e-03
2.30939907e-01
0.00000000e+00
0.00000000e+00
0.00000000e+00
0.00000000e+00
0.00000000e+00
0.00000000e+00
0.00000000e+00
4.44713231e-01
1.32181363e-01
-1.43777127e-01
0.00000000e+00
0.00000000e+00
0.00000000e+00
0.00000000e+00
0.00000000e+00
0.00000000e+00
0.00000000e+00
-1.68513333e-01
-6.02972381e-02
-5.18893295e-02
-8.01421582e-02
-3.43386606e-02
2.79101769e-01
4.69119968e-01
0.00000000e+00
-1.88493126e-02
-3.49624055e-01
2.37072235e-01
8.69019550e-01
-1.47437718e+00
3.98304981e-01
4.28429094e-01
0.00000000e+00
-7.74653389e-02
-8.83525862e-01
6.03590657e-01
-1.36177602e-01
7.78742924e-01
-6.96846358e-01
6.74747285e-01
1.59413076e-01
-3.53649165e-01
5.47277105e-01
0.00000000e+00
-7.98849346e-01
-1.86550053e+00
8.41148195e-01
-8.59770742e-01
3.10742168e-01
9.18625623e-01
0.00000000e+00
-5.07089638e-02
-1.10432463e+00
3.95373689e-01
1.27283794e+00
1.67742886e-02
8.90279394e-01
-6.43058464e-03
-4.82371091e-01
-1.00017604e+00
6.16216374e-01
2.65112846e-01
2.25626319e-01
-2.43713009e-01
0.00000000e+00
8.99753121e-02
-5.25379358e-01
2.12636586e-01
3.24426549e-01
5.04291186e-02
-6.69043360e-02
0.00000000e+00
5.19957492e-02
-2.50335236e-01
2.23451615e-01
8.75161620e-02
7.75936523e-02
2.05758007e-01
5.00472241e-01
-1.60815171e-01
-1.03286769e-01
1.82793182e-01
-9.40778746e-01
-1.69409236e-01
1.17542062e-01
1.24817845e-01
-1.78954399e-01
-6.37179095e-01
2.92796362e-01
-2.39856011e-01
1.14381208e-01
-1.68900648e-01
0.00000000e+00
2.47532477e-01
9.24191961e-02
3.55824111e-02
-3.93367600e-01
7.80989426e-02
-3.62967932e-01
1.07285728e-01
-1.69790677e+00
-8.03296899e-01
0.00000000e+00
0.00000000e+00
0.00000000e+00
5.57025151e-01
-6.91716310e-01
4.00838242e-01
1.35508241e-01
-2.18056551e+00
-8.91458678e-02
1.11093558e+00
8.68488676e-01
7.63503505e-01
0.00000000e+00
2.34710931e-01
4.78649319e-01
-1.50833142e+00
3.16103753e-01
-2.28498478e-01
-1.09106860e+00
2.72859336e-01
-9.24407121e-01
1.00854562e+00
-2.36731941e-01
6.64910546e-02
0.00000000e+00
0.00000000e+00
0.00000000e+00
-1.58899753e-01
6.31834094e-01
4.88593171e-02
-2.43589678e-02
4.02252717e-01
3.42299895e-01
-4.13331145e-01
-4.02876985e-01
-1.64216699e-01
0.00000000e+00
7.40610364e-02
-1.99574819e-01
1.37236960e-01
-2.86226076e-01
7.49983565e-02
2.07624685e-01
-2.48007349e-01
5.09008642e-01
-5.92981925e-01
1.28789069e-01
-1.99937910e+00
0.00000000e+00
0.00000000e+00
0.00000000e+00
2.79641779e-01
-1.01764081e+00
5.96867412e-02
1.09211526e-01
-9.99086764e-01
3.86825614e-01
2.84011869e-01
5.28100947e-01
1.69414396e-01
0.00000000e+00
6.83028236e-01
-6.30566002e-01
-8.73979878e-01
6.56215730e-01
-1.15521495e+00
1.58960092e-01
2.10642692e-01
-9.54103821e-01
-3.63986079e-01
4.69459578e-01
-1.21103027e-01
0.00000000e+00
0.00000000e+00
0.00000000e+00
3.84872290e-02
-6.58013775e-01
-3.72165644e-02
7.59847442e-02
-5.04840860e-02
1.67140345e-01
9.80855975e-02
-6.82154227e-03
-1.27031240e-01
0.00000000e+00
-4.44102209e-02
-6.49932843e-02
-9.11640996e-02
4.56114721e-02
3.82589920e-01
1.07809996e-01
-6.80042947e-02
3.58477048e-02
1.25718051e-01
-5.02389793e-02
136
7.07517123e-01
6.25841348e-01
1.95139983e-02
1.24002908e+00
1.04931925e-02
0.00000000e+00
0.00000000e+00
0.00000000e+00
0.00000000e+00
0.00000000e+00
6.44817267e-01
3.14584849e-01
-2.34528077e-02
0.00000000e+00
0.00000000e+00
0.00000000e+00
0.00000000e+00
0.00000000e+00
0.00000000e+00
0.00000000e+00
-6.16322391e-02
-1.39032819e-01
-2.24490951e-01
-9.18680494e-02
1.39360783e-01
5.01329853e-01
5.83850545e-01
0.00000000e+00
-7.52153972e-01
3.29013651e-01
5.84356721e-01
1.88310187e-01
-1.30950891e+00
2.86217948e-01
1.14624874e+00
0.00000000e+00
-6.89104356e-01
-3.25831560e-01
5.95923304e-01
-1.04882935e+00
7.56633591e-01
-2.15144781e-01
1.16138591e+00
0.00000000e+00
0.00000000e+00
0.00000000e+00
0.00000000e+00
1.77088176e+00
2.99799151e-01
4.64647555e-01
-1.28127125e+00
0.00000000e+00
-2.66293397e+00
2.79334725e-01
-7.69903261e-01
-8.44289213e-01
1.09134680e-01
-3.66930891e-01
1.47616132e-02
-4.88055223e-02
-1.04397224e+00
-1.25584283e+00
-1.53513817e+00
3.30786744e-01
-4.36164433e-01
-1.09041855e+00
0.00000000e+00
5.05826504e-01
2.23920617e-01
6.29616770e-02
-4.29154211e-01
-1.53335279e-01
6.25465658e-01
-9.12769870e-02
2.65775321e-01
-7.68002699e-01
8.09038590e-01
1.40725472e-01
-2.22790221e-02
1.39848386e-01
-7.30395857e-01
0.00000000e+00
6.94706081e-01
-2.52130566e-01
2.33240301e-01
-2.01481254e-02
3.13526124e-01
-1.37101699e+00
-1.15692514e+00
0.00000000e+00
0.00000000e+00
0.00000000e+00
6.95558756e-01
-1.22174060e+00
-1.75689269e-01
5.68576292e-01
-2.06790619e+00
-7.67624356e-02
5.11826833e-01
1.33017457e+00
-8.02376740e-01
0.00000000e+00
7.86893137e-01
-4.50064725e-01
-1.14708247e+00
8.51532149e-01
3.18366094e-01
-7.96194486e-02
2.59640925e-01
-1.38689175e+00
5.79815785e-01
3.48823945e-01
-2.05677404e+00
0.00000000e+00
0.00000000e+00
0.00000000e+00
3.83087851e-01
-1.06352744e+00
2.86420770e-02
4.87230165e-01
-1.66647850e+00
5.03184755e-01
5.32026657e-01
5.17409531e-01
2.00920328e-01
0.00000000e+00
7.38089815e-01
-6.59851004e-01
-1.02030512e+00
6.19556442e-01
-9.73971747e-01
2.95874261e-01
1.43751715e-01
-1.41914389e+00
-1.23479660e-01
4.20209739e-01
15 2
-6.2897e-01 5.3101e-02
8 4
1 0 8 4 18 2 11 3 
217
4.25589075e-01
4.64823544e-01
-5.75332042e-01
-1.99650530e-01
1.70614168e-02
1.83432833e-02
-1.67908391e-01
1.25375273e-01
1.75596047e-02
1.11887382e-01
2.59642396e-01
-3.56333609e-01
2.99234049e-01
-1.18419598e+00
0.00000000e+00
0.00000000e+00
0.00000000e+00
1.03598708e-02
-2.64965226e-03
-1.71318253e-02
-1.43644596e-01
1.20732124e-03
3.81247545e-01
5.58873800e-01
1.62700137e-03
1.94034833e-01
5.45847436e-01
-1.40546754e-01
-4.74482419e-02
6.77366354e-02
0.00000000e+00
0.00000000e+00
0.00000000e+00
0.00000000e+00
0.00000000e+00
0.00000000e+00
0.00000000e+00
-2.88684168e-01
-1.37478735e-02
-2.52433002e-01
-2.53529523e-01
1.93356296e-03
4.02189159e-01
8.29860919e-01
0.00000000e+00
-8.99793571e-01
1.34607996e-01
5.62552333e-01
6.37542606e-02
-1.41987022e+00
-9.62740738e-02
9.14520239e-01
0.00000000e+00
-4.76818754e-02
-3.33062514e-01
4.10372794e-01
4.80991579e-02
1.14148284e+00
-7.57534413e-01
7.04416119e-01
-1.71237058e-02
1.31039215e-01
3.11673566e-01
-2.90490549e-01
-6.49919037e-01
-1.68386821e+00
8.25993028e-01
7.16283826e-03
5.40005633e-01
9.40559035e-02
0.00000000e+00
-1.10959017e+00
-1.66891851e+00
8.49559808e-01
5.67495042e-01
6.90038672e-01
5.53427590e-01
1.32335361e-01
-3.05340198e-01
-1.16001885e+00
2.68336028e-01
2.92336078e-01
3.30257884e-01
-3.62533737e-02
0.00000000e+00
-7.40503038e-01
-1.60546240e+00
6.00808147e-01
2.72045105e-01
5.65283966e-01
7.02717518e-03
0.00000000e+00
1.10958265e-02
-4.83008013e-01
6.67615048e-02
-1.83960126e-01
3.47731744e-01
3.45237062e-01
2.98055508e-01
-5.79829885e-02
-1.15056163e-01
3.56721967e-01
-3.78639259e-01
-1.71205412e-01
-1.63957434e-01
1.23808250e-01
-3.70951193e-01
-1.09760365e+00
5.06375251e-01
-1.23978288e+00
1.66356767e-01
-2.66378892e-02
0.00000000e+00
4.33012012e-01
-1.39596295e-01
-1.95429865e-02
-2.99090556e-01
1.65392870e-02
-2.53651186e-01
1.15891237e-01
-2.45766419e+00
-7.93873554e-01
0.00000000e+00
0.00000000e+00
0.00000000e+00
1.15040383e-01
-1.41945162e-01
8.36708440e-02
-2.96777393e-01
-4.72159166e-01
8.39723013e-01
8.30812498e-02
-9.68238643e-02
3.80822136e-02
0.00000000e+00
9.15007376e-01
-1.19762257e-01
-4.80307501e-01
3.18636270e-01
-1.04773256e-01
-6.22609119e-01
-4.00790189e-01
-7.89383667e-01
6.02099442e-02
2.78006723e-01
1.00032146e-02
0.00000000e+00
0.00000000e+00
0.00000000e+00
1.37754441e-01
-7.54780085e-01
2.36057048e-02
3.28876873e-01
-3.24123524e-01
-4.42180288e-01
1.11856248e-01
2.75194999e-01
3.18157041e-02
0.00000000e+00
1.54477697e-01
7.51367909e-02
-2.87361598e-01
2.47808231e-01
5.80128178e-02
2.84677307e-01
2.88815233e-01
-6.88061037e-01
3.31944960e-01
1.56532741e-01
-2.50992581e+00
0.00000000e+00
0.00000000e+00
0.00000000e+00
-3.19219789e-01
-3.47830646e-01
3.63287312e-01
4.90299877e-01
-5.94929963e-01
-1.87309246e-01
-1.36350745e-01
7.87753716e-02
-3.38406458e-01
0.00000000e+00
-1.06974434e-02
7.90907677e-02
-6.24068773e-01
5.86873765e-01
-1.48427108e-01
-2.69847444e-01
-8.23238664e-01
-4.69058428e-01
-7.43293416e-02
2.35461146e-01
-1.51316434e-02
0.00000000e+00
0.00000000e+00
0.00000000e+00
1.09447142e-01
-4.28863040e-01
-1.27343975e-01
-2.57188169e-01
-1.28861095e-01
4.66674656e-01
1.65238709e-01
5.84340215e-02
2.55905735e-01
0.00000000e+00
5.54392169e-02
-6.59672224e-02
-3.27016455e-01
-7.68488957e-02
3.05878135e-02
2.50468122e-01
4.56028682e-01
-1.16056129e-01
-1.73220708e-01
-1.61990051e-01
136
1.30263286e+00
0.00000000e+00
0.00000000e+00
-1.17091889e-02
6.96449225e-04
3.70034672e-01
5.00520513e-03
9.42859019e-01
1.02149342e-03
9.12196954e-01
1.44169099e-01
1.26266314e-01
2.10832972e-01
0.00000000e+00
0.00000000e+00
0.00000000e+00
0.00000000e+00
0.00000000e+00
0.00000000e+00
0.00000000e+00
-1.92223053e-02
7.44566552e-02
-4.49390138e-03
7.30252331e-03
2.84112946e-01
6.40390953e-01
3.26821574e-01
0.00000000e+00
-8.12602179e-01
1.97392726e-01
6.20931478e-01
5.85807216e-01
-1.62777916e+00
5.21927959e-01
7.94089827e-01
0.00000000e+00
-4.82492692e-01
1.98490569e-01
8.03043047e-01
-7.20778839e-01
5.11848000e-01
-1.04516868e-01
8.26808673e-01
0.00000000e+00
0.00000000e+00
0.00000000e+00
7.97299179e-01
-1.28513310e-01
8.95907191e-02
1.28573307e-01
-1.41387183e+00
0.00000000e+00
-2.46039293e+00
3.74564731e-01
-7.61858828e-01
-6.75648226e-01
3.09187868e-01
2.06038188e-01
1.00085980e-01
1.55038637e-01
-5.50739442e-01
-8.63005278e-01
-4.28887782e-01
4.08498975e-01
-1.78625916e-01
-1.11508565e+00
0.00000000e+00
8.77832962e-01
2.21167084e-01
1.87748268e-01
-3.44312128e-01
7.03189388e-01
4.59908914e-01
-1.45947237e-01
2.56000213e-01
-4.50418917e-01
7.44141980e-01
4.10421562e-01
-1.99730788e-01
2.75526207e-01
-8.01372741e-01
0.00000000e+00
6.41705244e-01
-3.53018417e-01
2.35610939e-01
-1.00952081e-01
-6.10597545e-01
-1.93021865e+00
-1.39988024e+00
0.00000000e+00
0.00000000e+00
0.00000000e+00
3.84182346e-01
-2.04696915e-01
1.39680850e-01
1.70706027e-01
-1.65850706e+00
-4.93604117e-01
-1.90443171e-02
6.49575081e-01
1.37290829e-01
0.00000000e+00
1.00131359e+00
-4.32529980e-01
-9.70408903e-01
8.09588682e-01
-5.41321146e-02
-5.59113315e-01
2.20422156e-01
-1.20879582e+00
3.33232166e-01
3.54960574e-01
-2.42990369e+00
0.00000000e+00
0.00000000e+00
0.00000000e+00
5.21513523e-01
-1.83764793e+00
6.47943713e-02
3.73285868e-01
-1.62248508e+00
3.24513248e-01
5.36461851e-01
7.27115869e-01
-8.13670973e-02
0.00000000e+00
8.50138989e-01
-6.64506437e-01
-1.03301911e+00
7.25538408e-01
-6.46503117e-01
2.77588189e-01
1.32882318e-01
-1.51306271e+00
-8.10453384e-02
5.15900492e-01
16 1
-9.1642e-01 1.2482e-01
8 1
1 0 8 4 18 2 11 3 
217
-6.52231093e-01
-5.19298284e-01
5.87101500e-01
-4.78591365e-01
-3.24800630e-01
3.10845261e-01
-1.86341007e-01
1.97598550e-01
9.49814792e-03
3.41210882e-01
-1.51189298e-01
4.12635339e-01
6.01694214e-04
5.65005206e-02
-6.28510912e-01
1.00913738e-02
4.24170070e-01
-2.37201808e-02
1.83304940e-02
2.76114653e-01
0.00000000e+00
0.00000000e+00
0.00000000e+00
0.00000000e+00
0.00000000e+00
0.00000000e+00
0.00000000e+00
3.51281954e-02
-2.91967990e-01
-3.95391298e-01
0.00000000e+00
0.00000000e+00
0.00000000e+00
0.00000000e+00
0.00000000e+00
0.00000000e+00
0.00000000e+00
-2.42661824e-01
-4.16746826e-01
-2.55164434e-01
-2.81566161e-01
6.76028188e-02
3.52252232e-01
1.24053103e-01
0.00000000e+00
2.57062824e-01
1.70404504e-01
5.56347712e-02
2.34518063e-01
-1.71526362e+00
6.83934361e-02
4.56313363e-01
0.00000000e+00
-2.31326602e-01
-8.15399180e-01
-4.15233075e-02
-2.54732245e-01
1.24846168e+00
-6.73858418e-01
5.89083632e-01
-3.33825965e-01
4.87013186e-02
-3.67106447e-01
0.00000000e+00
-1.27067384e+00
-1.45199020e+00
5.54841457e-01
-2.46627978e-01
6.36012895e-02
4.50333154e-01
0.00000000e+00
-4.56757042e-01
-8.84938208e-01
1.56528833e-01
1.15216054e+00
-3.47480032e-01
5.14197295e-01
0.00000000e+00
-6.05146990e-01
-1.45310355e+00
-1.69441758e-01
6.09917818e-02
1.22357655e-01
1.38414351e-01
0.00000000e+00
-4.72936654e-01
-8.29264636e-01
-3.03909924e-01
5.40259898e-01
1.24615485e-01
2.90315170e-01
0.00000000e+00
5.01720166e-02
-9.51165355e-01
1.76085018e-01
2.36791305e-01
-8.78488127e-01
-1.19074532e+00
0.00000000e+00
-3.26893250e-01
-5.07559568e-01
-4.31676767e-02
-1.00456419e-01
-2.82170166e-01
-1.68707325e-01
0.00000000e+00
-4.63752610e-01
5.79785657e-02
1.67920673e-01
-5.32004323e-01
-3.56399156e-01
2.60823745e-01
0.00000000e+00
-1.36278547e-01
-1.18593646e-01
-1.90578212e-01
-5.73369686e-01
-3.25374334e-01
-6.84571524e-02
1.22353265e+00
-1.44996227e+00
-8.13532249e-01
0.00000000e+00
0.00000000e+00
0.00000000e+00
3.03337421e-01
-5.52047541e-03
2.07816168e-01
9.18477578e-01
-2.19235043e+00
2.26430617e-01
1.44156124e+00
7.34225323e-01
6.66249207e-01
0.00000000e+00
4.43427780e-01
1.40981012e-01
-1.01741265e+00
4.10214090e-01
5.31049958e-01
1.98037651e-01
1.02024238e+00
-4.64339076e+00
-5.03070057e-02
-1.46601359e-01
1.85581185e-01
0.00000000e+00
0.00000000e+00
0.00000000e+00
1.17654140e-01
-6.37590675e-01
-1.98179001e-01
9.91654957e-02
2.93350297e-01
1.30106253e-01
-2.18717069e-01
1.76247668e-01
-3.05335339e-01
0.00000000e+00
1.11464949e-01
-4.37574384e-02
-3.90886128e-01
6.98784036e-03
-5.79822571e-01
1.99262944e-02
-4.77213211e-01
1.83348051e+00
1.23850124e-01
1.24849048e-01
-1.95843563e+00
0.00000000e+00
0.00000000e+00
0.00000000e+00
2.18731121e-01
-7.97760841e-01
-3.58100332e-01
4.15679288e-01
-1.82522188e+00
9.20115512e-01
4.47557439e-01
8.50503867e-01
4.53395456e-01
0.00000000e+00
5.21946750e-01
-6.11125727e-01
-1.13255015e+00
4.81238424e-01
-1.24527730e+00
7.86159660e-01
5.37484309e-01
-1.71594700e+00
-4.27297113e-01
5.22032884e-01
-1.20656521e-02
0.00000000e+00
0.00000000e+00
0.00000000e+00
-2.01886271e-02
-6.16703714e-01
2.73998979e-01
8.07820831e-02
2.97701536e-01
-1.11151395e-01
1.14830285e-01
-1.88393335e-01
-4.63074016e-01
0.00000000e+00
3.12327017e-03
2.81431140e-01
7.20111031e-02
2.38691799e-01
3.47793349e-01
-3.19660673e-01
-4.84462854e-01
3.92123539e-01
2.48419144e-01
-1.59337266e-01
136
1.79106958e-01
9.68987025e-01
3.35947894e-03
1.15047496e+00
9.78182669e-03
0.00000000e+00
0.00000000e+00
0.00000000e+00
0.00000000e+00
0.00000000e+00
3.54267236e-01
1.43498034e-01
-1.89704777e-01
0.00000000e+00
0.00000000e+00
0.00000000e+00
0.00000000e+00
0.00000000e+00
0.00000000e+00
0.00000000e+00
-4.30438272e-01
-4.81178809e-01
-3.70916322e-01
-1.85841041e-01
2.38046563e-01
6.00041563e-01
8.09393275e-01
0.00000000e+00
-6.46122085e-01
-7.90641309e-02
1.89795387e-01
5.02495890e-01
-1.45726514e+00
6.23910127e-01
1.21625414e+00
0.00000000e+00
-1.39072455e+00
-5.68726011e-01
2.80309239e-01
-9.24604701e-01
7.93054541e-01
2.20745247e-01
1.41904901e+00
0.00000000e+00
0.00000000e+00
0.00000000e+00
0.00000000e+00
2.80052831e-01
1.01626073e-01
1.90562694e-01
-1.58302830e+00
0.00000000e+00
-3.08646943e+00
1.85429780e-01
-9.56442824e-01
-7.83522277e-01
0.00000000e+00
3.90904719e-01
7.14345484e-02
-3.81032781e-02
-1.25312933e+00
-1.21331738e+00
-1.75592963e+00
1.48847966e-01
-4.91893438e-01
-8.66564611e-01
0.00000000e+00
1.14584146e-01
9.19856222e-02
-2.12750688e-02
-3.91507937e-01
0.00000000e+00
9.61933826e-01
-1.02094936e-01
3.21636673e-01
-5.17605826e-01
0.00000000e+00
3.69729302e+00
3.12240709e-01
9.02252962e-01
0.00000000e+00
0.00000000e+00
3.96024876e-01
-3.05010646e-01
1.49157887e-01
5.00385467e-02
6.89083428e-01
-1.28203809e+00
-8.57954450e-01
0.00000000e+00
0.00000000e+00
0.00000000e+00
6.49259356e-01
-4.00034123e-01
2.38288200e-01
1.69866712e-01
-2.03432583e+00
2.22905874e-01
1.64541000e-01
1.24298899e+00
-2.65733641e-01
0.00000000e+00
5.66654296e-01
-9.53948411e-02
-1.15796185e+00
1.76972542e-01
3.64746406e-01
3.62740359e-01
1.95229836e-01
-1.17549629e+00
-3.33865383e-01
2.50663948e-01
-2.01950263e+00
0.00000000e+00
0.00000000e+00
0.00000000e+00
2.77331754e-01
-1.18602762e+00
-4.51410518e-02
4.01851961e-01
-1.49838110e+00
6.17293185e-01
6.33410411e-01
4.98486058e-01
3.55968556e-01
0.00000000e+00
6.13513652e-01
-7.63030265e-01
-1.04677900e+00
6.79940998e-01
-8.64718595e-01
2.40878369e-01
1.26534947e-01
-1.25075710e+00
-7.94433414e-02
2.69565554e-01
17 1
-1.1854e+00 2.0114e-01
8 0
1 0 8 4 18 2 11 3 
217
1.37360030e-01
-6.68639284e-01
6.58787345e-01
-7.42863085e-02
-1.30745844e-01
-1.70413457e-01
-1.69439727e-01
-7.98697220e-02
-1.02724534e-01
5.95427156e-02
3.23387503e-01
-1.34096221e-02
2.16882633e-01
2.24861067e-02
4.10607017e-01
-8.88685450e-03
2.77864123e-01
7.29334500e-02
-3.83780318e-04
2.35611515e-01
-1.87065629e-01
-5.61247041e-04
3.42488844e-01
-1.59114808e-01
-6.66601970e-04
4.25175784e-01
5.79506714e-01
8.20986373e-02
-1.84192784e-01
-3.40052536e-01
0.00000000e+00
0.00000000e+00
0.00000000e+00
0.00000000e+00
0.00000000e+00
0.00000000e+00
0.00000000e+00
-3.04805285e-01
-1.42680829e-01
-1.99411227e-01
-1.52225452e-01
1.10556303e-01
3.82187936e-01
4.43738584e-01
0.00000000e+00
-7.71491800e-01
1.48500980e-01
9.94896811e-02
9.11568444e-02
-6.91723499e-01
-9.18749173e-02
8.35661359e-01
0.00000000e+00
-1.92066757e-01
3.72606659e-02
1.27805515e-01
-1.64270796e-01
1.05543022e+00
-1.09765113e+00
7.51133662e-01
2.31105822e-01
-4.75720045e-01
3.81974254e-01
-3.87563416e-01
-6.89314938e-01
-9.59959367e-01
5.64589977e-01
-3.49541985e-01
6.49648407e-01
3.56966497e-01
0.00000000e+00
-6.00700436e-01
-1.15628208e+00
4.88007952e-01
9.51970432e-01
3.22317864e-01
9.52419488e-01
-1.57687031e-01
-3.92814684e-01
-1.49296586e+00
4.73678338e-01
9.78523528e-02
2.14183407e-01
4.17560035e-01
0.00000000e+00
-3.80281351e-01
-1.25877082e+00
3.68432545e-01
3.05971256e-01
1.49208836e-01
2.75606440e-02
0.00000000e+00
-1.17988104e-01
-3.91913031e-02
1.55461812e-01
-1.27023019e-01
9.98863224e-02
5.70995582e-02
2.26518469e-02
-3.87837515e-02
-4.62539239e-01
2.33164743e-01
-4.28503002e-01
-7.96728077e-02
-1.64940168e-01
5.88275107e-02
-5.05060378e-01
-8.49272956e-01
3.79176145e-01
-2.38618434e-01
2.04416753e-01
4.25572428e-02
0.00000000e+00
2.32498846e-01
5.19026157e-02
-5.63919269e-02
-5.17509415e-01
-3.87468889e-02
-2.43496255e-01
1.48258837e-02
-2.53528267e+00
-7.07830387e-01
0.00000000e+00
0.00000000e+00
0.00000000e+00
-4.13099087e-02
-1.97163377e-01
1.44358759e-01
-3.92917250e-01
-5.26407852e-01
-2.34757446e-01
-2.28954607e-01
-5.25709777e-01
5.11377253e-01
0.00000000e+00
1.46951504e+00
-1.54125833e-01
-6.11526719e-01
8.78074835e-01
3.17777073e-01
-1.33322620e+00
2.61056719e-01
-1.02431498e+00
2.56816165e-01
7.23607722e-01
2.13579407e-03
0.00000000e+00
0.00000000e+00
0.00000000e+00
2.03720394e-01
2.10251634e-01
-4.08237591e-03
1.81464888e-01
-3.96981700e-01
-8.03012181e-02
-3.18787951e-02
3.55252136e-01
8.62202261e-03
0.00000000e+00
-2.42623529e-01
2.74968841e-01
-1.50105513e-01
8.89915397e-02
-3.94117058e-01
5.00934034e-01
-2.80188856e-02
-5.24141032e-01
1.38323488e-01
-1.08143075e-01
-2.49922647e+00
0.00000000e+00
0.00000000e+00
0.00000000e+00
-1.03550643e-04
-8.37881846e-01
1.37214347e-01
-2.55282108e-02
-7.87419766e-01
1.02663478e+00
3.66423852e-01
-1.91865945e-02
-9.59484651e-03
0.00000000e+00
3.25850656e-01
-3.35545543e-01
-8.58185397e-01
3.06717677e-02
-5.48723859e-01
2.62015316e-01
1.16511373e-01
-1.01037051e+00
-1.71823276e-01
-1.60185161e-01
-7.13376961e-02
0.00000000e+00
0.00000000e+00
0.00000000e+00
2.11206350e-01
-4.25660676e-02
1.24956601e-01
1.02081673e-01
-1.67841513e-01
1.64352643e-02
-1.24254269e-01
3.41729864e-01
-1.14214379e-02
0.00000000e+00
5.29525614e-02
-3.56029941e-01
-3.45280730e-01
1.81011298e-01
7.75550654e-02
7.88105018e-03
1.28294795e-02
-2.24227825e-01
-1.83436806e-01
2.55081687e-01
136
8.53431810e-01
2.53290564e-01
1.14495912e-03
3.05104299e-01
-1.43777951e-03
6.03069578e-02
2.00816788e-03
2.34729990e-01
2.82330350e-04
9.32101632e-01
2.99738508e-01
7.39952620e-02
-3.31294079e-01
0.00000000e+00
0.00000000e+00
0.00000000e+00
0.00000000e+00
0.00000000e+00
0.00000000e+00
0.00000000e+00
1.45092348e-03
1.45572540e-01
2.96301594e-02
-2.59221656e-03
1.68998016e-01
3.83177125e-01
1.27389003e-01
0.00000000e+00
-5.69517394e-01
1.34131006e-01
4.78969529e-01
8.14847118e-01
-1.34406190e+00
2.61052395e-01
4.51943914e-01
0.00000000e+00
-3.23843560e-01
-4.49364097e-03
6.84028435e-01
-4.82840284e-01
3.61883548e-01
-2.39585242e-01
6.37487344e-01
0.00000000e+00
0.00000000e+00
0.00000000e+00
6.86996621e-01
-2.10454723e-01
1.03158892e-01
1.14025475e-01
-1.42083883e+00
0.00000000e+00
-1.51727974e+00
5.05914305e-01
-5.07032428e-01
-6.73359380e-01
2.33722116e-01
1.58982804e-01
1.19784028e-01
1.87882663e-01
-3.02018703e-01
-5.86226956e-01
-7.36835676e-02
4.83680024e-01
-1.16265612e-01
-1.14485305e+00
0.00000000e+00
6.71110531e-01
2.15034894e-01
1.38231624e-01
-3.58509972e-01
5.62301005e-01
2.16811901e-01
-1.89546869e-01
2.33400262e-01
-4.43053761e-01
5.57317248e-01
2.76581403e-01
-2.28956067e-01
2.67887224e-01
-8.42585585e-01
0.00000000e+00
5.84166181e-01
-3.15201666e-01
2.25617473e-01
-1.31084890e-01
-4.75275625e-01
-2.00109394e+00
-1.37241643e+00
0.00000000e+00
0.00000000e+00
0.00000000e+00
4.59492134e-01
-4.63501877e-01
1.79480390e-01
2.91127113e-01
-1.64919833e+00
-4.55860504e-01
1.56697666e-01
6.94558946e-01
7.89257218e-02
0.00000000e+00
1.01837278e+00
-4.65623894e-01
-1.05269471e+00
6.99647071e-01
4.43944192e-03
-4.93290107e-01
2.31513085e-01
-1.28420168e+00
3.02234937e-01
3.75465383e-01
-2.49465582e+00
0.00000000e+00
0.00000000e+00
0.00000000e+00
4.78176393e-01
-2.00350293e+00
-2.60667172e-02
3.17921088e-01
-1.62519897e+00
3.46717648e-01
5.57666561e-01
7.08056923e-01
-1.78398494e-02
0.00000000e+00
8.11158711e-01
-5.61156490e-01
-1.02062678e+00
6.81202453e-01
-5.76582919e-01
3.38350328e-01
1.76423795e-01
-1.41890345e+00
-1.33145989e-01
4.72694377e-01
20 1
-1.6385e+00 2.6373e-01
8 1
1 0 8 4 18 2 11 3 
217
-1.67778824e-01
-4.74182993e-01
1.54600477e-01
-2.06538516e-01
-3.33501962e-02
-6.76371935e-02
-1.14442356e-01
3.35552738e-01
-1.36263376e-01
-1.68792110e-01
-1.17015168e-01
3.24826590e-01
2.33292272e-01
6.55310376e-01
1.15492656e-02
-9.32607967e-03
7.97332346e-01
-1.79328089e-01
1.13674623e-02
4.77082533e-01
0.00000000e+00
0.00000000e+00
0.00000000e+00
0.00000000e+00
0.00000000e+00
0.00000000e+00
0.00000000e+00
1.74609708e-01
3.58911085e-02
-3.78279641e-01
0.00000000e+00
0.00000000e+00
0.00000000e+00
0.00000000e+00
0.00000000e+00
0.00000000e+00
0.00000000e+00
-2.94824112e-01
-3.41933851e-01
-2.38974008e-01
-5.54751593e-02
2.92479053e-01
3.16805681e-01
1.54143574e-01
0.00000000e+00
2.93382232e-01
-9.16900504e-02
-1.15216405e-01
6.57034590e-01
-1.20416205e+00
5.17341105e-02
2.80449379e-01
0.00000000e+00
2.04711484e-02
-8.12904780e-01
1.61804598e-01
0.00000000e+00
5.60919576e-01
-3.30096000e-01
7.37735184e-01
2.39452316e-01
-1.00386890e-01
-3.06844250e-01
0.00000000e+00
-9.03162486e-01
-1.99560195e+00
5.15284278e-01
-3.48285042e-01
2.20099385e-01
1.55660030e-01
0.00000000e+00
-4.95948599e-02
-1.18742613e+00
-1.16655374e-02
1.22365175e+00
-1.06518427e-01
8.45975188e-01
0.00000000e+00
-5.44153257e-01
-2.54861160e+00
2.46768414e-01
1.85776146e-01
1.29606019e-01
1.85180107e-01
0.00000000e+00
-1.28468194e-01
-9.65037946e-01
6.72535846e-02
4.04343874e-01
-1.06564215e-01
4.40453534e-02
0.00000000e+00
-1.09607233e-01
-4.53632034e-01
-1.08139667e-01
9.02688414e-02
4.99680756e-02
-8.62430048e-02
0.00000000e+00
2.64245919e-02
-1.71641961e+00
5.17305917e-02
-4.51457292e-01
-2.45934007e-01
-3.79831675e-02
-1.84759726e-01
-2.98852846e-01
-5.77240913e-01
3.92229474e-01
-9.25738981e-01
-7.63957255e-02
2.68898369e-01
0.00000000e+00
1.09941850e-01
2.44835388e-01
-3.10494101e-01
-1.40587093e-01
3.27734268e-02
3.92577792e-03
9.23429847e-01
-1.82308370e+00
-2.74398348e-01
0.00000000e+00
0.00000000e+00
0.00000000e+00
-2.38169633e-01
1.10086309e+00
2.75478316e-01
5.61100442e-01
-1.52681104e+00
6.76204536e-01
1.02865667e+00
2.50616003e-01
3.93007772e-01
0.00000000e+00
6.82084985e-01
-6.60536125e-01
-2.08055867e+00
1.24366989e-01
1.49599265e-01
-7.99471357e-01
1.96507768e-01
-7.81873857e-01
6.22187942e-01
-2.47651445e-01
-1.49890930e-01
0.00000000e+00
0.00000000e+00
0.00000000e+00
3.83260236e-01
-5.80273047e-01
3.38726604e-01
-7.61348818e-02
6.88250757e-01
3.18343819e-01
-5.69159486e-01
2.76384123e-01
-1.75726855e-01
0.00000000e+00
-2.42755796e-01
4.76459905e-01
1.60478665e-01
-6.43242121e-02
-1.29273807e-01
2.46741246e-01
-4.63843493e-01
-3.25570353e-01
-4.60966199e-01
4.94918461e-02
-2.46059696e+00
0.00000000e+00
0.00000000e+00
0.00000000e+00
3.12766482e-01
-9.08487098e-01
-4.12952143e-01
-2.31290104e-02
-1.83605352e+00
9.31390633e-02
-1.94104239e-02
8.45978446e-01
-1.37556531e-01
0.00000000e+00
7.65954045e-01
-8.06836600e-01
-1.20350579e+00
5.83874216e-01
-4.52263261e-01
6.21846571e-01
8.63257343e-01
-1.42336096e+00
2.25715543e-01
4.50426675e-01
9.52779537e-02
0.00000000e+00
0.00000000e+00
0.00000000e+00
4.20371831e-02
-5.27862529e-01
1.79155640e-01
1.33505879e-01
3.45598663e-01
3.54321688e-01
3.05509351e-01
-1.18882853e-01
5.63252751e-02
0.00000000e+00
-1.49478060e-01
1.32446310e-01
1.85680287e-02
2.25167316e-01
-1.65734303e-01
-1.23065230e-01
-5.82691657e-01
1.51142382e-01
-1.34054489e-01
-4.67306423e-02
136
2.83324173e-01
1.21527081e+00
5.18142312e-03
1.45242643e+00
9.19832157e-03
0.00000000e+00
0.00000000e+00
0.00000000e+00
0.00000000e+00
0.00000000e+00
4.93532053e-01
1.70951285e-01
-1.96584303e-01
0.00000000e+00
0.00000000e+00
0.00000000e+00
0.00000000e+00
0.00000000e+00
0.00000000e+00
0.00000000e+00
-4.32937472e-01
-4.15440727e-01
-3.63636121e-01
-1.81175326e-01
2.03128745e-01
5.89888386e-01
8.83496688e-01
0.00000000e+00
-6.23053096e-01
-2.24351843e-01
6.54456231e-02
3.21139349e-01
-1.16624771e+00
7.27259720e-01
1.37868350e+00
0.00000000e+00
-1.47796844e+00
-8.26296304e-01
2.84809173e-01
-8.96364852e-01
7.83540760e-01
2.95339698e-01
1.64138859e+00
0.00000000e+00
0.00000000e+00
0.00000000e+00
0.00000000e+00
1.21432341e-01
4.33465368e-02
1.46531700e-01
-1.52406298e+00
0.00000000e+00
-2.89425616e+00
1.74824846e-01
-9.53844123e-01
-7.38588206e-01
0.00000000e+00
2.41493151e+00
2.89919534e-01
3.35168028e-01
-1.27417580e+00
-1.29988767e+00
-1.69254447e+00
1.55002005e-01
-4.93107815e-01
-9.77843430e-01
0.00000000e+00
1.08411929e-01
1.32161531e-01
-3.29979915e-02
-3.26604550e-01
0.00000000e+00
1.88666324e+00
2.10960853e-02
5.17872275e-01
-5.76923344e-01
3.99019614e-01
4.01793303e-01
-1.09329401e-01
1.96379315e-01
-8.03235863e-01
0.00000000e+00
4.93741321e-01
-2.64460054e-01
1.70020594e-01
4.72238489e-02
6.57515798e-01
-1.30434115e+00
-9.02775131e-01
0.00000000e+00
0.00000000e+00
0.00000000e+00
6.88757583e-01
-6.67639105e-01
1.54193612e-01
4.17466254e-01
-2.29541066e+00
5.72916281e-02
4.13623547e-01
1.22934136e+00
-1.67229348e-01
0.00000000e+00
5.92423802e-01
-2.08162098e-01
-1.15724039e+00
2.72789891e-01
2.40156616e-01
1.27415785e-01
2.56572438e-01
-1.12473646e+00
-2.11507794e-02
2.88761193e-01
-2.06197680e+00
0.00000000e+00
0.00000000e+00
0.00000000e+00
3.23291008e-01
-1.29713290e+00
-6.26858768e-02
4.68146308e-01
-1.55858881e+00
5.71568767e-01
6.25288441e-01
5.86797976e-01
3.41963633e-01
0.00000000e+00
6.27984994e-01
-7.35055742e-01
-1.08257221e+00
6.48244506e-01
-7.22161116e-01
3.07163427e-01
1.06814393e-01
-1.40513321e+00
-1.32327401e-01
3.26417009e-01
