0 1 -999999999 -1 -1
1 1 0 -1 -1
0.308 -0.6197
356
3.07232161e-01
3.07232161e-01
0.00000000e+00
1.42503328e+00
-1.78707472e+00
-1.42690502e+00
-2.04879011e-02
0.00000000e+00
0.00000000e+00
2.75211010e-01
2.78120572e-02
1.96037923e-01
-2.82776819e-01
6.62344962e-01
6.26606953e-01
1.36081368e-01
0.00000000e+00
0.00000000e+00
0.00000000e+00
0.00000000e+00
0.00000000e+00
0.00000000e+00
0.00000000e+00
0.00000000e+00
0.00000000e+00
0.00000000e+00
0.00000000e+00
0.00000000e+00
0.00000000e+00
0.00000000e+00
0.00000000e+00
0.00000000e+00
0.00000000e+00
0.00000000e+00
0.00000000e+00
0.00000000e+00
0.00000000e+00
0.00000000e+00
0.00000000e+00
0.00000000e+00
0.00000000e+00
0.00000000e+00
0.00000000e+00
0.00000000e+00
0.00000000e+00
0.00000000e+00
0.00000000e+00
0.00000000e+00
0.00000000e+00
0.00000000e+00
0.00000000e+00
-1.01459262e+00
-5.13839782e-01
1.41941064e+00
0.00000000e+00
0.00000000e+00
0.00000000e+00
0.00000000e+00
2.23821264e-01
4.61798196e-01
4.85740830e-01
-4.10307970e-01
2.39507729e-02
-3.20359370e-01
-1.68406578e-01
-1.09020763e-01
-2.57874128e-01
5.67826817e-01
4.22445407e-01
-5.79104849e-03
-8.56610698e-02
-8.15646787e-02
-1.23166989e-02
-9.64708527e-02
-1.03342097e+00
1.41181827e-02
-2.07586355e-01
9.99772398e-01
-1.03608159e-03
-4.23418683e-01
0.00000000e+00
0.00000000e+00
0.00000000e+00
-2.12718651e-01
1.14368247e-02
1.53840982e-01
1.85398098e-01
1.69274907e-01
0.00000000e+00
0.00000000e+00
-9.41177432e-01
-3.94008310e-01
-1.46377336e+00
-5.69546477e-01
-5.85420318e-01
-4.11381162e-01
8.75889171e-02
-2.99905197e-01
3.57333702e-01
5.36203110e-03
1.54109058e-01
9.85848195e-02
0.00000000e+00
0.00000000e+00
2.26165441e+00
3.36757701e+00
0.00000000e+00
0.00000000e+00
0.00000000e+00
0.00000000e+00
0.00000000e+00
0.00000000e+00
3.42317216e-01
4.00196056e-01
1.84853095e-01
-2.89218370e-01
-7.60085163e-01
-1.83248509e+00
0.00000000e+00
0.00000000e+00
0.00000000e+00
0.00000000e+00
0.00000000e+00
0.00000000e+00
4.33516971e-01
-1.28692181e-01
9.74339638e-02
-3.65752791e-01
-6.48055062e-01
-1.14803083e+00
5.54063186e+00
5.58708240e+00
5.40043517e+00
5.53438572e+00
5.55422340e+00
5.37892130e+00
-4.99138322e-01
-1.81975518e-01
-2.38788190e-01
-1.49152172e-01
-4.31374912e-02
-6.11477830e-01
-2.30878782e-01
-3.07932139e-01
-4.54237175e-01
-5.35267911e-01
-5.98427096e-01
-5.83166295e-01
0.00000000e+00
0.00000000e+00
0.00000000e+00
0.00000000e+00
0.00000000e+00
0.00000000e+00
0.00000000e+00
0.00000000e+00
1.60799707e+00
-6.46596055e-01
0.00000000e+00
-1.92566628e+00
-4.06051256e-01
-4.26349197e-01
-1.54837100e+00
-7.08329366e-01
-1.95442225e+00
0.00000000e+00
0.00000000e+00
0.00000000e+00
6.06903134e-01
-1.88912695e-01
-7.21052065e-02
-1.24952409e-01
-1.18632337e+00
9.99434867e-01
3.55185082e-01
1.31407958e-01
-5.22601505e-01
0.00000000e+00
1.24446237e+00
-4.57683361e-01
-1.13897047e+00
1.94355493e-01
-1.51665987e+00
2.84323332e-01
5.68919212e-01
-1.13738224e+00
-8.44215258e-01
8.50392683e-01
4.29706416e-01
0.00000000e+00
0.00000000e+00
0.00000000e+00
-4.99012812e-02
-3.47894497e-01
2.65322546e-01
-4.85147947e-02
4.81155833e-01
-2.90616448e-01
-1.02829376e-01
8.71562415e-02
1.92806152e-01
0.00000000e+00
-4.43600993e-01
2.83506499e-01
-1.51926049e-02
-2.78977554e-02
1.10127329e-01
2.66804477e-01
7.81342876e-02
1.71635253e-02
3.01786590e-01
-3.27809312e-01
-1.05650643e+00
-4.34750515e-01
0.00000000e+00
-1.75892543e-01
-1.91976457e-02
2.00919170e-01
-5.15289352e-02
-5.84140750e-01
-6.91930751e-01
0.00000000e+00
0.00000000e+00
0.00000000e+00
-2.05271803e-01
1.47822886e-01
-2.92617277e-01
1.06323923e+00
-1.93458082e-01
6.17948455e-01
1.00772624e+00
-1.82218675e+00
-1.88257362e-01
0.00000000e+00
4.83119347e-01
2.23054653e-01
1.56353582e-01
2.03888897e-01
-1.48580313e+00
-5.45775081e-01
-2.03190830e-01
-6.25531334e-02
-3.06672613e-02
4.34696674e-01
-6.21755912e-01
0.00000000e+00
5.11235289e-01
2.43366529e-01
-8.97915826e-01
2.86992586e-02
0.00000000e+00
-1.67629009e-02
3.88723776e-01
2.60785498e-01
1.55556702e-01
-3.87642942e-01
-9.26615085e-01
0.00000000e+00
0.00000000e+00
4.98552872e-01
-1.13467856e+00
0.00000000e+00
0.00000000e+00
0.00000000e+00
-5.44669069e-01
-1.26264621e+00
1.32382156e-01
-4.56488740e-03
-9.28506114e-02
6.88674957e-01
4.47269705e-01
4.98040911e-02
-1.16453267e-02
0.00000000e+00
2.25151002e-01
-6.57456112e-01
-7.74923334e-01
6.22390009e-01
-4.32568757e-01
7.61905515e-02
1.53019276e-01
-1.01947628e-01
3.04042534e-01
4.96690878e-02
4.87287806e-01
0.00000000e+00
0.00000000e+00
0.00000000e+00
-4.87564391e-02
1.79041789e-02
-3.73909369e-02
2.52695157e-01
1.27406368e-01
-5.57049541e-02
2.56355931e-01
-2.12255918e-01
3.48322748e-01
0.00000000e+00
-2.16193029e-01
1.20313750e-01
-2.03848595e-01
-1.09337403e-02
-1.47198340e-01
-9.05282755e-03
-8.74468580e-02
1.73542577e-01
1.84757988e-01
3.47707448e-02
-6.80223572e-01
-4.66828345e-02
-5.41416376e-01
-4.68397281e-01
-1.97803179e-01
2.84779167e-01
8.28980579e-02
-4.14360059e-01
-5.83237888e-01
0.00000000e+00
0.00000000e+00
0.00000000e+00
-1.15113736e-01
3.71189812e-01
9.27187794e-02
-1.01023448e+00
1.71186195e-01
-2.63124597e-01
-7.68153979e-01
7.96743872e-01
2.44590957e-01
0.00000000e+00
-1.84443118e-01
-2.77466785e-01
-5.90668052e-02
1.61677995e-01
4.04200134e-01
1.79918481e-01
2.66193830e-01
-1.38248719e-01
3.13378061e-02
-4.87143526e-01
-6.33540738e-01
6.51235860e-01
2.94552891e-01
6.84182514e-02
-4.54454992e-01
-3.79666363e-01
-7.74605450e-01
-5.58461344e-02
5.37115506e-01
1.72594027e-01
-3.04198891e-01
-2.48061499e-01
-7.47886288e-02
3.70915523e-01
-8.93383282e-02
-1.60522694e-01
247
-8.25203688e-01
-8.25203688e-01
0.00000000e+00
4.79600425e-02
-8.73163731e-01
-2.41807872e-01
-1.41712060e+00
3.16322928e-01
0.00000000e+00
0.00000000e+00
6.09647164e-01
2.78172358e-01
5.40765786e-02
-1.60166740e-01
0.00000000e+00
0.00000000e+00
0.00000000e+00
0.00000000e+00
0.00000000e+00
0.00000000e+00
0.00000000e+00
0.00000000e+00
0.00000000e+00
0.00000000e+00
0.00000000e+00
0.00000000e+00
0.00000000e+00
0.00000000e+00
0.00000000e+00
0.00000000e+00
0.00000000e+00
0.00000000e+00
0.00000000e+00
0.00000000e+00
0.00000000e+00
0.00000000e+00
0.00000000e+00
0.00000000e+00
0.00000000e+00
0.00000000e+00
0.00000000e+00
1.19129889e+00
-2.00175255e-02
2.02240282e-01
-1.93060998e-02
-1.82105279e+00
1.49137942e-02
-3.97690073e-01
-3.72594408e-03
0.00000000e+00
0.00000000e+00
0.00000000e+00
1.88531818e-03
-5.66814025e-02
-1.02480564e-01
-2.30219456e-01
-3.62933019e-01
0.00000000e+00
0.00000000e+00
2.00418962e+00
4.49336918e+00
0.00000000e+00
0.00000000e+00
0.00000000e+00
0.00000000e+00
0.00000000e+00
0.00000000e+00
5.48476134e-01
1.48837902e-01
1.18260282e-02
-3.91150734e-01
-1.05494733e+00
-2.09243531e+00
0.00000000e+00
0.00000000e+00
0.00000000e+00
0.00000000e+00
0.00000000e+00
0.00000000e+00
6.34614349e-01
1.51837227e-01
1.48380476e-01
-5.70381897e-01
-7.49159456e-01
-1.44376042e+00
7.99717609e+00
8.13985187e+00
8.05921146e+00
7.93207492e+00
7.95931087e+00
7.78493763e+00
-4.41567230e-01
-4.84971324e-01
-6.67138017e-01
-5.32374620e-01
-2.18952781e-01
-8.04622422e-01
-5.59843197e-01
-1.00005345e+00
-1.49964837e+00
-8.37245890e-01
-1.24068657e+00
-1.35792906e+00
0.00000000e+00
0.00000000e+00
0.00000000e+00
0.00000000e+00
2.66489946e+00
-6.41556651e-01
0.00000000e+00
-3.66891914e+00
-1.00099003e+00
-1.82840327e+00
-7.18370378e-01
-9.31283351e-01
-2.82939331e+00
0.00000000e+00
0.00000000e+00
0.00000000e+00
4.92856280e-01
-1.11732218e+00
2.72734848e-02
-1.62790047e-01
-6.68084823e-01
4.63509575e-01
-7.05296650e-02
8.25303360e-01
-5.37044823e-01
0.00000000e+00
4.35386626e-01
4.75765530e-01
-7.67420125e-01
3.42659679e-02
-1.47202040e+00
4.20900189e-01
3.32820994e-01
-1.04394087e+00
-8.79249957e-01
3.80927570e-01
-1.77479349e+00
-9.46548165e-01
0.00000000e+00
5.51138633e-01
3.37083048e-01
4.15419274e-01
0.00000000e+00
0.00000000e+00
0.00000000e+00
-1.59365851e-01
2.25466276e-01
8.56716590e-02
-4.85257788e-01
4.80628821e-02
1.51118668e-02
-2.72557671e-01
2.65486516e-01
1.69782973e-01
0.00000000e+00
-8.11582805e-02
1.65612710e-02
-2.99463374e-01
-8.01126907e-02
9.21124653e-01
1.63657167e-01
-4.19569864e-02
-3.36625308e-02
9.46574577e-02
-1.36628275e-01
-8.28245329e-01
0.00000000e+00
4.92257576e-01
2.74615587e-01
-1.05459982e+00
-5.44418700e-02
0.00000000e+00
4.49658004e-01
5.13142403e-02
-1.00015795e+00
0.00000000e+00
0.00000000e+00
1.50920911e-01
-1.64965373e+00
0.00000000e+00
0.00000000e+00
0.00000000e+00
-5.84476729e-01
-1.44754290e+00
4.83034379e-02
2.34178022e-01
-2.31467912e-01
8.51637055e-01
5.84299246e-01
-5.33109376e-02
-4.61701145e-01
0.00000000e+00
3.22203262e-01
-3.15839528e-01
-6.09079404e-01
7.72097063e-01
-1.37725742e+00
-2.74478018e-01
-5.10008658e-02
1.42783750e-01
6.52073895e-01
1.48925396e-01
-1.04307521e+00
-2.24493177e-01
-6.89713162e-01
-5.72496772e-01
-1.77601281e-01
-8.90086557e-02
0.00000000e+00
0.00000000e+00
0.00000000e+00
1.99822454e-01
0.00000000e+00
9.88074173e-02
6.60162032e-01
5.31219637e-02
3.71294350e-01
7.10545042e-01
-3.59724544e-01
3.42086433e-01
0.00000000e+00
3.79145733e-01
7.98504324e-02
2.84345088e-01
1.86337759e-01
-2.82458762e-01
1.30235599e-02
1.66642037e-01
0.00000000e+00
1.08527674e-01
5.13693247e-01
-8.18582033e-01
3.83802157e-01
1.93494271e-01
1.81539319e-02
-6.06578519e-01
-4.93877201e-01
-2.63656089e-01
2.50357196e-01
-4.12459805e-02
-1.12701317e-01
4.76395404e-01
-5.62260026e-02
-8.31715981e-02
1 -999999999 0 0 -1
1 0 1 1 -1
2.4107e-01 2.8396e-02
356
-1.35366471e-01
0.00000000e+00
0.00000000e+00
0.00000000e+00
0.00000000e+00
0.00000000e+00
0.00000000e+00
0.00000000e+00
0.00000000e+00
0.00000000e+00
0.00000000e+00
0.00000000e+00
0.00000000e+00
0.00000000e+00
0.00000000e+00
0.00000000e+00
-9.82566162e-02
-3.71098546e-02
5.19633239e-01
-2.53562144e-01
-9.13599111e-01
9.58537491e-01
0.00000000e+00
0.00000000e+00
1.99435918e-01
1.25283878e-01
-5.20647460e-01
2.40889887e-01
3.52523730e-01
3.06423312e-01
-1.39313803e-01
-9.82566162e-02
-3.71098546e-02
-6.17889855e-01
-2.53562144e-01
1.66355556e-01
1.37498605e-01
4.97764850e-01
8.62101199e-01
2.18683889e-02
5.85670547e-01
0.00000000e+00
0.00000000e+00
0.00000000e+00
0.00000000e+00
0.00000000e+00
0.00000000e+00
0.00000000e+00
0.00000000e+00
0.00000000e+00
0.00000000e+00
-1.40449986e-01
-5.24646842e-02
-7.42912985e-01
0.00000000e+00
0.00000000e+00
0.00000000e+00
0.00000000e+00
-9.99262748e-02
-1.59181739e-01
-2.35102471e-01
1.41262214e-01
-2.34246028e-02
9.22854114e-02
5.25181215e-02
-3.89203084e-02
1.70568756e-01
-1.12287330e+00
0.00000000e+00
0.00000000e+00
0.00000000e+00
0.00000000e+00
0.00000000e+00
0.00000000e+00
1.49328599e-01
2.69468865e-03
-3.98349890e-01
-2.84695070e-01
3.23633337e-03
-1.31200120e-01
0.00000000e+00
0.00000000e+00
0.00000000e+00
-2.30458516e-01
-1.58936103e-01
-1.18676525e-01
1.65991261e-02
4.68023442e-01
0.00000000e+00
0.00000000e+00
-3.47047745e-01
-1.70726353e-01
-1.28350062e+00
-5.70634003e-01
-4.92812026e-01
-4.96301494e-01
7.59599414e-02
2.46041374e-01
-1.97807197e-01
1.12545208e-01
-2.01766198e-01
-6.87072626e-02
0.00000000e+00
0.00000000e+00
2.87217484e+00
1.41141691e+00
0.00000000e+00
0.00000000e+00
0.00000000e+00
0.00000000e+00
0.00000000e+00
0.00000000e+00
-2.15398902e-01
2.49712047e-01
2.19637189e-01
-1.81158906e-01
-9.17196792e-01
-2.16313595e+00
0.00000000e+00
0.00000000e+00
0.00000000e+00
1.69073052e+00
0.00000000e+00
-2.00826209e+00
1.22179560e+00
-1.96284367e-01
-4.87753363e-02
-4.39336846e-01
-6.78202375e-01
-1.14045214e+00
4.32724459e+00
4.24695265e+00
4.13985696e+00
4.14160212e+00
4.09234073e+00
4.06883223e+00
-3.69752613e-01
2.64605734e-01
2.12866307e-01
2.80014625e-01
5.77318578e-01
-1.32058115e-01
7.94281082e-02
1.79089330e-01
-4.79459682e-02
1.58741412e-02
6.64186972e-02
-2.36902221e-01
0.00000000e+00
0.00000000e+00
0.00000000e+00
0.00000000e+00
-2.65527914e-01
1.78906431e+00
0.00000000e+00
0.00000000e+00
1.30161443e-01
-7.36678002e-01
-2.06191347e+00
0.00000000e+00
-4.38583647e-01
-5.38456989e-01
-5.07044190e-01
-1.00832639e+00
-9.45627838e-01
0.00000000e+00
0.00000000e+00
0.00000000e+00
8.51904068e-01
8.82197283e-02
-3.06189503e-01
-2.31059402e-01
-3.85584485e-01
1.77588630e-01
4.29698316e-02
1.16043838e-01
6.64436741e-01
0.00000000e+00
9.48101046e-01
-7.13511631e-01
-1.38084237e+00
2.61322410e-01
-1.43697252e+00
-1.40381024e-02
1.77689210e-02
8.88315971e-02
9.66896157e-03
2.55714403e-01
4.11220542e-01
0.00000000e+00
0.00000000e+00
0.00000000e+00
-1.20050355e-01
-2.41460140e-01
2.81381432e-02
-1.18680759e-01
3.08669589e-01
5.64856688e-02
-1.45171393e-01
1.24518526e-01
-4.31213183e-01
0.00000000e+00
-1.47650730e-01
3.99661951e-01
2.08954550e-01
7.54631320e-02
3.17149993e-01
1.25087463e-01
7.01232264e-02
-1.16638040e-01
9.47342134e-02
-7.69013142e-02
-3.04716194e-01
-2.40959121e-01
-1.50026380e+00
-5.68660797e-01
-2.96476856e-01
4.05089411e-02
-5.76388033e-03
-2.75704181e-01
4.77889471e-02
0.00000000e+00
0.00000000e+00
0.00000000e+00
3.26058010e-01
1.01996587e+00
-1.42063541e-01
1.05069765e+00
-5.43190893e-01
-1.63317051e-01
8.17585632e-01
-1.19318654e+00
7.76909937e-01
0.00000000e+00
6.03450864e-01
-3.42486210e-01
-2.12866838e-01
3.92951993e-02
-1.31634798e+00
-1.05669643e+00
-5.01608999e-01
3.46991314e-01
-1.22257494e-01
6.60856446e-01
-6.37570738e-02
-7.47973665e-01
3.12887251e-02
1.20155699e-01
-6.40911643e-01
-1.97624527e-01
-1.44431572e+00
-9.10461627e-01
-5.58219439e-01
8.53118550e-02
2.87055165e-02
-3.11641898e-01
-4.43287117e-01
4.80074750e-01
4.29103442e-01
-5.38591979e-02
-1.54678338e+00
0.00000000e+00
0.00000000e+00
0.00000000e+00
-1.13689970e+00
-1.71741129e+00
4.78933550e-01
4.83206052e-01
2.33802035e-01
8.97676487e-01
7.13136352e-01
6.76484480e-01
-1.42957147e+00
0.00000000e+00
-5.90360778e-01
-1.14141590e+00
-1.27474759e+00
4.64780242e-01
5.91337733e-01
9.71188618e-01
7.01073360e-01
-5.97497235e-01
2.15320678e-01
-8.58190106e-02
2.27699451e-01
0.00000000e+00
0.00000000e+00
0.00000000e+00
3.99665918e-02
-1.99433814e-01
-1.80016891e-01
-1.27972958e-01
-1.27109452e-02
-4.60673809e-02
-1.18467325e-01
-8.05478341e-02
3.59516037e-01
0.00000000e+00
-8.92091638e-02
4.13375270e-01
2.53873400e-01
1.23972234e-01
-1.74732788e-01
-2.25605496e-01
-1.69535401e-01
1.86004530e-01
1.03796544e-01
1.71494840e-01
-6.63099622e-01
-1.52710846e-01
0.00000000e+00
0.00000000e+00
1.02734329e-01
1.14491223e-01
-2.45877619e-02
-2.42614307e-01
-3.11317045e-01
0.00000000e+00
0.00000000e+00
0.00000000e+00
-1.08994372e-01
-9.91328558e-01
2.25449711e-01
-1.09478803e+00
3.06589498e-01
1.91775980e-01
-7.34865264e-01
1.09479852e+00
-6.68927027e-01
0.00000000e+00
-2.27224685e-01
2.01931671e-01
8.24303577e-03
-1.27606814e-01
7.75763136e-01
1.04978615e+00
5.83131365e-01
-1.94939304e-01
-5.20447861e-02
-5.48067278e-01
-5.10388776e-01
0.00000000e+00
0.00000000e+00
8.77426518e-01
-8.83683759e-01
-3.85746143e-01
0.00000000e+00
0.00000000e+00
-4.35503511e-02
9.97482758e-02
-1.43618835e-01
-3.41875584e-01
-4.97937616e-01
0.00000000e+00
2.70242361e-01
1.50287038e-01
247
-3.78176373e-01
0.00000000e+00
0.00000000e+00
0.00000000e+00
0.00000000e+00
0.00000000e+00
0.00000000e+00
0.00000000e+00
0.00000000e+00
6.69211626e-01
0.00000000e+00
0.00000000e+00
0.00000000e+00
0.00000000e+00
-8.95884526e-02
-2.88587920e-01
1.07204574e+00
-1.16163419e+00
-2.74762996e-01
-1.51245342e+00
0.00000000e+00
0.00000000e+00
0.00000000e+00
1.90593506e-01
2.90368311e-01
-6.98939620e-01
5.34630448e-01
-8.95884526e-02
-2.88587920e-01
1.07204574e+00
-1.16163419e+00
-2.74762996e-01
1.78852951e-01
-1.02774825e+00
0.00000000e+00
0.00000000e+00
0.00000000e+00
0.00000000e+00
0.00000000e+00
0.00000000e+00
0.00000000e+00
0.00000000e+00
0.00000000e+00
0.00000000e+00
0.00000000e+00
-3.02536408e-02
-2.00610699e-03
-3.47922732e-01
1.71115930e-03
0.00000000e+00
0.00000000e+00
0.00000000e+00
1.90107030e-01
8.29057769e-02
-3.79439577e-02
-2.01825496e-01
-3.86805407e-01
0.00000000e+00
0.00000000e+00
3.08034565e+00
1.49990409e+00
0.00000000e+00
0.00000000e+00
0.00000000e+00
0.00000000e+00
0.00000000e+00
0.00000000e+00
9.24703664e-02
5.11122621e-01
3.26779504e-01
-6.17296664e-01
-1.24359470e+00
-2.52800315e+00
0.00000000e+00
0.00000000e+00
0.00000000e+00
6.02017871e-01
0.00000000e+00
0.00000000e+00
9.85975348e-01
3.60027432e-01
1.73865769e-01
-4.66887438e-01
-3.94331302e-01
-1.09184398e+00
6.03235201e+00
6.08501849e+00
5.95293680e+00
6.10555351e+00
5.97358458e+00
5.94327834e+00
-4.14005877e-01
-1.59131419e-01
-1.38023648e-02
2.19104874e-02
4.77990851e-02
-4.18439259e-01
-4.56696675e-01
-5.59916885e-01
-7.14107531e-01
-4.72314704e-01
-7.17896075e-01
-6.42514815e-01
0.00000000e+00
-1.44488630e+00
5.99901574e-01
0.00000000e+00
1.06670993e+00
-1.02338538e+00
-2.47557634e+00
0.00000000e+00
-1.83943353e-01
-7.99002327e-01
-5.50410483e-01
-1.32766998e+00
-9.82945680e-01
0.00000000e+00
0.00000000e+00
0.00000000e+00
3.77457261e-01
-7.53611278e-01
3.95740203e-01
-7.74594433e-01
4.56449794e-01
-8.98775571e-02
-1.89335310e-01
6.62551792e-01
-1.04337132e+00
0.00000000e+00
2.75857283e-01
4.20054342e-02
-1.09165686e+00
1.58024657e-01
-1.57511682e-01
6.11898542e-01
6.69073402e-01
-2.28324740e-01
2.71644660e-01
-5.75365526e-01
-3.40245435e-01
2.80728601e-01
-1.79087110e+00
-9.61290921e-01
-4.29731771e-01
-5.30632249e-01
0.00000000e+00
0.00000000e+00
0.00000000e+00
-9.60888306e-02
0.00000000e+00
-4.83250107e-02
-8.95765871e-02
9.35391613e-02
1.09898505e-01
-1.25600252e-01
6.41082612e-02
-6.14283883e-01
0.00000000e+00
1.47189958e-01
2.23614538e-01
4.68332545e-02
-1.47221443e-01
5.68155701e-01
1.79897862e-01
6.52875612e-03
-9.60805300e-02
-7.63798847e-02
-6.13040823e-02
-6.20974036e-01
-3.53736496e-01
1.37529454e-01
5.80924706e-02
-6.42700245e-01
-4.64671954e-01
-1.36030895e+00
-1.03041440e+00
-3.91005764e-01
-1.78028291e-01
7.62029446e-02
1.07629586e-01
9.61237358e-02
-1.87808047e+00
0.00000000e+00
0.00000000e+00
0.00000000e+00
-4.50569474e-01
-2.17979606e+00
5.45686661e-01
5.92349388e-01
-1.07382911e-01
4.15420655e-01
4.79906111e-01
5.75833090e-01
-9.28826749e-01
0.00000000e+00
-3.99317461e-01
-1.00712823e+00
-7.07635976e-01
6.32999282e-01
-3.65635493e-01
5.81296952e-01
8.35314621e-01
-6.77350576e-01
6.05506448e-01
-3.18750742e-01
-7.20944306e-01
2.33956002e-01
0.00000000e+00
0.00000000e+00
-1.04795054e-01
-4.10300806e-01
0.00000000e+00
0.00000000e+00
0.00000000e+00
1.69631493e-01
4.53274152e-01
-2.52848935e-01
1.34004121e-01
-2.41141056e-01
1.29769448e-01
1.51442938e-01
-3.87845162e-01
7.75546171e-01
0.00000000e+00
2.72876015e-01
-8.38165589e-02
-1.27389358e-01
-5.67363404e-02
-1.07574918e+00
-4.07205372e-01
-3.79393115e-01
2.20376372e-01
-7.85108458e-02
3.73414405e-01
-9.54900308e-01
0.00000000e+00
0.00000000e+00
4.90943984e-01
-1.15713616e+00
-7.84366485e-01
0.00000000e+00
0.00000000e+00
6.87827371e-01
-3.72769675e-01
0.00000000e+00
0.00000000e+00
4.91960433e-02
2 -999999999 -999999999 0 1
1 0 0 1 1
7.0418e-02 3.6950e-01
356
7.81587700e-02
0.00000000e+00
0.00000000e+00
0.00000000e+00
0.00000000e+00
0.00000000e+00
0.00000000e+00
0.00000000e+00
0.00000000e+00
0.00000000e+00
0.00000000e+00
0.00000000e+00
0.00000000e+00
0.00000000e+00
0.00000000e+00
0.00000000e+00
0.00000000e+00
0.00000000e+00
0.00000000e+00
0.00000000e+00
0.00000000e+00
0.00000000e+00
0.00000000e+00
0.00000000e+00
0.00000000e+00
0.00000000e+00
0.00000000e+00
0.00000000e+00
0.00000000e+00
0.00000000e+00
0.00000000e+00
4.05839533e-01
-3.27680763e-01
-1.26026932e+00
-1.57121095e+00
3.01940606e-01
1.24747570e-01
9.53596087e-01
1.05819529e+00
7.12512771e-01
5.96375273e-01
7.81587700e-02
0.00000000e+00
-1.02654808e+00
-8.17253212e-01
0.00000000e+00
-6.38099770e-01
4.89799192e-01
-3.58276323e-01
6.14907656e-01
3.19432467e-01
-1.81307367e-02
-3.86273192e-01
-6.52425609e-01
0.00000000e+00
0.00000000e+00
0.00000000e+00
0.00000000e+00
-4.42919462e-02
-3.43341179e-02
-2.30177105e-02
3.64278997e-01
3.32300788e-01
1.07325448e-02
3.20172522e-01
-6.14418161e-01
-5.07004884e-01
-2.67098956e-01
0.00000000e+00
0.00000000e+00
0.00000000e+00
-1.94947720e-01
6.10820173e-03
-3.52268531e-01
5.43090130e-01
-5.85452828e-03
-3.65125339e-01
-2.69983640e-01
1.86417226e-03
-2.49363926e-01
0.00000000e+00
0.00000000e+00
0.00000000e+00
-2.96024796e-01
-7.83438952e-02
3.55950372e-02
6.56283019e-02
4.59056615e-01
0.00000000e+00
0.00000000e+00
-8.55858797e-01
-4.66780662e-01
2.80631254e-01
-1.46845050e-01
-4.41018215e-01
-2.95087360e-01
4.77889412e-03
2.27789230e-01
-1.17305537e+00
-3.36779779e-01
-9.18945734e-02
-5.79464657e-02
0.00000000e+00
0.00000000e+00
2.87878203e+00
1.20636783e+00
0.00000000e+00
0.00000000e+00
0.00000000e+00
0.00000000e+00
0.00000000e+00
0.00000000e+00
8.66577205e-02
4.92059275e-01
2.53957599e-01
-3.08563721e-01
-8.54801690e-01
-2.46993244e+00
0.00000000e+00
0.00000000e+00
0.00000000e+00
1.56188579e+00
0.00000000e+00
-2.07746484e+00
1.32748079e+00
-2.34333196e-01
1.02600015e-01
-3.40171515e-01
-6.17110900e-01
-9.77505062e-01
3.77059310e+00
3.68337080e+00
3.52560050e+00
3.56721085e+00
3.55531553e+00
3.49606788e+00
-3.47816113e-01
3.40108683e-01
2.41143946e-01
5.52479302e-01
5.38042727e-01
3.97292318e-01
-1.65961978e-02
2.24118393e-01
1.46948444e-02
-6.01805810e-02
1.88639665e-01
-3.70052581e-01
0.00000000e+00
0.00000000e+00
0.00000000e+00
0.00000000e+00
-3.89169191e-01
1.71187201e+00
0.00000000e+00
0.00000000e+00
4.67327961e-01
-6.06481284e-01
-2.32304631e+00
0.00000000e+00
-1.28876768e-01
-1.37271823e-01
-3.48700182e-01
-9.90937233e-01
-4.77576950e-01
0.00000000e+00
0.00000000e+00
0.00000000e+00
6.46975121e-01
2.65387676e-02
-6.16777457e-02
-2.27717144e-01
-1.51584811e-01
2.69781475e-01
-2.51756152e-01
2.94637626e-01
5.98611391e-01
0.00000000e+00
5.74106595e-01
-4.38673638e-01
-1.45603550e+00
2.17969781e-01
-1.37360086e+00
1.21560205e-01
4.48321969e-01
-8.25155846e-02
2.01609473e-01
1.65872079e-01
9.97873698e-02
0.00000000e+00
0.00000000e+00
0.00000000e+00
-5.03661458e-02
1.03962610e-01
-1.45782315e-01
-2.12166973e-01
2.84398797e-01
-1.29569220e-01
-4.30447661e-02
5.03356732e-03
-3.69445307e-01
0.00000000e+00
9.61568517e-02
-4.31712120e-02
2.84029036e-01
7.30793949e-02
1.68376148e-01
5.88515990e-03
-1.02386059e-01
1.08447212e-01
1.12266063e-01
-4.59154721e-02
-7.65334566e-02
9.95401677e-02
-1.90107870e+00
-1.10621126e+00
-6.84694236e-01
1.20451960e-01
8.13334309e-02
-1.02245223e-01
1.72700862e-01
0.00000000e+00
0.00000000e+00
0.00000000e+00
3.88290192e-01
1.55711667e-01
-2.46002443e-01
6.18840533e-01
-5.83000508e-01
-1.35994244e-01
4.46118553e-01
-4.80825936e-01
7.82217772e-01
0.00000000e+00
3.21170828e-01
-1.11253051e+00
-5.85229889e-01
-6.27741077e-02
-3.32580337e-01
-2.33775622e-01
1.89138517e-01
4.39574403e-01
1.87284045e-01
4.17067947e-01
-1.76073624e-01
-1.51001266e+00
-5.53563968e-01
-1.87801463e-01
-4.01043493e-01
-2.28416936e-01
-2.99685499e-01
-1.01105901e+00
-7.66614423e-01
6.98010109e-02
1.42209739e-02
-3.12438921e-01
-1.72626558e-01
-9.27488243e-01
-5.23710898e-01
-3.37850830e-01
-1.12820906e+00
0.00000000e+00
0.00000000e+00
0.00000000e+00
-1.43589585e+00
-9.76345776e-01
5.43621893e-01
3.05886800e-01
4.21827831e-01
5.40425423e-01
7.02431715e-01
6.97518604e-01
-3.29388373e-01
0.00000000e+00
-8.56247616e-01
-2.05622363e-01
-1.22897005e+00
5.28025400e-01
5.58895204e-01
5.46214181e-01
-2.38182992e-01
-9.70418243e-01
1.75915992e-01
9.20991651e-02
-2.35605706e-01
0.00000000e+00
0.00000000e+00
0.00000000e+00
2.02273242e-01
-4.74217077e-01
-4.07382403e-01
1.25646457e-01
-1.70790904e-01
-8.57300763e-02
-3.23418440e-02
-7.02376692e-02
5.91553945e-02
0.00000000e+00
6.59693552e-02
-3.33428481e-01
1.72291024e-01
5.67173438e-02
-3.52172237e-01
-4.14303571e-02
1.75601997e-01
4.08013492e-01
2.16283058e-01
2.50173980e-01
-3.99779309e-01
1.20608289e-01
0.00000000e+00
0.00000000e+00
1.11533646e-01
9.93545060e-02
6.47342935e-02
-4.34805109e-02
4.41669117e-02
0.00000000e+00
0.00000000e+00
0.00000000e+00
-3.45908472e-01
-1.49484661e-01
6.25543899e-01
-6.64512254e-01
3.39837039e-01
2.92033037e-02
-3.24694237e-01
4.06786014e-01
-3.28408709e-01
0.00000000e+00
-3.22337267e-01
1.27754320e+00
2.10384264e-01
-4.31154458e-02
5.10638625e-01
2.26506513e-01
-3.47792894e-01
-3.82608929e-01
-2.06768802e-01
-4.66644269e-01
-5.20387597e-01
0.00000000e+00
0.00000000e+00
1.05430779e+00
-7.28429747e-01
-2.57880112e-01
0.00000000e+00
0.00000000e+00
0.00000000e+00
-7.32506978e-02
4.27842849e-03
-1.88907842e-01
-4.70549635e-01
0.00000000e+00
0.00000000e+00
3.39897027e-02
247
-6.05894923e-01
0.00000000e+00
0.00000000e+00
0.00000000e+00
0.00000000e+00
0.00000000e+00
0.00000000e+00
0.00000000e+00
0.00000000e+00
0.00000000e+00
0.00000000e+00
0.00000000e+00
0.00000000e+00
0.00000000e+00
0.00000000e+00
0.00000000e+00
0.00000000e+00
0.00000000e+00
0.00000000e+00
0.00000000e+00
0.00000000e+00
0.00000000e+00
0.00000000e+00
0.00000000e+00
0.00000000e+00
0.00000000e+00
0.00000000e+00
7.79722606e-01
-1.38561753e+00
3.11744516e+00
-2.33772256e+00
-1.43980431e+00
4.11384074e-02
-1.01221646e+00
-6.05894923e-01
0.00000000e+00
-6.69377793e-02
-5.38957144e-01
-4.64588284e-01
6.53602113e-02
8.92535441e-02
0.00000000e+00
0.00000000e+00
-2.01364178e-01
3.22604563e-03
7.41600958e-02
-5.01241951e-03
-4.78690842e-01
9.81166567e-04
0.00000000e+00
0.00000000e+00
0.00000000e+00
-4.14511133e-02
-1.34755450e-01
-1.23605701e-01
-1.92708599e-01
-9.30067867e-02
0.00000000e+00
0.00000000e+00
2.27580601e+00
8.62269943e-01
0.00000000e+00
0.00000000e+00
0.00000000e+00
0.00000000e+00
0.00000000e+00
0.00000000e+00
-2.04756105e-01
3.06049810e-01
2.68276367e-01
-2.39170758e-01
-9.91407583e-01
-2.02069267e+00
0.00000000e+00
0.00000000e+00
0.00000000e+00
0.00000000e+00
0.00000000e+00
0.00000000e+00
1.06378639e+00
1.59686719e-01
8.97463625e-02
-1.68538053e-01
-2.39345363e-01
-8.42060616e-01
4.28155375e+00
4.28345986e+00
4.17006552e+00
4.21250322e+00
4.16156464e+00
3.95112270e+00
-4.49465197e-02
2.65009799e-01
2.67375550e-01
1.33728630e-01
3.89087568e-01
-3.30479102e-01
1.23262235e-01
1.16425287e-01
-1.51951485e-02
-1.64495452e-01
-1.94176270e-01
-3.72540523e-01
0.00000000e+00
-1.53144031e+00
0.00000000e+00
0.00000000e+00
9.25545382e-01
-5.88251569e-01
-2.28722068e+00
0.00000000e+00
-5.76398589e-02
-5.36840401e-01
-4.54148608e-01
-1.01401626e+00
-5.94480260e-01
0.00000000e+00
0.00000000e+00
0.00000000e+00
2.65925328e-01
-6.64585321e-02
3.15723371e-01
-3.83345542e-01
2.77787881e-01
1.65336882e-01
-1.13801901e-01
3.00183829e-01
-5.18825764e-02
0.00000000e+00
2.93116990e-01
-7.17048807e-02
-1.11511402e+00
2.46771266e-01
-2.53454237e-01
1.86521348e-01
-1.65689069e-01
-1.65013105e-02
-1.22786314e-01
-2.85108770e-01
-8.50614152e-03
3.36475729e-01
-1.05848211e+00
-7.55909332e-01
-5.82807069e-01
-4.66311303e-01
0.00000000e+00
0.00000000e+00
0.00000000e+00
-3.08822838e-02
1.60626037e-01
-8.76052259e-03
-2.17258141e-01
-7.02422073e-02
-8.33307041e-02
-1.66587671e-01
1.48613035e-01
-2.64909204e-01
0.00000000e+00
1.82899664e-01
2.98202994e-01
-1.76680098e-01
-1.09068301e-01
5.05718568e-01
1.58740250e-02
-2.55348699e-01
-1.73438399e-01
-1.08750209e-01
-1.12989187e-01
-3.44981870e-01
-8.54822279e-01
-2.43201919e-01
-1.92749510e-02
-5.85974118e-01
-3.94115588e-01
-3.57821950e-01
-5.30200031e-01
-2.87850681e-01
-1.91858531e-01
-3.00075097e-01
-1.49207983e-01
2.57441612e-01
-1.46816487e+00
0.00000000e+00
0.00000000e+00
0.00000000e+00
-7.40751344e-01
-1.31539137e+00
5.71938190e-01
4.18301961e-01
-9.68974176e-02
7.20086730e-01
4.96084261e-01
4.79473108e-01
-1.12408406e-01
0.00000000e+00
-7.39629436e-01
-6.48438524e-01
-9.86597064e-01
6.05640575e-01
-2.50294810e-02
3.19385488e-01
2.17290748e-01
-5.30182318e-01
1.84077405e-02
-1.19448308e-01
-3.73248200e-01
2.50378385e-01
0.00000000e+00
0.00000000e+00
-6.19080801e-02
-4.63885915e-01
0.00000000e+00
0.00000000e+00
0.00000000e+00
2.56108501e-01
-3.12558162e-01
-3.58704907e-01
3.39002070e-01
-2.89729224e-01
-5.43650424e-02
8.25606944e-02
-1.08529639e-01
2.45455626e-01
0.00000000e+00
2.73251721e-01
-1.05970213e-01
-2.53655787e-01
-9.82193420e-03
-9.60419020e-01
3.10205831e-02
2.96082436e-01
-3.30354149e-02
1.62718801e-01
3.36702996e-01
-6.23626585e-01
0.00000000e+00
0.00000000e+00
1.44996337e-01
-1.09491667e+00
-7.04526993e-01
0.00000000e+00
0.00000000e+00
1.71269228e-01
-3.90389674e-01
0.00000000e+00
0.00000000e+00
1.68253391e-01
7 1
3.0866e-01 -6.0442e-02
3 1
0 1 2 
217
4.73524863e-02
-1.44577690e-01
-4.87245989e-02
8.14452728e-02
-8.97822785e-02
-4.20312789e-02
-1.12579033e-01
1.99340119e-01
1.25398651e-01
1.69611738e-01
2.16261852e-01
-6.61076382e-02
-9.19467048e-02
4.96172344e-02
0.00000000e+00
0.00000000e+00
0.00000000e+00
-2.57065423e-02
-3.70366284e-03
2.49894864e-01
-1.19460903e-01
5.20258580e-03
1.70304022e-01
1.92519931e-01
2.92249900e-03
3.09448294e-01
0.00000000e+00
0.00000000e+00
0.00000000e+00
-2.05131785e-01
-2.10525266e-01
-1.39558296e-01
2.09803394e-01
4.45539019e-01
0.00000000e+00
0.00000000e+00
-1.30205263e-01
-4.03433429e-01
-9.06302980e-03
5.90054209e-01
0.00000000e+00
0.00000000e+00
0.00000000e+00
0.00000000e+00
-1.30205263e-01
4.37023846e-01
-1.41655704e-01
-1.52728508e-01
-6.98801571e-01
-2.48842154e-01
3.92507632e-01
5.90054209e-01
0.00000000e+00
0.00000000e+00
0.00000000e+00
0.00000000e+00
0.00000000e+00
0.00000000e+00
0.00000000e+00
0.00000000e+00
1.88483547e-01
-4.47949643e-01
4.37023846e-01
-8.37430994e-02
-4.94411807e-01
-1.60739366e+00
4.21283365e-01
9.04257634e-01
2.04224028e-01
5.46999687e-01
0.00000000e+00
-6.40825142e-01
-1.39412880e+00
3.96126647e-01
-3.80165341e-01
2.92050981e-01
2.03767530e-01
0.00000000e+00
1.24343705e-02
-5.77537138e-01
8.30543790e-02
-4.94376821e-01
-4.81362632e-02
1.86877996e-01
0.00000000e+00
0.00000000e+00
0.00000000e+00
0.00000000e+00
0.00000000e+00
0.00000000e+00
0.00000000e+00
0.00000000e+00
0.00000000e+00
0.00000000e+00
0.00000000e+00
0.00000000e+00
0.00000000e+00
0.00000000e+00
0.00000000e+00
0.00000000e+00
0.00000000e+00
0.00000000e+00
0.00000000e+00
0.00000000e+00
0.00000000e+00
0.00000000e+00
0.00000000e+00
0.00000000e+00
0.00000000e+00
0.00000000e+00
0.00000000e+00
0.00000000e+00
0.00000000e+00
0.00000000e+00
0.00000000e+00
0.00000000e+00
0.00000000e+00
0.00000000e+00
0.00000000e+00
-9.19403374e-01
-9.90181512e-01
-1.20508362e+00
0.00000000e+00
0.00000000e+00
0.00000000e+00
3.34323430e-01
-6.53468410e-01
3.93647148e-01
-3.37343015e-01
-3.99086664e-01
3.58082128e-01
-2.16115458e-01
5.33224981e-01
8.65214233e-02
0.00000000e+00
2.88267438e-01
-3.88944772e-01
-1.00401715e+00
-1.45733280e-03
2.61660403e-01
3.87542816e-01
3.20717524e-01
-7.57754006e-01
-4.78486177e-01
6.76020726e-02
-1.36449989e-01
0.00000000e+00
0.00000000e+00
0.00000000e+00
2.81810852e-01
-9.88116400e-01
9.97951340e-02
2.24823523e-01
-4.26876094e-01
4.31502091e-02
3.01249529e-01
1.99608120e-01
-7.16355529e-02
0.00000000e+00
3.41715739e-01
-7.07016709e-01
-1.72391398e-01
2.47532166e-01
-1.76559313e-01
5.06036422e-02
1.26136626e-01
-4.50444868e-02
1.72826077e-01
3.61938348e-01
-3.44620955e-01
0.00000000e+00
0.00000000e+00
0.00000000e+00
-1.87113943e-01
-5.72251564e-01
7.40745383e-02
3.56759500e-01
-2.59385070e-01
2.91346598e-01
7.66867605e-01
-7.64370362e-02
-2.07482343e-01
0.00000000e+00
7.16765233e-01
-4.03638197e-01
-6.81384048e-01
3.53271031e-01
-6.17241904e-01
4.74899326e-02
1.42175197e-01
-2.35049963e-01
7.26143755e-03
1.39352041e-01
-4.48774926e-01
0.00000000e+00
0.00000000e+00
0.00000000e+00
2.30018255e-01
-1.08541818e+00
-2.83049578e-02
-7.92274917e-02
-2.02414242e-01
1.43924490e-01
-1.85316531e-01
2.76961143e-01
-1.01160392e-01
0.00000000e+00
6.62783404e-02
-3.91344987e-02
-2.76048874e-01
1.41033778e-01
3.16073651e-01
2.14195618e-01
5.18051529e-02
-1.00762548e-01
3.62206960e-02
1.72501659e-01
136
2.26255061e+00
0.00000000e+00
0.00000000e+00
-1.24747330e-01
1.43875958e-02
1.21399314e+00
-6.75979477e-04
1.17330480e+00
1.83498669e-03
0.00000000e+00
0.00000000e+00
0.00000000e+00
6.13381463e-01
4.10772613e-01
3.48054723e-01
3.82306831e-01
5.36936580e-01
0.00000000e+00
0.00000000e+00
-1.21643203e+00
-1.21632224e-01
1.43471051e+00
2.16590435e+00
0.00000000e+00
0.00000000e+00
0.00000000e+00
0.00000000e+00
-1.21643203e+00
5.73752094e-01
-4.19824203e-01
1.03333796e+00
-2.75560116e-01
1.16070026e+00
-7.59327702e-01
2.16590435e+00
0.00000000e+00
0.00000000e+00
0.00000000e+00
0.00000000e+00
0.00000000e+00
0.00000000e+00
0.00000000e+00
0.00000000e+00
0.00000000e+00
0.00000000e+00
0.00000000e+00
-1.15437124e+00
-1.51677282e+00
9.75713979e-02
-9.76189638e-01
-1.36165172e+00
0.00000000e+00
2.42460201e-01
7.73756567e-02
4.58321677e-02
-9.96679672e-01
0.00000000e+00
-2.91661830e-02
-1.00617855e-01
-1.27387764e-01
-6.95520410e-01
-1.45471202e+00
5.73752094e-01
0.00000000e+00
0.00000000e+00
0.00000000e+00
0.00000000e+00
0.00000000e+00
0.00000000e+00
0.00000000e+00
0.00000000e+00
0.00000000e+00
0.00000000e+00
0.00000000e+00
0.00000000e+00
0.00000000e+00
0.00000000e+00
0.00000000e+00
0.00000000e+00
0.00000000e+00
0.00000000e+00
0.00000000e+00
0.00000000e+00
0.00000000e+00
0.00000000e+00
0.00000000e+00
-7.93153122e-01
-8.78413679e-01
-1.35848594e+00
0.00000000e+00
0.00000000e+00
0.00000000e+00
6.87201869e-01
-3.54299097e+00
2.17659955e-01
1.52230759e-02
-8.96774354e-01
3.97594165e-01
2.73875793e-01
1.38853530e+00
-2.60048631e-01
0.00000000e+00
7.14463610e-01
-6.87460309e-01
-1.61410649e+00
4.81793400e-01
1.33544785e+00
1.11425019e+00
7.04985308e-01
-1.47108722e+00
-4.06351434e-01
1.89302955e-01
-1.34401766e+00
0.00000000e+00
0.00000000e+00
0.00000000e+00
4.84168469e-01
-2.48586169e+00
3.97276542e-01
9.56709932e-01
-8.26290477e-01
7.84431607e-01
9.75616257e-01
5.20893055e-01
-2.21991432e-01
0.00000000e+00
6.75069552e-01
-1.18638864e+00
-1.60889999e+00
5.83727393e-01
-4.96523644e-01
4.43206679e-01
5.59804435e-01
-1.22574532e+00
-1.17770562e-01
4.44550180e-01
5 1
8.0208e-04 4.8322e-02
4 0
0 1 2 7 
217
1.00309229e+00
-8.23118485e-01
-4.84225985e-01
-5.49142342e-01
2.57265950e-01
4.00484112e-01
6.13904691e-01
1.50511538e-01
6.55297830e-01
-4.66091748e-01
1.53400795e-01
-7.11628793e-01
-6.76776978e-01
-4.94999886e-01
5.66244145e-01
-4.08177677e-03
-3.73785543e-01
4.70679489e-01
5.72593879e-04
-5.20546769e-01
-4.70501579e-02
-7.11958756e-04
-2.59899118e-01
1.32188125e-02
-1.22523897e-04
-2.89898523e-01
0.00000000e+00
0.00000000e+00
0.00000000e+00
1.83964260e-01
3.09564754e-01
2.88114714e-01
1.68850768e-01
5.25977925e-02
0.00000000e+00
0.00000000e+00
-2.72698629e-02
1.70051925e-01
-3.76415923e-02
2.67122263e-01
6.30829556e-01
0.00000000e+00
0.00000000e+00
0.00000000e+00
-2.72698629e-02
3.17846173e-01
-5.25937607e-01
-1.83668846e-02
-2.05751819e-01
1.91860153e-01
-9.31224715e-02
7.86759499e-01
5.83895178e-01
-2.39841852e-01
9.90000409e-02
6.65271323e-02
2.28294213e-02
-6.11880825e-01
2.57164556e-02
6.30829556e-01
8.05886780e-01
-9.33708024e-02
3.17846173e-01
0.00000000e+00
-1.20640665e-01
-1.45357151e+00
5.97954770e-01
1.09294237e+00
5.25778184e-01
1.29464575e+00
0.00000000e+00
3.16865674e-02
-8.58029103e-01
5.15639702e-01
-2.73973286e-01
4.55766019e-01
3.93427251e-02
0.00000000e+00
2.55852317e-01
-4.28121705e-01
4.44040152e-01
-1.39222184e-01
3.03199819e-01
2.80384112e-01
0.00000000e+00
4.26017181e-01
4.58282764e-02
3.47695510e-01
6.82696964e-02
2.29379598e-01
1.90640804e-01
0.00000000e+00
0.00000000e+00
0.00000000e+00
0.00000000e+00
0.00000000e+00
0.00000000e+00
0.00000000e+00
0.00000000e+00
0.00000000e+00
0.00000000e+00
0.00000000e+00
0.00000000e+00
0.00000000e+00
0.00000000e+00
0.00000000e+00
0.00000000e+00
0.00000000e+00
0.00000000e+00
0.00000000e+00
0.00000000e+00
0.00000000e+00
0.00000000e+00
0.00000000e+00
0.00000000e+00
0.00000000e+00
0.00000000e+00
0.00000000e+00
0.00000000e+00
-9.59685384e-01
-9.56361007e-01
-8.70750748e-01
0.00000000e+00
0.00000000e+00
0.00000000e+00
3.61346038e-01
-1.32504224e+00
2.01121789e-01
-7.29078469e-01
-8.77548981e-01
-3.43960635e-02
1.49981628e-01
7.86539143e-01
4.27905236e-01
0.00000000e+00
7.00409210e-01
-6.64374042e-01
-1.75185752e+00
4.67678211e-01
6.39820319e-01
5.15301933e-01
8.22472409e-01
-8.47958759e-01
-1.97933013e-01
4.84862420e-01
-2.61348016e-01
0.00000000e+00
0.00000000e+00
0.00000000e+00
3.43652807e-01
-1.43844799e+00
-3.42548090e-02
6.49130282e-01
-9.81258775e-02
2.90043308e-01
2.56454657e-01
4.70824690e-02
-5.46217349e-01
0.00000000e+00
1.84211862e-01
-5.33546121e-02
1.53618347e-01
1.00834720e-01
-2.52127376e-01
1.96299654e-01
-1.21343616e-01
-1.19318640e-01
4.44417493e-03
1.76069970e-01
-1.21703526e+00
0.00000000e+00
0.00000000e+00
0.00000000e+00
2.08652922e-01
-1.05971309e+00
-2.43852666e-01
9.28085207e-01
-7.90316885e-01
-1.33102997e-01
8.18109105e-01
4.85657829e-02
6.82729975e-03
0.00000000e+00
8.63773829e-01
-8.52877519e-01
-1.10694432e+00
8.00629306e-01
-1.42462317e+00
4.54422974e-01
5.16502602e-01
-5.74763608e-01
-1.33616816e-01
4.57206778e-01
3.64615776e-02
0.00000000e+00
0.00000000e+00
0.00000000e+00
-5.55203411e-02
-7.00858112e-01
5.28737049e-01
-4.24259013e-02
2.59458069e-01
7.37583294e-01
-8.08075924e-02
1.62526487e-01
-6.56015431e-02
0.00000000e+00
-3.37974517e-01
-1.43731784e-01
-3.90817408e-01
-2.11570958e-01
1.04521271e+00
-2.40162450e-02
-1.23187395e-01
-2.42016593e-01
3.34822179e-02
-3.12009861e-01
136
1.80181583e+00
1.06427311e+00
-1.14341259e-02
5.12352483e-01
-2.81731413e-03
2.34367366e-01
-3.27383302e-03
-9.17713197e-03
5.41703794e-04
0.00000000e+00
0.00000000e+00
0.00000000e+00
2.57060508e-01
3.69858626e-01
3.94478762e-01
4.47263540e-01
3.33606761e-01
0.00000000e+00
0.00000000e+00
0.00000000e+00
-1.88019986e-01
1.36155221e-01
7.21463470e-01
1.13221712e+00
0.00000000e+00
0.00000000e+00
0.00000000e+00
0.00000000e+00
-4.21782210e-01
-2.57815801e-01
5.49755829e-01
-9.44855188e-02
5.99238308e-01
-4.48302336e-01
1.14167141e+00
5.86063544e-01
4.44079324e-01
-6.02717062e-01
3.37819412e-01
-4.05898842e-01
-2.78456289e-01
-4.79571059e-01
1.13221712e+00
0.00000000e+00
0.00000000e+00
0.00000000e+00
0.00000000e+00
-1.70272708e+00
2.50512510e-01
-7.86697076e-01
-1.31159886e+00
0.00000000e+00
4.28758316e-01
2.53941407e-01
2.06891316e-01
-1.06343269e+00
0.00000000e+00
6.35403036e-01
4.08544720e-03
1.83078462e-01
-4.53987121e-01
-1.70272708e+00
6.46497466e-01
-1.84803285e-02
2.10888356e-01
-6.60143916e-02
0.00000000e+00
0.00000000e+00
0.00000000e+00
0.00000000e+00
0.00000000e+00
0.00000000e+00
0.00000000e+00
0.00000000e+00
0.00000000e+00
0.00000000e+00
0.00000000e+00
0.00000000e+00
0.00000000e+00
0.00000000e+00
0.00000000e+00
0.00000000e+00
0.00000000e+00
0.00000000e+00
0.00000000e+00
0.00000000e+00
-6.98509391e-01
-9.58551630e-01
-1.38816947e+00
0.00000000e+00
0.00000000e+00
0.00000000e+00
7.23781658e-01
-2.85688058e+00
5.74702363e-01
-2.26029691e-01
-1.01529321e+00
4.51130861e-01
1.37756573e-01
1.41087599e+00
-1.52933519e-01
0.00000000e+00
7.10907375e-01
-1.12410179e+00
-1.64205564e+00
2.72751817e-01
1.27081411e+00
1.06162226e+00
7.14304186e-01
-1.44836828e+00
-5.00113392e-01
2.48959428e-01
-1.52602649e+00
0.00000000e+00
0.00000000e+00
0.00000000e+00
7.29532893e-01
-2.97391393e+00
-1.63206187e-01
8.11502291e-01
-1.12875032e+00
4.81023189e-02
1.01508230e+00
7.10921435e-01
-4.06650082e-01
0.00000000e+00
1.04933226e+00
-1.14356375e+00
-1.30991122e+00
7.10000064e-01
-6.58515527e-01
6.20279385e-01
7.16339682e-01
-9.92818939e-01
2.62090521e-02
8.14001792e-01
3 1
9.8610e-03 5.3139e-02
5 0
0 1 2 7 5 
217
8.86062296e-02
-4.97633362e-01
2.59954608e-01
2.20418324e-02
8.14949696e-02
-2.07921159e-01
-1.52694897e-01
1.99001825e-01
4.88921574e-02
1.97548013e-01
3.46139231e-01
-3.26040720e-02
-2.35225231e-01
-3.79518924e-01
8.62646317e-02
-2.48792599e-05
8.48166894e-02
7.21049346e-02
1.30059547e-03
-6.37394206e-02
-1.05951907e-01
-7.02935012e-04
-3.71898616e-02
3.61885703e-02
-5.87292673e-04
-1.64775538e-01
0.00000000e+00
0.00000000e+00
0.00000000e+00
2.51037399e-03
1.07809392e-01
1.07126853e-01
3.76825130e-03
-1.32608640e-01
0.00000000e+00
0.00000000e+00
0.00000000e+00
-4.43829200e-01
-4.25630055e-02
1.78136050e-01
2.46536972e-01
1.50325413e-01
0.00000000e+00
0.00000000e+00
2.16731594e-01
-2.18879603e-01
-2.19916000e-01
-2.35492414e-02
1.09565853e-01
2.20842581e-02
-5.92230177e-01
7.55663041e-01
6.08939171e-01
-2.26214590e-01
-4.59103179e-01
1.92674968e-01
-1.47424815e-01
-6.27098832e-01
-2.96141464e-01
9.93505245e-01
-4.06943617e-01
4.97697855e-01
-2.14800854e-03
0.00000000e+00
-7.79579017e-01
-1.23086919e+00
6.00022227e-01
1.17386260e+00
2.68163020e-01
1.16528639e+00
0.00000000e+00
-2.62296964e-01
-4.92987159e-01
1.68338910e-01
-2.82708639e-01
1.82564283e-01
-4.65775251e-02
0.00000000e+00
-1.29316879e-01
-4.27174674e-01
1.86956559e-01
1.88990860e-02
3.09665495e-02
2.74816073e-01
0.00000000e+00
4.94697252e-02
-9.57935208e-03
6.38009042e-02
-3.52286942e-02
-2.46643998e-02
2.18279833e-01
0.00000000e+00
-1.78473609e-01
-5.84433286e-02
2.40001195e-01
1.90553315e-01
2.70786435e-02
2.99151060e-01
0.00000000e+00
0.00000000e+00
0.00000000e+00
0.00000000e+00
0.00000000e+00
0.00000000e+00
0.00000000e+00
0.00000000e+00
0.00000000e+00
0.00000000e+00
0.00000000e+00
0.00000000e+00
0.00000000e+00
0.00000000e+00
0.00000000e+00
0.00000000e+00
0.00000000e+00
0.00000000e+00
0.00000000e+00
0.00000000e+00
0.00000000e+00
-8.08375990e-01
-1.12988858e+00
-8.62818855e-01
0.00000000e+00
0.00000000e+00
0.00000000e+00
6.02482527e-01
-7.17834253e-01
3.46058091e-01
-8.93000848e-01
-8.58626555e-01
5.52376362e-01
-1.89031696e-02
8.61502495e-01
4.24970591e-01
0.00000000e+00
5.30649722e-01
-1.38479500e+00
-1.64194271e+00
6.43598511e-01
7.73513793e-01
4.68028583e-01
4.87261570e-01
-7.32782860e-01
-5.32396462e-01
2.27020757e-01
-1.98448649e-01
0.00000000e+00
0.00000000e+00
0.00000000e+00
-1.71722128e-02
-1.31524438e+00
-1.82515387e-02
8.04188738e-01
-1.06210216e-01
2.43350407e-02
2.77523823e-01
6.06995590e-02
-3.91379012e-01
0.00000000e+00
6.62248695e-02
4.46275354e-01
2.28156679e-02
-8.02790210e-02
-2.01431965e-01
1.72496169e-01
-3.98115160e-03
-1.80563236e-01
6.88813917e-02
1.72623468e-01
-1.48888038e+00
0.00000000e+00
0.00000000e+00
0.00000000e+00
1.50909915e-03
-1.20077178e+00
-8.13431324e-02
1.17158852e+00
-6.91904031e-01
4.64231357e-01
6.89798416e-01
2.04134020e-01
-5.27336810e-01
0.00000000e+00
6.78316355e-01
-1.16135897e+00
-1.45036049e+00
5.26803321e-01
-9.56673144e-01
8.58274415e-01
9.42636314e-01
-9.65580802e-01
-3.53845052e-01
3.63002025e-01
5.58225388e-02
0.00000000e+00
0.00000000e+00
0.00000000e+00
6.45450760e-02
-9.09648745e-01
-5.17845622e-02
-2.66736051e-01
-5.37991272e-02
4.44521104e-01
3.39781744e-01
1.89606181e-01
4.07599239e-01
0.00000000e+00
-2.44745686e-01
2.49321644e-01
-2.79410435e-01
-1.68272935e-01
8.90034886e-01
-1.39034423e-02
-1.70018833e-01
-1.30770305e-01
5.52056983e-02
-2.95702911e-01
136
2.70269019e+00
1.24282029e+00
-1.12813002e-02
7.21345333e-01
-2.61181586e-03
4.62877479e-01
-2.71148417e-03
2.75647087e-01
4.89355977e-04
0.00000000e+00
0.00000000e+00
0.00000000e+00
6.09117050e-01
5.97347793e-01
5.70766865e-01
5.95182628e-01
3.30275850e-01
0.00000000e+00
0.00000000e+00
0.00000000e+00
-9.49725154e-01
-9.67692097e-02
6.54680577e-01
1.34891802e+00
1.74558596e+00
0.00000000e+00
0.00000000e+00
-7.16952393e-01
-4.12070352e-02
-4.07862643e-01
8.35102081e-01
-1.10414556e-01
8.40839237e-01
-7.06005446e-01
1.64446519e+00
5.50758346e-01
5.76847333e-01
-8.62818181e-01
6.79713146e-01
-6.04453594e-01
1.11965846e-01
-6.96796571e-01
1.60950943e+00
0.00000000e+00
0.00000000e+00
0.00000000e+00
0.00000000e+00
-3.55454504e+00
1.31984819e-01
-9.11102933e-01
-1.19791430e+00
0.00000000e+00
6.07383184e-01
3.00004584e-01
1.52129520e-01
-1.23063572e+00
0.00000000e+00
6.13580654e-01
-7.77860421e-02
1.19939655e-01
-5.10829787e-01
2.73280102e-01
5.79805006e-01
-4.93648215e-02
1.47289370e-01
-6.56494923e-02
9.93483207e-02
-5.34660628e-01
-2.67604998e-01
-6.93370182e-02
-1.43482959e-01
0.00000000e+00
0.00000000e+00
0.00000000e+00
0.00000000e+00
0.00000000e+00
0.00000000e+00
0.00000000e+00
0.00000000e+00
0.00000000e+00
0.00000000e+00
0.00000000e+00
0.00000000e+00
0.00000000e+00
0.00000000e+00
0.00000000e+00
-7.39332143e-01
-8.08810968e-01
-1.43956008e+00
0.00000000e+00
0.00000000e+00
0.00000000e+00
8.38140081e-01
-3.39110373e+00
5.34218391e-01
-3.66144845e-01
-1.04879638e+00
3.98521950e-01
1.47795068e-01
1.38273838e+00
-2.10296214e-01
0.00000000e+00
8.77385566e-01
-1.16817845e+00
-1.55017025e+00
3.60399561e-01
1.29450110e+00
1.09362165e+00
8.06198291e-01
-1.42686393e+00
-4.18278356e-01
4.06752043e-01
-1.35725409e+00
0.00000000e+00
0.00000000e+00
0.00000000e+00
6.83865965e-01
-2.63415438e+00
3.46058074e-01
8.07999078e-01
-8.45115043e-01
3.80832387e-01
6.63774670e-01
6.13153856e-01
-6.00771921e-01
0.00000000e+00
1.01113626e+00
-1.46289621e+00
-1.22569741e+00
7.88093228e-01
-8.61470662e-01
3.96384128e-01
5.87508005e-01
-8.39730482e-01
5.16381446e-02
7.82138228e-01
10 1
-4.8889e-01 2.7035e-01
6 1
0 1 2 7 5 3 
217
-9.73421359e-02
-1.70545005e-01
8.97759056e-02
1.05379033e-01
-1.20001804e-01
-2.08100571e-01
-1.89617606e-01
7.63322290e-02
-1.51599792e-01
2.25515798e-01
1.03442358e-01
9.96461383e-02
2.60434709e-01
4.51379045e-01
0.00000000e+00
0.00000000e+00
0.00000000e+00
-1.18088833e-01
-9.77324121e-03
7.19490214e-01
-2.61402334e-01
5.51038033e-03
4.04007420e-01
2.82149032e-01
3.66015128e-03
3.80523724e-01
0.00000000e+00
0.00000000e+00
0.00000000e+00
-4.56670468e-02
-9.60787395e-02
-1.25207836e-01
7.64433188e-02
1.01126109e-01
0.00000000e+00
0.00000000e+00
0.00000000e+00
-5.76774172e-01
-2.51347559e-01
9.83423617e-02
2.65715337e-01
2.99281766e-01
6.74401302e-02
0.00000000e+00
0.00000000e+00
1.64376324e-01
-1.66823065e-01
-1.04523903e-01
-3.77987847e-01
7.61903135e-02
-1.77192856e-01
3.64463839e-01
0.00000000e+00
8.02211471e-02
-3.86834246e-01
-5.40814223e-02
-8.46437058e-01
-1.10941167e-01
3.29765165e-01
1.04169064e+00
-4.06645748e-01
1.48534786e-01
1.60768827e-01
-6.16144944e-01
-9.38592966e-01
-1.19812494e+00
7.49620498e-01
1.23297463e+00
7.07775275e-01
7.65911869e-01
0.00000000e+00
-9.43806290e-01
-1.45337759e+00
5.61014179e-01
-3.94256931e-01
2.85449974e-01
2.32090197e-01
0.00000000e+00
-3.96893168e-01
-7.79810827e-01
2.40711291e-01
-4.46456535e-01
5.88397403e-02
4.55496901e-02
0.00000000e+00
-2.25104693e-01
-6.60107270e-02
1.55415921e-01
-2.99170436e-01
-2.76533646e-02
5.49774505e-01
1.03504434e-01
-2.12306180e-01
-2.70102409e-01
8.28746444e-02
1.65573400e-01
-7.14150348e-02
-1.21426038e-01
2.32785994e-01
2.33036241e-01
-4.82155061e-02
-2.17912072e-01
-7.31806379e-01
-3.45252299e-01
-4.23855155e-01
0.00000000e+00
0.00000000e+00
0.00000000e+00
0.00000000e+00
0.00000000e+00
0.00000000e+00
0.00000000e+00
0.00000000e+00
0.00000000e+00
0.00000000e+00
0.00000000e+00
0.00000000e+00
0.00000000e+00
0.00000000e+00
-7.44932293e-01
-1.12402204e+00
-1.23056078e+00
0.00000000e+00
0.00000000e+00
0.00000000e+00
4.55875382e-01
-8.41100546e-01
3.59151985e-01
-2.89163509e-01
-6.09479967e-01
3.23125752e-01
-5.43582024e-02
4.60188621e-01
-1.38520299e-01
0.00000000e+00
4.76299812e-01
-4.60262791e-01
-9.53182098e-01
1.73675167e-01
3.83754031e-02
5.45117947e-01
6.96451584e-01
-7.32506947e-01
-6.85623968e-01
5.37589850e-03
-9.14298690e-02
0.00000000e+00
0.00000000e+00
0.00000000e+00
2.03102113e-01
-1.20064919e+00
1.94540254e-01
2.17362424e-01
-3.31008761e-01
1.88382280e-01
2.62586382e-01
2.77222140e-01
-2.16016326e-01
0.00000000e+00
2.69208682e-01
-6.40875201e-01
-3.46570529e-01
8.87137495e-02
7.21621779e-02
1.92377431e-01
2.33896049e-01
-8.95487686e-02
1.85511240e-01
3.48173988e-01
-4.02949707e-01
0.00000000e+00
0.00000000e+00
0.00000000e+00
1.08936090e-01
-7.70543708e-01
-1.08072302e-02
-1.16454234e-01
-4.26429249e-01
3.12640250e-01
5.04656289e-01
-2.69660819e-02
1.04710576e-01
0.00000000e+00
7.63055998e-01
-3.83534098e-01
-6.10288427e-01
2.61961126e-01
-3.03847954e-01
1.12429138e-01
9.64007754e-02
-3.39934353e-01
2.28658566e-02
2.98199527e-01
-4.85806028e-01
0.00000000e+00
0.00000000e+00
0.00000000e+00
1.11763579e-01
-1.23792453e+00
-4.21321234e-02
2.62875992e-01
-1.05034155e-01
1.21138913e-01
-4.36007840e-02
2.81299643e-01
-2.15195148e-01
0.00000000e+00
2.74359966e-02
-1.90563723e-01
-2.67379301e-01
2.27741397e-01
1.35248075e-01
1.94937359e-01
1.26492214e-01
-1.14013703e-01
1.04634823e-01
1.36469446e-01
136
1.55983649e+00
0.00000000e+00
0.00000000e+00
1.05341307e-01
6.98523477e-03
7.38945428e-01
-7.56535236e-04
7.15549752e-01
1.76189499e-03
0.00000000e+00
0.00000000e+00
0.00000000e+00
4.10395789e-01
3.21572710e-01
3.03345514e-01
3.62265309e-01
2.25787423e-01
0.00000000e+00
0.00000000e+00
0.00000000e+00
-9.18038511e-01
-1.79865345e-01
4.09659593e-01
7.42840686e-01
8.10840138e-01
6.97748201e-01
0.00000000e+00
-4.90523889e-01
1.38639152e-02
-6.31571454e-01
3.17888792e-01
-2.13506264e-01
7.29769940e-01
-3.76519381e-01
1.29907429e+00
5.75033344e-01
5.83074792e-01
-8.02171091e-01
3.89549977e-01
-9.06926519e-01
-1.40683673e-01
-2.66182153e-01
1.47966586e+00
0.00000000e+00
0.00000000e+00
0.00000000e+00
-1.47223136e+00
-1.64013604e+00
5.61127308e-01
-5.41627724e-01
-8.52679841e-01
0.00000000e+00
1.50101647e-01
1.72112864e-01
1.23186509e-01
-1.20630589e+00
0.00000000e+00
-4.48556144e-02
-7.88258482e-02
-3.24242285e-02
-5.26142201e-01
5.08047421e-02
1.75164254e-01
-7.55466220e-02
3.88891002e-02
1.00886696e-01
7.12707469e-02
-6.14422355e-01
-1.68916269e-01
-7.16192643e-02
-1.39942609e-01
4.29446383e-01
6.68107350e-01
-5.31132366e-01
2.11300425e-01
-2.09713399e-01
0.00000000e+00
0.00000000e+00
0.00000000e+00
0.00000000e+00
0.00000000e+00
0.00000000e+00
0.00000000e+00
0.00000000e+00
0.00000000e+00
0.00000000e+00
-6.79903143e-01
-8.58191472e-01
-1.34101292e+00
0.00000000e+00
0.00000000e+00
0.00000000e+00
6.96187141e-01
-2.94627686e+00
3.39415841e-01
-1.97079284e-04
-9.84947302e-01
4.22179579e-01
2.50600504e-01
1.27603944e+00
-1.83940310e-01
0.00000000e+00
7.07392555e-01
-8.99751978e-01
-1.54587891e+00
4.08446896e-01
1.10067815e+00
9.25160654e-01
5.10376455e-01
-1.39922196e+00
-3.58505408e-01
3.41229677e-01
-1.27129569e+00
0.00000000e+00
0.00000000e+00
0.00000000e+00
4.25881516e-01
-2.37051406e+00
1.79014536e-01
7.30702851e-01
-8.48256094e-01
7.67011990e-01
9.44889558e-01
5.06072561e-01
-2.94909959e-01
0.00000000e+00
7.28671183e-01
-9.37758195e-01
-1.56415448e+00
5.93524630e-01
-3.48278906e-01
4.44251491e-01
5.36459269e-01
-1.08483235e+00
-1.32230466e-01
4.53159239e-01
9 1
-6.2684e-01 3.0207e-01
7 1
0 1 2 7 5 3 10 
217
1.18086137e-01
-2.42517751e-01
-1.63253311e-01
-2.84303021e-01
-2.11687643e-01
4.11319639e-02
7.10521786e-03
9.15755376e-02
1.44327698e-01
-6.60177311e-02
3.66881669e-02
-3.94448615e-01
1.41652698e-01
2.87934901e-01
0.00000000e+00
0.00000000e+00
0.00000000e+00
-3.31034745e-01
1.67236003e-03
3.13187086e-01
-2.62772225e-01
6.10331838e-03
3.70932139e-01
7.11893107e-01
2.75607169e-03
2.48492736e-01
0.00000000e+00
0.00000000e+00
0.00000000e+00
-1.05471037e-01
-9.20029533e-02
-1.60111826e-01
2.09547650e-01
2.67499660e-01
0.00000000e+00
0.00000000e+00
0.00000000e+00
-3.48706068e-01
-2.02201779e-01
-1.22907996e-01
1.67754472e-01
2.98611539e-01
2.27657466e-01
9.78785025e-02
0.00000000e+00
3.93093329e-01
-6.96659433e-01
-2.15182239e-01
-5.13967829e-01
2.62833712e-01
7.89226209e-02
6.76174478e-01
2.48813097e-01
4.16979014e-01
-4.09684119e-01
-3.74087440e-02
-1.12852862e+00
-5.93168054e-01
5.67292360e-01
9.90379519e-01
-2.06180633e-01
4.52774699e-01
-1.28507930e-01
-7.26944767e-01
-1.04867011e+00
-7.69801710e-01
9.78891301e-01
1.26331122e+00
9.14809715e-01
7.32655360e-01
0.00000000e+00
-8.35748307e-01
-1.38272669e+00
6.33497638e-01
-2.00813033e-01
3.20336806e-01
2.33355357e-01
0.00000000e+00
-2.21852048e-01
-7.82322049e-01
2.36270317e-01
-5.06196908e-01
1.03667868e-01
1.40171426e-01
0.00000000e+00
6.34116859e-02
8.87508420e-02
1.13238196e-01
5.92203356e-02
-5.85637450e-02
-9.87780178e-02
1.18123865e-01
-2.12423513e-01
-1.21995722e-01
1.53605258e-01
-4.97629193e-02
5.87805265e-02
-1.18271204e-01
2.24353782e-01
1.40453785e-01
-2.80073834e-02
-1.35754160e-02
-1.02112928e+00
-2.33146014e-01
-3.49850165e-01
0.00000000e+00
2.32562302e-01
-4.36781789e-02
-3.71846150e-02
-9.01001549e-02
-7.72915508e-02
-2.25888315e-01
0.00000000e+00
0.00000000e+00
0.00000000e+00
0.00000000e+00
0.00000000e+00
0.00000000e+00
0.00000000e+00
-8.45209252e-01
-1.12078992e+00
-1.26503233e+00
0.00000000e+00
0.00000000e+00
0.00000000e+00
3.07449655e-01
-1.03869722e+00
6.51679663e-03
-4.26197588e-01
-5.92183915e-01
-1.15033388e-02
2.69004634e-01
8.32686668e-01
5.94305721e-02
0.00000000e+00
5.51889849e-01
-4.94184839e-01
-1.08081307e+00
2.58958127e-01
1.11814058e-01
9.44352142e-01
6.84911912e-01
-7.11459855e-01
-8.45572278e-01
-9.14346465e-02
-1.60852726e-01
0.00000000e+00
0.00000000e+00
0.00000000e+00
3.10914434e-01
-1.55579393e+00
-3.72774353e-02
3.15479432e-01
-3.17646452e-01
2.31272726e-01
1.55811407e-01
1.88798099e-01
-2.81795391e-01
0.00000000e+00
2.69562742e-01
-5.52180250e-01
-2.41201407e-01
2.14023998e-02
1.03412256e-01
2.39362082e-01
3.84001345e-01
-1.61236481e-01
4.08155956e-01
3.58105746e-01
-3.91298257e-01
0.00000000e+00
0.00000000e+00
0.00000000e+00
1.83729216e-01
-6.72715955e-01
-9.51151318e-02
-1.74619167e-01
-4.05811240e-01
2.57250305e-01
8.25202179e-01
1.89754200e-02
-4.04720708e-02
0.00000000e+00
7.35767538e-01
-6.00168480e-01
-8.10814451e-01
4.55578503e-01
-5.06833431e-01
5.79938167e-02
2.92855293e-01
-1.41595905e-01
-9.68556216e-03
2.39180867e-01
-5.32985839e-01
0.00000000e+00
0.00000000e+00
0.00000000e+00
6.37271147e-02
-1.14744617e+00
5.85595109e-02
3.42740875e-01
-1.26752219e-01
4.98819738e-02
-7.09968910e-02
2.38882033e-01
-2.32063488e-01
0.00000000e+00
2.59140041e-02
-1.35056194e-01
-2.70652358e-01
8.40218905e-02
2.14669885e-01
2.66918623e-01
5.33418972e-02
-2.58093384e-01
1.24041859e-01
1.85375199e-01
136
1.16173447e+00
0.00000000e+00
0.00000000e+00
1.18226121e-01
4.48988987e-03
5.27507765e-01
-3.24170800e-04
5.16000582e-01
2.02960709e-03
0.00000000e+00
0.00000000e+00
0.00000000e+00
2.73594464e-01
2.87968490e-01
2.32187391e-01
3.10322958e-01
1.69237005e-01
0.00000000e+00
0.00000000e+00
0.00000000e+00
-7.89456969e-01
-1.85831320e-01
2.34962918e-01
5.35160044e-01
5.37643917e-01
5.28222445e-01
3.12686025e-01
-2.40431265e-01
1.74934905e-01
-5.62802514e-01
3.39722379e-01
-4.68917439e-01
4.25095941e-01
-5.34315059e-01
1.16993630e+00
5.53070074e-01
2.64040352e-01
-7.45505365e-01
4.19303066e-01
-8.49995662e-01
4.58869197e-02
-2.38651646e-01
1.41036348e+00
0.00000000e+00
0.00000000e+00
0.00000000e+00
-1.44566401e+00
-1.64188487e+00
5.44066516e-01
-5.15432682e-01
-6.83852734e-01
0.00000000e+00
-9.63161725e-02
1.01532438e-01
9.32056581e-02
-1.17454898e+00
0.00000000e+00
2.02331634e-01
2.83454616e-02
5.75708066e-02
-5.94721940e-01
-7.36605969e-02
-1.27906543e-01
-5.35816695e-02
-8.63416729e-03
-3.40799685e-02
-1.58219747e-01
-6.80781311e-01
-1.51938991e-01
-6.91928575e-02
-1.61233274e-01
3.02778651e-01
4.52666171e-01
-5.05059029e-01
1.75190133e-01
-1.24481946e-01
0.00000000e+00
1.16324192e+00
2.06055319e-02
2.19588111e-01
-4.32455066e-03
0.00000000e+00
0.00000000e+00
0.00000000e+00
0.00000000e+00
0.00000000e+00
-6.75475031e-01
-8.60383278e-01
-1.32904779e+00
0.00000000e+00
0.00000000e+00
0.00000000e+00
6.79260116e-01
-2.81139818e+00
4.82994341e-01
-5.08149564e-03
-1.03120692e+00
5.06012236e-01
2.33733249e-01
1.21334634e+00
-1.65961102e-01
0.00000000e+00
7.18039708e-01
-9.50582661e-01
-1.57243453e+00
4.64070133e-01
1.05953873e+00
8.17433467e-01
3.95586458e-01
-1.35671238e+00
-3.97062131e-01
3.91376840e-01
-1.27554867e+00
0.00000000e+00
0.00000000e+00
0.00000000e+00
4.14850592e-01
-2.37945025e+00
1.50536651e-01
6.87218010e-01
-8.13289095e-01
7.79307047e-01
8.77482471e-01
5.10135165e-01
-2.87622087e-01
0.00000000e+00
7.26193454e-01
-9.40780909e-01
-1.50209699e+00
5.81785357e-01
-2.95289465e-01
4.45652520e-01
5.17967544e-01
-1.05580671e+00
-1.50618317e-01
4.58276348e-01
8 1
-7.1469e-01 3.2002e-01
8 1
0 1 2 7 5 3 10 9 
217
3.92242885e-01
-3.72904179e-01
-3.74221782e-01
-3.39591977e-01
-1.60773890e-01
6.20313675e-02
7.93272852e-02
3.07019557e-01
3.56631323e-01
-1.61094299e-01
1.84792635e-01
-5.51918410e-01
-6.77344686e-02
1.45113837e-01
0.00000000e+00
0.00000000e+00
0.00000000e+00
-1.12468039e-01
-1.92916807e-03
4.57619588e-01
1.87361128e-01
6.62956525e-04
2.14667464e-01
3.17349795e-01
1.45328830e-03
2.04894961e-01
0.00000000e+00
0.00000000e+00
0.00000000e+00
6.95425271e-03
1.73946477e-02
1.75378805e-01
4.38641807e-01
1.85344394e-01
0.00000000e+00
0.00000000e+00
0.00000000e+00
-3.96538950e-01
-8.78103790e-02
2.94627186e-02
2.81576454e-01
2.22872212e-01
9.57154831e-02
2.46965345e-01
2.28903636e-01
-2.32566547e-01
-6.18512919e-01
1.31430068e-01
-2.76093787e-02
1.08132720e-01
-4.05937487e-01
8.91363420e-01
7.52209025e-01
-5.98047743e-02
-3.87785032e-01
2.74038362e-01
-9.89464667e-01
-4.89409542e-01
1.15148490e-01
1.10210751e+00
-2.68428777e-01
5.59639826e-01
1.01031836e-01
-5.28361599e-01
-8.04686734e-01
-1.24124087e+00
9.02965120e-01
1.28813330e+00
8.22326098e-01
5.21918400e-01
0.00000000e+00
-7.09609527e-01
-2.34556910e+00
8.13969128e-01
4.42599173e-01
2.87883284e-01
2.90484439e-01
0.00000000e+00
8.79118192e-02
-6.01469178e-01
2.69305788e-01
-3.85205575e-02
3.50252771e-02
-6.44889106e-02
0.00000000e+00
7.52035135e-02
1.02307107e-01
2.09694311e-01
-4.46141135e-02
1.07345060e-01
-1.87684276e-01
3.05912366e-01
-1.12804954e-01
-1.57216135e-01
1.39885133e-01
-4.58229854e-01
5.92503394e-02
-3.09916483e-02
3.66687735e-01
2.01119699e-01
9.90787579e-02
-1.87313402e-01
-7.40884289e-01
1.17488523e-02
-3.21002467e-01
0.00000000e+00
2.20378003e-01
5.34768772e-02
-9.59935568e-03
-2.14033242e-01
1.81464237e-01
-5.57631114e-02
0.00000000e+00
6.08213635e-02
9.68700080e-03
1.47235424e-01
-1.14232123e-01
1.84186097e-01
2.82421886e-02
-8.40995909e-01
-1.40055862e+00
-1.21130686e+00
0.00000000e+00
0.00000000e+00
0.00000000e+00
7.48294756e-01
-8.71949827e-01
1.73203635e-01
-1.41618506e+00
-6.75752619e-01
-2.18667754e-01
-2.00091743e-01
5.28083416e-01
7.58417534e-01
0.00000000e+00
7.75647521e-01
-7.78854224e-01
-1.25301290e+00
7.65202887e-01
2.06353049e-01
-9.49923520e-02
-1.01338941e-01
-5.79532276e-01
-1.81088972e-01
1.20495700e+00
-1.46769315e-01
0.00000000e+00
0.00000000e+00
0.00000000e+00
1.15042771e-01
-6.45241415e-01
-4.98195472e-02
4.87096365e-01
-3.73018639e-01
1.90310732e-01
2.62737927e-01
2.05727097e-01
7.94329639e-02
0.00000000e+00
1.53203430e-01
-7.96784513e-01
-1.03940988e-01
-4.91873881e-02
5.97484245e-02
2.59290877e-01
1.66544532e-01
-7.31611746e-02
1.14833609e-01
-1.49584380e-01
-8.17521579e-01
0.00000000e+00
0.00000000e+00
0.00000000e+00
1.41014047e-01
-7.45103105e-01
-4.32241438e-01
2.14183773e-02
-3.29295988e-01
4.82140094e-01
9.45475533e-01
1.44341984e-01
-3.02544446e-01
0.00000000e+00
6.31412020e-01
-4.98597329e-01
-1.07398716e+00
2.97765440e-01
-6.49925300e-01
3.96650429e-01
7.09862850e-01
-4.49736715e-01
-4.98608685e-01
3.92437816e-01
-4.29826215e-01
0.00000000e+00
0.00000000e+00
0.00000000e+00
2.04239771e-01
-1.05810208e+00
2.83047695e-01
2.10331187e-01
-2.45430626e-01
9.86775352e-02
-1.52232264e-01
2.72240263e-01
-1.70626165e-01
0.00000000e+00
5.36537427e-02
8.32398441e-02
-2.28738518e-01
7.51106402e-02
5.37758614e-01
-2.16118306e-02
-2.46489599e-01
-3.69037734e-01
1.99443747e-01
4.46995630e-02
136
8.89749528e-01
0.00000000e+00
0.00000000e+00
-2.29694785e-02
4.79245350e-03
4.27453124e-01
1.84411308e-04
4.85265882e-01
2.02560482e-03
0.00000000e+00
0.00000000e+00
0.00000000e+00
1.88845880e-01
1.66896441e-01
1.16576554e-01
2.30811436e-01
2.13596324e-01
0.00000000e+00
0.00000000e+00
0.00000000e+00
-5.97070290e-01
-1.52615231e-01
6.67179190e-02
2.61452270e-01
3.85361903e-01
4.06213097e-01
5.26316779e-01
1.11373059e-01
1.59455969e-01
-7.32401038e-01
1.94609220e-01
-5.33591789e-01
4.68983555e-01
-3.97231180e-01
1.18172242e+00
5.23659650e-01
2.87362022e-01
-8.58846848e-01
2.14382709e-01
-9.62581736e-01
-8.40722368e-02
8.81367515e-03
1.30811208e+00
0.00000000e+00
0.00000000e+00
0.00000000e+00
-1.32471911e+00
-1.51608709e+00
6.00598692e-01
-4.97042332e-01
-3.74738814e-01
0.00000000e+00
-2.94115072e-02
-2.59899770e-02
2.11534582e-01
-1.06916473e+00
0.00000000e+00
-1.00405256e-01
-7.84952902e-02
2.46955109e-02
-5.63024459e-01
-1.45965792e-01
-1.25865396e-01
-1.15484557e-02
7.94009404e-03
-2.34042362e-02
-2.67451451e-01
-7.45590431e-01
-8.99223833e-02
-7.55071180e-02
-2.59165215e-01
2.41587073e-01
3.85324619e-01
-4.40030852e-01
1.72196451e-01
-1.58742879e-01
0.00000000e+00
9.69474008e-01
8.09632063e-02
1.75103820e-01
-4.35704824e-02
0.00000000e+00
5.71961570e-01
1.84501728e-02
1.31275899e-01
-2.11033585e-01
-5.95454730e-01
-8.05148023e-01
-1.36568664e+00
0.00000000e+00
0.00000000e+00
0.00000000e+00
7.81933244e-01
-3.26331477e+00
5.29155691e-01
1.71108028e-01
-9.57399927e-01
6.43528604e-01
3.32832038e-01
1.29188977e+00
-9.83251305e-01
0.00000000e+00
6.96856013e-01
-8.24353059e-01
-1.57620912e+00
3.60331153e-01
1.06468760e+00
1.06295950e+00
7.62943778e-01
-1.38582640e+00
-4.24532927e-01
3.50975457e-01
-1.22316799e+00
0.00000000e+00
0.00000000e+00
0.00000000e+00
4.20284697e-01
-2.35495839e+00
1.34910524e-01
7.53676726e-01
-8.18837678e-01
6.47052561e-01
8.61804413e-01
5.36358483e-01
-2.77362272e-01
0.00000000e+00
7.81556222e-01
-1.08283032e+00
-1.45792157e+00
6.13623201e-01
-4.87616381e-01
5.10548543e-01
5.62430294e-01
-9.73926791e-01
-8.72661301e-02
4.95305870e-01
12 1
-7.2090e-01 2.9634e-01
8 0
0 1 2 7 5 3 10 9 
217
2.04823123e-01
-4.78132527e-01
-1.41653688e-02
-2.92410329e-01
-1.73518891e-01
6.03231340e-01
2.18051312e-01
-1.37991473e-01
1.69440875e-01
-2.85896923e-01
-1.17611519e-02
-2.88353603e-01
2.61097785e-03
-3.76732798e-01
2.64609117e-01
-1.74363316e-04
-1.03073726e-01
2.86102152e-01
-2.29809942e-03
-2.90610064e-02
-1.11355798e-01
-1.82049757e-04
3.37652509e-02
-2.34532349e-01
3.42421240e-04
1.44719543e-01
0.00000000e+00
0.00000000e+00
0.00000000e+00
1.42588384e-01
5.15428706e-02
1.10533078e-01
-1.43703892e-02
0.00000000e+00
0.00000000e+00
0.00000000e+00
0.00000000e+00
-3.08537140e-01
-1.50239722e-01
1.69210620e-01
2.13519436e-01
-1.38879153e-02
1.44809601e-01
1.49948243e-01
0.00000000e+00
-1.00431750e-01
-4.09672039e-01
-3.71074488e-02
-5.39751749e-02
9.16900884e-02
-3.79681647e-01
8.58231392e-01
9.13676686e-01
-2.55389169e-01
-2.62071058e-01
2.93673219e-02
-3.50867479e-01
-5.10085425e-01
-2.31180298e-01
9.02459445e-01
-1.95693650e-01
5.32997472e-01
-1.32480698e-01
0.00000000e+00
-7.73911331e-01
-1.34744553e+00
6.51552925e-01
1.47075628e+00
3.27181529e-01
8.50818466e-01
0.00000000e+00
-2.65522544e-01
-7.95380647e-01
2.15442307e-01
-2.14087765e-01
2.54903361e-01
3.47475893e-01
0.00000000e+00
-1.21767778e-01
-6.98906857e-01
2.50018667e-01
-3.33825561e-02
7.65722341e-02
3.73480487e-01
0.00000000e+00
-3.10869010e-02
-3.29706908e-02
2.13593186e-01
6.32294118e-02
2.23168383e-02
1.82439995e-01
0.00000000e+00
-1.74312892e-02
-2.43988110e-01
1.56446266e-01
2.93172412e-02
6.58081465e-02
-1.72344301e-01
0.00000000e+00
2.80921582e-01
-9.91229181e-02
-2.89613081e-02
-6.44110386e-01
-4.71371507e-02
-5.66859556e-01
0.00000000e+00
2.41890681e-01
6.12728264e-02
4.31940321e-02
-1.45728525e-01
-8.02615903e-02
-6.71144586e-02
0.00000000e+00
1.00303183e-01
2.26772307e-01
-4.05946420e-02
-1.86139866e-02
1.45114582e-01
3.23380499e-01
-8.66119617e-01
-1.04381622e+00
-1.11135175e+00
0.00000000e+00
0.00000000e+00
0.00000000e+00
6.26009188e-01
-1.20682697e+00
-4.90793057e-02
-1.26997266e-01
-8.30569724e-01
2.65203731e-01
2.08534309e-01
1.01379586e+00
1.64535377e-01
0.00000000e+00
5.44606698e-01
-1.22281548e+00
-1.84144336e+00
6.72552317e-01
4.18388398e-01
5.22860923e-01
4.90592326e-01
-1.00521740e+00
-7.17561197e-02
3.16274750e-01
-1.68608440e-01
0.00000000e+00
0.00000000e+00
0.00000000e+00
1.65976871e-01
-1.40358793e+00
1.70502261e-01
1.77802740e-01
-1.83404501e-01
4.19246399e-01
2.86332079e-01
-1.00375929e-01
-3.38592414e-01
0.00000000e+00
2.21740865e-01
1.63617201e-01
1.52491170e-01
-1.69573715e-01
1.21084632e-02
2.83492202e-01
1.01812179e-01
-3.41584416e-02
-3.07556226e-01
2.13518288e-01
-1.30864036e+00
0.00000000e+00
0.00000000e+00
0.00000000e+00
-1.80074545e-01
-1.32414874e+00
4.17647264e-01
7.38962608e-01
-8.01280252e-01
7.04459060e-01
6.16391834e-01
3.86913352e-01
1.17211754e-01
0.00000000e+00
6.51810167e-01
-1.23023134e+00
-1.50353418e+00
6.39847415e-01
-5.61816003e-01
3.21561766e-01
4.37395471e-01
-7.88617344e-01
-5.92766852e-02
1.08138042e-01
-9.83553452e-02
0.00000000e+00
0.00000000e+00
0.00000000e+00
3.81272743e-01
-1.87609145e+00
-1.09730314e-02
2.96512901e-02
-7.88602393e-02
3.96526500e-01
2.35170795e-01
2.81272530e-01
-5.08301278e-02
0.00000000e+00
7.60653293e-02
-2.03975939e-01
3.42555098e-02
-9.01614048e-02
4.75943591e-01
3.05502986e-01
1.57823576e-02
-1.54067724e-01
-2.91686442e-02
1.64329582e-01
136
1.61142623e+00
7.87819139e-01
-6.48297409e-03
3.85199231e-01
-3.30132334e-04
2.63597646e-01
-1.45550914e-03
1.74810211e-01
1.90401693e-04
0.00000000e+00
0.00000000e+00
0.00000000e+00
3.40972352e-01
3.74258253e-01
4.02253039e-01
4.73471622e-01
0.00000000e+00
0.00000000e+00
0.00000000e+00
0.00000000e+00
-4.28290251e-01
-9.39468846e-02
1.10651143e-01
2.53775030e-01
3.77357939e-01
5.50374974e-01
8.41504276e-01
1.55663879e-01
2.86992029e-01
-6.31964700e-01
5.55984516e-01
-4.04170173e-01
4.98778982e-01
-7.58578211e-01
1.51101903e+00
2.28831980e-01
1.94441674e-01
-9.42923728e-01
4.72835225e-01
-4.53366672e-01
1.15856903e-02
-6.95626054e-01
1.58192276e+00
0.00000000e+00
0.00000000e+00
0.00000000e+00
0.00000000e+00
-3.50213368e+00
1.46145684e-01
-9.39816614e-01
-2.15841130e-01
0.00000000e+00
5.18757389e-01
1.74679051e-01
2.36551580e-01
-9.85006500e-01
0.00000000e+00
3.19860874e-01
-5.22954794e-02
1.18524011e-01
-4.76628658e-01
-1.91636811e-01
-3.09725791e-01
-9.09161048e-02
3.45267726e-02
-6.51609849e-02
0.00000000e+00
-1.64044396e+00
-1.82934473e-01
-2.70227147e-01
-1.86126961e-01
0.00000000e+00
1.07242784e+00
-3.41017093e-01
3.15596008e-01
-1.80383025e-01
0.00000000e+00
1.82736273e+00
1.43861477e-01
3.31109357e-01
-2.96266420e-03
0.00000000e+00
9.93925725e-01
7.38077051e-02
1.93358836e-01
-1.61911605e-01
-7.87537115e-01
-8.98587620e-01
-1.41494381e+00
0.00000000e+00
0.00000000e+00
0.00000000e+00
7.31482725e-01
-2.96156954e+00
4.84335238e-01
-1.45270068e-01
-1.04118648e+00
3.87176080e-01
1.25661689e-01
1.22954161e+00
-1.57200670e-01
0.00000000e+00
7.55560470e-01
-9.90613941e-01
-1.61529178e+00
3.38379924e-01
1.12420763e+00
1.01062498e+00
7.20647928e-01
-1.34729558e+00
-4.42953483e-01
3.78819449e-01
-1.40059168e+00
0.00000000e+00
0.00000000e+00
0.00000000e+00
5.47096359e-01
-2.55541745e+00
7.00676691e-02
7.55530975e-01
-9.06381097e-01
5.35431672e-01
8.81386036e-01
5.08384100e-01
-3.46600076e-01
0.00000000e+00
8.18092499e-01
-1.12585976e+00
-1.43934878e+00
6.06584031e-01
-3.62821236e-01
4.55723329e-01
6.27355493e-01
-1.03022010e+00
-6.75723837e-02
6.27977048e-01
11 1
-7.9049e-01 3.7201e-01
8 1
0 1 2 7 5 3 10 9 
217
1.93824837e-01
-1.42245098e-01
-2.14338672e-01
-3.05732725e-01
1.13138067e-03
-1.42329100e-01
-1.14559408e-01
2.86057158e-01
1.78712992e-01
-1.72000189e-01
-9.97865259e-02
-8.60063072e-02
2.28326397e-01
2.47036977e-01
0.00000000e+00
0.00000000e+00
0.00000000e+00
-7.36104259e-01
6.13422344e-03
4.35760463e-01
-1.43386484e-02
3.26070045e-03
3.77191029e-01
9.44267744e-01
1.80692359e-04
1.76619634e-01
0.00000000e+00
0.00000000e+00
0.00000000e+00
9.99408500e-02
-3.83178276e-03
-3.13502289e-01
-1.87362174e-03
5.00261914e-01
0.00000000e+00
0.00000000e+00
0.00000000e+00
-4.89459877e-01
-2.93830125e-02
1.30147146e-01
1.27283651e-01
1.63772305e-01
2.59195813e-02
2.65545043e-01
2.40352825e-01
-1.83009433e-01
-5.65209528e-01
7.08158668e-02
-1.96759064e-01
1.18300421e-01
-4.31255414e-01
8.65583391e-01
8.07221784e-01
-1.65825645e-01
-4.56323846e-01
1.86246505e-01
-8.97692420e-01
-4.20125198e-01
1.83014135e-01
1.03849046e+00
-1.60132240e-01
2.37128887e-01
1.16828190e-01
-5.33244329e-01
-7.83407198e-01
-8.34123797e-01
8.31427647e-01
1.15681159e+00
6.79048717e-01
8.91108653e-01
0.00000000e+00
-6.97536730e-01
-1.51692350e+00
5.76109964e-01
7.17814209e-02
3.15251602e-01
2.66355506e-01
0.00000000e+00
-6.57314717e-02
-5.97755653e-01
2.58051263e-01
1.30978988e-01
1.50504518e-03
-9.10943875e-02
0.00000000e+00
-8.11809347e-02
-4.19022394e-02
2.72180785e-01
-2.73034240e-01
2.82498613e-03
-9.86744775e-02
-5.59751342e-02
-1.78901136e-01
-7.99853474e-02
4.33006351e-01
-1.88088494e-01
-4.30524392e-03
-1.05715144e-01
1.22754680e-01
2.37821128e-01
-1.38239859e-01
-2.20807000e-02
-1.12893180e+00
-1.44670272e-01
-2.60229049e-01
0.00000000e+00
9.46826063e-02
-1.90571310e-01
5.22548607e-02
-3.43789353e-01
4.68873698e-02
4.72399075e-02
0.00000000e+00
7.37846817e-02
-5.93006780e-01
7.22384754e-02
-2.07759376e-02
4.78016796e-02
-2.15799634e-02
-9.94647310e-01
-9.99256904e-01
-1.48914353e+00
0.00000000e+00
0.00000000e+00
0.00000000e+00
8.37166900e-01
-9.91642934e-01
4.03346451e-01
-9.27156165e-01
-7.14920448e-01
2.83959796e-01
-3.67210837e-01
8.44396851e-01
7.67808820e-01
0.00000000e+00
1.03805306e+00
-6.07674311e-01
-1.57367010e+00
7.20441367e-01
-1.62660290e-01
-2.58001207e-01
-3.54061415e-01
-7.66654131e-01
-3.86917337e-01
7.26252402e-01
-7.72140384e-02
0.00000000e+00
0.00000000e+00
0.00000000e+00
4.97786712e-02
-1.31420502e+00
6.83708599e-02
4.80451722e-01
-3.95165995e-01
4.07458051e-02
4.40799392e-01
6.14071215e-02
-2.24138381e-01
0.00000000e+00
8.92181842e-02
-9.01252560e-01
4.15220543e-02
1.27742338e-01
1.98215775e-01
3.49013760e-01
2.81531408e-01
1.12524048e-01
3.21719378e-01
9.45074004e-02
-7.77686792e-01
0.00000000e+00
0.00000000e+00
0.00000000e+00
4.14021346e-02
-7.97548412e-01
-9.44024533e-02
6.38169525e-01
-4.86588268e-01
1.59102125e-01
3.85401817e-01
1.38878077e-01
-1.11803411e-01
0.00000000e+00
6.69991945e-01
-5.38998907e-01
-1.29249048e+00
3.89101645e-01
-1.79990262e-01
2.52020999e-01
1.87456621e-01
-5.59116694e-01
-1.15242062e-01
5.36969268e-01
-3.07275324e-01
0.00000000e+00
0.00000000e+00
0.00000000e+00
2.27069132e-01
-1.31009178e+00
1.50658305e-01
-8.92202012e-02
-1.37960621e-01
2.53853518e-01
1.44016233e-01
2.33550358e-01
-1.50372445e-01
0.00000000e+00
7.76142349e-02
2.18989337e-02
-2.52009068e-02
3.35257959e-02
2.38704488e-01
2.31446448e-02
2.06557993e-02
-1.70064420e-01
1.51271370e-01
-3.27761100e-04
136
1.08845061e+00
0.00000000e+00
0.00000000e+00
1.47824158e-01
3.38021238e-03
4.70492018e-01
-1.50201374e-04
4.70134438e-01
2.02257235e-03
0.00000000e+00
0.00000000e+00
0.00000000e+00
3.55061834e-01
2.25081321e-01
2.03744541e-01
2.58000902e-01
1.35797356e-01
0.00000000e+00
0.00000000e+00
0.00000000e+00
-6.08092841e-01
-1.83877279e-01
9.36756701e-02
2.81748236e-01
4.59653509e-01
4.82326568e-01
5.85867851e-01
2.53095588e-01
1.51174332e-01
-7.98047438e-01
3.45095430e-01
-4.92469069e-01
4.30240260e-01
-4.70523546e-01
1.27555999e+00
4.10864326e-01
3.24056427e-01
-8.90781375e-01
3.17403981e-01
-1.00068510e+00
-7.93264138e-02
-1.02475233e-01
1.41526846e+00
0.00000000e+00
0.00000000e+00
0.00000000e+00
-1.45593606e+00
-1.63508579e+00
4.64433366e-01
-5.43904400e-01
-2.04855818e-01
0.00000000e+00
-3.04965429e-03
1.02348573e-01
1.13682749e-01
-1.06641237e+00
0.00000000e+00
1.12861272e-01
-5.54212752e-02
6.46556173e-02
-6.19225140e-01
-2.19891545e-01
-2.27136905e-01
-7.19958700e-02
-7.80172673e-03
1.39267282e-02
-2.26173159e-01
-7.69691651e-01
-1.23039329e-01
-8.88514945e-02
-2.04867449e-01
2.02265463e-01
4.06224042e-01
-4.20285579e-01
1.68354703e-01
-4.32521095e-02
0.00000000e+00
1.11765583e+00
9.13268516e-02
1.95808963e-01
-2.12420368e-02
0.00000000e+00
6.38326177e-01
7.19029023e-03
1.52788897e-01
-1.98879671e-01
-6.89225212e-01
-8.19638059e-01
-1.38279180e+00
0.00000000e+00
0.00000000e+00
0.00000000e+00
6.45632949e-01
-2.86627948e+00
3.96787152e-01
8.32998039e-02
-9.47005470e-01
5.23324313e-01
3.03558694e-01
1.13492284e+00
-3.54117036e-01
0.00000000e+00
6.46578713e-01
-9.18384443e-01
-1.56398477e+00
3.43849117e-01
1.03392793e+00
9.47173091e-01
6.87499984e-01
-1.42511478e+00
-4.48277436e-01
3.93817022e-01
-1.25039665e+00
0.00000000e+00
0.00000000e+00
0.00000000e+00
4.21075525e-01
-2.38265156e+00
1.27003289e-01
6.96861323e-01
-8.00917114e-01
6.82058347e-01
8.10609818e-01
5.36992676e-01
-2.44620943e-01
0.00000000e+00
6.84625378e-01
-1.01222877e+00
-1.44778387e+00
5.96535257e-01
-3.52696197e-01
5.24751563e-01
5.34205864e-01
-1.03484243e+00
-5.70148530e-02
4.67640058e-01
21 1
-9.9162e-01 3.7871e-01
8 0
0 1 2 7 5 3 10 9 
217
6.05075534e-01
-3.76201646e-01
-4.61016286e-01
-1.45819186e-01
1.86174189e-01
6.66021768e-02
3.39252052e-01
1.97614711e-01
5.64341315e-01
-2.48335688e-01
6.62240003e-02
-1.71371903e-01
0.00000000e+00
0.00000000e+00
1.39695453e-01
3.88763838e-03
-3.09565380e-01
1.58481845e-01
2.40791629e-03
-2.61899381e-01
1.54763525e-01
2.61304965e-03
-2.43070545e-01
1.52134711e-01
-5.45443475e-04
-1.11336736e-01
0.00000000e+00
0.00000000e+00
0.00000000e+00
1.63833604e-01
8.54154792e-02
8.37644381e-02
2.77172513e-01
0.00000000e+00
0.00000000e+00
0.00000000e+00
0.00000000e+00
-4.47844146e-01
-1.26162921e-01
1.25158838e-01
2.69625670e-01
2.17691655e-01
2.42497754e-01
3.24108683e-01
0.00000000e+00
-1.99164892e-01
-5.23079262e-01
-1.22739564e-01
-2.11747578e-01
-1.32260990e-01
-6.19579952e-01
9.92220914e-01
3.87826914e-01
-3.93927438e-01
-2.31544207e-01
7.44097650e-02
-1.56483491e-01
-3.45702729e-01
-2.61476263e-01
1.19419708e+00
6.00838364e-03
7.84351203e-01
-1.85284052e-01
0.00000000e+00
-4.61956612e-01
-9.01574558e-01
5.50609251e-01
1.35381166e+00
5.16422896e-01
1.05769696e+00
0.00000000e+00
1.02667022e-01
-7.81564518e-01
2.79405175e-01
-1.38559621e-01
2.23003338e-01
2.18617697e-01
0.00000000e+00
1.45908543e-01
-9.82441268e-01
3.35494995e-01
-1.29937936e-01
1.23671997e-01
5.38044929e-01
0.00000000e+00
3.37775904e-01
4.13923380e-03
1.49040299e-01
9.24306327e-02
1.18259332e-01
2.24916647e-02
0.00000000e+00
-3.10054330e-02
-3.05230257e-01
3.77176425e-01
4.34233991e-02
2.58904542e-01
8.65638324e-02
0.00000000e+00
3.84361588e-01
-4.42832897e-02
1.24427835e-01
-5.23234308e-01
9.62861114e-02
-2.84968053e-01
0.00000000e+00
3.14728427e-01
-1.12008778e-01
2.90645558e-01
-2.49387143e-01
-2.98450950e-04
-2.68553399e-01
0.00000000e+00
2.16796491e-01
-9.77790665e-02
2.94094218e-01
-5.34222076e-03
9.41848252e-02
3.26117757e-01
-1.04295749e+00
-1.00945209e+00
-1.02265479e+00
0.00000000e+00
0.00000000e+00
0.00000000e+00
5.84134882e-01
-5.49932478e-01
2.98419590e-01
-3.80547927e-01
-6.95160400e-01
3.86108603e-01
8.50341685e-02
6.35589171e-01
-6.11149773e-02
0.00000000e+00
4.84181084e-01
-1.39534846e+00
-1.89860345e+00
7.74230781e-01
2.07352244e-01
6.19651774e-01
5.97142969e-01
-1.37842990e+00
2.82922872e-01
3.81714660e-01
-3.30524665e-01
0.00000000e+00
0.00000000e+00
0.00000000e+00
2.35150920e-01
-1.78689732e+00
-7.50186048e-02
2.09956567e-01
-3.68773740e-01
2.74138508e-01
1.09312414e-01
2.25924205e-01
-1.49539531e-01
0.00000000e+00
1.92762424e-01
4.84749637e-01
2.71856835e-01
-2.30638001e-01
-1.57413461e-02
1.96783276e-01
6.17118814e-02
2.63146319e-01
-4.17225773e-01
1.87816670e-01
-1.10931283e+00
0.00000000e+00
0.00000000e+00
0.00000000e+00
-5.50428715e-02
-1.11174503e+00
7.06708779e-01
-1.91333885e-01
2.02781342e-02
8.91816526e-01
2.81707860e-01
2.53974165e-01
-3.09062227e-01
0.00000000e+00
9.20251921e-01
-1.26261091e+00
-1.75776031e+00
9.22386216e-01
-8.46889272e-01
3.21137227e-01
2.32333054e-01
-2.08079067e-01
-1.76613841e-01
2.59230703e-01
-1.01285939e-01
0.00000000e+00
0.00000000e+00
0.00000000e+00
3.26153924e-01
-1.05283024e+00
-2.38848523e-02
3.35979306e-01
-6.46325852e-01
6.77310765e-02
3.08912140e-01
2.21345579e-01
5.43373519e-02
0.00000000e+00
-1.09830962e-01
2.74157984e-01
1.89270051e-02
-4.47853394e-01
6.00913629e-01
2.68346902e-02
1.64045219e-01
-3.81207918e-01
-4.95149874e-02
2.10824361e-01
136
1.61498930e+00
7.25446118e-01
-4.17417689e-03
4.12745622e-01
-3.48938248e-04
2.85517246e-01
-1.52819979e-03
1.91280316e-01
-1.76766559e-04
0.00000000e+00
0.00000000e+00
0.00000000e+00
4.13037039e-01
3.94676640e-01
4.16118575e-01
4.51234334e-01
0.00000000e+00
0.00000000e+00
0.00000000e+00
0.00000000e+00
-4.12760353e-01
-9.69745207e-02
1.47995850e-01
3.05314391e-01
3.96679582e-01
5.62244488e-01
7.12489866e-01
3.20046814e-01
2.83760753e-01
-6.84454484e-01
6.37865973e-01
-2.15087989e-01
3.94027514e-01
-9.24082423e-01
1.48101947e+00
2.29283383e-01
1.99960501e-01
-9.99597298e-01
5.51500726e-01
-3.50207997e-01
-4.16960580e-02
-8.43053926e-01
1.57570435e+00
0.00000000e+00
0.00000000e+00
0.00000000e+00
0.00000000e+00
-3.46715392e+00
1.12267181e-01
-9.70333739e-01
-1.68423476e-01
0.00000000e+00
8.20086922e-01
1.91398458e-01
2.66318341e-01
-8.34970524e-01
0.00000000e+00
5.38366368e-01
2.05084960e-02
1.71990219e-01
-5.55001691e-01
-2.77300509e-01
-4.21818472e-01
-9.52040743e-02
-4.40651250e-03
-6.81876270e-02
0.00000000e+00
-1.57789421e+00
-2.19719914e-01
-2.56364602e-01
-1.99444843e-01
0.00000000e+00
1.04914746e+00
-2.90339592e-01
3.02663426e-01
-1.49866389e-01
0.00000000e+00
1.71061867e+00
1.45919608e-01
2.94478656e-01
7.24379416e-02
0.00000000e+00
9.06204684e-01
3.77459426e-02
1.75511469e-01
-1.19806834e-01
-8.74476964e-01
-8.69297553e-01
-1.47947495e+00
0.00000000e+00
0.00000000e+00
0.00000000e+00
6.55769115e-01
-2.95127478e+00
4.67559201e-01
-7.23338917e-02
-1.03310801e+00
4.26308919e-01
2.07902322e-01
1.17163903e+00
-1.43924929e-01
0.00000000e+00
7.56117148e-01
-9.72477279e-01
-1.62978654e+00
3.74037150e-01
1.06802218e+00
9.69483768e-01
6.43462011e-01
-1.35008100e+00
-4.54406958e-01
3.87617595e-01
-1.41702131e+00
0.00000000e+00
0.00000000e+00
0.00000000e+00
5.44055380e-01
-2.77580474e+00
5.20659085e-02
8.32008370e-01
-9.70930045e-01
6.08449277e-01
8.56188291e-01
5.63698915e-01
-2.61074626e-01
0.00000000e+00
7.85506712e-01
-1.21481988e+00
-1.40244515e+00
6.55200610e-01
-2.84765803e-01
5.57704312e-01
6.50105357e-01
-1.15601107e+00
-4.78761740e-02
5.91723040e-01
20 1
-8.5430e-01 4.2213e-01
8 1
0 1 2 7 5 3 10 9 
217
-8.64052672e-02
-3.18901631e-01
1.76607534e-01
4.23072448e-02
-3.18520187e-02
-1.11454387e-01
-2.91240854e-01
1.02642157e-01
-9.68540626e-02
-5.61372520e-02
-1.26526273e-01
8.02948849e-03
4.60067941e-01
4.04738784e-01
0.00000000e+00
0.00000000e+00
0.00000000e+00
-1.66788716e-01
-6.42542941e-03
5.89852385e-01
-2.30790034e-01
4.37190705e-03
4.28700887e-01
3.11173483e-01
2.93631280e-03
3.05009484e-01
0.00000000e+00
0.00000000e+00
0.00000000e+00
-6.15774797e-02
1.31990349e-01
6.30945393e-04
-1.90308767e-02
-9.18423486e-02
0.00000000e+00
0.00000000e+00
0.00000000e+00
-2.26452840e-01
-2.34117934e-02
-1.51874488e-01
5.20561313e-02
1.10967704e-02
1.06367955e-01
1.45812999e-01
2.87384081e-01
9.60410721e-03
-4.29446340e-01
6.78754286e-02
-2.28227236e-01
-2.82107761e-02
-5.22430720e-01
6.14503866e-01
3.70777877e-01
-4.74638037e-01
-3.44200927e-01
8.30519324e-02
-4.36238249e-01
-2.35296065e-01
3.47776321e-01
8.31309469e-01
-1.06817740e-01
-8.78637238e-02
1.08276197e-01
-3.54526458e-01
-6.00078734e-01
-8.36099313e-01
4.09666598e-01
1.22354999e+00
4.58533327e-01
5.37608382e-01
0.00000000e+00
-7.34844298e-01
-9.29507843e-01
5.21993539e-01
-3.98241448e-01
1.26445492e-01
2.86962349e-01
0.00000000e+00
-4.29591878e-01
-7.23065515e-01
3.23228728e-01
-2.48914748e-01
1.99578826e-02
1.91407406e-01
0.00000000e+00
-2.28947588e-01
-1.69975606e-01
2.38271431e-01
-1.66716837e-01
-9.57291097e-02
1.75356299e-01
3.27497646e-02
-2.59718826e-01
-1.60022854e-01
1.31984692e-01
1.75033788e-01
8.57910186e-03
3.35028633e-03
1.30495960e-01
1.69435195e-01
-5.08909162e-02
-1.65384106e-01
-8.51926703e-01
-2.20952316e-01
-3.91743199e-01
0.00000000e+00
-1.67733812e-02
-8.65198280e-02
-1.78193392e-03
-5.56224396e-01
-6.78499521e-02
-1.53187762e-01
0.00000000e+00
-7.86037554e-02
-6.73280672e-02
5.89787959e-02
1.10126164e-01
-6.67803077e-02
-2.49599068e-01
-8.02442935e-01
-4.11645102e-01
-1.32511730e+00
0.00000000e+00
0.00000000e+00
0.00000000e+00
2.92223192e-01
-6.53171423e-01
4.60418240e-01
-5.32820719e-01
-8.99675764e-01
1.67470500e-01
2.70661554e-01
5.80537331e-01
-2.28286066e-01
0.00000000e+00
4.42567988e-01
-5.06828793e-01
-1.16070788e+00
2.36623345e-01
5.61876413e-01
3.92382446e-01
5.04821856e-01
-8.29657805e-01
-5.58300260e-01
1.34748543e-01
-6.60448408e-02
0.00000000e+00
0.00000000e+00
0.00000000e+00
3.01618736e-01
-1.12071939e+00
1.82956406e-01
3.30962722e-01
-3.75985271e-02
2.50938833e-01
4.70718086e-02
2.36767615e-01
-1.97338015e-01
0.00000000e+00
2.35841973e-01
-6.58944005e-01
-1.80167210e-01
4.89477175e-02
-1.58640005e-01
2.03255652e-01
1.75328412e-01
-6.76900101e-02
1.04537146e-01
2.36825302e-01
-5.26424661e-01
0.00000000e+00
0.00000000e+00
0.00000000e+00
-1.67581543e-01
-7.69197831e-01
1.28401884e-01
2.49274832e-02
-5.15916531e-01
2.00535113e-01
6.19067800e-01
2.06000083e-01
2.51836702e-01
0.00000000e+00
9.72276095e-01
-2.71391013e-01
-8.08690981e-01
4.11309280e-01
-2.83524153e-01
-1.36916494e-01
3.78900827e-02
-4.06848132e-01
-3.89685590e-01
3.71083084e-01
-2.65035083e-01
0.00000000e+00
0.00000000e+00
0.00000000e+00
2.40139992e-01
-1.15576612e+00
3.97997434e-02
3.20492327e-01
3.89731914e-02
1.59974853e-01
-2.53803792e-02
1.55702430e-01
-2.82022989e-01
0.00000000e+00
-1.22797873e-01
-3.80213406e-01
-2.34227609e-01
1.68438051e-01
9.89785913e-03
2.93446489e-01
2.15046707e-01
4.70891444e-03
2.18553855e-01
7.01988812e-02
136
1.09973128e+00
0.00000000e+00
0.00000000e+00
4.36227686e-02
6.19942424e-03
5.21870023e-01
4.67079265e-04
5.34238485e-01
1.07306899e-03
0.00000000e+00
0.00000000e+00
0.00000000e+00
2.86817595e-01
1.81800506e-01
1.93864397e-01
3.05515536e-01
1.93470680e-01
0.00000000e+00
0.00000000e+00
0.00000000e+00
-5.94334416e-01
-1.56657410e-01
1.20714820e-01
3.25241665e-01
4.52685262e-01
4.52016028e-01
5.11126114e-01
3.67887426e-01
1.05077625e-02
-8.41995221e-01
2.66812596e-01
-3.31041056e-01
3.10802619e-01
-4.32118383e-01
1.23401952e+00
3.99525914e-01
4.16110962e-01
-9.22457268e-01
3.57524875e-01
-8.70877343e-01
-1.70001335e-01
-1.28474293e-01
1.43350451e+00
0.00000000e+00
0.00000000e+00
0.00000000e+00
-1.28992973e+00
-1.46962049e+00
5.00393884e-01
-5.12974242e-01
-7.20668128e-02
0.00000000e+00
1.32914950e-01
1.70181696e-01
1.13381959e-01
-1.11275838e+00
0.00000000e+00
5.39170460e-02
-7.40888412e-02
4.62211696e-02
-6.52537033e-01
-2.88878396e-01
-3.02819119e-01
-7.07564308e-02
-4.39534830e-02
7.45763717e-02
-3.25316182e-02
-6.00017293e-01
-1.32790831e-01
-4.16757954e-02
-1.63750663e-01
1.94775038e-01
3.94326199e-01
-4.40247182e-01
1.71286406e-01
-1.45631219e-02
0.00000000e+00
9.37130758e-01
7.78896860e-02
1.52680972e-01
7.55058214e-03
0.00000000e+00
6.13929767e-01
-3.67975686e-03
1.44463425e-01
-1.70389368e-01
-6.89836298e-01
-8.52513219e-01
-1.43851039e+00
0.00000000e+00
0.00000000e+00
0.00000000e+00
6.26149016e-01
-2.91157657e+00
3.30911071e-01
6.22257222e-02
-1.02586429e+00
4.81388975e-01
2.43858699e-01
1.13701524e+00
-1.90744419e-01
0.00000000e+00
7.58570724e-01
-1.01638125e+00
-1.55569424e+00
4.60848764e-01
9.18556143e-01
8.68978848e-01
6.14103148e-01
-1.31800411e+00
-3.03242482e-01
3.80390617e-01
-1.29621848e+00
0.00000000e+00
0.00000000e+00
0.00000000e+00
4.28059029e-01
-2.39574416e+00
1.39236317e-01
7.01309705e-01
-8.21350099e-01
7.02530890e-01
8.06079472e-01
5.15268135e-01
-2.88955295e-01
0.00000000e+00
7.26582419e-01
-9.70870995e-01
-1.45503242e+00
6.01123808e-01
-2.41972638e-01
4.82971074e-01
5.34459005e-01
-1.08910939e+00
-1.26337996e-01
4.55534660e-01
17 1
-1.0034e+00 4.0656e-01
8 0
0 1 2 7 5 3 10 9 
217
4.79041146e-01
-7.35317940e-01
-1.63055906e-01
1.45404229e-01
3.48363849e-01
1.41140820e-02
4.85430027e-01
-1.51120048e-01
2.26673711e-01
-4.66543296e-02
-2.73463798e-01
3.05014032e-01
-3.07962641e-01
-1.42733494e-01
4.81067330e-01
-4.45283064e-03
-4.64675604e-01
9.59742642e-02
2.14607931e-03
-3.72667068e-01
3.70435204e-02
5.11916689e-04
-1.81225155e-01
-1.35043968e-01
2.14838680e-03
-1.16276444e-01
0.00000000e+00
0.00000000e+00
0.00000000e+00
2.32897735e-01
1.54410056e-01
1.64210627e-01
1.29239664e-01
-2.01716936e-01
0.00000000e+00
0.00000000e+00
0.00000000e+00
-3.76039989e-01
-2.78215442e-02
2.42434449e-01
2.38066269e-01
1.15444147e-01
2.08929497e-01
7.80283175e-02
0.00000000e+00
-1.25906809e-01
-2.58290925e-01
1.31786489e-01
-3.42858426e-02
-1.00438968e-01
-4.49517352e-01
8.65027626e-01
7.85825500e-01
-3.14097891e-01
-5.07186466e-01
1.45487685e-01
1.38551185e-01
-5.89190957e-01
-3.05132199e-01
1.02100037e+00
-2.09943243e-01
7.34439421e-01
-4.54550314e-02
0.00000000e+00
-5.54626399e-01
-6.42272179e-01
7.43992075e-01
1.25578873e+00
2.89675471e-01
7.69222090e-01
0.00000000e+00
-1.64134079e-01
-7.73334874e-01
2.76078708e-01
-1.25560897e-01
3.67096518e-01
3.68237237e-01
0.00000000e+00
-6.69727147e-02
-6.45341717e-01
3.92768220e-01
-1.34162551e-02
1.53245641e-01
2.70079478e-01
0.00000000e+00
1.03783921e-01
-8.44712522e-02
2.47903190e-01
9.08665699e-02
1.27354035e-01
9.89605486e-02
1.30460862e-01
-1.36927202e-01
-3.69232612e-01
3.49454054e-01
1.29819251e-01
1.36053433e-01
-1.46170519e-01
1.73591251e-01
1.71468532e-01
-1.24727277e-01
7.19571528e-02
-3.08859729e-01
6.20242107e-02
-1.25243924e-01
0.00000000e+00
1.53370082e-01
-1.14547116e-01
1.62493005e-01
-5.31776202e-02
1.63178059e-01
-8.98966669e-02
0.00000000e+00
9.29362562e-02
-2.61945307e-01
2.28712001e-01
-7.43985044e-02
1.57392889e-01
2.28900683e-01
-9.63995383e-01
-9.08007453e-01
-9.67396191e-01
0.00000000e+00
0.00000000e+00
0.00000000e+00
3.26198149e-01
-1.04306585e+00
5.88598048e-01
-5.90058141e-01
-3.81626679e-01
9.32594831e-02
2.94779576e-02
8.94154654e-01
-1.84482507e-02
0.00000000e+00
6.39752065e-01
-1.16292148e+00
-1.55387476e+00
4.84393955e-01
4.98789281e-01
5.44341204e-01
3.13071079e-01
-7.85496108e-01
-7.62750871e-02
2.32334290e-01
-2.70592973e-01
0.00000000e+00
0.00000000e+00
0.00000000e+00
2.75784226e-01
-1.32889728e+00
-2.72033777e-01
4.07891737e-01
-4.16096400e-01
3.21835777e-01
2.09637242e-01
1.01438012e-01
-1.29394583e-01
0.00000000e+00
1.07186528e-01
9.52617237e-02
-4.57737910e-02
1.74017032e-01
-4.34761999e-01
3.48570272e-01
1.77791891e-01
-1.23371791e-01
2.99237301e-02
2.30398480e-01
-1.12885039e+00
0.00000000e+00
0.00000000e+00
0.00000000e+00
-3.07059959e-01
-7.98281582e-01
3.71979217e-01
1.10933071e-01
-3.60780554e-01
4.40899589e-01
3.39642262e-01
4.05789342e-01
1.10331513e-01
0.00000000e+00
6.89972432e-01
-9.22147247e-01
-1.12918749e+00
5.65161965e-01
-4.89979892e-01
1.21548799e-01
4.55485677e-02
-3.68608160e-01
3.49728986e-01
-3.04341248e-01
-6.91674936e-03
0.00000000e+00
0.00000000e+00
0.00000000e+00
3.64100314e-01
-1.09374938e+00
2.10696627e-01
2.36574565e-01
7.49526306e-02
4.90606076e-01
-8.78437958e-02
7.21148494e-02
-2.52787769e-01
0.00000000e+00
-1.71168732e-01
-2.70880317e-01
-3.23092960e-01
-9.87971012e-03
6.46858617e-01
1.59243074e-01
1.88156626e-01
-3.15090312e-01
-2.67817885e-01
3.42090729e-01
136
1.44649333e+00
7.34050502e-01
-5.66431647e-03
4.76215261e-01
-2.53528678e-03
1.87240395e-01
-2.10778117e-03
4.89871701e-02
1.09708410e-05
0.00000000e+00
0.00000000e+00
0.00000000e+00
3.36397770e-01
3.48991468e-01
3.69343484e-01
2.97852948e-01
9.39076575e-02
0.00000000e+00
0.00000000e+00
0.00000000e+00
-3.33176188e-01
-6.22394245e-02
1.37156114e-01
3.02576473e-01
3.86474568e-01
4.84844054e-01
5.30857731e-01
2.92996250e-01
1.65220753e-01
-5.78655204e-01
5.91481678e-01
-2.27360500e-02
2.42440159e-01
-9.28374475e-01
1.41057655e+00
2.93348453e-01
1.03880948e-01
-9.01818398e-01
5.07774439e-01
-2.98558609e-01
-1.89278199e-01
-7.94607086e-01
1.55280212e+00
0.00000000e+00
0.00000000e+00
0.00000000e+00
0.00000000e+00
-2.93840512e+00
1.85875910e-01
-8.60918430e-01
-6.75605206e-02
0.00000000e+00
5.87313705e-01
1.53123297e-01
2.09772495e-01
-8.22437705e-01
0.00000000e+00
4.74228918e-01
4.98602845e-02
1.67377481e-01
-6.35805533e-01
-4.39634184e-01
-4.68253536e-01
-7.99215225e-02
-1.19251661e-02
-6.67456362e-02
-2.02242198e-01
-6.77923621e-01
-6.81296714e-02
-8.00798707e-02
-1.58738661e-01
3.95164668e-01
6.94465998e-01
-3.48900488e-01
2.30518863e-01
-8.00588663e-02
0.00000000e+00
1.52052368e+00
1.25675474e-01
2.62183960e-01
4.63048276e-02
0.00000000e+00
8.17342490e-01
3.91072274e-02
1.61983337e-01
-1.50160562e-01
-9.10400575e-01
-8.56508298e-01
-1.56322677e+00
0.00000000e+00
0.00000000e+00
0.00000000e+00
6.59583422e-01
-2.97841789e+00
4.62722018e-01
-5.23261315e-02
-1.05116871e+00
4.34840235e-01
2.25146558e-01
1.15560422e+00
-1.25797991e-01
0.00000000e+00
7.29808899e-01
-9.95605204e-01
-1.59686033e+00
3.15797382e-01
1.07832281e+00
9.37741967e-01
6.59740795e-01
-1.37833165e+00
-4.39555021e-01
3.95527852e-01
-1.38607897e+00
0.00000000e+00
0.00000000e+00
0.00000000e+00
5.77659585e-01
-2.81688746e+00
9.69596849e-02
8.22857386e-01
-1.05102357e+00
4.86528817e-01
9.12410523e-01
6.02702216e-01
-2.34983429e-01
0.00000000e+00
8.13842021e-01
-1.15376622e+00
-1.41342772e+00
6.17452959e-01
-3.76410490e-01
6.21068097e-01
6.38063350e-01
-1.08032917e+00
-5.51316778e-02
6.06336135e-01
16 1
-1.1748e+00 4.6229e-01
8 1
0 1 2 7 5 3 10 9 
217
-1.92448104e-02
-3.70675525e-01
1.83632367e-01
-6.59794563e-02
-2.14420466e-01
2.73057575e-01
-4.63287578e-02
2.12457829e-02
2.26993598e-02
-1.46459173e-01
6.99042547e-02
-1.39886313e-01
1.48900799e-01
8.68491323e-02
0.00000000e+00
0.00000000e+00
0.00000000e+00
-6.96501625e-01
2.37585980e-03
4.74309285e-01
-5.08405797e-02
1.61328770e-03
3.47484799e-01
7.28097394e-01
1.69440222e-03
7.73988421e-02
0.00000000e+00
0.00000000e+00
0.00000000e+00
-1.81356443e-02
3.53173823e-02
-1.12124310e-01
4.56703789e-02
3.00273824e-02
0.00000000e+00
0.00000000e+00
0.00000000e+00
-4.63669270e-01
-1.32624219e-01
8.24925897e-02
9.88574626e-02
1.99621307e-01
-5.98469144e-02
2.55924234e-01
7.44808824e-01
-3.40790164e-01
-7.26428664e-01
-1.57217506e-01
-2.15802692e-01
1.66510159e-01
-2.65534504e-01
8.26173954e-01
1.04690700e+00
-4.19518712e-02
-5.11559880e-01
-3.58239003e-02
-1.37862573e+00
-5.45910766e-01
1.79661243e-01
1.23633968e+00
-2.27442758e-01
1.88478388e-01
1.97195596e-02
-3.89139009e-01
-7.37435387e-01
-7.55772390e-01
6.38665180e-01
1.23969820e+00
4.68664407e-01
6.50471484e-01
0.00000000e+00
-5.64855235e-01
-1.56088606e+00
4.00967772e-01
7.59013257e-02
1.44642653e-01
2.59406303e-01
0.00000000e+00
-2.20561584e-02
-1.15481436e+00
2.26359156e-01
-9.13431885e-02
-2.23547808e-01
-3.09414354e-01
0.00000000e+00
3.17194060e-02
8.27846683e-02
7.44093099e-02
-9.46367371e-02
-1.25373526e-01
-1.61697864e-01
-7.87829135e-02
-1.29690783e-01
6.86639880e-02
1.34793591e-01
7.59808634e-02
5.44352955e-02
-5.21866227e-02
1.79151269e-01
1.28641423e-01
1.29153363e-01
-1.77381094e-01
-9.05972227e-01
-1.49656409e-01
-3.01771511e-01
0.00000000e+00
4.65421161e-02
-3.88296721e-02
-5.26379071e-02
-2.58918345e-01
-1.31490195e-02
2.05316198e-02
0.00000000e+00
8.72598230e-02
-3.22289684e-01
-4.13431060e-02
-2.89264153e-01
-6.51615274e-02
-1.32344086e-01
-9.93330420e-01
-1.07704411e+00
-1.55884559e+00
0.00000000e+00
0.00000000e+00
0.00000000e+00
5.74019886e-01
-1.12985239e+00
4.66383484e-01
-4.50885533e-01
-7.03513823e-01
1.78334669e-01
-4.99750739e-01
6.08507680e-01
8.68501010e-01
0.00000000e+00
1.08459337e+00
-5.49700943e-01
-1.52809082e+00
-7.80164796e-02
-1.72418976e-01
5.11653671e-01
-9.36455496e-02
-7.86776627e-01
-6.51834835e-01
7.93647349e-01
-3.48418856e-02
0.00000000e+00
0.00000000e+00
0.00000000e+00
1.49525458e-01
-1.64774417e+00
4.88725834e-02
3.91972105e-01
-5.50453597e-01
1.75323019e-01
4.29261164e-01
2.32035058e-01
-2.18293730e-01
0.00000000e+00
-3.86410477e-02
-4.18139303e-01
-1.26044761e-01
3.21982353e-01
3.80306679e-01
2.06446391e-01
3.21467968e-01
7.32624460e-02
2.54149082e-01
-2.01295787e-02
-1.10231398e+00
0.00000000e+00
0.00000000e+00
0.00000000e+00
4.45701812e-01
-4.64472470e-01
8.52009091e-03
1.16132889e-02
-6.59888556e-01
1.57634675e-01
3.92204861e-01
-1.75848830e-01
-3.23434741e-01
0.00000000e+00
6.12005193e-01
-8.22138962e-01
-7.53119991e-01
6.41443022e-01
-6.11497304e-01
6.54140221e-01
8.35806540e-01
-7.63744785e-01
-8.13043112e-01
5.25805068e-01
-2.70461596e-01
0.00000000e+00
0.00000000e+00
0.00000000e+00
1.93527967e-01
-1.30553938e+00
3.84346352e-02
3.64175899e-01
-9.89126129e-02
5.95013528e-02
1.51566935e-01
3.99145743e-01
-1.27398317e-03
0.00000000e+00
9.23350823e-02
-2.34117781e-01
-4.65419227e-01
-2.76551317e-02
3.91034707e-01
-1.67411444e-03
-1.16062125e-01
-1.09297158e-01
4.10842447e-01
-1.10748513e-02
136
1.17306084e+00
0.00000000e+00
0.00000000e+00
2.17019604e-01
2.28299421e-03
4.42244963e-01
5.02388074e-04
5.13796269e-01
1.32517061e-03
0.00000000e+00
0.00000000e+00
0.00000000e+00
3.50663906e-01
2.46283611e-01
2.22770296e-01
2.95865632e-01
1.46025501e-01
0.00000000e+00
0.00000000e+00
0.00000000e+00
-6.09303532e-01
-1.51578134e-01
1.19100650e-01
3.15115244e-01
4.49689409e-01
4.97666247e-01
5.59198536e-01
3.43427934e-01
3.99409602e-02
-7.75802642e-01
3.66087249e-01
-4.30594738e-01
2.55752734e-01
-5.42931585e-01
1.24085020e+00
3.35938971e-01
2.22731570e-01
-8.28445389e-01
4.70107502e-01
-8.10274555e-01
-4.38499128e-02
-1.18924797e-01
1.44904733e+00
0.00000000e+00
0.00000000e+00
0.00000000e+00
-1.35541488e+00
-1.47219192e+00
4.23520216e-01
-5.39971727e-01
-8.25427201e-02
0.00000000e+00
-8.69270368e-02
7.37221232e-02
6.89260159e-02
-9.53125277e-01
0.00000000e+00
1.73986154e-01
-2.14407847e-02
7.53931524e-02
-6.69852418e-01
-3.81255859e-01
-3.36138043e-01
-5.59153445e-02
-6.01588767e-02
-2.43599683e-02
-1.43678829e-01
-6.53857669e-01
-1.09621626e-01
-7.47227702e-02
-1.67984631e-01
2.60685031e-01
4.37062846e-01
-3.21601886e-01
1.41788227e-01
-4.80236891e-02
0.00000000e+00
1.10909213e+00
9.59540680e-02
1.87662065e-01
8.17208184e-03
0.00000000e+00
7.10362290e-01
4.61088457e-02
1.46079979e-01
-1.56534819e-01
-7.53049868e-01
-6.52569412e-01
-1.46909818e+00
0.00000000e+00
0.00000000e+00
0.00000000e+00
6.68116613e-01
-2.88251954e+00
3.72066842e-01
4.68346808e-02
-9.47781682e-01
4.75558734e-01
2.89662857e-01
1.07474489e+00
-2.39108163e-01
0.00000000e+00
7.38284586e-01
-1.04589916e+00
-1.54337684e+00
4.25660680e-01
8.77322246e-01
8.70841335e-01
6.09994597e-01
-1.34479875e+00
-3.48503700e-01
4.33801599e-01
-1.22437697e+00
0.00000000e+00
0.00000000e+00
0.00000000e+00
3.87780000e-01
-2.43751922e+00
1.35783640e-01
6.33540450e-01
-8.15359427e-01
6.63063705e-01
7.83205775e-01
5.46832828e-01
-2.41225558e-01
0.00000000e+00
7.01470160e-01
-8.72567570e-01
-1.39608601e+00
6.01475216e-01
-2.62143957e-01
4.94404001e-01
5.19892982e-01
-1.03518872e+00
-8.38853003e-02
4.52150039e-01
