0 6 -999999999 -1 -1
1 2 0 -1 -1
0.3461 -0.09738
356
8.44698910e-01
8.44698910e-01
0.00000000e+00
-3.54917942e-02
-3.35328197e-02
-3.15323208e-01
-4.37653283e-01
0.00000000e+00
0.00000000e+00
-2.78473300e-01
-1.19702003e-01
0.00000000e+00
0.00000000e+00
4.26237399e-02
-5.18688553e-02
-2.62466788e-02
0.00000000e+00
0.00000000e+00
0.00000000e+00
0.00000000e+00
0.00000000e+00
0.00000000e+00
0.00000000e+00
0.00000000e+00
0.00000000e+00
0.00000000e+00
0.00000000e+00
0.00000000e+00
0.00000000e+00
0.00000000e+00
0.00000000e+00
0.00000000e+00
0.00000000e+00
0.00000000e+00
0.00000000e+00
0.00000000e+00
0.00000000e+00
0.00000000e+00
0.00000000e+00
0.00000000e+00
0.00000000e+00
0.00000000e+00
0.00000000e+00
0.00000000e+00
0.00000000e+00
0.00000000e+00
0.00000000e+00
0.00000000e+00
0.00000000e+00
0.00000000e+00
0.00000000e+00
-8.98829156e-01
-7.80364167e-01
1.21693084e+00
0.00000000e+00
0.00000000e+00
0.00000000e+00
0.00000000e+00
-3.23576234e-02
8.92829351e-01
8.54988422e-01
-9.91918112e-02
5.96503028e-01
-4.64164470e-01
-3.41199805e-03
-4.56686683e-01
-5.71022918e-01
2.74655922e-02
1.10074777e+00
-1.37003385e-02
-1.60494939e-01
2.45956444e-01
-8.30612795e-03
-9.20791596e-02
-5.02005302e-01
-1.03629522e-02
-9.35071120e-02
0.00000000e+00
0.00000000e+00
0.00000000e+00
0.00000000e+00
0.00000000e+00
0.00000000e+00
0.00000000e+00
0.00000000e+00
0.00000000e+00
0.00000000e+00
3.25486381e-01
5.19212529e-01
0.00000000e+00
-6.81555971e-01
-5.29894177e-01
-1.22130418e+00
-5.80201134e-01
-4.10545636e-01
-3.82874594e-01
1.23149275e-01
-2.48534068e-01
2.29157860e-01
-1.09229911e-01
0.00000000e+00
0.00000000e+00
0.00000000e+00
0.00000000e+00
2.83126349e+00
3.79775407e+00
0.00000000e+00
0.00000000e+00
0.00000000e+00
0.00000000e+00
0.00000000e+00
0.00000000e+00
5.77335319e-01
4.23635575e-01
1.76688252e-01
-2.56477731e-01
-6.77515433e-01
-2.23023057e+00
9.16176391e-01
7.93335902e-01
-4.39348452e-01
-2.19835054e-01
1.23294090e+00
-2.37292564e+00
6.42878881e-01
-1.46402107e-01
-7.04762228e-02
-6.69104860e-01
-1.21131770e+00
-1.40897719e+00
7.05646127e+00
7.05116555e+00
6.95347311e+00
6.94491706e+00
7.01131149e+00
7.09683170e+00
-7.49768161e-01
-1.22904292e-01
-6.63731188e-02
9.03973029e-03
-3.49674658e-01
-7.32214742e-01
-3.43335086e-01
-5.91431743e-01
-6.74578496e-01
-5.68600189e-01
-6.72599690e-01
-6.53287423e-01
0.00000000e+00
0.00000000e+00
0.00000000e+00
0.00000000e+00
-8.96559559e-02
1.22680460e+00
0.00000000e+00
0.00000000e+00
9.34354866e-01
-4.90093088e-01
0.00000000e+00
-1.89589625e+00
-7.68931677e-01
-7.38886816e-01
-1.21763291e+00
-3.18272097e-01
-1.98656458e+00
0.00000000e+00
0.00000000e+00
0.00000000e+00
5.57286467e-01
-6.06300486e-01
7.85395043e-02
7.09794899e-03
-1.02763171e+00
1.01655550e+00
3.46079397e-01
1.55744955e-01
-4.83113577e-01
0.00000000e+00
8.65884100e-01
1.16207398e-01
-8.75132958e-01
7.26289347e-02
-1.97920135e+00
2.22426388e-01
4.40637563e-01
-1.19102428e+00
-1.42200255e-01
4.38951874e-01
3.99913249e-01
0.00000000e+00
0.00000000e+00
0.00000000e+00
-5.20553032e-02
6.50048093e-02
3.05738523e-02
1.95983396e-01
2.43247080e-03
-1.18962589e-01
9.55207260e-02
-3.37637284e-01
3.35034235e-01
0.00000000e+00
-2.77942694e-01
1.67482248e-01
8.88337922e-02
9.51109706e-02
-5.16920439e-02
8.75331864e-02
4.24594476e-02
6.74470081e-02
2.78237980e-03
-3.79953592e-02
-1.16958800e+00
-5.39544166e-01
0.00000000e+00
-6.37599875e-02
-9.98721410e-02
1.74781509e-01
-1.33517203e-01
-5.80808471e-01
-8.86937738e-01
0.00000000e+00
0.00000000e+00
0.00000000e+00
-1.44494306e-01
9.12936455e-03
-3.41197030e-01
7.00827137e-01
-4.55486064e-01
5.94953735e-01
6.11334153e-01
-1.43109418e+00
-2.09548096e-01
0.00000000e+00
6.84082147e-01
6.98634105e-01
2.57720791e-01
-6.57415415e-02
-1.77769478e+00
-6.64202206e-01
-1.87157149e-01
3.30777252e-02
7.59256268e-02
7.23992823e-01
-6.30043831e-01
0.00000000e+00
1.43959748e-01
2.24370434e-01
-8.16976588e-01
-2.29387511e-01
0.00000000e+00
4.12040440e-02
3.53639028e-01
3.85366129e-01
6.01105457e-02
-6.74864186e-01
-5.87589076e-01
0.00000000e+00
0.00000000e+00
2.81041929e-01
-1.05715891e+00
0.00000000e+00
0.00000000e+00
0.00000000e+00
-9.21752237e-01
-1.84816272e-02
-6.34849399e-02
-2.92799460e-01
3.33441947e-01
5.37059781e-01
4.79848602e-01
-4.72520555e-01
-4.82659798e-01
0.00000000e+00
-2.41269799e-01
-4.79896054e-02
-3.49268952e-01
7.16740888e-01
-5.54794584e-01
4.94602967e-02
-1.14829531e-01
2.56842191e-01
4.06739585e-01
-2.77441114e-01
4.25144958e-01
0.00000000e+00
0.00000000e+00
0.00000000e+00
-3.06250922e-02
0.00000000e+00
-1.25505001e-01
7.34768993e-01
2.61709342e-01
2.06451605e-01
5.81049468e-01
-4.74126147e-01
6.96429448e-01
0.00000000e+00
1.45421208e-01
-1.21215105e-01
2.09612549e-01
3.21546538e-01
-1.50326473e+00
-2.82196697e-01
-6.42003796e-02
0.00000000e+00
3.44970425e-01
4.72130549e-01
-6.67762049e-01
-2.75060015e-01
-1.49057711e-01
-1.26002304e-01
0.00000000e+00
1.07025801e-01
-7.51817550e-02
-3.06904061e-01
-6.11565157e-01
0.00000000e+00
0.00000000e+00
0.00000000e+00
2.52075402e-02
0.00000000e+00
3.22352156e-01
-1.43799567e+00
8.68993916e-02
-3.04384887e-01
-1.03130121e+00
1.13256570e+00
-1.09147889e-01
0.00000000e+00
-2.56940013e-01
1.46482340e-01
-2.97397225e-01
-1.99274766e-01
2.32234067e+00
3.95186523e-01
2.39756672e-01
0.00000000e+00
-1.32922338e-02
-8.81129310e-01
-3.92702034e-01
-1.17134536e-02
-3.80988581e-01
0.00000000e+00
-3.89396863e-01
-4.63826801e-01
-4.54319154e-01
0.00000000e+00
0.00000000e+00
1.48405977e-01
-3.17882928e-01
-2.94349850e-01
7.44299375e-02
1.44135804e-03
0.00000000e+00
0.00000000e+00
247
-1.85609332e+00
-1.85609332e+00
0.00000000e+00
-1.05469723e+00
-8.01396094e-01
-2.02080969e-01
-1.97745010e+00
8.95726428e-01
0.00000000e+00
0.00000000e+00
1.79076020e-01
1.56748845e-01
0.00000000e+00
0.00000000e+00
0.00000000e+00
0.00000000e+00
0.00000000e+00
0.00000000e+00
0.00000000e+00
0.00000000e+00
0.00000000e+00
0.00000000e+00
0.00000000e+00
0.00000000e+00
0.00000000e+00
0.00000000e+00
0.00000000e+00
0.00000000e+00
0.00000000e+00
0.00000000e+00
0.00000000e+00
0.00000000e+00
0.00000000e+00
0.00000000e+00
0.00000000e+00
0.00000000e+00
0.00000000e+00
0.00000000e+00
0.00000000e+00
0.00000000e+00
0.00000000e+00
1.46484475e-01
-1.59087524e-02
-5.71626542e-01
-9.65221644e-03
-1.43095126e+00
7.21983545e-03
0.00000000e+00
0.00000000e+00
0.00000000e+00
0.00000000e+00
0.00000000e+00
0.00000000e+00
0.00000000e+00
0.00000000e+00
0.00000000e+00
3.98732808e+00
4.27958669e+00
0.00000000e+00
3.28677664e+00
3.30108613e+00
0.00000000e+00
0.00000000e+00
0.00000000e+00
0.00000000e+00
0.00000000e+00
0.00000000e+00
8.67498869e-02
1.46681586e-02
-2.63893865e-01
-7.20110896e-01
-1.40539570e+00
-2.85488755e+00
-2.05611060e+00
1.42714385e+00
4.17601632e-01
-9.23209867e-01
0.00000000e+00
-1.33701962e+00
4.79679071e-01
-1.21892699e-01
-1.57912959e-01
-8.15276184e-01
-1.19794007e+00
-1.44712040e+00
7.31315629e+00
7.39764301e+00
7.31116608e+00
7.27560237e+00
7.15936581e+00
7.23656020e+00
-8.51490440e-01
-6.45876439e-01
-3.73628362e-01
-5.96589541e-01
-2.96406143e-01
-6.30788675e-01
-2.88770410e-01
-4.96346703e-01
-7.98908152e-01
-6.88568247e-01
-6.74310901e-01
-5.07223947e-01
0.00000000e+00
-1.89671622e+00
2.71527951e+00
0.00000000e+00
4.06228998e-02
-5.18760682e-01
0.00000000e+00
-3.18276519e+00
-8.46360210e-01
-8.67947661e-01
-1.73141233e+00
-2.43001935e-01
-1.71430787e+00
0.00000000e+00
0.00000000e+00
0.00000000e+00
5.04620645e-01
-5.18285731e-01
1.73772284e-01
-9.76170335e-02
-7.83191603e-01
1.01892535e+00
8.59306321e-02
3.18440866e-01
-2.27595050e-01
0.00000000e+00
6.15291446e-01
-4.74951267e-04
-4.90098969e-01
3.01743036e-01
-2.20002714e+00
2.76680450e-01
2.12752445e-01
-8.51916338e-01
-1.73763227e-01
1.20505017e-01
-1.32834323e+00
-9.93829072e-01
0.00000000e+00
4.61100210e-01
1.78343452e-01
6.84877892e-01
0.00000000e+00
0.00000000e+00
0.00000000e+00
5.01506878e-02
5.14788859e-01
3.45122100e-02
-5.53411846e-01
4.56457565e-01
-2.30280859e-01
-1.32121534e-01
4.54725792e-01
-1.37015307e-02
0.00000000e+00
-2.14041783e-01
-9.23632879e-02
-4.08390168e-01
-2.13600531e-03
9.16048741e-01
3.46088638e-01
-8.19073742e-02
-3.56433365e-02
8.03704022e-02
-4.04267278e-01
-3.34514161e-01
0.00000000e+00
-1.70266853e-01
-5.99541162e-02
-3.85964638e-01
1.47468862e-01
0.00000000e+00
-4.86020507e-01
4.56845595e-01
-5.33433500e-01
0.00000000e+00
0.00000000e+00
4.20870778e-01
-1.97441427e+00
0.00000000e+00
0.00000000e+00
0.00000000e+00
-7.78696346e-01
-3.47928412e-01
-1.85648453e-01
-4.43636065e-01
-6.36595312e-01
1.02719920e+00
8.12681868e-01
-5.18631412e-01
-3.50738655e-01
0.00000000e+00
2.26074763e-02
2.35757100e-01
-6.26407842e-02
9.01242257e-01
-8.20807402e-01
-3.81394643e-01
-9.29268152e-02
-1.83425485e-01
2.50720412e-01
-4.21552792e-01
-5.81410734e-01
-2.86401725e-02
-1.37520108e-02
-1.48881617e-02
0.00000000e+00
4.32842194e-01
0.00000000e+00
0.00000000e+00
0.00000000e+00
2.33809943e-01
0.00000000e+00
2.35298146e-01
1.30395876e+00
0.00000000e+00
-1.20282305e-02
5.56823331e-01
-4.05917595e-01
0.00000000e+00
0.00000000e+00
2.63301064e-01
-2.99461032e-03
-3.25683880e-01
-4.30805802e-01
-1.72259493e+00
9.58951401e-03
3.43322273e-02
0.00000000e+00
0.00000000e+00
8.31610264e-01
-5.52770561e-01
-3.27887799e-01
-2.24882762e-01
0.00000000e+00
-1.39300353e+00
0.00000000e+00
0.00000000e+00
0.00000000e+00
0.00000000e+00
3.09768626e-01
3.09768626e-01
0.00000000e+00
0.00000000e+00
1 -999999999 0 0 -1
1 0 1 1 -1
1.7908e-01 -9.7454e-02
356
4.51360760e-01
0.00000000e+00
0.00000000e+00
0.00000000e+00
0.00000000e+00
0.00000000e+00
0.00000000e+00
0.00000000e+00
0.00000000e+00
0.00000000e+00
0.00000000e+00
0.00000000e+00
0.00000000e+00
0.00000000e+00
0.00000000e+00
0.00000000e+00
3.13192232e-02
4.20041537e-01
6.00272681e-01
-6.41167855e-01
-5.89715041e-01
5.79732104e-01
0.00000000e+00
0.00000000e+00
-1.25623951e-01
4.89406547e-01
-6.80703186e-01
4.03632871e-01
4.40090662e-01
4.49056339e-01
-2.88874320e-01
3.13192232e-02
4.20041537e-01
-5.68953458e-01
-6.41167855e-01
3.01350640e-01
2.98922041e-01
4.21265110e-01
1.49399133e-01
1.79007571e-01
9.72916091e-01
0.00000000e+00
0.00000000e+00
0.00000000e+00
0.00000000e+00
0.00000000e+00
0.00000000e+00
0.00000000e+00
0.00000000e+00
0.00000000e+00
0.00000000e+00
-7.38428920e-01
-2.62514689e-01
-8.61137916e-01
0.00000000e+00
0.00000000e+00
0.00000000e+00
0.00000000e+00
-3.48489806e-02
4.30550844e-01
4.79506843e-01
-5.85892361e-02
2.90722904e-01
-3.32874823e-01
-1.60063793e-01
2.76354392e-01
-1.23956214e-01
1.34269623e-01
4.65714963e-01
-1.71499879e-02
3.17357125e-01
8.24081308e-02
-4.55743078e-03
2.69188477e-01
-1.76067282e-01
-2.33694210e-03
1.08255481e-01
7.93049482e-02
5.02960229e-06
-1.60153866e-01
0.00000000e+00
0.00000000e+00
0.00000000e+00
0.00000000e+00
0.00000000e+00
0.00000000e+00
0.00000000e+00
7.14575783e-02
4.34019760e-01
-5.41165786e-02
-6.00302473e-01
-4.60076298e-01
-7.07980087e-01
-6.29654345e-01
-6.29160690e-01
-6.13509096e-01
1.94951321e-01
1.14869895e-01
-9.75334001e-02
1.21723498e-02
-5.27001122e-01
2.39290094e-01
0.00000000e+00
0.00000000e+00
1.95404294e+00
1.83325224e+00
0.00000000e+00
0.00000000e+00
0.00000000e+00
0.00000000e+00
0.00000000e+00
0.00000000e+00
2.26754701e-01
3.08412944e-01
4.08879730e-01
3.49696264e-02
-5.34184896e-01
-1.94751428e+00
1.87070781e+00
9.58533113e-01
-1.14115923e+00
-1.38600867e+00
4.87925428e-01
-1.22807969e+00
9.77764636e-01
1.85287595e-01
6.40211465e-03
-4.04070240e-01
-8.96490416e-01
-8.12703932e-01
5.16207676e+00
5.12353306e+00
5.08244820e+00
5.00266566e+00
5.13330295e+00
4.91762739e+00
3.95282256e-01
4.93443283e-01
4.77106255e-01
3.95131303e-01
5.15343246e-01
-2.49874186e-01
4.29880723e-01
9.88462804e-02
-3.22383420e-02
-4.34336721e-02
-6.52252080e-02
-1.74659256e-01
0.00000000e+00
0.00000000e+00
0.00000000e+00
0.00000000e+00
-4.38081239e-01
2.50770258e+00
0.00000000e+00
0.00000000e+00
8.89441999e-01
-3.36880332e-01
0.00000000e+00
0.00000000e+00
-4.69374109e-01
-5.32164743e-01
-1.03330807e+00
-8.38078845e-01
-1.50268218e+00
0.00000000e+00
0.00000000e+00
0.00000000e+00
5.38278398e-01
-2.10576591e-01
-1.59613763e-01
8.75608892e-02
-5.21935951e-01
7.44213273e-01
3.95861544e-01
-6.44799653e-02
2.90946899e-02
0.00000000e+00
8.87990981e-01
-1.26303741e-01
-9.34500258e-01
2.81615323e-01
-1.98305944e+00
3.30692772e-01
4.80197289e-02
-9.51191732e-01
-1.91229055e-01
2.96880726e-01
1.00378913e-01
0.00000000e+00
0.00000000e+00
0.00000000e+00
1.70169547e-01
1.83795371e-01
-1.25648488e-01
-1.14112345e-01
7.67847592e-02
-8.75987990e-02
-6.33346614e-02
2.29244459e-02
1.93349482e-02
0.00000000e+00
-1.47427703e-01
1.38104452e-01
8.27770086e-02
-3.13687034e-02
-1.62113342e-01
-8.27125654e-02
-6.10250188e-02
1.55526615e-01
3.69776106e-02
8.93257801e-02
-7.36598422e-01
-2.23613652e-01
0.00000000e+00
7.55010204e-02
5.39526571e-02
-8.83156328e-03
-7.43190968e-02
-1.40462992e-01
-2.15436223e-01
0.00000000e+00
0.00000000e+00
0.00000000e+00
1.26551038e-01
1.95308200e-01
-1.36557741e-01
9.36443263e-01
-3.19232164e-01
3.53293552e-01
6.65618874e-01
-1.59350258e+00
2.62660536e-01
0.00000000e+00
9.01616423e-01
2.01539925e-01
7.24944500e-02
1.80610631e-01
-1.81546492e+00
-9.99857705e-01
-1.74107711e-01
4.18140462e-03
1.92855113e-01
7.30113192e-01
-5.12984769e-01
0.00000000e+00
-5.28631981e-01
-4.02390428e-01
-7.66083754e-01
-2.45760456e-01
0.00000000e+00
2.54087351e-02
5.40414848e-01
3.26277350e-02
-3.12327938e-02
-2.47155397e-01
-5.20323298e-01
0.00000000e+00
-1.15955010e-02
2.57010135e-01
-1.37024359e+00
0.00000000e+00
0.00000000e+00
0.00000000e+00
-8.55945500e-01
2.12947358e-02
-4.33943285e-02
-3.82294739e-01
-2.06285629e-01
9.31636132e-01
3.63152243e-01
-2.35951647e-01
2.63741175e-03
0.00000000e+00
-3.98421720e-01
5.34634178e-03
-4.12474099e-01
5.35056359e-01
-3.96639332e-01
-4.90441715e-02
4.24201312e-02
9.54613552e-02
5.76831987e-02
-4.44480330e-01
2.16580625e-01
0.00000000e+00
0.00000000e+00
0.00000000e+00
4.58005112e-02
-4.42680152e-01
-1.88515909e-01
4.05247418e-02
2.73706222e-01
-8.50535664e-02
4.49031601e-02
-2.03912616e-01
-3.00864505e-02
0.00000000e+00
-1.51468518e-02
1.62845616e-01
1.70521983e-01
2.52150251e-01
-4.02427799e-01
-1.93270970e-01
-9.97916356e-02
2.09279669e-01
3.63723339e-01
3.14011082e-01
-7.69424045e-01
-7.77934464e-02
4.00166508e-01
1.79054130e-01
-2.63104453e-02
-2.73715992e-04
-1.11941541e-02
-6.63255764e-02
-5.15310589e-01
0.00000000e+00
0.00000000e+00
0.00000000e+00
-2.73541799e-01
-3.89399904e-01
3.67846774e-01
-8.72282857e-01
-2.97927459e-02
1.46303934e-01
-5.01671624e-01
1.25719130e+00
2.63753755e-03
0.00000000e+00
-4.11323252e-01
-1.36467896e-01
-1.57709295e-01
-1.18878097e-01
8.09326802e-01
7.64145957e-01
3.73283849e-01
-1.57813223e-01
-3.17299536e-01
-8.69866514e-01
-6.91630599e-01
9.81901578e-01
9.99414386e-01
3.66442950e-01
-6.00819543e-01
-4.54371297e-01
2.35454448e-01
3.27731724e-02
-1.02063521e-01
-8.07757797e-02
-2.05893882e-01
-1.67701635e-01
-1.46448246e-01
1.89222386e-01
2.29925524e-01
1.39828992e-02
247
-1.28259174e-01
0.00000000e+00
0.00000000e+00
0.00000000e+00
0.00000000e+00
0.00000000e+00
0.00000000e+00
0.00000000e+00
0.00000000e+00
8.09464521e-01
0.00000000e+00
0.00000000e+00
0.00000000e+00
0.00000000e+00
-8.48871967e-02
0.00000000e+00
3.02987594e-01
-3.87874791e-01
0.00000000e+00
-8.59971676e-01
0.00000000e+00
0.00000000e+00
0.00000000e+00
2.48267713e-02
2.85932897e-01
-4.93165699e-01
7.75803200e-02
-8.48871967e-02
0.00000000e+00
3.02987594e-01
-3.87874791e-01
0.00000000e+00
6.81497571e-01
-4.47783241e-01
0.00000000e+00
0.00000000e+00
0.00000000e+00
0.00000000e+00
0.00000000e+00
0.00000000e+00
0.00000000e+00
2.72126163e-01
-1.55932393e-02
-1.66042017e-01
9.06347422e-04
-1.67128574e-01
8.25090501e-04
-6.72147448e-02
-2.13748476e-04
0.00000000e+00
0.00000000e+00
0.00000000e+00
0.00000000e+00
0.00000000e+00
0.00000000e+00
0.00000000e+00
-3.03721325e-01
-1.66559748e-02
1.92118126e-01
1.15055261e+00
1.34666460e+00
0.00000000e+00
0.00000000e+00
0.00000000e+00
0.00000000e+00
0.00000000e+00
0.00000000e+00
2.33863159e-01
2.51037600e-01
3.08987010e-01
8.71882178e-02
-4.19005656e-01
-1.74088211e+00
1.86401024e+00
2.06225857e-01
-1.16415979e-01
-9.08927912e-01
0.00000000e+00
-1.79254099e+00
1.01581352e+00
3.18262092e-01
2.71476903e-01
-4.28326074e-01
-1.15542511e+00
-8.10238483e-01
4.41135569e+00
4.27923269e+00
4.02197786e+00
4.16905453e+00
4.11093462e+00
3.90291454e+00
5.76539538e-01
4.38993633e-01
4.95782865e-01
4.26590428e-01
1.93050343e-01
-7.07037418e-01
1.53603223e-01
9.37611201e-02
1.35413345e-02
-2.67512081e-01
-9.17239867e-02
-4.14417454e-01
0.00000000e+00
-6.86486626e-01
2.05386922e+00
0.00000000e+00
5.58227452e-01
-4.05238945e-01
0.00000000e+00
0.00000000e+00
-5.12196074e-01
-7.66615706e-01
-7.23627240e-01
-6.25044774e-01
-1.27881178e+00
0.00000000e+00
0.00000000e+00
0.00000000e+00
3.31080351e-01
-6.48800182e-01
1.98017991e-01
5.63185750e-02
-3.82252203e-01
5.70164986e-01
2.63186115e-01
9.57789279e-02
-6.34190204e-01
0.00000000e+00
3.87278969e-01
2.43561237e-01
-6.20623992e-01
2.31118764e-01
-6.34359493e-01
5.99232418e-01
2.74119495e-01
-1.08923375e+00
-4.15371336e-01
-1.03838445e-01
-6.84309848e-01
-2.36823106e-01
0.00000000e+00
1.31174592e-01
2.00421153e-02
6.00710841e-02
0.00000000e+00
0.00000000e+00
0.00000000e+00
-2.75410067e-02
5.75265035e-02
4.72380462e-02
-1.98315541e-01
3.18145908e-02
-1.59961275e-01
-1.63251113e-01
4.60622098e-01
-2.24954078e-01
0.00000000e+00
-8.44760232e-03
-5.81485706e-02
-3.02564245e-01
-1.17629144e-01
1.03376651e+00
7.27913887e-02
-9.53141334e-02
2.31661275e-03
-8.56229015e-02
-2.04255058e-01
-4.47486742e-01
0.00000000e+00
-1.09372636e-02
-2.43621049e-01
-5.94501932e-01
-2.75372968e-01
0.00000000e+00
-1.10020769e-01
7.81609387e-01
-3.19128964e-01
0.00000000e+00
2.77573659e-03
8.96656171e-01
-1.34867201e+00
0.00000000e+00
0.00000000e+00
0.00000000e+00
-9.82335292e-01
-9.23570650e-01
1.43160766e-02
-1.52254404e-01
6.41916053e-01
6.87395549e-01
4.16947558e-01
-6.07575743e-01
-2.61013725e-01
0.00000000e+00
-3.55491050e-01
8.15315911e-02
-2.15112511e-01
9.64036558e-01
-1.34423562e+00
-2.06332585e-01
1.32326133e-01
4.15295051e-01
6.42791375e-01
-2.97306376e-01
-8.12046948e-01
-2.45517312e-01
2.31839259e-01
-1.23866243e-01
-2.05739163e-01
2.86103938e-01
0.00000000e+00
0.00000000e+00
0.00000000e+00
1.19344306e-01
4.92700489e-01
-3.67853095e-01
5.24716558e-01
-3.16174358e-01
1.04469275e-01
1.43396912e-01
-4.54383147e-01
4.84305245e-01
0.00000000e+00
3.51067308e-01
5.25174368e-01
2.08704867e-02
-1.28848192e-01
-1.15500259e+00
-3.05181354e-01
-3.71533937e-01
3.47195629e-01
-1.23965651e-01
3.95805687e-01
-5.66529636e-01
6.25067319e-01
5.00625087e-01
1.33284174e-01
-5.36625067e-01
-4.78109928e-01
2.09195263e-01
1.73928883e-01
7.41297788e-02
-5.85151385e-02
1.55499522e-01
1.09559039e-01
1.68035143e-01
7 1
-1.1300e-02 -5.0202e-03
2 1
0 1 
217
3.83470187e-01
-6.57067466e-01
1.45205931e-01
1.31017183e-01
-8.61512448e-02
3.41880973e-01
2.29522922e-01
4.42059734e-02
2.93827427e-01
-9.08603898e-02
7.29585147e-02
-1.25316662e-01
-1.26687432e-01
-6.62662089e-02
-1.25947498e-01
3.40584490e-03
3.84273367e-01
6.57196487e-02
-1.28691024e-03
2.63338242e-01
2.93654749e-01
-2.43622841e-03
4.69341051e-02
1.50043287e-01
-1.81949162e-03
-6.15984349e-02
0.00000000e+00
0.00000000e+00
0.00000000e+00
0.00000000e+00
0.00000000e+00
0.00000000e+00
0.00000000e+00
-1.97911959e-01
3.51698578e-01
2.29683568e-01
0.00000000e+00
-8.38854364e-02
4.67355623e-01
0.00000000e+00
0.00000000e+00
0.00000000e+00
0.00000000e+00
0.00000000e+00
0.00000000e+00
-1.03001776e-01
1.91163399e-02
4.67355623e-01
0.00000000e+00
0.00000000e+00
0.00000000e+00
0.00000000e+00
0.00000000e+00
0.00000000e+00
0.00000000e+00
0.00000000e+00
0.00000000e+00
0.00000000e+00
0.00000000e+00
0.00000000e+00
4.67355623e-01
1.91163399e-02
-1.03001776e-01
7.64363036e-01
-7.45246697e-01
-1.80262026e+00
3.54479266e-01
7.46279226e-01
9.87458136e-03
1.23097172e+00
0.00000000e+00
-1.17059893e-01
-1.09313529e+00
5.53059399e-01
-1.43351266e-01
-6.65874358e-02
9.15401855e-01
0.00000000e+00
0.00000000e+00
0.00000000e+00
0.00000000e+00
0.00000000e+00
0.00000000e+00
0.00000000e+00
0.00000000e+00
0.00000000e+00
0.00000000e+00
0.00000000e+00
0.00000000e+00
0.00000000e+00
0.00000000e+00
0.00000000e+00
0.00000000e+00
0.00000000e+00
0.00000000e+00
0.00000000e+00
0.00000000e+00
0.00000000e+00
0.00000000e+00
0.00000000e+00
0.00000000e+00
0.00000000e+00
0.00000000e+00
0.00000000e+00
0.00000000e+00
0.00000000e+00
0.00000000e+00
0.00000000e+00
0.00000000e+00
0.00000000e+00
0.00000000e+00
0.00000000e+00
0.00000000e+00
0.00000000e+00
0.00000000e+00
0.00000000e+00
0.00000000e+00
0.00000000e+00
0.00000000e+00
-6.92418360e-01
-1.51473858e+00
-6.86160211e-01
0.00000000e+00
0.00000000e+00
0.00000000e+00
6.32810625e-01
-1.27265026e+00
1.24936386e-01
-3.97982743e-01
-6.88754997e-01
7.25355659e-01
2.78287519e-01
9.25631039e-01
-3.11416177e-01
0.00000000e+00
5.01920581e-01
-4.11188939e-01
-1.07119269e+00
2.02326461e-01
4.01130197e-01
9.82924832e-01
3.27511039e-01
-1.26858231e+00
-4.26167925e-01
5.89414911e-02
-2.64554072e-01
0.00000000e+00
0.00000000e+00
0.00000000e+00
2.69047917e-01
-9.20403615e-01
-1.44055789e-02
6.08738048e-01
-5.72383793e-01
-6.92712515e-02
2.27758862e-01
-3.38477259e-01
-4.70860795e-02
0.00000000e+00
5.77497277e-01
-1.52344000e-01
-1.91796052e-01
1.54874884e-01
-5.31831805e-01
-6.92825128e-02
2.90297802e-01
-1.98054779e-01
8.90115953e-02
6.23556268e-01
-1.58243610e+00
0.00000000e+00
0.00000000e+00
0.00000000e+00
-5.13374234e-02
2.51340964e+00
-4.67434708e-01
-8.34383077e-02
-8.81242479e-01
6.48608430e-02
-9.15512948e-01
-1.21587086e-01
-9.00164167e-01
0.00000000e+00
3.33258467e-01
2.76496306e+00
-1.27053952e+00
1.94646028e-02
-1.26915649e+00
-1.70891183e-01
-1.77143695e-01
-5.50926197e-01
-3.33846399e-01
-8.51721148e-02
1.56001918e-01
0.00000000e+00
0.00000000e+00
0.00000000e+00
8.67238528e-02
-6.71899807e-01
1.29630827e-01
-1.52459672e-01
-1.69207437e-01
3.39218501e-01
4.54041947e-01
9.44228498e-02
-1.41815299e-02
0.00000000e+00
1.32294302e-02
-9.26001060e-01
-1.79502511e-02
2.92054612e-01
6.34018558e-01
2.19168325e-01
6.66864723e-02
-2.94658452e-01
6.65355696e-02
6.62918187e-03
136
6.13235331e-01
2.70316486e-01
6.08144488e-03
4.85576578e-02
2.29722096e-03
1.99608966e-01
-1.00723909e-03
9.47522213e-02
-5.78117611e-04
0.00000000e+00
0.00000000e+00
0.00000000e+00
0.00000000e+00
0.00000000e+00
0.00000000e+00
0.00000000e+00
4.00475147e-03
3.09423244e-01
2.99807335e-01
1.22855258e-01
-1.86913170e-02
5.09071390e-01
0.00000000e+00
0.00000000e+00
0.00000000e+00
0.00000000e+00
0.00000000e+00
1.22855258e-01
3.07546996e-02
-4.94460166e-02
5.09071390e-01
0.00000000e+00
0.00000000e+00
0.00000000e+00
0.00000000e+00
0.00000000e+00
0.00000000e+00
0.00000000e+00
0.00000000e+00
0.00000000e+00
0.00000000e+00
0.00000000e+00
0.00000000e+00
0.00000000e+00
0.00000000e+00
0.00000000e+00
3.77880502e-01
-3.04471261e-01
6.90548437e-01
-1.86730139e-01
-1.39437065e+00
0.00000000e+00
1.63726743e-01
4.34400818e-01
-9.42246067e-04
-9.26575727e-01
0.00000000e+00
0.00000000e+00
0.00000000e+00
0.00000000e+00
5.09071390e-01
-4.94460166e-02
3.07546996e-02
0.00000000e+00
0.00000000e+00
0.00000000e+00
0.00000000e+00
0.00000000e+00
0.00000000e+00
0.00000000e+00
0.00000000e+00
0.00000000e+00
0.00000000e+00
0.00000000e+00
0.00000000e+00
0.00000000e+00
0.00000000e+00
0.00000000e+00
0.00000000e+00
0.00000000e+00
0.00000000e+00
0.00000000e+00
0.00000000e+00
0.00000000e+00
0.00000000e+00
0.00000000e+00
-5.08840773e-01
-8.94262730e-01
-8.10139250e-01
0.00000000e+00
0.00000000e+00
0.00000000e+00
8.09753890e-01
-2.49664684e+00
3.74649538e-01
1.31650338e-01
-1.23015957e+00
7.59760036e-01
5.01800190e-01
1.11939360e+00
-5.52161019e-01
0.00000000e+00
8.78011327e-01
-5.28178371e-01
-1.06737657e+00
3.27735389e-01
9.76408784e-01
1.06442444e+00
5.27521976e-01
-1.99746851e+00
-6.45345401e-01
2.36087524e-01
-1.21907889e+00
0.00000000e+00
0.00000000e+00
0.00000000e+00
1.59625480e-01
1.46736121e+00
-1.73559494e-01
1.00838914e-01
-1.45303930e+00
1.49677267e-01
2.69995312e-01
-2.08057265e-01
-9.43925605e-01
0.00000000e+00
8.23461942e-01
2.33686983e+00
-1.26240913e+00
2.68185231e-01
-1.09731143e+00
-1.95098931e-02
5.58914313e-02
-1.38899656e+00
-4.73847821e-01
1.69670998e-01
2 1
-1.8676e-01 5.1998e-02
3 1
0 1 7 
217
3.98077499e-01
-6.62765701e-01
2.01662794e-01
-7.88866383e-01
4.21601793e-02
1.72062985e-01
2.24815749e-01
1.32662642e-02
1.63134810e-01
1.73392005e-01
5.30465194e-02
2.72095427e-02
-8.50797585e-02
-9.63723296e-02
7.62742005e-03
3.68497421e-03
4.01388133e-01
7.05051564e-02
1.97869949e-04
2.12683068e-01
3.28931570e-01
-1.67716488e-03
-5.62962046e-04
-8.98664718e-03
-9.02626694e-04
4.59561210e-02
0.00000000e+00
0.00000000e+00
0.00000000e+00
0.00000000e+00
0.00000000e+00
0.00000000e+00
0.00000000e+00
-1.57007375e-01
3.26464036e-01
2.28620838e-01
0.00000000e+00
-2.09798139e-01
5.80796770e-03
6.02067670e-01
0.00000000e+00
0.00000000e+00
0.00000000e+00
0.00000000e+00
0.00000000e+00
2.20841862e-01
-4.30640002e-01
3.98577481e-01
0.00000000e+00
-6.79502647e-01
2.86733134e-01
6.02067670e-01
0.00000000e+00
0.00000000e+00
0.00000000e+00
0.00000000e+00
0.00000000e+00
0.00000000e+00
0.00000000e+00
0.00000000e+00
3.21142504e-01
-1.43906868e-01
2.20841862e-01
7.13746229e-01
-8.57653097e-01
-1.86267804e+00
3.90514583e-01
6.88259841e-01
1.51469783e-01
1.16884839e+00
0.00000000e+00
-4.64321776e-01
-9.51315924e-01
6.96181383e-01
-1.42734275e-01
1.60556901e-01
9.59252935e-01
0.00000000e+00
1.88779342e-01
-3.19250084e-02
2.89018451e-01
1.96013443e-02
-7.97202944e-02
3.35567958e-01
0.00000000e+00
0.00000000e+00
0.00000000e+00
0.00000000e+00
0.00000000e+00
0.00000000e+00
0.00000000e+00
0.00000000e+00
0.00000000e+00
0.00000000e+00
0.00000000e+00
0.00000000e+00
0.00000000e+00
0.00000000e+00
0.00000000e+00
0.00000000e+00
0.00000000e+00
0.00000000e+00
0.00000000e+00
0.00000000e+00
0.00000000e+00
0.00000000e+00
0.00000000e+00
0.00000000e+00
0.00000000e+00
0.00000000e+00
0.00000000e+00
0.00000000e+00
0.00000000e+00
0.00000000e+00
0.00000000e+00
0.00000000e+00
0.00000000e+00
0.00000000e+00
0.00000000e+00
-7.14812053e-01
-1.57828735e+00
-7.66894446e-01
0.00000000e+00
0.00000000e+00
0.00000000e+00
7.96086625e-01
-1.48951694e+00
2.98950849e-03
-2.34981305e-01
-8.19663234e-01
7.36978709e-01
3.09854632e-01
7.43149619e-01
-3.87506988e-01
0.00000000e+00
5.30867324e-01
-4.80917403e-01
-1.10666230e+00
1.93859626e-01
4.82864050e-01
1.20940555e+00
5.63843296e-01
-1.40415456e+00
-5.26893705e-01
1.13503051e-01
-2.16973963e-01
0.00000000e+00
0.00000000e+00
0.00000000e+00
1.79745582e-01
-9.40391486e-01
-1.31095274e-01
4.58864187e-01
-4.28008569e-01
-7.46744018e-02
2.04562510e-01
-1.37993208e-01
-2.21528479e-02
0.00000000e+00
5.19611493e-01
-8.68738286e-02
-1.08941658e-01
9.79064561e-02
-5.07402810e-01
-4.26359840e-02
2.23314001e-01
-6.56583911e-02
1.28295611e-01
5.16554654e-01
-1.62298557e+00
0.00000000e+00
0.00000000e+00
0.00000000e+00
-9.35379513e-02
2.81587295e+00
-5.42062380e-01
-3.05879457e-01
-1.11627911e+00
3.41617035e-01
-5.48167503e-01
-2.41201775e-01
-6.60956278e-01
0.00000000e+00
2.44205709e-01
2.82894470e+00
-1.46407149e+00
2.56139667e-02
-1.37834358e+00
-7.13077777e-02
-1.07355478e-02
-7.48944225e-01
-6.14059663e-01
-8.36932032e-02
1.53088346e-01
0.00000000e+00
0.00000000e+00
0.00000000e+00
9.75282095e-02
-8.96178362e-01
1.69111217e-01
6.77189748e-02
2.41851978e-03
1.10349053e-01
3.89928825e-01
1.23106957e-01
-1.58496273e-01
0.00000000e+00
6.30621069e-02
-1.13521657e+00
1.11550439e-01
3.16804492e-01
7.00949184e-01
1.49719822e-01
3.08098943e-02
-1.83802254e-01
2.31345517e-01
-3.76214072e-02
136
4.44200351e-01
2.37257171e-01
6.44359217e-03
9.00590253e-03
1.87771521e-03
1.49236859e-01
-8.71382155e-04
4.87004183e-02
-7.56720950e-04
0.00000000e+00
0.00000000e+00
0.00000000e+00
0.00000000e+00
0.00000000e+00
0.00000000e+00
0.00000000e+00
-2.11203160e-02
2.79602849e-01
1.85717818e-01
1.03619772e-01
-1.11307905e-01
1.07837078e-01
3.44051405e-01
0.00000000e+00
0.00000000e+00
0.00000000e+00
0.00000000e+00
1.03619772e-01
2.85587222e-02
-1.39866627e-01
3.84114763e-01
0.00000000e+00
-1.18153788e-01
-1.58123897e-01
3.44051405e-01
0.00000000e+00
0.00000000e+00
0.00000000e+00
0.00000000e+00
0.00000000e+00
0.00000000e+00
0.00000000e+00
0.00000000e+00
0.00000000e+00
0.00000000e+00
0.00000000e+00
2.40157632e-01
-4.34528384e-01
6.79483476e-01
-1.92339579e-01
-1.49571591e+00
0.00000000e+00
2.12842199e-02
5.22334570e-01
4.54182372e-02
-8.52280738e-01
0.00000000e+00
3.78203411e-01
-3.10619211e-01
2.72989312e-01
4.34710758e-01
-2.97990524e-01
2.85587222e-02
0.00000000e+00
0.00000000e+00
0.00000000e+00
0.00000000e+00
0.00000000e+00
0.00000000e+00
0.00000000e+00
0.00000000e+00
0.00000000e+00
0.00000000e+00
0.00000000e+00
0.00000000e+00
0.00000000e+00
0.00000000e+00
0.00000000e+00
0.00000000e+00
0.00000000e+00
0.00000000e+00
0.00000000e+00
0.00000000e+00
0.00000000e+00
0.00000000e+00
0.00000000e+00
-4.82078453e-01
-8.59935672e-01
-8.11071749e-01
0.00000000e+00
0.00000000e+00
0.00000000e+00
8.42695697e-01
-2.45771314e+00
4.35937442e-01
1.69006524e-01
-1.21461588e+00
6.95822223e-01
4.97881206e-01
1.13149850e+00
-5.23383677e-01
0.00000000e+00
9.08756800e-01
-5.81840772e-01
-1.08203514e+00
3.18258236e-01
9.45253610e-01
9.99922376e-01
4.68199367e-01
-2.02775883e+00
-6.08690564e-01
2.71734264e-01
-1.20407076e+00
0.00000000e+00
0.00000000e+00
0.00000000e+00
1.86764679e-01
1.49283150e+00
-1.82031684e-01
7.70370355e-02
-1.42233681e+00
1.52249759e-01
1.88852304e-01
-2.12706743e-01
-9.33556125e-01
0.00000000e+00
8.05845639e-01
2.41229485e+00
-1.30650132e+00
2.86036570e-01
-1.05371225e+00
-2.94244453e-02
4.09295519e-02
-1.40195712e+00
-4.69353183e-01
1.64667032e-01
19 2
-6.7260e-02 6.1421e-02
4 -1
0 1 7 2 
217
-2.46662963e-01
2.68888619e-01
2.26006661e-02
-7.01121303e-02
-2.61094327e-02
8.65122110e-03
-1.90399615e-01
3.99082838e-02
-2.59029018e-01
3.01830837e-01
-6.00002558e-02
3.42562641e-01
2.88875359e-01
-4.00323304e-01
0.00000000e+00
0.00000000e+00
0.00000000e+00
0.00000000e+00
0.00000000e+00
0.00000000e+00
0.00000000e+00
0.00000000e+00
0.00000000e+00
-2.46662963e-01
2.84325293e-03
5.59672696e-01
0.00000000e+00
0.00000000e+00
0.00000000e+00
0.00000000e+00
0.00000000e+00
0.00000000e+00
0.00000000e+00
-5.85585347e-01
-1.83917922e-01
5.22840306e-01
0.00000000e+00
-3.92050422e-01
-2.23483176e-01
-8.45862354e-02
4.53456870e-01
0.00000000e+00
0.00000000e+00
0.00000000e+00
0.00000000e+00
5.12610235e-02
-4.43311445e-01
2.57162087e-02
0.00000000e+00
-1.55062246e-01
-8.64450641e-02
4.10053375e-01
0.00000000e+00
2.79491920e-01
-2.87183995e-01
3.42823005e-01
0.00000000e+00
-1.21322042e+00
3.75757800e-01
4.53456870e-01
1.43258718e-01
-4.41182704e-01
5.12610235e-02
2.85339502e-01
-7.26522206e-01
-1.03746659e+00
9.54624040e-02
8.47447268e-01
9.90573371e-02
5.12162822e-01
0.00000000e+00
-1.02975315e+00
-7.40432422e-01
3.22210836e-01
-3.85027689e-01
4.68655919e-01
5.37547114e-01
0.00000000e+00
-2.34267148e-02
-1.60781609e-01
-7.67818118e-02
-1.76866090e-01
-1.38677869e-01
-1.04355727e-01
0.00000000e+00
-1.90011580e-01
-6.98724057e-01
7.70038848e-02
-1.38422475e-01
-1.25878700e-01
5.44265760e-02
0.00000000e+00
0.00000000e+00
0.00000000e+00
0.00000000e+00
0.00000000e+00
0.00000000e+00
0.00000000e+00
0.00000000e+00
0.00000000e+00
0.00000000e+00
0.00000000e+00
0.00000000e+00
0.00000000e+00
0.00000000e+00
0.00000000e+00
0.00000000e+00
0.00000000e+00
0.00000000e+00
0.00000000e+00
0.00000000e+00
0.00000000e+00
0.00000000e+00
0.00000000e+00
0.00000000e+00
0.00000000e+00
0.00000000e+00
0.00000000e+00
0.00000000e+00
-5.13697057e-01
-1.19701115e+00
-8.13257595e-01
0.00000000e+00
0.00000000e+00
0.00000000e+00
6.69521933e-01
-4.81137679e-01
-1.94386359e-01
1.16773095e-01
-2.62169306e-01
-2.90194454e-02
2.35183043e-01
7.34992436e-01
-3.59202068e-01
0.00000000e+00
3.57630117e-01
-3.97093444e-01
-8.17685786e-01
-3.32467353e-02
4.05934513e-01
4.25752778e-01
1.84262243e-01
-4.79032747e-01
-4.84618597e-01
-4.05715589e-01
-4.35145675e-02
0.00000000e+00
0.00000000e+00
0.00000000e+00
1.18647319e-01
-7.66728185e-01
6.71055249e-02
8.42665534e-02
-4.77875178e-01
2.22972318e-01
6.08383388e-02
1.70760707e-02
1.22695003e-01
0.00000000e+00
3.25539991e-01
-4.66838054e-02
-6.64777773e-02
1.43716955e-01
-2.02018828e-01
1.87024692e-01
2.03168200e-01
-4.58182096e-01
-2.72092030e-02
4.48609540e-01
-1.22928180e+00
0.00000000e+00
0.00000000e+00
0.00000000e+00
4.96638949e-01
-3.74237259e-01
-4.95553275e-01
-2.01058057e-01
-4.82053518e-01
2.19179487e-01
3.64014917e-01
9.59105485e-02
-6.61716849e-01
0.00000000e+00
8.21045264e-01
2.01975952e-01
-4.91663146e-01
1.87885025e-01
-4.77279687e-01
-8.52066007e-02
-6.20513386e-02
-5.48809220e-02
-4.10578866e-01
1.80347579e-01
4.04151579e-02
0.00000000e+00
0.00000000e+00
0.00000000e+00
-1.75615532e-01
3.16016947e-01
5.03348768e-02
-1.90870747e-02
-1.56355587e-01
1.54585357e-01
-2.06233955e-01
-1.10429262e-01
-2.24147143e-01
0.00000000e+00
-5.51508441e-03
5.12617045e-01
-2.52141124e-01
1.80538315e-01
-2.48426171e-02
2.61173457e-02
1.88052161e-02
-2.71222931e-01
1.54836993e-01
7.21533714e-02
136
4.67957909e-01
0.00000000e+00
0.00000000e+00
0.00000000e+00
0.00000000e+00
0.00000000e+00
0.00000000e+00
4.67957909e-01
2.77480602e-03
0.00000000e+00
0.00000000e+00
0.00000000e+00
0.00000000e+00
0.00000000e+00
0.00000000e+00
0.00000000e+00
-1.81219365e-03
3.39488428e-01
1.30281674e-01
-1.50953875e-01
-2.80768173e-01
7.66969727e-02
3.01558393e-01
5.21424590e-01
0.00000000e+00
0.00000000e+00
0.00000000e+00
-1.50953875e-01
-7.30686210e-02
-2.07699552e-01
1.74197219e-01
0.00000000e+00
1.63951588e-01
-1.87048396e-01
3.76140858e-01
0.00000000e+00
3.05909276e-01
-3.80312715e-01
4.40592931e-01
0.00000000e+00
-4.36885807e-01
-7.82895891e-02
5.21424590e-01
0.00000000e+00
0.00000000e+00
0.00000000e+00
-1.13702327e-01
-8.90601799e-01
6.58482555e-01
-2.94175702e-01
-2.24356688e+00
0.00000000e+00
-1.72827418e-01
5.59496239e-01
6.78249483e-02
-9.11035528e-01
0.00000000e+00
9.30959643e-02
-1.44940107e-01
1.32347332e-01
2.73060330e-02
-8.37689514e-01
6.78986328e-03
-3.67164151e-01
1.21779773e-01
-7.63530139e-01
0.00000000e+00
0.00000000e+00
0.00000000e+00
0.00000000e+00
0.00000000e+00
0.00000000e+00
0.00000000e+00
0.00000000e+00
0.00000000e+00
0.00000000e+00
0.00000000e+00
0.00000000e+00
0.00000000e+00
0.00000000e+00
0.00000000e+00
0.00000000e+00
0.00000000e+00
0.00000000e+00
0.00000000e+00
0.00000000e+00
-4.36900316e-01
-9.27934872e-01
-8.29138360e-01
0.00000000e+00
0.00000000e+00
0.00000000e+00
8.33873570e-01
-2.47910724e+00
3.59682560e-01
1.23639842e-01
-1.19236569e+00
7.30233601e-01
4.96460254e-01
1.11796694e+00
-5.62827491e-01
0.00000000e+00
9.15051579e-01
-6.04605252e-01
-1.14022700e+00
3.26997610e-01
8.92533701e-01
1.05298994e+00
5.34829899e-01
-1.96825445e+00
-5.80060670e-01
3.14049927e-01
-1.28368583e+00
0.00000000e+00
0.00000000e+00
0.00000000e+00
1.38961234e-01
1.57253905e+00
-2.11444335e-01
2.93356176e-02
-1.43392832e+00
1.99480465e-01
1.69038925e-01
-1.72771726e-01
-8.23199320e-01
0.00000000e+00
6.79525880e-01
2.42263367e+00
-1.33744197e+00
2.59339066e-01
-9.00523710e-01
-1.92040215e-03
6.51867510e-03
-1.44012459e+00
-5.17504201e-01
7.78001621e-02
14 2
-1.3016e-01 8.5798e-02
5 19
0 1 7 2 19 
217
-2.51370077e-01
1.50334850e-01
7.14247992e-02
3.48208255e-02
-1.94899683e-01
-1.35411403e-01
-1.73903701e-01
1.43063041e-01
-1.83816187e-01
1.95289660e-01
1.97849678e-02
1.51034306e-01
2.81464525e-01
-3.50829464e-01
0.00000000e+00
0.00000000e+00
0.00000000e+00
0.00000000e+00
0.00000000e+00
0.00000000e+00
0.00000000e+00
0.00000000e+00
0.00000000e+00
-2.51370077e-01
2.90108790e-03
6.46823070e-01
0.00000000e+00
0.00000000e+00
0.00000000e+00
0.00000000e+00
0.00000000e+00
0.00000000e+00
0.00000000e+00
-5.62186958e-01
-1.98908969e-01
5.09725850e-01
0.00000000e+00
-6.00995536e-01
-1.17491518e-01
2.29353245e-01
2.61167736e-01
-2.34040047e-02
0.00000000e+00
0.00000000e+00
0.00000000e+00
3.73061380e-02
-1.79175267e-01
3.17367681e-02
0.00000000e+00
3.62159314e-02
-1.45631842e-01
1.51787026e-01
0.00000000e+00
-9.62391777e-02
-4.35788452e-01
2.78325522e-01
0.00000000e+00
-1.19000457e+00
1.86761141e-01
1.07333670e+00
6.30304913e-03
-5.73834419e-01
3.16161292e-01
2.26816713e-01
-8.00651132e-01
-1.07654128e+00
1.23985453e-01
9.96314453e-01
1.98478888e-01
4.82962679e-01
0.00000000e+00
-1.20547339e+00
-7.95341539e-01
4.32817518e-01
-3.96986118e-01
5.28534078e-01
5.67628304e-01
0.00000000e+00
-3.60626264e-01
-1.80937384e-01
1.68838955e-01
-2.36979108e-01
-5.63745649e-02
4.25762777e-02
0.00000000e+00
-6.45530415e-02
-5.48450033e-01
-1.36673893e-01
-2.32810297e-01
-4.69349391e-02
2.54113432e-02
0.00000000e+00
1.81569333e-01
-7.39496213e-03
-2.12966140e-01
-1.11104936e-01
-2.19973270e-01
-4.93203029e-02
0.00000000e+00
0.00000000e+00
0.00000000e+00
0.00000000e+00
0.00000000e+00
0.00000000e+00
0.00000000e+00
0.00000000e+00
0.00000000e+00
0.00000000e+00
0.00000000e+00
0.00000000e+00
0.00000000e+00
0.00000000e+00
0.00000000e+00
0.00000000e+00
0.00000000e+00
0.00000000e+00
0.00000000e+00
0.00000000e+00
0.00000000e+00
-6.52082571e-01
-1.18092814e+00
-8.69518315e-01
0.00000000e+00
0.00000000e+00
0.00000000e+00
5.80842427e-01
-5.42417901e-01
-1.83176017e-01
2.82738979e-01
-3.41879521e-01
3.30224616e-01
-1.02729056e-01
6.86608490e-01
-2.79395463e-01
0.00000000e+00
3.44203390e-01
-5.27135579e-01
-8.16347691e-01
-6.90409009e-02
3.07626176e-01
4.18002937e-01
2.12615748e-01
-5.33420519e-01
-4.02069255e-01
-2.34769175e-01
-5.11651625e-02
0.00000000e+00
0.00000000e+00
0.00000000e+00
2.15736896e-01
-8.36456691e-01
4.83461734e-02
-9.32697730e-03
-4.73551922e-01
9.40454907e-02
2.44904314e-01
4.50490945e-02
5.01374033e-02
0.00000000e+00
3.10514019e-01
-1.83146629e-02
-1.31852618e-01
1.33241631e-01
-7.98131698e-02
2.57142319e-01
2.07146206e-01
-4.48830359e-01
-4.44672224e-02
3.85184912e-01
-1.19500709e+00
0.00000000e+00
0.00000000e+00
0.00000000e+00
8.15898733e-02
-2.72914994e-01
-5.30710276e-01
5.27425796e-03
-4.66277034e-01
2.11025551e-01
3.21859777e-01
-8.04565129e-02
-5.31533022e-01
0.00000000e+00
8.78810369e-01
4.40100309e-01
-5.11922524e-01
3.80277574e-01
-3.16032245e-01
6.88842820e-02
-1.32471996e-01
-1.50908898e-01
-4.67454142e-01
-1.22147436e-01
7.48008632e-03
0.00000000e+00
0.00000000e+00
0.00000000e+00
-1.07628062e-02
3.14368388e-01
9.88338590e-02
-4.35268911e-02
-2.11853111e-01
1.22929296e-01
-1.56348447e-01
-4.72268110e-03
-2.97812230e-01
0.00000000e+00
-1.21698752e-02
3.61368453e-01
-2.19177114e-01
1.33169491e-01
-8.04140707e-02
-5.26921938e-02
4.89858026e-02
-3.65098740e-01
1.81031269e-01
2.01371687e-01
136
3.11019812e-01
0.00000000e+00
0.00000000e+00
0.00000000e+00
0.00000000e+00
0.00000000e+00
0.00000000e+00
3.11019812e-01
2.74344437e-03
0.00000000e+00
0.00000000e+00
0.00000000e+00
0.00000000e+00
0.00000000e+00
0.00000000e+00
0.00000000e+00
-6.08899600e-02
2.97664500e-01
7.42452723e-02
-1.74794683e-01
-3.95156725e-01
1.15453017e-01
3.53614874e-01
4.46876161e-01
-3.49728317e-02
0.00000000e+00
0.00000000e+00
-1.74794683e-01
-9.46338886e-02
-1.04071647e-01
1.45074740e-01
0.00000000e+00
1.54569374e-01
-2.49275266e-01
3.19134099e-01
0.00000000e+00
3.38993740e-01
-4.41470197e-01
3.18569663e-01
0.00000000e+00
-3.63722132e-01
-9.88921458e-02
5.61538156e-01
0.00000000e+00
0.00000000e+00
0.00000000e+00
-1.43296023e-01
-9.25207916e-01
6.49047703e-01
-3.07906679e-01
-1.85793926e+00
0.00000000e+00
-1.47812257e-01
5.62182429e-01
8.94326397e-02
-9.42006445e-01
0.00000000e+00
-3.04859028e-02
-1.91538181e-01
1.11430387e-01
1.71652951e-02
-8.75360594e-01
2.12453719e-01
-2.93452599e-01
1.55937988e-01
-7.85466860e-01
0.00000000e+00
2.70285719e-01
7.71629716e-03
-8.76891819e-02
-1.21668739e-02
0.00000000e+00
0.00000000e+00
0.00000000e+00
0.00000000e+00
0.00000000e+00
0.00000000e+00
0.00000000e+00
0.00000000e+00
0.00000000e+00
0.00000000e+00
0.00000000e+00
0.00000000e+00
0.00000000e+00
0.00000000e+00
0.00000000e+00
-4.41006217e-01
-8.95152035e-01
-8.24963986e-01
0.00000000e+00
0.00000000e+00
0.00000000e+00
8.34047410e-01
-2.47568290e+00
3.46687289e-01
1.31994018e-01
-1.20705130e+00
7.18171706e-01
4.89055227e-01
1.11802979e+00
-5.22805438e-01
0.00000000e+00
9.15040013e-01
-6.05943074e-01
-1.12688569e+00
3.14147919e-01
8.85955387e-01
1.05310436e+00
5.36054573e-01
-1.97215874e+00
-5.91312686e-01
3.34588142e-01
-1.27744184e+00
0.00000000e+00
0.00000000e+00
0.00000000e+00
1.37825565e-01
1.56529913e+00
-2.26871512e-01
-1.25352044e-03
-1.44945737e+00
1.83586496e-01
1.43532319e-01
-1.57213908e-01
-7.92436645e-01
0.00000000e+00
6.81805294e-01
2.42306174e+00
-1.35258221e+00
2.51734327e-01
-8.56821609e-01
-9.25535175e-03
1.33807981e-02
-1.41531176e+00
-4.99174752e-01
8.27111351e-02
3 1
-3.6887e-01 2.1535e-01
6 0
0 1 7 2 19 14 
217
-5.78962095e-01
-1.86547796e-01
4.22836034e-01
4.42439086e-02
-3.04871326e-01
2.81315018e-01
-2.07830561e-02
2.62504369e-01
1.98786954e-03
-2.48353047e-01
9.55883315e-02
-1.20382700e-01
0.00000000e+00
0.00000000e+00
1.45954231e-01
-1.73085390e-03
-3.33236951e-01
-1.79045863e-01
-3.51408917e-03
-3.65616627e-01
-5.45870464e-01
-3.18643732e-02
-3.44897001e-01
0.00000000e+00
0.00000000e+00
0.00000000e+00
0.00000000e+00
0.00000000e+00
0.00000000e+00
0.00000000e+00
0.00000000e+00
0.00000000e+00
0.00000000e+00
-2.24063467e-01
-3.54898628e-01
0.00000000e+00
0.00000000e+00
-3.99841250e-01
-5.58502845e-02
1.24397289e-01
4.36640558e-02
-1.85363598e-01
-1.05968307e-01
0.00000000e+00
0.00000000e+00
-2.99898657e-01
1.85470591e-01
-2.31901071e-01
0.00000000e+00
6.42775771e-02
-3.47748978e-01
2.30110000e-01
0.00000000e+00
-8.59464989e-02
-5.90295743e-02
1.54310741e-01
0.00000000e+00
-6.11642390e-01
-3.77828066e-01
8.00864231e-01
-1.12048361e-02
-5.99136028e-01
3.13787688e-02
0.00000000e+00
-5.99136028e-01
-1.53691882e+00
4.70073705e-02
1.07172093e+00
-2.68334377e-02
6.33972453e-01
0.00000000e+00
-9.33209969e-01
-9.19720086e-01
3.11831140e-01
-1.11325989e-01
4.24167336e-02
3.66019799e-01
0.00000000e+00
-3.36994470e-01
-1.15511676e-01
-5.90502588e-02
-3.67892420e-01
-1.82917367e-01
1.74316315e-01
0.00000000e+00
-3.99690538e-01
-5.29767990e-01
-7.04390942e-03
-2.15258109e-01
-1.72227647e-01
1.59883151e-01
0.00000000e+00
3.04100686e-01
3.27917045e-01
-3.57465158e-01
1.38631934e-02
-5.25597623e-01
-1.84896896e-01
0.00000000e+00
1.74793115e-02
-1.01789832e-01
-4.22669690e-01
1.34313660e-01
-1.73771716e-01
-2.38343145e-01
0.00000000e+00
0.00000000e+00
0.00000000e+00
0.00000000e+00
0.00000000e+00
0.00000000e+00
0.00000000e+00
0.00000000e+00
0.00000000e+00
0.00000000e+00
0.00000000e+00
0.00000000e+00
0.00000000e+00
0.00000000e+00
-3.59049563e-01
-2.08639210e-01
-7.51374958e-01
0.00000000e+00
0.00000000e+00
0.00000000e+00
8.16681138e-01
-1.30260580e+00
2.76233634e-01
-1.17072970e-01
-1.33255826e+00
3.58623960e-01
1.37689824e-01
9.45941426e-01
-1.48905254e-01
0.00000000e+00
7.48987827e-01
-8.26433070e-01
-1.58387316e+00
4.29890102e-01
9.11481279e-01
8.25272233e-01
6.00334146e-01
-1.46434031e+00
-3.62677505e-01
3.35955793e-01
-6.64547516e-02
0.00000000e+00
0.00000000e+00
0.00000000e+00
-9.56824438e-02
-5.70739335e-01
-8.19518096e-02
6.35401935e-01
-2.10346037e-01
3.43457954e-01
2.84802336e-01
-2.13210370e-01
-4.17567375e-02
0.00000000e+00
4.46534476e-02
6.04370664e-01
1.52761350e-01
-1.44069212e-01
-4.20194380e-01
-3.38164916e-02
-3.86721357e-02
-3.87645166e-01
-1.26819249e-01
2.33000929e-01
-6.48136174e-01
0.00000000e+00
0.00000000e+00
0.00000000e+00
1.65916141e-01
-4.56725345e-01
-4.38229156e-01
3.68315667e-01
-1.06811017e+00
1.05072330e+00
4.59740108e-01
-1.35230663e-01
-4.69248763e-01
0.00000000e+00
6.68067454e-01
1.40803615e-01
-4.25983387e-01
4.68950687e-01
-8.84595960e-01
2.36835378e-01
3.11224999e-01
-6.53464304e-01
-4.37681815e-02
5.66424105e-02
7.71788487e-02
0.00000000e+00
0.00000000e+00
0.00000000e+00
-1.94910915e-01
-3.86160338e-01
4.39660476e-03
-2.56961813e-01
1.19867385e-01
5.25615978e-01
8.92955102e-01
-6.64580905e-02
3.35700377e-01
0.00000000e+00
-1.82156330e-01
-2.74714926e-02
-6.36293548e-01
-1.52543835e-01
7.04344370e-01
3.86880896e-02
-1.28301259e-01
-2.87394973e-01
-1.72339551e-01
-5.33969120e-02
136
5.42028271e-01
5.03023182e-01
-3.96428268e-03
1.12164837e-01
-1.74376138e-03
-7.31597490e-02
1.86951365e-03
0.00000000e+00
0.00000000e+00
0.00000000e+00
0.00000000e+00
0.00000000e+00
0.00000000e+00
0.00000000e+00
0.00000000e+00
0.00000000e+00
7.06167980e-01
7.11042961e-01
0.00000000e+00
0.00000000e+00
1.86561116e-02
9.36728383e-02
1.81536576e-01
1.78802576e-01
1.66284268e-01
3.82467971e-01
0.00000000e+00
0.00000000e+00
-1.90486852e-01
4.67115926e-02
3.74158433e-01
0.00000000e+00
-1.30467243e-02
-2.08825569e-01
6.08472953e-01
0.00000000e+00
2.39097465e-01
-2.95398140e-01
6.26991385e-01
0.00000000e+00
-4.11912012e-01
-7.69824690e-01
1.01548250e+00
0.00000000e+00
0.00000000e+00
0.00000000e+00
0.00000000e+00
-1.21066665e+00
8.09780104e-01
-4.30904885e-01
-1.94100858e+00
0.00000000e+00
-8.20488520e-01
-3.79213771e-02
9.55800496e-02
-9.48979823e-01
0.00000000e+00
3.22720789e-01
-2.86895447e-01
2.55678707e-01
-1.19988501e-01
-1.22837578e+00
-1.57456423e-01
-3.63723089e-01
1.00960605e-01
-5.19434973e-01
0.00000000e+00
2.42514519e-01
-1.57664237e-01
3.12862075e-02
1.63255726e-01
0.00000000e+00
5.20799612e-01
3.30478924e-02
-4.40284287e-03
-3.66560662e-02
0.00000000e+00
0.00000000e+00
0.00000000e+00
0.00000000e+00
0.00000000e+00
0.00000000e+00
0.00000000e+00
0.00000000e+00
0.00000000e+00
0.00000000e+00
-4.54904858e-01
-7.42080659e-02
-1.00700729e+00
0.00000000e+00
0.00000000e+00
0.00000000e+00
8.69724759e-01
-3.10702727e+00
4.59063609e-01
1.48394529e-01
-1.19978231e+00
7.44526123e-01
5.14435838e-01
1.21962054e+00
-3.57406313e-01
0.00000000e+00
8.85649432e-01
-1.03057671e+00
-1.27875827e+00
3.10044975e-01
1.15714859e+00
1.20151461e+00
6.65013556e-01
-1.84818885e+00
-5.85168009e-01
2.24763885e-01
-6.59028990e-01
0.00000000e+00
0.00000000e+00
0.00000000e+00
3.06523706e-01
-1.13843426e+00
1.49328231e-01
5.54443440e-01
-1.01068883e+00
8.17671615e-01
5.90260668e-01
-3.50596281e-02
-9.73856456e-01
0.00000000e+00
1.27073146e+00
-2.43519192e-01
-6.47377205e-01
6.53114207e-01
-1.02890107e+00
3.31686511e-01
4.85042879e-01
-1.16436429e+00
-2.05738451e-01
6.30107671e-01
5 1
-6.6640e-01 2.8446e-01
7 0
0 1 7 2 19 14 3 
217
-3.17004531e-01
-2.67121951e-01
2.01434774e-01
1.06991977e-01
-1.85413414e-01
9.52260622e-02
-6.99525109e-02
-3.82318628e-03
1.84084782e-01
-1.15115639e-01
-1.06577151e-01
1.60025308e-01
0.00000000e+00
0.00000000e+00
-1.05438403e-01
4.53680485e-03
-2.94603659e-01
-2.37495098e-01
-1.30124591e-03
-1.60947700e-01
2.59289703e-02
-1.13102734e-01
-2.66552047e-02
0.00000000e+00
0.00000000e+00
0.00000000e+00
0.00000000e+00
0.00000000e+00
0.00000000e+00
0.00000000e+00
0.00000000e+00
0.00000000e+00
0.00000000e+00
-9.66433620e-02
-2.20361169e-01
0.00000000e+00
0.00000000e+00
-4.96739730e-02
-1.11434466e-02
-1.57765227e-01
-9.86729385e-02
-1.70179219e-01
-1.69076995e-01
3.39507267e-01
0.00000000e+00
-1.79313636e-01
-3.03125673e-01
-1.29439208e-01
0.00000000e+00
6.19687440e-02
-5.95607194e-02
4.39689602e-01
0.00000000e+00
7.13406580e-02
-2.75714231e-01
4.90809715e-01
0.00000000e+00
-7.34969218e-01
-4.30149680e-01
7.31459114e-01
4.03582851e-02
1.39961324e-01
-4.97324140e-01
0.00000000e+00
-1.06855030e+00
-1.93661296e+00
3.52408057e-01
1.10024299e+00
3.99137715e-01
5.34145172e-01
0.00000000e+00
-7.80973451e-01
-1.03950211e+00
5.24228742e-01
-2.01513018e-01
-6.02598212e-02
1.05856991e-01
0.00000000e+00
-3.25442374e-01
-3.26769943e-02
1.08344280e-02
-2.80360209e-01
-2.39658491e-03
2.17542380e-01
0.00000000e+00
-1.69780889e-01
-3.41304619e-01
7.06204310e-02
-1.78440780e-01
-2.17844072e-01
-2.36860724e-01
0.00000000e+00
4.96233549e-01
7.63257562e-01
-3.01276893e-01
8.00256337e-02
-5.11961186e-01
8.94772497e-02
0.00000000e+00
1.73868218e-01
-1.76253012e-01
-1.36939666e-02
-9.41504429e-02
-4.77178782e-01
4.24533158e-01
-8.59623576e-02
-2.96686171e-02
4.45641145e-01
-1.21382786e-01
-1.19866430e+00
-7.99907702e-02
-9.63847276e-02
0.00000000e+00
0.00000000e+00
0.00000000e+00
0.00000000e+00
0.00000000e+00
0.00000000e+00
0.00000000e+00
-4.57500322e-01
-2.77030108e-01
-6.61254860e-01
0.00000000e+00
0.00000000e+00
0.00000000e+00
4.77555176e-01
-1.29023339e+00
1.59498564e-01
-1.17199781e-01
-1.17643596e+00
3.69519521e-01
1.06682182e-01
7.82216125e-01
1.75036310e-04
0.00000000e+00
1.08353460e+00
-2.26357691e-01
-8.10525941e-01
1.96218729e-01
8.22374827e-01
6.44599927e-01
3.05292392e-01
-1.99639482e+00
-5.50145835e-01
5.58371482e-01
-2.71131529e-01
0.00000000e+00
0.00000000e+00
0.00000000e+00
3.37401619e-01
-9.07508345e-01
-6.18724678e-03
6.05606152e-01
-4.20729235e-01
3.26140397e-01
4.05569822e-01
-1.01551011e-01
-3.41365605e-01
0.00000000e+00
-8.74282814e-02
-1.94398286e-01
-6.28940015e-01
2.84564123e-01
-3.95352055e-01
3.06790961e-01
1.32676093e-01
1.54585664e-01
1.28907572e-01
1.30086148e-01
-6.37876880e-01
0.00000000e+00
0.00000000e+00
0.00000000e+00
-3.66045967e-02
-3.97650657e-01
3.84661215e-01
1.74480356e-01
-8.14585613e-01
1.22578683e+00
5.96901200e-01
-2.63593220e-03
-5.31404235e-01
0.00000000e+00
7.02788878e-01
1.36840569e-01
-9.80104691e-01
-4.22247527e-03
-5.78613506e-01
1.80402275e-01
5.38233631e-02
-8.31296888e-01
-4.44185588e-01
5.27742617e-01
3.24413173e-02
0.00000000e+00
0.00000000e+00
0.00000000e+00
-1.09732639e-01
-3.76675886e-01
3.29063340e-01
-2.89856680e-01
2.38430004e-01
5.37759813e-01
1.72907870e-01
-1.68001437e-01
-1.87095219e-01
0.00000000e+00
-7.01141807e-02
-4.06238007e-01
-1.49193162e-01
3.11286672e-01
1.59990213e-01
-1.35035884e-01
5.69114337e-02
3.07751261e-01
1.58594647e-01
-3.48310844e-01
136
2.40724358e-01
4.49745404e-01
-3.60601695e-03
1.08217476e-01
-2.31751715e-03
-3.17238523e-01
2.88106563e-02
0.00000000e+00
0.00000000e+00
0.00000000e+00
0.00000000e+00
0.00000000e+00
0.00000000e+00
0.00000000e+00
0.00000000e+00
0.00000000e+00
5.01779247e-01
5.02065384e-01
0.00000000e+00
0.00000000e+00
-4.14461494e-02
3.31775771e-02
6.64366701e-02
1.13896122e-01
1.49558708e-01
2.32527072e-01
7.98936032e-02
0.00000000e+00
-2.42450399e-01
-1.78677276e-02
2.81667872e-01
0.00000000e+00
-3.83590112e-02
-2.50872604e-01
6.44080893e-01
0.00000000e+00
1.19396997e-01
-3.24075128e-01
5.73755549e-01
0.00000000e+00
-3.94409664e-01
-7.73617279e-01
1.05679411e+00
0.00000000e+00
0.00000000e+00
0.00000000e+00
0.00000000e+00
-1.32343376e+00
9.23743510e-01
-2.63306338e-01
-1.69899122e+00
0.00000000e+00
-8.96715073e-01
-1.57157245e-02
5.66957027e-02
-9.68518024e-01
0.00000000e+00
-2.89208401e-03
-3.11714646e-01
1.65666773e-01
-7.75610933e-02
-1.41269574e-01
-1.34867444e-01
-3.38269325e-01
1.15974248e-01
-5.09551229e-01
0.00000000e+00
2.27100845e-01
-1.85713162e-01
4.68732503e-02
1.10830823e-01
0.00000000e+00
2.83829127e-01
3.29930189e-02
-6.03993859e-02
1.81021346e-03
1.36870207e-01
3.84161241e-01
-5.52117410e-01
1.58431328e-01
-1.64295195e-01
0.00000000e+00
0.00000000e+00
0.00000000e+00
0.00000000e+00
0.00000000e+00
-4.36815728e-01
-1.07085447e-01
-9.64883411e-01
0.00000000e+00
0.00000000e+00
0.00000000e+00
8.14298080e-01
-2.88008521e+00
4.72854085e-01
1.82729286e-01
-1.24178940e+00
7.35734789e-01
5.09102913e-01
1.18148881e+00
-3.42128504e-01
0.00000000e+00
8.35807643e-01
-8.54936209e-01
-1.32835676e+00
2.09793248e-01
1.12551790e+00
1.14110637e+00
6.60337005e-01
-1.86975484e+00
-6.01585141e-01
2.84982528e-01
-6.61167034e-01
0.00000000e+00
0.00000000e+00
0.00000000e+00
2.71006265e-01
-1.11856046e+00
-2.06441802e-01
5.33123301e-01
-1.09157713e+00
7.99507246e-01
8.55045007e-01
-8.02068807e-02
-7.27766149e-01
0.00000000e+00
1.16073305e+00
-9.41273411e-02
-6.97908244e-01
6.35265083e-01
-8.87955579e-01
3.52056569e-01
4.25779515e-01
-1.15057858e+00
-1.92904002e-01
5.54343106e-01
6 2
-6.0896e-01 2.3371e-01
8 19
0 1 7 2 19 14 3 5 
217
-5.80961409e-02
4.22683123e-01
-2.29863319e-01
-1.64125336e-01
1.51161666e-02
2.15947118e-02
-4.51187922e-02
2.44228797e-02
-1.00113462e-01
1.44262528e-02
-5.15108850e-02
2.67932154e-01
1.23530832e-01
-5.29240583e-02
0.00000000e+00
0.00000000e+00
0.00000000e+00
0.00000000e+00
0.00000000e+00
0.00000000e+00
0.00000000e+00
0.00000000e+00
0.00000000e+00
-5.80961409e-02
2.48062550e-03
3.69696896e-01
0.00000000e+00
0.00000000e+00
0.00000000e+00
0.00000000e+00
0.00000000e+00
0.00000000e+00
0.00000000e+00
-5.86601445e-01
-1.21719637e-01
6.50224941e-01
0.00000000e+00
-3.56514244e-01
-1.43667654e-02
1.85920808e-01
1.59708284e-01
1.07128257e-01
-4.78484267e-02
-8.84222165e-02
0.00000000e+00
-4.35975709e-01
-3.55737440e-01
3.05610636e-01
0.00000000e+00
3.46347648e-02
-2.74642528e-01
4.77709614e-01
0.00000000e+00
3.65690870e-01
-5.49266786e-01
4.05490299e-01
0.00000000e+00
-4.87412481e-01
-2.00866456e-01
6.60370913e-01
-2.34817933e-01
1.33404445e-03
1.79089584e-01
-4.25394238e-01
-9.58820809e-01
-7.97703510e-01
6.87922382e-01
9.14726882e-01
6.38196524e-01
6.34551332e-01
0.00000000e+00
-5.24178384e-01
-4.99035365e-01
2.00113922e-01
1.86395563e-03
2.68554329e-01
4.95016218e-01
0.00000000e+00
-2.65798670e-01
-1.15433126e-01
1.02329543e-01
-6.96909310e-03
1.07464283e-01
-3.42363000e-02
0.00000000e+00
-2.50011202e-01
-7.61739143e-01
9.97906523e-02
-5.20805438e-02
9.42157058e-02
1.35473377e-02
0.00000000e+00
-1.58997810e-01
-4.19398026e-01
-1.13815539e-02
-2.27159051e-01
1.12283223e-01
3.32752700e-01
0.00000000e+00
-7.40653270e-02
-2.45026851e-01
-1.72641159e-02
-9.89687678e-02
3.32333020e-02
2.87871728e-01
4.79451321e-01
3.67716091e-01
1.69392742e-01
-6.70420594e-01
-5.21939199e-01
-2.34842958e-01
-1.82941086e-01
4.81413276e-01
5.73334795e-02
-1.56747615e-01
-4.22792790e-01
-1.22913072e-01
-1.74050106e-01
-5.12692996e-02
-4.58364248e-01
-1.08950795e+00
-8.21988652e-01
0.00000000e+00
0.00000000e+00
0.00000000e+00
4.61074043e-01
-5.29921518e-01
-1.29996310e-01
-2.54720168e-01
-3.66559548e-01
1.74840891e-01
-5.42590613e-02
9.54775716e-01
-4.49842225e-01
0.00000000e+00
2.79863156e-01
-5.30919183e-01
-8.29458235e-01
7.11588214e-02
8.82932166e-01
3.18683493e-01
1.59140254e-01
-4.85317472e-01
-4.11030590e-01
-8.24328811e-02
-2.99827663e-03
0.00000000e+00
0.00000000e+00
0.00000000e+00
1.51264255e-01
-4.71281316e-01
3.13439462e-03
2.02127335e-01
-4.61531792e-01
1.59143445e-01
2.01423572e-01
-3.53908492e-02
2.24573208e-01
0.00000000e+00
2.77385077e-01
7.18088718e-02
-4.15563482e-02
1.22713018e-01
-2.96994857e-01
7.96807673e-02
5.76225213e-02
-5.05916602e-01
-9.21253637e-03
2.68009559e-01
-1.31000753e+00
0.00000000e+00
0.00000000e+00
0.00000000e+00
-4.76724454e-02
-7.66490536e-03
-2.58502786e-01
-1.94017470e-02
-4.27235171e-01
3.32236038e-01
1.74386323e-01
-1.39296000e-01
-5.48044035e-01
0.00000000e+00
8.07939361e-01
1.66853491e-01
-7.23829976e-01
1.28783295e-03
-6.57563568e-01
2.32000603e-02
2.02978653e-01
-1.50316376e-01
-4.99987288e-01
4.60625014e-01
9.44054304e-02
0.00000000e+00
0.00000000e+00
0.00000000e+00
7.50311584e-02
1.86252438e-01
-4.27630788e-02
-7.77870823e-02
-1.89047070e-01
6.21204066e-02
-7.54409022e-02
-5.93235040e-02
-3.15086194e-01
0.00000000e+00
-3.86584678e-02
5.43675972e-01
-9.00073656e-02
2.23225474e-01
-1.57856554e-03
-2.68867453e-02
-1.01404431e-01
-1.37703694e-01
2.11331588e-01
-5.15445074e-02
136
2.14382796e-01
0.00000000e+00
0.00000000e+00
0.00000000e+00
0.00000000e+00
0.00000000e+00
0.00000000e+00
2.14382796e-01
2.10476169e-03
0.00000000e+00
0.00000000e+00
0.00000000e+00
0.00000000e+00
0.00000000e+00
0.00000000e+00
0.00000000e+00
-2.71769871e-02
2.28240166e-01
1.33196172e-02
1.64713053e-01
-3.78796858e-01
-1.33791753e-01
-9.18913584e-03
7.29258042e-02
7.38094901e-02
1.52556522e-01
2.72155673e-01
1.64420269e-01
-3.76328228e-01
-3.93259301e-01
3.13678290e-01
0.00000000e+00
-5.69625993e-02
-3.06935231e-01
5.94281133e-01
0.00000000e+00
1.71153103e-01
-5.03249139e-01
5.84119762e-01
0.00000000e+00
-5.96322713e-01
-1.58165586e-01
7.77953035e-01
0.00000000e+00
0.00000000e+00
0.00000000e+00
-3.77366503e-01
-8.19822485e-01
9.27352220e-01
-1.19808228e-01
-1.81851446e+00
0.00000000e+00
-7.24466707e-01
5.93903543e-01
-7.47153968e-02
-1.04458246e+00
0.00000000e+00
-6.02291756e-02
-1.79523814e-01
1.20273898e-01
2.17650636e-02
2.95210222e-01
1.10640244e-01
-3.27417622e-01
1.47228890e-01
-7.16975955e-01
0.00000000e+00
1.91837583e-01
-7.58373714e-02
1.36527639e-02
5.15499176e-02
0.00000000e+00
1.85194177e-01
-4.14577677e-02
-2.93858119e-02
5.80998027e-02
9.71525449e-02
2.04955076e-01
-6.09851786e-01
1.28838083e-01
-2.30440407e-01
3.33323997e-01
-9.63907540e-02
-5.70524915e-01
6.21051869e-02
-3.87293999e-01
-3.79783119e-01
-8.52582844e-01
-8.02492622e-01
0.00000000e+00
0.00000000e+00
0.00000000e+00
8.37688619e-01
-2.59072155e+00
3.89026442e-01
1.20992293e-01
-1.18741150e+00
7.12955907e-01
4.78390420e-01
1.12705133e+00
-5.98526608e-01
0.00000000e+00
9.22220698e-01
-5.89160015e-01
-1.12561349e+00
3.22156329e-01
9.64621614e-01
1.08419116e+00
5.73841112e-01
-1.95988251e+00
-5.81902479e-01
2.97589612e-01
-1.28937139e+00
0.00000000e+00
0.00000000e+00
0.00000000e+00
1.43454464e-01
1.63100133e+00
-2.31207590e-01
2.81900911e-02
-1.43358699e+00
2.13893412e-01
1.62552994e-01
-1.30836386e-01
-7.60090739e-01
0.00000000e+00
6.52407388e-01
2.50506929e+00
-1.39763184e+00
2.13819928e-01
-9.28289881e-01
-1.72374561e-02
2.12805984e-03
-1.45220654e+00
-5.55773529e-01
6.49726147e-02
12 1
-9.7984e-01 3.4008e-01
8 0
0 1 7 2 19 14 3 5 
217
9.68548830e-02
-1.54530717e-01
-2.01357241e-01
-4.64787812e-01
-3.02985403e-01
5.51009548e-01
3.84903392e-01
2.32797410e-01
1.16295439e+00
-8.25577423e-01
0.00000000e+00
0.00000000e+00
0.00000000e+00
0.00000000e+00
-8.74573836e-02
-4.47236703e-04
-3.16045413e-01
1.84312267e-01
4.40084513e-05
-6.59764520e-01
0.00000000e+00
0.00000000e+00
0.00000000e+00
0.00000000e+00
0.00000000e+00
0.00000000e+00
0.00000000e+00
0.00000000e+00
0.00000000e+00
0.00000000e+00
0.00000000e+00
0.00000000e+00
0.00000000e+00
3.38373935e-02
6.30174895e-02
0.00000000e+00
0.00000000e+00
1.18725133e-01
2.17871966e-01
1.73844122e-01
-1.61657971e-04
6.99584928e-03
-2.68371000e-01
-1.52049529e-01
0.00000000e+00
-4.28173671e-01
-9.59833328e-02
-2.97254510e-02
0.00000000e+00
8.90266827e-02
-1.28954537e-01
4.56478284e-01
0.00000000e+00
1.05022931e-01
-1.70826359e-01
3.95909137e-01
0.00000000e+00
-4.66150357e-01
-4.84999755e-01
8.55231312e-01
1.18746061e-01
9.64367804e-02
-1.18327958e-01
0.00000000e+00
-8.80763983e-01
-8.84094603e-01
6.53926233e-01
1.24171947e+00
3.23692633e-01
3.54492882e-01
0.00000000e+00
-7.00274415e-01
-9.05692826e-01
5.95209661e-01
-1.11100100e-01
2.01919637e-01
-9.44273002e-02
0.00000000e+00
-2.23776746e-01
1.41164971e-02
5.16967077e-02
-2.99747169e-01
2.68934922e-01
-3.32433226e-02
0.00000000e+00
-1.37332025e-01
-4.55688995e-01
6.92900514e-03
-9.29852632e-03
2.27257903e-01
2.32495272e-01
0.00000000e+00
6.66141418e-02
3.37444565e-01
-1.99536352e-01
-6.62507832e-02
2.29777093e-01
6.21731754e-01
0.00000000e+00
2.60186423e-02
-5.04288635e-01
-1.29049510e-01
-2.06883243e-02
1.99885751e-01
1.51823914e-01
0.00000000e+00
2.07832430e-01
4.37879749e-01
-9.09152996e-02
-8.46799324e-01
-2.00622474e-02
-4.31946166e-01
0.00000000e+00
1.17812554e-01
-7.98974181e-02
-3.25929478e-03
-6.00648978e-01
-1.76983767e-02
1.30129491e-01
-4.39807065e-01
-8.44588595e-02
-7.17612223e-01
0.00000000e+00
0.00000000e+00
0.00000000e+00
2.43682699e-01
-1.75926532e+00
5.05242514e-01
3.45936860e-01
-9.89384492e-01
8.54515837e-01
2.30389440e-01
5.56423053e-01
-5.20852038e-01
0.00000000e+00
8.18605899e-01
-5.54796778e-01
-1.30069534e+00
6.71296280e-01
1.11529541e+00
7.90759710e-01
2.86143749e-01
-1.80071419e+00
-7.53842311e-01
5.43646792e-01
-2.62572588e-01
0.00000000e+00
0.00000000e+00
0.00000000e+00
6.66365284e-01
-1.21853206e+00
-2.33137659e-02
2.10404892e-01
-3.85400350e-01
4.26602943e-02
4.13168416e-01
4.35585095e-01
4.05394060e-01
0.00000000e+00
1.25386045e-03
-1.81573966e-01
-9.58483847e-02
-4.83194881e-01
-1.23480516e-01
6.51161151e-02
5.11858874e-01
-6.70821096e-01
7.42930915e-04
1.67042612e-01
-5.91082038e-01
0.00000000e+00
0.00000000e+00
0.00000000e+00
1.62516029e-01
-8.28058319e-02
1.93383111e-01
-2.19812258e-01
-8.00171819e-01
1.49541991e+00
5.16801846e-01
1.25232914e-01
-4.85654123e-01
0.00000000e+00
5.41332914e-01
-4.34435661e-02
-1.13937159e+00
6.90674134e-01
-1.19124456e+00
4.78325204e-01
3.37103185e-01
-1.04982912e+00
-6.19640425e-01
5.00102014e-01
1.01323016e-02
0.00000000e+00
0.00000000e+00
0.00000000e+00
1.90772275e-02
-1.74938757e+00
2.03054346e-01
4.90785834e-01
1.67431755e-01
-1.94907359e-01
4.41095956e-01
-4.56302606e-05
1.01943313e-01
0.00000000e+00
4.66492698e-01
-6.20925916e-01
7.42129343e-02
-2.17063985e-01
1.48570519e-01
-1.68154209e-01
1.15873340e-01
6.20820267e-01
1.73606126e-01
-6.23473466e-02
136
1.97761745e-01
2.54341086e-01
-7.27229992e-03
-1.49960238e-01
-1.96494492e-03
0.00000000e+00
0.00000000e+00
0.00000000e+00
0.00000000e+00
0.00000000e+00
0.00000000e+00
0.00000000e+00
0.00000000e+00
0.00000000e+00
0.00000000e+00
0.00000000e+00
4.20334901e-01
3.88056968e-01
0.00000000e+00
0.00000000e+00
-3.80691497e-02
2.54427225e-02
6.27557280e-02
1.05603468e-01
1.25801741e-01
1.63236139e-01
1.37735035e-01
0.00000000e+00
-1.06158659e-01
-1.67918780e-01
4.85658915e-01
0.00000000e+00
-2.24547032e-02
-4.12256339e-01
7.91547054e-01
0.00000000e+00
7.24301717e-02
-5.21773543e-01
7.31607068e-01
0.00000000e+00
-4.74253467e-01
-8.49911665e-01
1.05598963e+00
0.00000000e+00
0.00000000e+00
0.00000000e+00
0.00000000e+00
-2.02275698e+00
7.83958166e-01
-4.29580613e-01
-1.55798356e+00
0.00000000e+00
-9.03444916e-01
-7.57108499e-02
3.92183595e-02
-9.75747382e-01
0.00000000e+00
1.09183432e-01
-2.69635565e-01
1.80539567e-01
-8.20300241e-02
-3.63343823e-02
-2.76539753e-01
-3.01438809e-01
8.20651863e-02
-4.58794802e-01
0.00000000e+00
2.60044922e-01
-1.36678856e-01
3.06453289e-02
2.62575437e-01
0.00000000e+00
2.96206724e-01
6.78200562e-03
-3.63202897e-02
-5.53750397e-02
0.00000000e+00
9.62401180e-01
-3.80110252e-01
2.65028277e-01
-1.43540628e-01
0.00000000e+00
4.52249052e-01
-3.16761518e-01
1.55500813e-01
-2.22068877e-01
-4.84173113e-01
7.80995191e-02
-9.87332153e-01
0.00000000e+00
0.00000000e+00
0.00000000e+00
8.02676234e-01
-2.58020480e+00
4.39393580e-01
1.82946712e-01
-1.33774271e+00
6.71927218e-01
4.87602578e-01
1.22215655e+00
-3.33106419e-01
0.00000000e+00
7.80738314e-01
-8.95675821e-01
-1.39360861e+00
2.58396479e-01
1.13309129e+00
1.14640135e+00
6.57939997e-01
-1.82463497e+00
-6.17251439e-01
2.11622310e-01
-5.08921524e-01
0.00000000e+00
0.00000000e+00
0.00000000e+00
1.92796736e-01
-1.26270616e+00
-1.29478901e-02
5.36540275e-01
-9.64857302e-01
9.64462866e-01
9.56954302e-01
-1.90684705e-01
-7.68886682e-01
0.00000000e+00
1.16059733e+00
-2.18639484e-01
-6.81325571e-01
6.59814505e-01
-8.44158371e-01
2.76297641e-01
4.00451039e-01
-1.14969020e+00
-8.78592226e-02
5.24919376e-01
13 1
-1.4750e+00 3.3456e-01
8 1
0 1 7 2 19 14 3 5 
217
1.66043499e-01
-3.48736478e-01
4.37562992e-02
-1.38702125e-01
1.23738516e-01
1.41046972e-01
2.31390729e-01
-1.97066830e-01
1.27009444e-01
-1.42938599e-01
-2.68186116e-01
3.42475512e-01
-4.79090740e-02
-2.75293485e-01
1.06612503e-01
-1.68151666e-02
3.40412661e-02
7.53250197e-02
-2.44143978e-03
-2.45008454e-01
1.24188061e-01
-3.39046638e-04
-3.04877448e-01
-1.40082085e-01
1.15810710e-03
-1.26716823e-01
0.00000000e+00
0.00000000e+00
0.00000000e+00
0.00000000e+00
0.00000000e+00
0.00000000e+00
0.00000000e+00
-2.70500715e-01
-1.22246205e-01
5.58790419e-01
0.00000000e+00
-4.08012188e-01
-8.48904960e-02
1.88467145e-01
1.79940259e-01
4.00975097e-01
-1.27231902e-01
2.83724638e-02
0.00000000e+00
-2.35383391e-01
-5.13939293e-01
2.66244268e-01
0.00000000e+00
4.78837031e-02
-2.75265496e-01
5.64070711e-01
0.00000000e+00
2.94484934e-01
-6.41870512e-01
6.33989895e-01
0.00000000e+00
-4.19673005e-01
-3.26058477e-01
7.83137042e-01
-3.34261692e-01
7.17411245e-01
-2.05529174e-01
-7.44865182e-01
-1.02384548e+00
-1.24609298e+00
1.15431356e+00
4.95138735e-01
7.80440595e-01
3.43916063e-01
0.00000000e+00
-3.24264639e-01
-7.14046987e-01
4.44543490e-01
9.61183369e-01
4.57646479e-02
8.78897828e-01
0.00000000e+00
-2.08050979e-01
4.78952735e-02
2.30353563e-01
2.79711375e-02
1.43740915e-01
9.16742544e-02
0.00000000e+00
-1.57966379e-01
-6.91557967e-01
3.23512328e-01
-6.00584551e-01
4.97548999e-04
-1.02628687e-01
0.00000000e+00
5.04446764e-01
-9.14217269e-02
-1.71989583e-01
2.96721408e-01
-1.66413682e-01
-3.02618670e-01
0.00000000e+00
2.56023504e-01
-2.17360399e-01
1.02831033e-01
-4.90075748e-02
-1.92811038e-01
-3.59746270e-01
-9.25554310e-02
2.78233010e-01
6.85337209e-02
5.28052809e-02
-9.03747039e-01
-7.24393612e-02
-5.40472207e-01
5.39229559e-01
-7.40096475e-03
-2.92725376e-01
-1.13525745e-01
-9.10122012e-01
-2.52259351e-01
-3.23501464e-01
-1.05236000e-01
-9.11122818e-01
-7.07176523e-01
0.00000000e+00
0.00000000e+00
0.00000000e+00
6.99156757e-01
-1.52252443e+00
-2.64482722e-03
-3.71029482e-01
-8.99984264e-01
7.64782593e-01
2.52289898e-01
1.17773068e+00
-4.87968819e-01
0.00000000e+00
7.53613847e-01
-1.96143518e-01
-9.86326484e-01
-1.50898339e-01
7.27487321e-01
9.67018929e-01
5.21598735e-01
-1.14230623e+00
-6.99774024e-01
-1.11254873e-01
-4.44421478e-02
0.00000000e+00
0.00000000e+00
0.00000000e+00
1.85514441e-02
-9.09367147e-03
1.64054929e-01
4.48649318e-01
-1.75989366e-01
-1.71624266e-02
1.56387921e-01
2.76328340e-02
6.00607969e-02
0.00000000e+00
1.29730426e-02
-2.99485116e-01
-8.70569704e-02
3.08057747e-01
-4.04733236e-01
9.66840760e-03
9.59159335e-02
-6.48322859e-01
2.84711902e-02
2.66977933e-01
-1.40513609e+00
0.00000000e+00
0.00000000e+00
0.00000000e+00
-2.20963727e-01
2.68677993e+00
1.74527711e-01
3.59251352e-01
-1.04535106e+00
3.58415989e-02
-5.97006046e-01
-1.02293871e+00
-2.62374079e-01
0.00000000e+00
-1.13002377e-01
3.77780909e+00
-1.70532400e+00
-8.46584386e-02
-1.13352627e+00
-3.32801701e-01
-1.65625598e-01
-3.25812771e-01
-1.05657412e+00
-3.73386870e-01
4.85304599e-02
0.00000000e+00
0.00000000e+00
0.00000000e+00
2.12954353e-01
-3.44376723e-01
-2.23384511e-01
-1.99234351e-01
-4.83581850e-01
4.54661166e-01
4.83767615e-01
4.64729734e-01
-5.12163217e-01
0.00000000e+00
5.13487148e-01
-1.24099205e+00
-1.13079018e-01
9.02839299e-03
4.45947966e-01
-5.17188470e-02
1.28295740e-01
-2.77074434e-01
2.24995252e-01
5.56268098e-01
136
1.97168560e-01
2.23223014e-01
-5.68645603e-03
9.08839079e-02
-9.47533108e-04
1.07567732e-02
-1.76948366e-03
-1.27695135e-01
-9.35247067e-04
0.00000000e+00
0.00000000e+00
0.00000000e+00
0.00000000e+00
0.00000000e+00
0.00000000e+00
0.00000000e+00
-4.13371688e-02
2.21425477e-01
1.70802523e-02
2.22566296e-01
-4.42631344e-01
-9.65142234e-02
1.15257646e-01
2.14341224e-01
2.34550332e-01
4.00679781e-02
-9.04693485e-02
2.22195716e-01
-1.93624091e-01
-2.18576091e-01
5.57094391e-02
0.00000000e+00
3.54309490e-02
-1.53765914e-01
2.44206237e-01
0.00000000e+00
2.32670745e-01
-4.05966921e-01
2.78041659e-01
0.00000000e+00
-4.45492641e-01
-3.08688262e-02
5.77208300e-01
0.00000000e+00
0.00000000e+00
0.00000000e+00
-2.47976639e-02
-5.62184373e-01
8.96047844e-01
-9.02908123e-02
-1.31034234e+00
0.00000000e+00
-1.48819323e-01
5.65216084e-01
1.06402056e-01
-9.88431845e-01
0.00000000e+00
-2.95495450e-02
-1.75385443e-01
1.03185893e-01
1.35459599e-02
-8.50049196e-02
8.65117877e-02
-2.49851958e-01
1.17819613e-01
-7.07340961e-01
0.00000000e+00
2.53972820e-01
-6.99817663e-03
-3.78501450e-02
2.19947657e-03
0.00000000e+00
2.92010651e-01
5.90576809e-02
-8.25562335e-02
4.55527422e-02
1.36283718e-01
1.36731783e-01
-5.91320306e-01
8.73107121e-02
-1.40497648e-01
2.88786858e-01
-9.29833284e-02
-3.46064213e-01
1.68183786e-03
-1.65117824e-01
-4.26378865e-01
-8.80431696e-01
-8.24611387e-01
0.00000000e+00
0.00000000e+00
0.00000000e+00
8.38302005e-01
-2.61835914e+00
3.14787235e-01
1.25883921e-01
-1.23570044e+00
6.76797627e-01
4.99687944e-01
1.09207319e+00
-5.05136526e-01
0.00000000e+00
9.70751978e-01
-5.92447889e-01
-1.14074393e+00
3.63948961e-01
9.43219552e-01
1.03362191e+00
5.30583343e-01
-1.91380298e+00
-5.58790627e-01
3.50712471e-01
-1.21675481e+00
0.00000000e+00
0.00000000e+00
0.00000000e+00
1.09572242e-01
1.39420466e+00
-2.51149813e-01
4.82305346e-02
-1.35754294e+00
1.75425780e-01
1.72841940e-01
-1.61131305e-01
-9.03557974e-01
0.00000000e+00
6.87437415e-01
2.24116538e+00
-1.25258992e+00
3.68596447e-01
-8.79439431e-01
1.43649789e-01
-5.10063572e-03
-1.39677306e+00
-4.14178332e-01
6.35844270e-02
21 1
-1.1549e+00 3.7240e-01
8 0
0 1 7 2 19 14 3 5 
217
-2.73695456e-01
-2.59483723e-01
1.48668178e-01
-2.60281336e-01
-2.12539954e-01
1.91123669e-01
-7.97229402e-03
3.51750323e-01
2.94636990e-01
6.07511350e-02
0.00000000e+00
0.00000000e+00
0.00000000e+00
0.00000000e+00
-3.93743883e-02
3.58261990e-03
3.94535966e-02
4.73939807e-02
-4.13528640e-03
-1.42272697e-02
0.00000000e+00
0.00000000e+00
0.00000000e+00
0.00000000e+00
0.00000000e+00
0.00000000e+00
0.00000000e+00
0.00000000e+00
0.00000000e+00
0.00000000e+00
0.00000000e+00
0.00000000e+00
0.00000000e+00
4.25029288e-03
-2.77945749e-01
0.00000000e+00
0.00000000e+00
4.89540710e-02
8.48814999e-02
6.69769001e-03
-4.13830590e-02
4.01164903e-02
-2.06078229e-01
-2.06883919e-01
0.00000000e+00
-1.85173429e-01
-1.39541067e-01
-9.99220450e-02
0.00000000e+00
-1.78502621e-01
-6.50619630e-02
4.63852060e-01
0.00000000e+00
8.20474870e-03
-4.66505667e-01
5.19956616e-01
0.00000000e+00
-4.77526474e-01
-3.94050758e-01
7.40575143e-01
1.00760807e-01
-1.05755767e-01
-2.68700496e-01
0.00000000e+00
-1.06515945e+00
-1.62025125e+00
3.32451888e-01
1.22600387e+00
4.59012111e-01
7.92260396e-01
0.00000000e+00
-8.32997775e-01
-1.13367269e+00
4.81774751e-01
-1.87791647e-01
7.75275680e-02
-5.25384627e-01
0.00000000e+00
-3.62980844e-01
-1.31952587e-02
7.80488667e-03
-2.06593963e-01
8.14805013e-02
-2.17107264e-01
0.00000000e+00
-2.04349065e-01
-4.22201615e-01
-1.74482156e-01
-9.62065357e-02
1.05135766e-01
1.96638618e-01
0.00000000e+00
1.48498082e-01
2.69861220e-01
-1.37001615e-01
-2.11381496e-01
-2.85191923e-01
4.03418486e-01
0.00000000e+00
1.98778177e-01
-1.10596096e-01
-3.82803090e-01
2.11425977e-01
-8.96705427e-02
2.86585945e-01
0.00000000e+00
6.83017200e-02
4.08968960e-01
2.13011081e-02
-8.45027200e-01
-3.63298284e-01
-3.57539171e-01
0.00000000e+00
-2.04288510e-01
4.66339506e-02
-9.28610125e-02
-6.00116242e-01
2.34540670e-02
4.44963342e-01
-4.23491418e-01
8.93334317e-04
-1.96503586e+00
0.00000000e+00
0.00000000e+00
0.00000000e+00
1.88299725e+00
-6.62712325e-01
1.35890703e+00
1.38007340e+00
1.44387867e-01
1.69684544e+00
1.25625975e+00
1.95717324e+00
1.33866595e+00
0.00000000e+00
2.03655788e+00
-9.59030897e-02
-2.49338879e-01
1.19605212e+00
2.11208459e+00
2.15352864e+00
1.73743464e+00
-1.48248766e-01
9.52848693e-01
1.63480684e+00
-1.15622300e+00
0.00000000e+00
0.00000000e+00
0.00000000e+00
1.13460668e+00
-4.59541174e-01
1.08424216e+00
1.19062441e+00
9.20969178e-01
1.06175766e+00
1.49071196e+00
1.30756671e+00
5.59232238e-01
0.00000000e+00
7.62817098e-01
1.70917406e+00
9.53214894e-01
1.43152161e+00
5.19313889e-01
1.29354062e+00
1.02636702e+00
-6.98157287e-02
4.83528000e-01
1.12537042e+00
-4.42670718e-01
0.00000000e+00
0.00000000e+00
0.00000000e+00
1.98958045e-01
-8.65675231e-01
3.14099106e-01
3.32265559e-01
-5.94402389e-01
1.18048358e+00
1.68313416e-01
2.22133498e-01
6.22112675e-02
0.00000000e+00
6.25376420e-01
-5.66491660e-02
-4.87648484e-01
4.82119892e-01
-1.65798184e+00
2.75201057e-01
1.69015142e-01
-8.33567894e-01
-5.40464328e-01
5.63541631e-01
-8.99331099e-02
0.00000000e+00
0.00000000e+00
0.00000000e+00
9.45895394e-02
-4.22626440e-01
5.72766859e-02
9.87950292e-02
-1.08165505e-01
-1.33896015e-01
4.41727351e-01
-3.18999698e-01
-8.60134108e-01
0.00000000e+00
5.79762495e-01
-3.18127625e-01
-4.87444661e-01
4.28789359e-02
7.00856355e-01
1.48602700e-02
1.11073438e-01
2.70886229e-01
1.96073978e-01
-4.93193647e-02
136
2.74922968e-01
3.03642161e-01
-7.05981768e-03
-7.91792596e-02
-2.54396189e-03
0.00000000e+00
0.00000000e+00
0.00000000e+00
0.00000000e+00
0.00000000e+00
0.00000000e+00
0.00000000e+00
0.00000000e+00
0.00000000e+00
0.00000000e+00
0.00000000e+00
4.43398500e-01
4.18759759e-01
0.00000000e+00
0.00000000e+00
-3.71552484e-02
3.18438159e-02
7.00249303e-02
9.26335430e-02
1.59461610e-01
1.65709398e-01
1.48094473e-01
0.00000000e+00
-1.24253630e-01
-2.33345914e-01
4.80358845e-01
0.00000000e+00
-1.19567025e-01
-4.64226183e-01
8.01083400e-01
0.00000000e+00
4.69387100e-02
-4.57111969e-01
8.12857882e-01
0.00000000e+00
-4.17186212e-01
-8.87963472e-01
1.19302809e+00
0.00000000e+00
0.00000000e+00
0.00000000e+00
0.00000000e+00
-2.16379381e+00
7.87010784e-01
-4.72087412e-01
-1.03721949e+00
0.00000000e+00
-9.22021723e-01
-8.85140105e-02
2.75919836e-02
-9.43009984e-01
0.00000000e+00
1.69754372e-01
-2.62243804e-01
1.86616379e-01
-8.55858767e-02
1.03054342e-02
-3.19838941e-01
-2.88200962e-01
5.18113829e-02
-4.23355551e-01
0.00000000e+00
3.64532742e-01
-9.50863158e-02
3.57711151e-02
2.32815484e-01
0.00000000e+00
4.42817955e-01
3.98293572e-02
-1.57061108e-02
-8.05871290e-02
0.00000000e+00
6.63635563e-01
-3.97874644e-01
2.00057328e-01
-1.19316713e-01
0.00000000e+00
5.73996963e-01
-2.67851180e-01
1.67804589e-01
-2.48565245e-01
-4.57006512e-01
5.97982275e-02
-9.78039174e-01
0.00000000e+00
0.00000000e+00
0.00000000e+00
8.32521844e-01
-2.68248772e+00
4.24807633e-01
2.19817869e-01
-1.35115984e+00
7.44400866e-01
5.23647524e-01
1.17998623e+00
-3.96797803e-01
0.00000000e+00
7.93212777e-01
-7.77951263e-01
-1.40931522e+00
2.08504711e-01
1.15093003e+00
1.17033003e+00
6.64963214e-01
-1.87266701e+00
-6.15428894e-01
2.14645858e-01
-5.46304061e-01
0.00000000e+00
0.00000000e+00
0.00000000e+00
1.97995812e-01
-1.23359500e+00
2.26908134e-03
5.45907187e-01
-9.56151237e-01
1.01352415e+00
9.98746252e-01
-1.72037789e-01
-7.24638402e-01
0.00000000e+00
1.11939564e+00
-3.26997947e-01
-7.02626112e-01
6.37481828e-01
-8.87603880e-01
3.04917263e-01
4.15836932e-01
-1.16068072e+00
-1.09259315e-01
4.91212189e-01
17 1
-1.2429e+00 3.8613e-01
8 0
0 1 7 2 19 14 3 5 
217
-5.26336638e-01
-1.03710195e-01
2.19999004e-01
3.44662603e-01
-4.63327096e-02
1.43743491e-01
-9.12408638e-02
4.71653658e-01
2.91627983e-01
-2.95939362e-01
-4.74709332e-01
3.31207816e-02
0.00000000e+00
0.00000000e+00
1.60349953e-03
-9.20756712e-04
-4.05708193e-01
-3.36252727e-01
-3.06193060e-03
-1.83305690e-01
-1.91687410e-01
1.14999205e-01
-8.69199590e-01
0.00000000e+00
0.00000000e+00
0.00000000e+00
0.00000000e+00
0.00000000e+00
0.00000000e+00
0.00000000e+00
0.00000000e+00
0.00000000e+00
0.00000000e+00
-2.03363263e-01
-3.22973374e-01
0.00000000e+00
0.00000000e+00
-3.58666254e-01
-1.14603528e-01
-5.36111387e-02
1.90498591e-01
3.42206410e-02
-4.30267865e-02
-1.81148162e-01
0.00000000e+00
-2.52242841e-01
2.20355624e-02
-1.21169549e-01
0.00000000e+00
-2.86702162e-01
3.90869843e-02
4.67454429e-01
0.00000000e+00
1.73120727e-01
-5.70463292e-01
3.87004515e-01
0.00000000e+00
-4.57339350e-01
-6.93617014e-01
7.66495353e-01
-9.75553211e-02
-1.42576668e-01
-2.86204649e-01
0.00000000e+00
-1.20295776e+00
-7.49671526e-01
4.02695272e-01
1.14176080e+00
2.73925850e-01
7.46821361e-01
0.00000000e+00
-8.23163626e-01
-1.16390527e+00
2.40092099e-01
-2.60219702e-02
5.67348887e-02
4.40106660e-01
0.00000000e+00
-3.61714878e-01
-5.39243369e-02
-8.10556602e-02
-2.62198154e-01
-8.35660993e-02
-2.25384567e-01
0.00000000e+00
-1.31537577e-01
-4.07817480e-01
-4.51813502e-03
-3.31387909e-01
-3.90280926e-01
-1.99003100e-01
0.00000000e+00
5.12361749e-01
9.56517500e-02
5.53038466e-01
-2.36908336e-01
0.00000000e+00
0.00000000e+00
0.00000000e+00
3.01735875e-01
-1.02138076e-01
-3.26455844e-01
1.29554724e-01
0.00000000e+00
0.00000000e+00
-1.56959915e-01
-1.09363308e-01
-1.09156060e-01
-6.13127266e-02
-4.47069369e-01
-1.98700688e-01
1.98308546e-01
-1.51128161e-01
-2.20070863e-02
-3.21675079e-01
-2.47266951e-01
-1.00646029e+00
-1.05934439e-01
-9.08446054e-02
-2.05471101e-01
-1.33073353e-01
-1.63962976e+00
0.00000000e+00
0.00000000e+00
0.00000000e+00
1.38850104e+00
-3.58919991e-01
8.27075537e-01
9.80434663e-01
-6.33652073e-01
1.45529773e+00
1.21074042e+00
1.96930026e+00
1.16125196e+00
0.00000000e+00
2.15172799e+00
7.26960209e-01
-6.36089183e-01
1.50630311e+00
2.10635746e+00
1.86700384e+00
1.35132754e+00
-4.49977180e-01
5.96076531e-01
1.18983695e+00
-9.29009912e-01
0.00000000e+00
0.00000000e+00
0.00000000e+00
1.11321028e+00
-2.59477535e-01
1.24650628e+00
1.22058974e+00
1.26935361e+00
1.17958827e+00
1.35570299e+00
9.11257578e-01
6.78499127e-01
0.00000000e+00
4.99802688e-01
6.13481189e-01
1.18067412e+00
1.01883625e+00
2.86322576e-01
1.04927315e+00
1.07322198e+00
5.60670017e-01
8.57566136e-01
9.66548195e-01
-7.35306419e-01
0.00000000e+00
0.00000000e+00
0.00000000e+00
2.09210115e-01
1.42209941e-01
2.61165335e-01
2.75757247e-01
-1.35766841e+00
1.35238142e+00
5.95995195e-01
-1.97889229e-01
-9.29151600e-01
0.00000000e+00
8.55177150e-01
2.63522218e-01
-6.12050169e-01
3.69387957e-01
-8.66379779e-01
2.52946819e-01
3.46402718e-02
-8.87981553e-01
-6.06802745e-01
1.10223404e-01
2.15650553e-01
0.00000000e+00
0.00000000e+00
0.00000000e+00
-5.19283086e-02
-7.39389751e-01
3.90165424e-02
-9.80786773e-02
4.30285629e-01
-1.18000042e-01
-2.85149807e-02
-4.68384253e-02
1.99441672e-01
0.00000000e+00
1.54441990e-01
-5.51968408e-01
-1.76063563e-01
1.73376326e-01
1.33796366e-01
-2.07636676e-02
3.71355153e-02
6.26995914e-02
5.94454109e-01
2.22548635e-01
136
3.08245240e-01
4.42436641e-01
-2.65251759e-03
1.47783144e-01
-2.27289382e-03
-2.81974545e-01
9.34887149e-03
0.00000000e+00
0.00000000e+00
0.00000000e+00
0.00000000e+00
0.00000000e+00
0.00000000e+00
0.00000000e+00
0.00000000e+00
0.00000000e+00
4.74264021e-01
4.51039641e-01
0.00000000e+00
0.00000000e+00
-4.21734482e-02
-1.14418128e-02
8.37535789e-02
1.10818195e-01
1.86349532e-01
1.67383192e-01
1.03406491e-01
0.00000000e+00
-6.51790900e-02
-2.85000986e-01
3.55012291e-01
0.00000000e+00
2.60831267e-02
-4.41723890e-01
6.66600237e-01
0.00000000e+00
5.72447724e-02
-3.51830924e-01
6.04851074e-01
0.00000000e+00
-2.99246894e-01
-7.59868896e-01
1.09115491e+00
0.00000000e+00
0.00000000e+00
0.00000000e+00
0.00000000e+00
-1.76523005e+00
7.75768110e-01
-3.63334941e-01
-1.12966586e+00
0.00000000e+00
-5.60316556e-01
4.08708620e-02
1.11352467e-01
-9.49827100e-01
0.00000000e+00
2.52466494e-02
-2.65124526e-01
1.42503716e-01
-5.91825927e-02
-1.83514594e-02
-3.36557795e-01
-2.92752222e-01
3.98773034e-02
-3.77928744e-01
0.00000000e+00
3.74168330e-01
-9.47417563e-02
3.12661727e-02
2.21283756e-01
0.00000000e+00
3.94432719e-01
-2.89736939e-03
1.33088736e-03
2.72297387e-02
2.53748426e-01
3.56792557e-01
-5.30862660e-01
1.48918401e-01
-1.23794359e-01
1.26109105e-01
1.62297403e-01
-2.66077213e-01
7.81710647e-02
-2.10398448e-01
-4.47756263e-01
-1.20345715e-01
-9.80152412e-01
0.00000000e+00
0.00000000e+00
0.00000000e+00
8.50536479e-01
-2.68390468e+00
3.77386331e-01
2.36614021e-01
-1.37447460e+00
7.17829564e-01
4.78456481e-01
1.13490552e+00
-3.40172462e-01
0.00000000e+00
8.45675715e-01
-8.03857163e-01
-1.38314403e+00
2.62957665e-01
1.09115603e+00
1.10164080e+00
6.71425348e-01
-1.88304783e+00
-6.06331524e-01
3.26195913e-01
-6.63230624e-01
0.00000000e+00
0.00000000e+00
0.00000000e+00
2.54686374e-01
-1.10519205e+00
-1.01823667e-02
5.05626713e-01
-1.04337301e+00
1.02231727e+00
8.37464325e-01
-7.78764656e-02
-7.62430225e-01
0.00000000e+00
1.08800043e+00
-1.56277812e-01
-7.63241059e-01
5.33611320e-01
-8.29286651e-01
3.22835421e-01
3.77560541e-01
-1.13482843e+00
-2.37246499e-01
5.14601553e-01
10 1
-1.5064e+00 3.5323e-01
8 1
0 1 7 2 19 14 3 5 
217
2.71364282e-02
-3.57013562e-01
1.50433137e-01
6.38752353e-03
-1.07930761e-01
-1.55592547e-01
-2.62496785e-01
1.10604714e-01
-9.71347885e-02
-7.07592502e-02
4.41065602e-01
1.65873480e-01
5.36331603e-02
-5.10049672e-03
-6.11757277e-02
8.07460629e-03
2.67437834e-01
3.08045372e-01
-3.70555853e-03
2.23240710e-01
1.14981057e-01
-8.65211660e-04
1.66568299e-01
-3.34714274e-01
-1.43135223e-03
4.68742144e-01
0.00000000e+00
0.00000000e+00
0.00000000e+00
0.00000000e+00
0.00000000e+00
0.00000000e+00
0.00000000e+00
-1.90812555e-01
8.49913449e-02
1.32957638e-01
0.00000000e+00
-3.67996185e-01
5.13929523e-02
1.19589913e-01
2.67958382e-01
1.53178168e-01
-2.38681104e-02
-1.68091278e-01
0.00000000e+00
-1.35603110e-01
-3.29351013e-01
2.24332110e-01
0.00000000e+00
-1.65294450e-01
-8.58192840e-02
3.28973581e-01
0.00000000e+00
2.45577719e-01
-4.45519269e-01
4.66569140e-01
0.00000000e+00
-8.43794588e-01
1.65097568e-01
6.06995437e-01
-5.83022441e-02
-1.46578065e-01
2.37044151e-01
2.44744142e-02
-7.25093826e-01
-1.19239222e+00
4.04223545e-01
1.12565700e+00
3.23532295e-01
1.07605627e+00
0.00000000e+00
-8.79549068e-01
-1.01193045e+00
8.16678099e-01
3.82131678e-01
1.14600171e-01
2.50066880e-01
0.00000000e+00
2.15060440e-02
5.17339185e-02
9.91030787e-02
-6.92894196e-02
-9.29448141e-02
-2.65654761e-01
0.00000000e+00
-1.67261699e-01
-8.31207360e-01
1.54760326e-01
-4.49460281e-01
4.01656818e-02
-5.58696214e-02
0.00000000e+00
3.79808840e-01
4.98017608e-02
-1.82724817e-01
1.46456556e-01
-1.69947594e-01
3.77629401e-01
0.00000000e+00
1.80095006e-01
8.77258988e-02
-1.50177501e-01
8.15820859e-02
-2.78107698e-03
9.53559973e-02
3.74510767e-01
-8.80812531e-03
-1.86172616e-01
-1.54899202e-01
-9.78586558e-01
-1.83667011e-01
-3.33525941e-02
2.21007093e-01
1.07265163e-01
-1.14807418e-01
-2.87311727e-01
-2.08862857e-01
-1.38241005e-02
1.95761642e-01
-6.24270425e-01
-1.08053273e+00
-6.77846907e-01
0.00000000e+00
0.00000000e+00
0.00000000e+00
6.70926840e-01
-1.54219151e+00
-2.35166764e-01
-1.01907597e-01
-9.34985338e-01
6.29479853e-01
2.26728627e-01
7.10027980e-01
-6.56592102e-01
0.00000000e+00
7.33719744e-01
-4.30999497e-01
-9.02690531e-01
1.53213468e-01
4.45168633e-02
9.61034030e-01
1.09796320e+00
-1.09641123e+00
-2.77653285e-01
2.73140347e-01
-3.40664155e-01
0.00000000e+00
0.00000000e+00
0.00000000e+00
1.77699521e-01
-1.24629584e+00
3.73663297e-01
1.39640098e-01
-3.18980659e-01
1.50416180e-01
2.78496650e-01
8.95016127e-02
8.75428413e-02
0.00000000e+00
4.30086406e-01
-3.14600129e-01
-3.22446561e-01
4.92301475e-02
2.41398664e-01
1.37127026e-01
-1.58342680e-02
-4.22661383e-01
-1.49466299e-01
2.94818541e-01
-1.26388932e+00
0.00000000e+00
0.00000000e+00
0.00000000e+00
-8.37237177e-02
2.50451891e+00
-4.32085895e-02
-4.24185737e-01
-1.05605709e+00
4.49654619e-01
-6.63326848e-01
-3.30125552e-01
-1.00639391e+00
0.00000000e+00
8.58701402e-02
2.59445462e+00
-9.32155371e-01
1.41225962e-01
-9.63881599e-01
-2.54647472e-01
-2.15729397e-01
-5.59616101e-01
-5.15851624e-01
9.28944451e-03
6.99905702e-02
0.00000000e+00
0.00000000e+00
0.00000000e+00
1.48335001e-01
-9.82218407e-01
-8.06023491e-02
2.24450266e-01
-1.60259028e-01
1.63383037e-01
6.44096541e-01
2.43933098e-01
-1.57952507e-01
0.00000000e+00
2.95870264e-01
-1.16124944e+00
-1.70383647e-01
2.95010013e-01
3.96718483e-01
3.51891793e-01
1.13787781e-01
-3.07116554e-01
1.87194222e-01
2.51019999e-02
136
1.50866682e-01
-3.08692801e-01
2.18330441e-02
2.40605290e-01
-1.46776820e-03
1.41987019e-01
-5.02463496e-04
7.69671741e-02
-4.70353022e-04
0.00000000e+00
0.00000000e+00
0.00000000e+00
0.00000000e+00
0.00000000e+00
0.00000000e+00
0.00000000e+00
-7.19959178e-02
1.74438499e-01
4.84241011e-02
2.51869304e-01
-4.87474413e-01
-1.08854327e-01
1.08774869e-01
1.96585559e-01
2.20196306e-01
6.01797808e-02
-9.04103966e-02
2.51869304e-01
-2.09431232e-01
-2.06832442e-01
5.39881820e-02
0.00000000e+00
-2.67439414e-03
-1.74797460e-01
2.89849188e-01
0.00000000e+00
9.23374050e-02
-3.72428444e-01
3.14366046e-01
0.00000000e+00
-3.47808115e-01
-5.71465664e-02
5.19575211e-01
0.00000000e+00
0.00000000e+00
0.00000000e+00
-1.17624521e-02
-5.47573156e-01
8.98831665e-01
-1.94257347e-02
-9.09247660e-01
0.00000000e+00
-2.18105648e-01
5.37707392e-01
7.50156079e-02
-9.90029592e-01
0.00000000e+00
-7.59925509e-02
-8.09899842e-02
8.60069342e-02
3.47121801e-03
2.03240491e-01
5.15992692e-02
-2.57641140e-01
1.11893045e-01
-6.61377977e-01
0.00000000e+00
1.81345686e-01
2.45054843e-02
-7.09661553e-02
-1.39806222e-02
0.00000000e+00
2.18439454e-01
2.60327969e-02
-6.24245945e-02
-5.19968847e-02
7.70662013e-02
1.53909622e-01
-6.35947416e-01
1.01616962e-01
-3.09617409e-02
2.98941457e-01
-1.09306485e-01
-5.27593189e-01
4.12600288e-02
-1.76788457e-01
-4.04593645e-01
-8.64784247e-01
-8.09910936e-01
0.00000000e+00
0.00000000e+00
0.00000000e+00
8.37936679e-01
-2.45953314e+00
2.99357627e-01
1.43022561e-01
-1.21431418e+00
6.99384374e-01
4.85138823e-01
1.10679569e+00
-5.04931017e-01
0.00000000e+00
9.14024885e-01
-5.30815103e-01
-1.11811447e+00
3.51630838e-01
8.66032435e-01
1.01733773e+00
5.03259047e-01
-1.96372761e+00
-5.68756979e-01
3.26360873e-01
-1.24135287e+00
0.00000000e+00
0.00000000e+00
0.00000000e+00
1.52785533e-01
1.55393925e+00
-2.52905941e-01
6.00471722e-03
-1.38298467e+00
1.84871620e-01
1.44032045e-01
-1.78345401e-01
-8.39178609e-01
0.00000000e+00
6.72220667e-01
2.43804140e+00
-1.34190944e+00
2.61331155e-01
-8.89963632e-01
-3.71391158e-02
-1.43678580e-03
-1.35926891e+00
-4.88071789e-01
1.16625038e-01
