0 6 -999999999 -1 -1
1 2 0 -1 -1
0.4082 -0.8042
356
7.18316985e-01
7.18316985e-01
0.00000000e+00
-2.00906248e-01
-7.50561913e-02
-4.96526571e-01
2.02391538e-01
0.00000000e+00
0.00000000e+00
-6.88251195e-02
-1.78608809e-01
0.00000000e+00
0.00000000e+00
-1.89050658e-02
-1.36991115e-01
-4.50100671e-02
0.00000000e+00
0.00000000e+00
0.00000000e+00
0.00000000e+00
0.00000000e+00
0.00000000e+00
0.00000000e+00
0.00000000e+00
0.00000000e+00
0.00000000e+00
0.00000000e+00
0.00000000e+00
0.00000000e+00
0.00000000e+00
0.00000000e+00
0.00000000e+00
0.00000000e+00
0.00000000e+00
0.00000000e+00
0.00000000e+00
0.00000000e+00
0.00000000e+00
0.00000000e+00
0.00000000e+00
0.00000000e+00
0.00000000e+00
0.00000000e+00
0.00000000e+00
0.00000000e+00
0.00000000e+00
0.00000000e+00
0.00000000e+00
0.00000000e+00
0.00000000e+00
0.00000000e+00
-6.35565142e-01
-7.66726166e-01
7.30744694e-01
0.00000000e+00
0.00000000e+00
0.00000000e+00
0.00000000e+00
-7.21522061e-02
8.35590413e-01
8.26454038e-01
-3.07014668e-02
8.41858935e-01
-8.02442006e-01
-6.75475433e-02
-8.21034209e-01
-8.10296238e-01
1.30910239e+00
8.20448268e-01
-2.45874106e-02
8.49897423e-02
1.04141704e-01
-7.02221629e-03
-1.03132499e-01
0.00000000e+00
0.00000000e+00
0.00000000e+00
0.00000000e+00
0.00000000e+00
0.00000000e+00
0.00000000e+00
0.00000000e+00
0.00000000e+00
0.00000000e+00
0.00000000e+00
0.00000000e+00
0.00000000e+00
3.47078356e-01
5.06932714e-01
0.00000000e+00
-5.45683944e-01
-2.35106860e-01
-1.14337301e+00
-5.38236894e-01
-5.14521470e-01
-4.74573333e-01
1.72017717e-01
-1.67995603e-02
2.35426932e-01
3.49985342e-02
0.00000000e+00
0.00000000e+00
0.00000000e+00
0.00000000e+00
2.83499092e+00
3.54578950e+00
0.00000000e+00
0.00000000e+00
0.00000000e+00
0.00000000e+00
0.00000000e+00
0.00000000e+00
3.02829897e-01
3.99411405e-01
1.68307762e-01
-2.12405072e-01
-6.82160871e-01
-2.09265705e+00
7.69149536e-01
1.08829638e+00
-1.65051531e+00
1.65833820e+00
-3.11945841e-01
-1.70834232e+00
2.50214092e-01
-1.54402834e-01
-1.10860721e-01
-4.75685257e-01
-1.18713698e+00
-9.94581458e-01
7.07267022e+00
7.01252273e+00
6.96519576e+00
6.81550237e+00
6.96632276e+00
6.71243060e+00
-1.80100628e-01
-9.43872455e-02
-1.75583069e-01
-8.45302188e-02
-1.98896079e-01
-9.02400317e-01
-1.23207663e+00
-1.53983995e+00
-1.45738544e+00
-1.48776034e+00
-1.12599436e+00
-2.01943282e-01
0.00000000e+00
0.00000000e+00
0.00000000e+00
0.00000000e+00
-1.55019359e-01
2.09847945e+00
0.00000000e+00
0.00000000e+00
8.73336344e-01
-2.69758127e-01
0.00000000e+00
-1.65387262e+00
-8.45485838e-01
-6.65701426e-01
-1.27118809e+00
-5.07898467e-01
-2.11667393e+00
0.00000000e+00
0.00000000e+00
0.00000000e+00
6.64752835e-01
-5.81429666e-01
-2.96693302e-02
-4.97723772e-01
-1.12659266e+00
9.46380114e-01
5.41482360e-02
4.04439308e-01
-6.32908783e-01
0.00000000e+00
1.23052154e+00
3.11671539e-01
-6.99183219e-01
2.27918129e-01
-1.93546391e+00
-7.36347538e-02
4.42328044e-01
-1.15217520e+00
-2.67316085e-01
5.97263699e-01
4.24006922e-01
0.00000000e+00
0.00000000e+00
0.00000000e+00
-6.80231876e-02
4.60106942e-01
-5.20832122e-02
1.51918113e-01
1.28808514e-01
-1.11441139e-01
1.71384750e-02
-4.33304377e-01
4.52720854e-01
0.00000000e+00
-2.92846821e-01
1.48125640e-01
6.63980154e-02
1.81323921e-01
-1.84543253e-01
-2.58285413e-02
-6.73156743e-02
1.13978668e-01
5.06776826e-02
-1.11803698e-01
-1.20629573e+00
-5.26517510e-01
0.00000000e+00
1.29722541e-01
-3.49305034e-02
2.89359557e-01
-8.27559046e-02
-7.33121162e-01
-7.00224464e-01
0.00000000e+00
0.00000000e+00
0.00000000e+00
-1.73472960e-02
1.43444318e-02
-3.17110315e-01
6.92510642e-01
-4.09989977e-01
4.81394903e-01
6.14890834e-01
-8.53511853e-01
-2.72648444e-01
0.00000000e+00
5.73155769e-01
8.11793197e-01
2.78038964e-04
-1.95875774e-03
-1.56231082e+00
-7.05755586e-01
-2.65040804e-01
-3.09010819e-02
-9.47029214e-02
6.42685571e-01
-6.79778221e-01
0.00000000e+00
4.55593152e-01
2.59731737e-01
-9.10378200e-01
-3.18968328e-01
0.00000000e+00
8.47049370e-02
2.77235932e-01
4.86111973e-01
-1.39720907e-02
-7.91108210e-01
-5.91409872e-01
0.00000000e+00
0.00000000e+00
-7.17324356e-02
-1.17359989e+00
0.00000000e+00
0.00000000e+00
0.00000000e+00
-6.33908705e-01
3.89073137e-01
-2.80701229e-01
-2.17752915e-01
-6.83591122e-01
3.48340134e-01
3.69281342e-02
2.60339634e-01
-7.28588039e-01
0.00000000e+00
-3.28484458e-01
6.97379849e-01
-5.24919920e-01
6.73706848e-01
-6.53325852e-02
8.04021276e-02
-3.02241210e-01
8.64234951e-01
-4.41014383e-01
-3.17470143e-01
4.73418742e-01
0.00000000e+00
0.00000000e+00
0.00000000e+00
4.37576720e-02
0.00000000e+00
0.00000000e+00
1.25692339e-01
0.00000000e+00
0.00000000e+00
0.00000000e+00
-1.04697463e+00
0.00000000e+00
0.00000000e+00
4.85863760e-01
0.00000000e+00
0.00000000e+00
0.00000000e+00
-1.01002954e+00
-2.45083372e-01
6.58178001e-01
0.00000000e+00
0.00000000e+00
5.89423071e-01
-7.72103992e-01
-5.06603760e-01
-5.34928310e-01
2.83245498e-02
0.00000000e+00
8.56518378e-02
-2.06328147e-01
-3.85927451e-01
-7.97490892e-02
0.00000000e+00
0.00000000e+00
0.00000000e+00
-2.74813421e-01
0.00000000e+00
0.00000000e+00
-2.64396737e-01
0.00000000e+00
0.00000000e+00
0.00000000e+00
1.08902208e+00
0.00000000e+00
0.00000000e+00
-4.18278693e-01
0.00000000e+00
0.00000000e+00
0.00000000e+00
1.35264520e+00
2.03204159e-01
-5.56932650e-01
0.00000000e+00
0.00000000e+00
-5.63143357e-01
-2.65500232e-01
2.80389518e-01
-5.45889750e-01
0.00000000e+00
-4.01495901e-01
0.00000000e+00
0.00000000e+00
0.00000000e+00
0.00000000e+00
0.00000000e+00
0.00000000e+00
0.00000000e+00
-2.42398235e-01
-2.42398235e-01
0.00000000e+00
0.00000000e+00
247
-1.56683575e+00
-1.56683575e+00
0.00000000e+00
-9.19887155e-01
-6.46948592e-01
-1.88939248e-01
-8.08336050e-02
8.37460210e-01
0.00000000e+00
0.00000000e+00
2.74133550e-01
-5.92971803e-02
0.00000000e+00
0.00000000e+00
0.00000000e+00
0.00000000e+00
0.00000000e+00
0.00000000e+00
0.00000000e+00
0.00000000e+00
0.00000000e+00
0.00000000e+00
0.00000000e+00
0.00000000e+00
0.00000000e+00
0.00000000e+00
0.00000000e+00
0.00000000e+00
0.00000000e+00
0.00000000e+00
0.00000000e+00
0.00000000e+00
0.00000000e+00
0.00000000e+00
0.00000000e+00
0.00000000e+00
0.00000000e+00
0.00000000e+00
0.00000000e+00
0.00000000e+00
0.00000000e+00
-1.36795630e+00
1.07770081e-02
-1.29890446e+00
-1.16989424e-02
0.00000000e+00
0.00000000e+00
0.00000000e+00
0.00000000e+00
0.00000000e+00
0.00000000e+00
0.00000000e+00
0.00000000e+00
0.00000000e+00
0.00000000e+00
0.00000000e+00
1.07251338e+00
1.28936307e+00
0.00000000e+00
4.81876614e+00
5.56683316e+00
0.00000000e+00
0.00000000e+00
0.00000000e+00
0.00000000e+00
0.00000000e+00
0.00000000e+00
-4.70417919e-02
-3.32101105e-01
-6.79911135e-01
-8.97443374e-01
-1.46467783e+00
-2.96442665e+00
-4.07585485e-01
3.05122298e+00
0.00000000e+00
0.00000000e+00
3.28298107e+00
2.00964648e+00
2.80630724e+00
2.43539306e+00
2.18044577e+00
1.75227301e+00
0.00000000e+00
6.09499611e-01
8.90601169e+00
8.91914830e+00
8.88872018e+00
8.96894870e+00
8.96964315e+00
8.95294004e+00
-4.73376517e-01
-3.11027726e-01
-8.99337665e-02
-6.36991533e-01
-6.32206866e-01
-8.89968881e-01
-1.50783005e-01
-1.11765859e+00
-1.77176627e+00
-1.52304112e+00
0.00000000e+00
1.50178821e-01
0.00000000e+00
-1.88647446e+00
4.39510927e+00
0.00000000e+00
3.19638716e-01
-6.04986083e-01
0.00000000e+00
-4.25511946e+00
-7.11609391e-01
-1.01952513e+00
-1.94597666e+00
-9.32572781e-01
-1.73113452e+00
0.00000000e+00
0.00000000e+00
0.00000000e+00
3.50510927e-01
-4.32739287e-01
4.04201379e-01
-3.09259578e-01
-1.41052735e+00
1.05674806e+00
-1.45433863e-01
4.95854196e-01
-2.07465743e-01
0.00000000e+00
6.99811344e-01
-1.72246796e-01
-5.48714505e-01
4.15008323e-01
-1.67522843e+00
2.60944471e-01
3.74770981e-01
-1.16280406e+00
-5.25728159e-02
3.28008223e-01
-1.51006665e+00
-8.74146807e-01
0.00000000e+00
1.09294908e+00
4.12622794e-01
5.20968758e-01
0.00000000e+00
0.00000000e+00
0.00000000e+00
-1.39928851e-01
5.11463064e-01
-6.88785230e-02
-3.30934848e-01
5.40345341e-01
-1.28284998e-01
-1.10401534e-01
2.95118590e-01
-2.95824648e-02
0.00000000e+00
-2.24714424e-01
4.58838251e-02
-1.71291411e-01
9.00449105e-02
4.79374269e-01
2.02833706e-01
5.29365198e-02
-4.91788404e-02
-8.35977552e-02
-3.60237820e-01
-6.35919842e-01
0.00000000e+00
9.36556809e-01
4.94844790e-01
-2.21067871e-01
1.62537416e-01
0.00000000e+00
-3.63987447e-01
7.01415315e-02
-3.83605287e-01
0.00000000e+00
0.00000000e+00
-2.79541533e-01
-2.87854944e+00
0.00000000e+00
0.00000000e+00
0.00000000e+00
2.44075467e-01
3.35756667e+00
7.95578247e-01
2.93908575e-01
0.00000000e+00
1.71140145e+00
1.48432224e+00
1.02261673e+00
9.74773492e-02
0.00000000e+00
9.93882530e-01
-5.82721715e-01
4.76516742e-01
1.37496392e+00
-3.19117269e-02
5.20347858e-01
5.61741172e-01
0.00000000e+00
9.87955670e-01
3.42578979e-01
-1.21818183e+00
-5.62736232e-01
5.35642678e-01
0.00000000e+00
0.00000000e+00
1.86507686e-01
0.00000000e+00
0.00000000e+00
0.00000000e+00
-1.69251908e-01
0.00000000e+00
0.00000000e+00
0.00000000e+00
0.00000000e+00
0.00000000e+00
0.00000000e+00
-1.24523456e+00
0.00000000e+00
0.00000000e+00
0.00000000e+00
0.00000000e+00
0.00000000e+00
0.00000000e+00
0.00000000e+00
-1.26467815e-01
0.00000000e+00
0.00000000e+00
0.00000000e+00
8.92132254e-01
-6.55445595e-01
-5.96033058e-02
0.00000000e+00
0.00000000e+00
-1.66036761e+00
0.00000000e+00
0.00000000e+00
0.00000000e+00
0.00000000e+00
-2.77127187e-01
-2.77127187e-01
0.00000000e+00
0.00000000e+00
1 -999999999 0 0 -1
1 0 1 1 -1
1.8235e-01 -4.2165e-01
356
3.30107521e-01
0.00000000e+00
0.00000000e+00
0.00000000e+00
0.00000000e+00
0.00000000e+00
0.00000000e+00
0.00000000e+00
0.00000000e+00
0.00000000e+00
0.00000000e+00
0.00000000e+00
0.00000000e+00
0.00000000e+00
0.00000000e+00
0.00000000e+00
-6.03580344e-02
3.90465555e-01
7.06721204e-01
-2.33866186e-01
-6.32177311e-01
5.23042459e-01
0.00000000e+00
0.00000000e+00
-1.41717828e-01
7.54838180e-02
-3.49521492e-01
2.33063752e-01
5.32634101e-01
4.08821669e-01
-2.34734565e-01
-6.03580344e-02
3.90465555e-01
-7.67079239e-01
-2.33866186e-01
5.15139182e-01
1.92713456e-01
4.43503725e-01
6.10354767e-02
2.63217479e-01
9.62349819e-01
0.00000000e+00
0.00000000e+00
0.00000000e+00
0.00000000e+00
0.00000000e+00
0.00000000e+00
0.00000000e+00
0.00000000e+00
0.00000000e+00
0.00000000e+00
-3.71466418e-01
-3.46116684e-01
-9.33252080e-01
0.00000000e+00
0.00000000e+00
0.00000000e+00
0.00000000e+00
-4.42330751e-01
7.11572546e-01
3.07981576e-01
4.08167834e-01
6.88099230e-01
-2.89556462e-01
3.33098359e-01
-7.26770776e-01
-5.56740893e-01
3.28076239e-01
-5.73398416e-01
-1.92684475e-03
7.05330906e-01
2.23401427e-01
-4.09230713e-03
2.03981237e-01
4.87081341e-01
-1.80370025e-03
-6.57342468e-02
1.93023169e-01
-1.46908436e-04
4.44230268e-02
0.00000000e+00
0.00000000e+00
0.00000000e+00
0.00000000e+00
0.00000000e+00
0.00000000e+00
0.00000000e+00
-1.76336216e-01
9.04355867e-02
4.31770983e-01
-2.40539667e-01
-1.51444002e-01
-4.04427453e-01
-3.99922160e-01
-1.13468640e+00
-7.44793989e-01
2.43137231e-01
4.47523921e-02
-9.26165259e-02
-2.17767864e-02
-4.17243423e-01
2.66078344e-01
0.00000000e+00
0.00000000e+00
1.81376865e+00
1.55728285e+00
0.00000000e+00
0.00000000e+00
0.00000000e+00
0.00000000e+00
0.00000000e+00
0.00000000e+00
1.95826499e-01
3.23634434e-01
2.58122317e-01
3.39904519e-02
-5.71950235e-01
-1.72328459e+00
8.78848128e-01
8.73024818e-01
-2.63962486e-01
-7.76256227e-02
-2.70467822e-01
-1.46121592e+00
5.21032911e-01
-8.38414980e-02
-1.16422455e-01
-7.43491021e-01
-1.71971497e-01
-3.11082862e-01
4.88372967e+00
4.91910163e+00
4.83782671e+00
4.87708679e+00
4.99934105e+00
4.71350782e+00
2.75711697e-01
8.92595497e-02
1.17758249e-01
-9.56722717e-03
-4.81376162e-03
-9.72777943e-01
4.19085100e-01
2.43968374e-01
1.48944753e-01
-2.00304992e-01
1.30935468e-01
4.33290502e-01
0.00000000e+00
0.00000000e+00
0.00000000e+00
0.00000000e+00
-3.21398910e-01
2.38397909e+00
0.00000000e+00
0.00000000e+00
6.51506431e-01
-1.58619310e-01
0.00000000e+00
0.00000000e+00
-4.33655003e-01
-4.95992981e-01
-1.05000612e+00
-7.17311349e-01
-1.48366112e+00
0.00000000e+00
0.00000000e+00
0.00000000e+00
5.78959531e-01
2.18939670e-01
-1.48169027e-01
-5.21351459e-02
-7.29128001e-01
4.35070390e-01
1.08405632e-01
2.41692035e-01
1.11581741e-01
0.00000000e+00
9.28887889e-01
-3.77558980e-01
-8.91866069e-01
3.30446289e-01
-1.99163618e+00
5.77777626e-01
2.22816824e-01
-9.68121816e-01
-3.60333989e-01
2.80710452e-01
7.48278370e-02
0.00000000e+00
0.00000000e+00
0.00000000e+00
2.80766859e-02
8.12122077e-02
6.36973216e-03
-8.81343425e-02
3.97175153e-02
-4.73799241e-03
-1.12171949e-01
1.97867364e-02
7.18010405e-02
0.00000000e+00
-1.61978387e-01
2.14287995e-01
-7.91115204e-03
6.33260683e-02
-5.31645237e-02
-1.46991561e-01
3.18374501e-02
4.59413985e-02
6.06732955e-02
-1.31123796e-02
-7.55668182e-01
-2.41121274e-01
0.00000000e+00
-1.30079535e-01
7.74194143e-02
4.76883296e-02
-4.73819439e-02
-2.41427660e-01
-7.48075904e-02
0.00000000e+00
0.00000000e+00
0.00000000e+00
2.89294234e-01
4.13769664e-01
-1.17907771e-01
5.35066739e-01
-4.65811384e-01
2.52780626e-01
5.03728875e-01
-8.91865251e-01
2.12784233e-01
0.00000000e+00
6.83218633e-01
-3.85189363e-03
6.44594827e-02
-4.83806953e-02
-1.40182295e+00
-5.94702570e-01
-9.55177645e-02
1.92785793e-03
-6.53692535e-03
5.94559273e-01
-5.14546908e-01
0.00000000e+00
-5.09819030e-01
-1.85271453e-01
-7.27992942e-01
-1.92533729e-01
0.00000000e+00
4.59924136e-02
1.53024821e-01
2.33681887e-01
-2.52983301e-02
-4.00917286e-01
-5.35459213e-01
0.00000000e+00
0.00000000e+00
4.15816796e-02
-1.21330433e+00
0.00000000e+00
0.00000000e+00
0.00000000e+00
-9.70870650e-01
8.93245538e-01
-9.65792673e-02
8.39981385e-02
-7.21049910e-01
-3.76180718e-01
4.18672632e-03
4.21585334e-02
1.32555972e-01
0.00000000e+00
-5.13402594e-01
4.42572764e-01
-9.65105054e-01
7.38290238e-01
-9.14808599e-02
8.95544213e-02
8.11473497e-02
4.99934103e-01
-1.52571313e-02
-4.71021931e-01
2.16063102e-01
0.00000000e+00
0.00000000e+00
0.00000000e+00
2.22705347e-02
-4.91947496e-01
-1.49477693e-01
3.98622093e-03
1.31694631e-01
6.74733349e-01
3.52709107e-01
-3.44682213e-01
2.09311281e-01
0.00000000e+00
1.68084781e-01
3.89581078e-01
4.45633806e-01
-2.31170449e-02
-1.52676255e+00
-2.86973501e-01
-8.41582006e-02
0.00000000e+00
4.49703653e-01
4.04322380e-01
-3.06382324e-01
5.28351007e-03
-3.24544747e-01
-1.50063595e-01
-3.21828240e-01
1.98851747e-01
-3.89338713e-02
-1.54634366e-01
-5.35471692e-01
0.00000000e+00
0.00000000e+00
0.00000000e+00
7.69262404e-03
-1.43403200e-01
1.05982492e-01
-5.22307044e-01
-6.00758560e-02
-4.54511922e-01
-8.04075476e-01
1.20991960e+00
-5.87882222e-01
0.00000000e+00
-3.96335553e-01
-2.30221774e-01
-4.09762017e-01
-2.30493155e-02
2.17385542e+00
6.83221323e-01
2.98171257e-03
0.00000000e+00
-2.59717339e-01
-7.28949722e-01
-3.11665834e-01
-2.38733296e-01
-1.21332023e-02
-2.58305443e-01
-9.06922007e-01
-5.01276492e-01
-3.46973964e-01
-2.35458588e-01
-4.44763214e-02
-1.17241436e-01
-1.21214835e-01
-2.62820221e-01
-4.05645515e-01
-7.21716802e-01
-1.85693476e-01
3.38809123e-01
247
-2.96350916e-01
0.00000000e+00
0.00000000e+00
0.00000000e+00
0.00000000e+00
0.00000000e+00
0.00000000e+00
0.00000000e+00
0.00000000e+00
4.75341271e-01
0.00000000e+00
0.00000000e+00
0.00000000e+00
0.00000000e+00
-2.87931623e-01
0.00000000e+00
3.90215220e-02
-3.26953145e-01
0.00000000e+00
-6.78229879e-01
0.00000000e+00
0.00000000e+00
0.00000000e+00
-3.61432078e-03
1.59385023e-01
-6.41365706e-01
2.16568059e-01
-2.87931623e-01
0.00000000e+00
3.90215220e-02
-3.26953145e-01
0.00000000e+00
6.89441071e-01
-1.85800712e-01
0.00000000e+00
0.00000000e+00
0.00000000e+00
0.00000000e+00
0.00000000e+00
0.00000000e+00
0.00000000e+00
2.52699711e-01
-1.19802646e-02
-1.69631789e-01
-1.01154517e-03
-2.68824590e-01
3.83197599e-04
-1.10594248e-01
-3.53993633e-04
0.00000000e+00
0.00000000e+00
0.00000000e+00
0.00000000e+00
0.00000000e+00
0.00000000e+00
0.00000000e+00
-2.79126302e-01
-1.55793758e-02
0.00000000e+00
6.86701100e-01
7.07731409e-01
0.00000000e+00
0.00000000e+00
0.00000000e+00
0.00000000e+00
0.00000000e+00
0.00000000e+00
4.16515004e-01
4.68641854e-01
3.55648740e-01
-9.84626964e-02
-5.33823324e-01
-1.59157159e+00
5.41767289e-01
7.02115822e-01
-2.81205127e-01
-4.37731996e-01
8.90814448e-02
-1.46805244e+00
-2.62094695e-01
3.04007653e-01
3.71555603e-01
-4.60753416e-01
-2.12795411e-01
1.10022949e-01
2.86804075e+00
2.81347895e+00
2.55365427e+00
2.82949065e+00
2.60510398e+00
1.92999786e+00
2.11179428e-01
4.08150705e-01
4.03961135e-01
4.47899333e-01
-9.41784802e-02
-8.96853410e-01
-7.85836783e-03
-3.68562349e-01
-3.34190522e-01
-3.76546866e-01
1.46798641e-01
-3.77562872e-01
0.00000000e+00
-8.54025008e-01
2.31440335e+00
0.00000000e+00
5.57674091e-01
-1.38875362e-01
0.00000000e+00
0.00000000e+00
-3.60858773e-01
-6.22193244e-01
-6.62678546e-01
-3.36379752e-01
-9.83052017e-01
0.00000000e+00
0.00000000e+00
0.00000000e+00
2.00859040e-01
-5.53592044e-01
7.64176727e-02
-2.07826303e-01
-2.57426210e-01
2.47082610e-01
-9.90848954e-02
4.56239608e-01
-5.13687108e-01
0.00000000e+00
4.19249259e-01
4.14716682e-01
-1.55545963e-01
4.13786803e-01
-9.62396066e-01
2.39571770e-01
3.15985598e-01
-7.17197066e-01
-1.40989074e-01
-1.59216330e-01
-3.69057571e-01
-8.21955101e-02
0.00000000e+00
-3.17527360e-03
-2.74881360e-02
-2.47530781e-02
0.00000000e+00
0.00000000e+00
0.00000000e+00
-1.39268423e-01
-1.38039448e-02
1.77870894e-03
-7.58943390e-02
-2.57200084e-01
-6.97104373e-02
-1.08260302e-01
3.15765962e-01
-2.70776983e-01
0.00000000e+00
1.54875754e-02
7.42101697e-03
-2.00207777e-01
7.61826239e-02
9.95597164e-01
6.23118501e-02
-7.10413677e-02
-8.24005628e-02
4.22153347e-02
-2.52949094e-01
-2.86862060e-01
0.00000000e+00
2.49852147e-01
9.80219642e-02
-6.13994446e-01
-2.78663263e-01
0.00000000e+00
0.00000000e+00
3.11441632e-01
-3.35331183e-01
0.00000000e+00
0.00000000e+00
3.92349746e-01
-9.99058298e-01
0.00000000e+00
0.00000000e+00
0.00000000e+00
1.30099283e-01
9.94717876e-02
-3.04045198e-01
-1.37490553e-01
-2.63705163e-01
1.65256651e-01
2.59011954e-01
-1.74651613e-01
-1.53565275e-01
0.00000000e+00
4.44049393e-01
8.18216670e-01
1.25882786e-01
1.86069846e-01
-1.35699016e+00
-1.62078548e-01
-2.70577232e-01
1.07919375e-01
-1.13133236e-01
-3.98799064e-01
-3.91097939e-01
-1.84583618e-01
1.54360720e-01
7.83291957e-02
1.82643850e-02
1.73368956e-01
0.00000000e+00
0.00000000e+00
0.00000000e+00
1.18073815e-01
1.96389449e-01
-2.38539998e-01
4.07045046e-01
0.00000000e+00
1.28745110e-01
1.49775915e-01
-4.83753439e-01
3.45231225e-01
0.00000000e+00
4.25097997e-01
8.11435539e-02
1.45267051e-01
-2.37888090e-02
-7.92556208e-01
-2.06668256e-01
-2.85651350e-01
0.00000000e+00
2.83667995e-01
4.72728352e-01
-2.06514321e-01
3.80146350e-01
2.13197768e-01
-5.02200013e-02
-6.07960359e-01
-4.78094928e-01
-2.07588634e-01
-2.76252995e-01
0.00000000e+00
-1.29865431e-01
-2.25564928e-01
-1.35990221e-01
-2.57621983e-02
6 2
-2.9177e-02 -2.0911e-01
2 -1
0 1 
217
6.31330564e-01
6.70904585e-01
-6.65546571e-01
7.53423068e-02
1.87349927e-01
1.90177270e-01
3.05176374e-01
-3.12334426e-01
1.30546449e-01
-2.99628624e-01
-1.83273964e-01
3.79038387e-02
1.91531779e-01
-1.27075517e-01
0.00000000e+00
0.00000000e+00
0.00000000e+00
0.00000000e+00
0.00000000e+00
0.00000000e+00
0.00000000e+00
0.00000000e+00
0.00000000e+00
6.38327037e-01
4.16102029e-03
2.85950661e-01
0.00000000e+00
0.00000000e+00
0.00000000e+00
0.00000000e+00
0.00000000e+00
0.00000000e+00
0.00000000e+00
-7.13187239e-03
2.69005269e-01
3.71087847e-01
0.00000000e+00
1.51681151e-01
4.79649413e-01
0.00000000e+00
0.00000000e+00
0.00000000e+00
0.00000000e+00
0.00000000e+00
0.00000000e+00
8.73209931e-02
6.43601577e-02
4.79649413e-01
0.00000000e+00
0.00000000e+00
0.00000000e+00
0.00000000e+00
0.00000000e+00
0.00000000e+00
0.00000000e+00
0.00000000e+00
0.00000000e+00
0.00000000e+00
0.00000000e+00
0.00000000e+00
4.79649413e-01
6.43601577e-02
8.73209931e-02
8.18104732e-01
-7.53744574e-01
-1.23508653e+00
2.94181514e-01
4.66255371e-01
2.72788892e-01
4.06490482e-01
0.00000000e+00
8.73209931e-02
-3.28265362e-01
5.52912809e-01
-4.43014336e-02
-8.90323810e-03
3.74998948e-01
0.00000000e+00
0.00000000e+00
0.00000000e+00
0.00000000e+00
0.00000000e+00
0.00000000e+00
0.00000000e+00
0.00000000e+00
0.00000000e+00
0.00000000e+00
0.00000000e+00
0.00000000e+00
0.00000000e+00
0.00000000e+00
0.00000000e+00
0.00000000e+00
0.00000000e+00
0.00000000e+00
0.00000000e+00
0.00000000e+00
0.00000000e+00
0.00000000e+00
0.00000000e+00
0.00000000e+00
0.00000000e+00
0.00000000e+00
0.00000000e+00
0.00000000e+00
0.00000000e+00
0.00000000e+00
0.00000000e+00
0.00000000e+00
0.00000000e+00
0.00000000e+00
0.00000000e+00
0.00000000e+00
0.00000000e+00
0.00000000e+00
0.00000000e+00
0.00000000e+00
0.00000000e+00
0.00000000e+00
-8.68404987e-01
-2.92601791e+00
-1.24710900e+00
0.00000000e+00
0.00000000e+00
0.00000000e+00
4.08024280e-01
-1.52584404e+00
-1.82429678e-02
-4.24218132e-01
-1.24866122e-01
2.84787237e-01
-3.22995143e-01
1.22294098e+00
4.20538648e-02
0.00000000e+00
-3.78374289e-02
-3.89754974e-01
-1.08405201e+00
1.12049429e-01
1.66823055e+00
6.46071165e-01
3.74297642e-01
-7.00251957e-01
-1.09178979e+00
-2.85711588e-01
1.74572409e-02
0.00000000e+00
0.00000000e+00
0.00000000e+00
1.31722144e-01
2.09796319e-01
-5.59693000e-02
1.21662483e-01
-4.86738335e-01
5.95356718e-02
1.13394813e-01
-2.14505408e-01
9.18690459e-02
0.00000000e+00
2.80542258e-01
3.36906949e-02
5.17903357e-02
1.13401696e-01
-4.90354890e-01
-4.06682846e-02
-5.42449233e-03
-3.80120633e-01
2.05790489e-01
2.78042634e-01
-2.47441252e+00
0.00000000e+00
0.00000000e+00
0.00000000e+00
-2.65060801e-01
1.50170336e+00
-2.43908477e-01
-1.07284766e-01
-2.60864604e-01
3.40402083e-02
-5.88176356e-01
-6.19726179e-01
-2.08015496e-01
0.00000000e+00
-6.87596380e-02
1.13386972e+00
-5.35104733e-01
7.73624363e-02
-6.72806194e-01
-4.83318329e-01
-3.64297979e-01
-3.16279395e-01
-3.50883118e-01
-1.36902173e-01
6.45538615e-02
0.00000000e+00
0.00000000e+00
0.00000000e+00
5.09328918e-02
-1.25236132e-01
-1.02452680e-01
-6.33998249e-02
-1.80085968e-01
7.74146945e-02
-2.36602723e-02
1.28417461e-01
-4.56874408e-01
0.00000000e+00
9.09735620e-02
3.70036305e-01
-1.66072517e-01
4.11910619e-01
-2.34604554e-01
1.51657701e-01
9.93466429e-02
-2.99814884e-01
3.31123084e-01
4.94214117e-03
136
7.41605883e-01
0.00000000e+00
0.00000000e+00
0.00000000e+00
0.00000000e+00
6.68868063e-02
-3.36115804e-03
6.74719077e-01
4.42312842e-03
0.00000000e+00
0.00000000e+00
0.00000000e+00
0.00000000e+00
0.00000000e+00
0.00000000e+00
0.00000000e+00
1.05528186e+00
1.01582301e+00
-1.39979310e+00
-3.44462395e-01
2.90205812e-01
7.95862466e-01
0.00000000e+00
0.00000000e+00
0.00000000e+00
0.00000000e+00
0.00000000e+00
-3.44462395e-01
5.31565798e-01
-2.41359986e-01
7.95862466e-01
0.00000000e+00
0.00000000e+00
0.00000000e+00
0.00000000e+00
0.00000000e+00
0.00000000e+00
0.00000000e+00
0.00000000e+00
0.00000000e+00
0.00000000e+00
0.00000000e+00
0.00000000e+00
0.00000000e+00
0.00000000e+00
0.00000000e+00
-4.91588392e-02
-5.36663541e-01
5.08668210e-01
-3.56544336e-01
-1.58517670e+00
0.00000000e+00
1.43432861e-01
5.46666830e-01
1.52528092e-01
-1.29529254e+00
0.00000000e+00
0.00000000e+00
0.00000000e+00
0.00000000e+00
7.95862466e-01
-2.41359986e-01
5.31565798e-01
0.00000000e+00
0.00000000e+00
0.00000000e+00
0.00000000e+00
0.00000000e+00
0.00000000e+00
0.00000000e+00
0.00000000e+00
0.00000000e+00
0.00000000e+00
0.00000000e+00
0.00000000e+00
0.00000000e+00
0.00000000e+00
0.00000000e+00
0.00000000e+00
0.00000000e+00
0.00000000e+00
0.00000000e+00
0.00000000e+00
0.00000000e+00
0.00000000e+00
0.00000000e+00
-9.64002154e-01
-2.69743775e+00
-1.26937057e+00
0.00000000e+00
0.00000000e+00
0.00000000e+00
6.70813135e-01
-2.42289755e+00
3.30034922e-01
-7.88632886e-02
-1.46743809e+00
5.38994206e-01
1.36308476e-01
1.32372774e+00
-6.54835337e-01
0.00000000e+00
8.75748680e-01
-3.68967023e-01
-1.06088884e+00
5.32722654e-01
1.02885193e+00
9.67994303e-01
5.73483163e-01
-1.92826248e+00
-5.15020148e-01
2.49122979e-01
-3.31364802e+00
0.00000000e+00
0.00000000e+00
0.00000000e+00
1.69298910e-01
2.59718586e+00
-2.39863970e-01
-8.38295227e-02
-1.81216788e+00
-2.15190011e-01
-6.52982792e-01
2.12344620e-01
-6.90382237e-02
0.00000000e+00
3.64133912e-01
3.38433171e+00
-1.78989745e+00
-1.69798722e-02
-1.21439924e+00
-1.25752412e-02
-1.08863661e-01
-2.69532005e+00
-1.15658087e+00
2.67457454e-02
19 2
-1.1901e-01 -1.7559e-01
3 6
0 1 6 
217
8.37656982e-01
5.81239528e-01
-8.14268969e-01
2.46248000e-02
2.26936515e-01
6.29737985e-02
4.14903504e-01
-1.23838831e-01
2.93544877e-01
-3.07387424e-01
1.96749533e-02
3.26322990e-02
-1.17402867e-01
1.85948356e-01
0.00000000e+00
0.00000000e+00
0.00000000e+00
0.00000000e+00
0.00000000e+00
0.00000000e+00
0.00000000e+00
0.00000000e+00
0.00000000e+00
7.38632445e-01
3.94186932e-03
2.78850833e-01
0.00000000e+00
0.00000000e+00
0.00000000e+00
0.00000000e+00
0.00000000e+00
0.00000000e+00
0.00000000e+00
2.14565400e-01
2.84566919e-01
3.38524663e-01
0.00000000e+00
-9.97749926e-02
7.24403579e-01
2.13028396e-01
0.00000000e+00
0.00000000e+00
0.00000000e+00
0.00000000e+00
0.00000000e+00
4.42588412e-02
-1.44033834e-01
5.62438792e-01
0.00000000e+00
-1.56558622e-01
3.18523408e-01
2.13028396e-01
0.00000000e+00
0.00000000e+00
0.00000000e+00
0.00000000e+00
0.00000000e+00
0.00000000e+00
0.00000000e+00
0.00000000e+00
6.18908566e-01
1.74489575e-01
4.42588412e-02
9.72645085e-01
-7.98155510e-01
-1.24204025e+00
3.50730263e-01
4.89058971e-01
3.12437145e-01
3.09061040e-01
0.00000000e+00
-1.12299781e-01
-5.46336273e-01
5.48677977e-01
-9.82000550e-03
4.01278786e-01
3.89987743e-01
0.00000000e+00
4.62663800e-01
-1.60547915e-01
1.68568074e-01
-3.16513834e-01
2.06425108e-01
6.72928293e-01
0.00000000e+00
0.00000000e+00
0.00000000e+00
0.00000000e+00
0.00000000e+00
0.00000000e+00
0.00000000e+00
0.00000000e+00
0.00000000e+00
0.00000000e+00
0.00000000e+00
0.00000000e+00
0.00000000e+00
0.00000000e+00
0.00000000e+00
0.00000000e+00
0.00000000e+00
0.00000000e+00
0.00000000e+00
0.00000000e+00
0.00000000e+00
0.00000000e+00
0.00000000e+00
0.00000000e+00
0.00000000e+00
0.00000000e+00
0.00000000e+00
0.00000000e+00
0.00000000e+00
0.00000000e+00
0.00000000e+00
0.00000000e+00
0.00000000e+00
0.00000000e+00
0.00000000e+00
-9.58890019e-01
-3.11212093e+00
-1.10881010e+00
0.00000000e+00
0.00000000e+00
0.00000000e+00
3.16340650e-01
-9.86765632e-01
3.98667388e-01
-1.74700293e-01
-7.47519285e-01
-7.36784422e-03
5.49904269e-01
1.10223939e+00
-3.09784767e-01
0.00000000e+00
5.92245843e-01
-3.40488348e-02
-1.12890097e+00
-1.64890476e-01
7.45658098e-02
4.54787900e-01
7.81440841e-01
-1.08066604e+00
-4.87817144e-01
-2.56540903e-01
-3.23370800e-02
0.00000000e+00
0.00000000e+00
0.00000000e+00
2.06291123e-01
-7.92638892e-02
-2.01244829e-01
-2.40977124e-03
-2.61755055e-01
1.07592398e-01
-1.81987883e-01
-1.99400595e-01
1.00416021e-01
0.00000000e+00
1.87460594e-01
-1.52976707e-01
5.38292051e-03
2.10870209e-01
1.33227934e-01
9.21471367e-02
-7.78409777e-02
-2.65517652e-01
-1.64511569e-02
3.63123101e-01
-2.48573558e+00
0.00000000e+00
0.00000000e+00
0.00000000e+00
-1.22101414e-01
1.19933071e+00
-8.24235446e-01
-5.06897774e-01
-1.89337268e-01
1.22689631e-01
3.47098398e-01
-1.68551717e-01
-7.57266250e-01
0.00000000e+00
9.08462724e-02
1.03756228e+00
-3.87130560e-01
-2.26266230e-01
-6.93585621e-01
-4.20723352e-01
-4.85894568e-01
-1.71236108e-01
2.95686632e-02
-3.59605231e-01
-3.33475123e-02
0.00000000e+00
0.00000000e+00
0.00000000e+00
-7.98757155e-04
-2.78625027e-02
2.57634962e-02
5.90488640e-02
-3.14661367e-01
-2.31472928e-02
-3.36583307e-01
1.69316012e-02
-9.23756979e-02
0.00000000e+00
1.13186826e-01
3.06729717e-01
-2.73809798e-01
3.93948024e-01
-1.89500646e-01
1.20181892e-01
1.79440169e-01
-3.01330617e-01
1.52677837e-01
1.58814046e-01
136
8.37600345e-01
0.00000000e+00
0.00000000e+00
0.00000000e+00
0.00000000e+00
4.44822316e-02
6.04039967e-03
7.93118114e-01
3.74658523e-03
0.00000000e+00
0.00000000e+00
0.00000000e+00
0.00000000e+00
0.00000000e+00
0.00000000e+00
0.00000000e+00
6.79922975e-01
6.79480765e-01
-5.61423276e-01
-4.15956549e-01
9.31547265e-02
7.61907794e-01
3.98494373e-01
0.00000000e+00
0.00000000e+00
0.00000000e+00
0.00000000e+00
-4.15956549e-01
2.06281077e-01
-1.12995004e-01
7.39613500e-01
0.00000000e+00
2.57828023e-01
-2.35533729e-01
3.98494373e-01
0.00000000e+00
0.00000000e+00
0.00000000e+00
0.00000000e+00
0.00000000e+00
0.00000000e+00
0.00000000e+00
0.00000000e+00
0.00000000e+00
0.00000000e+00
0.00000000e+00
-4.06842226e-02
-7.23932405e-01
5.00547623e-01
-2.04805379e-01
-1.52394726e+00
0.00000000e+00
5.65715070e-02
5.39784954e-01
1.18695372e-01
-1.14941264e+00
0.00000000e+00
4.16943024e-01
3.72812169e-02
-5.45699906e-02
2.98920654e-02
-3.48660079e-01
2.06281077e-01
0.00000000e+00
0.00000000e+00
0.00000000e+00
0.00000000e+00
0.00000000e+00
0.00000000e+00
0.00000000e+00
0.00000000e+00
0.00000000e+00
0.00000000e+00
0.00000000e+00
0.00000000e+00
0.00000000e+00
0.00000000e+00
0.00000000e+00
0.00000000e+00
0.00000000e+00
0.00000000e+00
0.00000000e+00
0.00000000e+00
0.00000000e+00
0.00000000e+00
0.00000000e+00
-9.18207531e-01
-2.59947647e+00
-1.22676262e+00
0.00000000e+00
0.00000000e+00
0.00000000e+00
6.59390550e-01
-2.16746419e+00
2.49565711e-01
-7.19348135e-02
-1.48620254e+00
5.21971687e-01
1.74031987e-01
1.26836479e+00
-5.13529745e-01
0.00000000e+00
8.52590858e-01
-3.67138427e-01
-1.03797720e+00
5.07530002e-01
9.78726398e-01
9.01795293e-01
5.28802966e-01
-1.92451282e+00
-5.50078313e-01
2.49305185e-01
-3.09571461e+00
0.00000000e+00
0.00000000e+00
0.00000000e+00
1.05427257e-01
2.47310382e+00
-2.31269608e-01
-1.05629772e-01
-1.77232498e+00
-2.49919925e-01
-6.79922757e-01
1.56764290e-01
-2.46180266e-01
0.00000000e+00
3.36602719e-01
3.25817443e+00
-1.73953160e+00
2.39085551e-01
-1.23632519e+00
-6.53331763e-02
-1.00205934e-01
-2.38674938e+00
-8.49772786e-01
-1.70730298e-03
3 1
-1.4449e-01 -1.1107e-01
4 0
0 1 6 19 
217
1.25502601e+00
-3.32189060e-01
-4.61795916e-01
3.85176711e-03
2.72777306e-01
6.68171555e-01
8.53304734e-01
1.27254087e-01
8.51523310e-01
-6.06226802e-01
-7.00950231e-02
-4.51233044e-01
0.00000000e+00
0.00000000e+00
8.23813001e-01
-1.47736256e-02
-3.30527978e-01
4.37627733e-01
-2.40565310e-02
-5.55025544e-01
0.00000000e+00
0.00000000e+00
0.00000000e+00
0.00000000e+00
0.00000000e+00
0.00000000e+00
0.00000000e+00
0.00000000e+00
0.00000000e+00
0.00000000e+00
0.00000000e+00
0.00000000e+00
0.00000000e+00
7.61031238e-01
4.93994771e-01
0.00000000e+00
0.00000000e+00
1.13790723e-01
2.08138868e-01
6.17984250e-01
3.19261543e-01
0.00000000e+00
0.00000000e+00
0.00000000e+00
0.00000000e+00
1.66923166e-01
-5.31324426e-02
6.04216089e-01
0.00000000e+00
-7.19631133e-02
2.88740641e-02
-6.75084034e-02
0.00000000e+00
-5.49105112e-01
1.96116940e-01
3.92988562e-01
0.00000000e+00
3.84915984e-01
-9.24118923e-02
3.19261543e-01
1.01280555e+00
7.94466691e-02
1.66923166e-01
0.00000000e+00
7.52972945e-02
-1.60237209e+00
8.89277544e-01
7.23886691e-01
2.90451170e-01
4.90460580e-01
0.00000000e+00
-7.33784507e-02
-1.06610399e+00
8.99065055e-01
-7.51900840e-03
4.29339405e-01
7.26097162e-01
0.00000000e+00
7.53857827e-01
1.61096508e-01
2.28704380e-01
-1.72403732e-01
2.72463801e-01
-1.81119336e-01
0.00000000e+00
6.03259985e-01
2.70717792e-02
2.13633909e-01
-1.22830349e-01
4.38132115e-01
9.11773059e-01
0.00000000e+00
0.00000000e+00
0.00000000e+00
0.00000000e+00
0.00000000e+00
0.00000000e+00
0.00000000e+00
0.00000000e+00
0.00000000e+00
0.00000000e+00
0.00000000e+00
0.00000000e+00
0.00000000e+00
0.00000000e+00
0.00000000e+00
0.00000000e+00
0.00000000e+00
0.00000000e+00
0.00000000e+00
0.00000000e+00
0.00000000e+00
0.00000000e+00
0.00000000e+00
0.00000000e+00
0.00000000e+00
0.00000000e+00
0.00000000e+00
0.00000000e+00
-8.47940585e-01
-3.68072207e+00
-1.28732122e+00
0.00000000e+00
0.00000000e+00
0.00000000e+00
9.31793176e-01
-1.58033226e+00
2.75535350e-01
-5.51057600e-01
-1.57868995e+00
4.23302276e-01
-8.99744192e-02
5.60081843e-01
-1.58648982e-01
0.00000000e+00
9.90658097e-01
-1.15951560e+00
-1.05779227e+00
3.05428980e-01
9.39416475e-01
9.90747939e-01
6.11980491e-01
-1.86953792e+00
6.04587039e-02
6.68824444e-01
1.07217068e-01
0.00000000e+00
0.00000000e+00
0.00000000e+00
-3.23543388e-02
1.14286556e-01
-9.44968340e-02
4.23282915e-01
-2.01681168e-01
1.08263697e-01
1.49533588e-01
2.75103241e-01
3.62969707e-02
0.00000000e+00
-4.91567836e-02
7.28568266e-01
-2.31553270e-01
1.54982141e-02
-1.49485543e-01
-1.46486100e-01
-1.00095853e-01
-1.84742780e-01
-5.06341068e-01
-4.72226409e-02
-3.16475112e+00
0.00000000e+00
0.00000000e+00
0.00000000e+00
-1.00816137e-01
5.09101908e-01
-4.38134912e-01
1.59417520e-01
-6.50429406e-01
1.77322184e-01
-3.49833958e-01
4.43248311e-02
-9.97180918e-01
0.00000000e+00
3.14920637e-01
1.26736169e+00
-7.29126902e-01
1.03470371e+00
-1.91354327e+00
2.14074028e-01
4.77393527e-02
-1.57160946e+00
-2.90460525e-01
1.07418497e-01
-8.98258348e-02
0.00000000e+00
0.00000000e+00
0.00000000e+00
-3.45112121e-01
-3.31160527e-01
7.54228284e-02
-1.26782750e-01
-4.63803948e-01
6.24773413e-01
9.41566476e-01
-4.10321289e-01
1.17165316e+00
0.00000000e+00
1.08813491e-02
-2.13395908e-01
-1.27496461e-01
-3.27258476e-01
7.49991162e-01
-1.97877070e-01
-1.30002805e-01
-1.05922001e+00
1.82522292e-01
-1.14205155e-01
136
9.26845432e-01
4.52297661e-01
3.69103607e-04
5.23246500e-01
-4.08983302e-03
0.00000000e+00
0.00000000e+00
0.00000000e+00
0.00000000e+00
0.00000000e+00
0.00000000e+00
0.00000000e+00
0.00000000e+00
0.00000000e+00
0.00000000e+00
0.00000000e+00
1.02689316e+00
9.01849488e-01
0.00000000e+00
0.00000000e+00
9.08160338e-01
1.26070134e+00
1.26376510e+00
5.20107208e-01
0.00000000e+00
0.00000000e+00
0.00000000e+00
0.00000000e+00
3.58842046e-01
5.49318292e-01
1.39619159e+00
0.00000000e+00
7.77357978e-01
-3.39894177e-01
6.58014959e-01
0.00000000e+00
1.22569725e-01
-6.95523773e-01
6.53184630e-01
0.00000000e+00
4.91889874e-01
-5.39324358e-01
5.20107208e-01
0.00000000e+00
0.00000000e+00
0.00000000e+00
0.00000000e+00
6.28546179e-02
5.52027788e-01
-1.78801941e-01
-1.40889474e+00
0.00000000e+00
-1.27241379e+00
-5.54632160e-02
1.26306889e-01
-9.98065416e-01
0.00000000e+00
-6.41306052e-01
-2.84251097e-01
-1.57713453e-02
2.17854180e-03
-1.02542402e+00
7.32784172e-01
1.32886442e-01
2.45458784e-01
-3.60752651e-02
0.00000000e+00
0.00000000e+00
0.00000000e+00
0.00000000e+00
0.00000000e+00
0.00000000e+00
0.00000000e+00
0.00000000e+00
0.00000000e+00
0.00000000e+00
0.00000000e+00
0.00000000e+00
0.00000000e+00
0.00000000e+00
0.00000000e+00
0.00000000e+00
0.00000000e+00
0.00000000e+00
0.00000000e+00
0.00000000e+00
-7.52826806e-01
-2.62017531e+00
-1.15092157e+00
0.00000000e+00
0.00000000e+00
0.00000000e+00
8.55249269e-01
-2.40524094e+00
3.10764039e-01
-1.95514576e-01
-1.42704532e+00
4.86297472e-01
2.34370091e-02
1.28093300e+00
-2.95522562e-01
0.00000000e+00
8.19677415e-01
-8.22287645e-01
-1.24784216e+00
4.53315936e-01
1.12711919e+00
1.15019174e+00
8.48887429e-01
-1.86487118e+00
-5.74588309e-01
3.26118621e-01
-2.69615994e+00
0.00000000e+00
0.00000000e+00
0.00000000e+00
5.24419134e-01
-4.46667523e-01
-1.09950911e-01
1.23743190e-01
-1.46272980e+00
4.63790066e-01
-1.78572707e-01
4.28495355e-01
-1.37710173e+00
0.00000000e+00
7.62896803e-01
4.93081216e-01
-8.36184539e-01
8.19794297e-01
-1.13070173e+00
2.80370622e-01
-6.26106980e-02
-1.13454515e+00
-1.92926738e-01
3.39240905e-01
2 1
-3.3297e-01 -1.2457e-01
5 1
0 1 6 19 3 
217
1.08625753e+00
-4.39021815e-01
-3.69265606e-01
-8.68729800e-01
1.42738412e-01
6.27356488e-02
3.13925257e-01
1.90034661e-01
4.47927049e-01
-3.84795781e-01
1.90471674e-01
-3.47836429e-01
-8.80486305e-03
-1.23019487e-01
1.02906599e-01
-3.43625649e-04
4.48205749e-01
6.16002402e-02
-7.33603494e-05
3.91384993e-01
3.23984197e-01
1.48604941e-03
2.23669003e-01
5.97766493e-01
2.09998307e-04
7.98337918e-02
0.00000000e+00
0.00000000e+00
0.00000000e+00
0.00000000e+00
0.00000000e+00
0.00000000e+00
0.00000000e+00
6.02591027e-01
8.59041094e-01
-3.74344534e-01
0.00000000e+00
3.93473024e-02
6.57769862e-03
1.83753208e-01
2.28067394e-01
6.28511927e-01
0.00000000e+00
0.00000000e+00
0.00000000e+00
1.08423451e-01
-6.43539837e-01
1.17684374e+00
0.00000000e+00
1.93456361e-01
-3.10305663e-01
1.52170940e-01
0.00000000e+00
-7.19448440e-01
-3.55172340e-01
9.24478616e-01
0.00000000e+00
2.14247675e-01
8.82704234e-01
-5.37601212e-01
2.31800780e-01
7.46033298e-01
1.08423451e-01
6.35992700e-01
-1.06230631e+00
-1.56995143e+00
8.55176924e-01
2.53217559e-01
6.57394211e-01
1.21602022e+00
0.00000000e+00
-2.03320952e-01
-7.84214342e-01
9.40346322e-01
-1.98924038e-01
3.49232160e-01
5.31766145e-01
0.00000000e+00
4.91585194e-01
-6.75716205e-02
3.16362422e-01
-5.78792934e-03
2.78309913e-01
-1.06354783e-01
0.00000000e+00
6.77048996e-01
2.71969795e-01
8.17510488e-02
8.12253674e-02
3.27457485e-01
-3.40914005e-02
3.49601868e-01
-1.15905385e-01
8.60422669e-02
3.76808217e-01
-4.11488328e-01
4.75752829e-01
8.67555773e-02
0.00000000e+00
0.00000000e+00
0.00000000e+00
0.00000000e+00
0.00000000e+00
0.00000000e+00
0.00000000e+00
0.00000000e+00
0.00000000e+00
0.00000000e+00
0.00000000e+00
0.00000000e+00
0.00000000e+00
0.00000000e+00
0.00000000e+00
0.00000000e+00
0.00000000e+00
0.00000000e+00
0.00000000e+00
0.00000000e+00
0.00000000e+00
-1.10218534e+00
-3.04652560e+00
-8.24077403e-01
0.00000000e+00
0.00000000e+00
0.00000000e+00
6.96882927e-01
-9.55813556e-01
1.16135344e-01
-5.71968912e-01
-6.41499498e-01
5.22674041e-01
2.44408533e-02
7.11552122e-01
9.71571436e-02
0.00000000e+00
2.35913728e-01
7.11593584e-02
-8.64742399e-01
4.39286068e-01
3.85755809e-01
8.61395472e-01
4.16011917e-01
-1.56411887e+00
-6.07697028e-01
-1.96601925e-01
-3.76929288e-01
0.00000000e+00
0.00000000e+00
0.00000000e+00
2.21464013e-01
-9.78778797e-01
-1.89965706e-01
4.55103587e-01
-6.12111895e-01
-7.73231362e-02
1.21802451e-01
7.73297490e-02
-1.70450258e-01
0.00000000e+00
5.56939775e-01
-4.41726336e-01
-2.20559611e-01
1.08780601e-02
-2.40369460e-01
2.80180085e-02
2.17809105e-01
7.24675403e-02
2.12021795e-01
5.80521827e-01
-2.59377456e+00
0.00000000e+00
0.00000000e+00
0.00000000e+00
-7.99894573e-02
2.89128696e+00
-3.73116074e-01
1.06406732e-02
-5.99747647e-01
-7.08107828e-01
-1.27714950e+00
-3.40449672e-01
-4.31473115e-01
0.00000000e+00
-6.47626155e-01
3.03428144e+00
-1.48836160e+00
2.11125890e-01
-1.88929412e+00
-2.46167284e-02
1.80293486e-01
-5.42617637e-01
-3.56261178e-01
-1.62592294e-01
-1.23414578e-01
0.00000000e+00
0.00000000e+00
0.00000000e+00
4.34123504e-02
-3.69390345e-01
-7.54111700e-02
-1.57500183e-01
-3.61190399e-01
3.16971532e-01
1.62430946e-01
1.74700861e-01
-1.13721167e-01
0.00000000e+00
4.32982476e-01
-3.51297632e-01
3.24614797e-03
2.19742308e-01
5.07026486e-01
-2.00906628e-02
-2.70115274e-01
-2.82279280e-01
-9.92067768e-02
1.16275204e-01
136
5.80513860e-01
1.89583853e-01
9.34441547e-05
1.49347637e-01
-5.37254256e-04
7.36146604e-02
3.90802043e-04
1.67967709e-01
-1.00918671e-04
0.00000000e+00
0.00000000e+00
0.00000000e+00
0.00000000e+00
0.00000000e+00
0.00000000e+00
0.00000000e+00
4.14160149e-01
4.07130712e-01
-2.53313498e-01
2.65983707e-02
9.71455943e-02
1.51597961e-01
1.60395769e-01
5.37379818e-02
9.10381823e-02
0.00000000e+00
0.00000000e+00
2.64232868e-02
-2.08993943e-01
-3.05031591e-01
9.93995210e-01
0.00000000e+00
9.18819008e-02
-1.63997650e-01
4.48824144e-03
0.00000000e+00
-2.31193211e-01
-4.31569042e-01
5.66711646e-01
0.00000000e+00
2.60104948e-01
8.69804237e-01
-8.92110172e-01
0.00000000e+00
0.00000000e+00
0.00000000e+00
2.64853456e-01
-2.69224216e-01
6.38685401e-01
9.86541021e-02
-1.31775717e+00
0.00000000e+00
-6.63454685e-02
4.64264331e-01
8.61187675e-02
-1.22167112e+00
0.00000000e+00
4.10342355e-01
1.39541921e-01
-1.06415608e-02
3.72836623e-02
7.60571018e-01
2.29596428e-01
1.38615515e-01
-3.18377390e-02
-1.83698145e-02
2.50956866e-01
3.16980738e-01
-3.86672565e-01
2.85976439e-01
-1.49077482e-01
0.00000000e+00
0.00000000e+00
0.00000000e+00
0.00000000e+00
0.00000000e+00
0.00000000e+00
0.00000000e+00
0.00000000e+00
0.00000000e+00
0.00000000e+00
0.00000000e+00
0.00000000e+00
0.00000000e+00
0.00000000e+00
0.00000000e+00
-8.99298895e-01
-2.47134223e+00
-1.15374975e+00
0.00000000e+00
0.00000000e+00
0.00000000e+00
6.42800509e-01
-2.01783972e+00
3.58091805e-01
-3.21813393e-02
-1.47223238e+00
5.29259585e-01
1.69036441e-01
1.28636565e+00
-5.59797848e-01
0.00000000e+00
8.34170397e-01
-2.94292648e-01
-1.04917704e+00
5.35044847e-01
1.09332610e+00
8.33880124e-01
4.38533536e-01
-2.04810959e+00
-5.83548740e-01
1.82920568e-01
-2.93479808e+00
0.00000000e+00
0.00000000e+00
0.00000000e+00
2.43264365e-02
2.40493509e+00
-3.32959864e-01
-1.87515294e-01
-1.41734447e+00
-4.40104528e-01
-6.05516468e-01
1.09734913e-01
-4.76120702e-01
0.00000000e+00
2.61751435e-01
3.20013321e+00
-1.68257493e+00
2.77104191e-01
-1.52836484e+00
-1.11614456e-01
-1.55872529e-01
-1.51077144e+00
-6.94519771e-01
-6.95040543e-02
7 1
-3.4922e-01 -1.2390e-01
6 1
0 1 6 19 3 2 
217
1.13314351e+00
-3.76758852e-01
-4.03493350e-01
-4.31998207e-02
2.87251652e-01
2.14365792e-01
5.24689105e-01
1.33782175e-01
4.43049834e-01
-3.02674680e-01
-9.08480156e-02
-3.16700924e-01
-3.09990683e-02
-3.25968177e-02
-5.56669215e-03
-4.77975253e-03
4.15040169e-01
1.62860579e-01
-1.41379865e-03
2.65757415e-01
4.25572976e-01
9.36141629e-04
4.20587142e-02
5.50276643e-01
-1.74932242e-05
-1.24323005e-02
0.00000000e+00
0.00000000e+00
0.00000000e+00
0.00000000e+00
0.00000000e+00
0.00000000e+00
0.00000000e+00
5.57240939e-01
7.70761307e-01
-1.92686742e-01
0.00000000e+00
-7.94360691e-02
8.94416434e-02
8.41411020e-02
1.51037019e-01
2.34806370e-01
6.53153442e-01
0.00000000e+00
0.00000000e+00
-2.49645276e-01
-6.24327546e-01
1.21088965e+00
0.00000000e+00
3.64658548e-01
-2.51697273e-01
2.57322847e-01
0.00000000e+00
-3.76862616e-01
-4.55955924e-01
1.01568513e+00
0.00000000e+00
-1.01519260e-02
8.36535629e-01
-5.83307733e-01
-1.41775818e-01
5.69180403e-01
7.05738921e-01
4.34522611e-01
-9.29967725e-01
-1.91385198e+00
1.03188715e+00
2.53062318e-01
5.96701466e-01
1.15411586e+00
0.00000000e+00
-2.71969380e-01
-8.12279032e-01
1.06367334e+00
-1.85639296e-01
3.41471439e-01
4.48053220e-01
0.00000000e+00
5.19783415e-01
1.81582684e-01
2.05870748e-01
4.09934209e-02
4.07489343e-01
-1.31165505e-01
0.00000000e+00
7.07200947e-01
2.98230850e-01
1.77938382e-01
3.60620957e-02
2.48004178e-01
-3.37073766e-01
3.83602833e-01
-1.58641812e-01
8.00047599e-02
5.38125908e-01
-5.51657977e-01
3.70056578e-01
5.12970509e-02
0.00000000e+00
6.53909426e-02
-7.54785055e-01
5.40161718e-01
-3.38933256e-01
5.27590846e-01
-1.14625145e-01
0.00000000e+00
0.00000000e+00
0.00000000e+00
0.00000000e+00
0.00000000e+00
0.00000000e+00
0.00000000e+00
0.00000000e+00
0.00000000e+00
0.00000000e+00
0.00000000e+00
0.00000000e+00
0.00000000e+00
0.00000000e+00
-9.41343801e-01
-2.93155037e+00
-1.10507046e+00
0.00000000e+00
0.00000000e+00
0.00000000e+00
7.24493133e-01
-9.70471931e-01
2.30957698e-01
-5.49375225e-01
-5.09357542e-01
5.00173382e-01
-1.16891261e-01
6.79719756e-01
2.03654303e-01
0.00000000e+00
2.80141113e-01
4.18781379e-02
-1.19578736e+00
-7.78534985e-02
2.62158329e-01
8.58854709e-01
4.97040393e-01
-1.42235161e+00
-6.40721301e-01
9.86683176e-02
-1.69039704e-01
0.00000000e+00
0.00000000e+00
0.00000000e+00
1.88025814e-01
-6.28187118e-01
-5.93232426e-02
3.95683517e-01
-6.87957479e-01
-4.96437206e-02
2.29997300e-01
-3.68288177e-02
-3.07806494e-01
0.00000000e+00
5.12222578e-01
-4.36368807e-01
-6.01927867e-02
3.19571073e-01
-2.34741680e-01
-6.43603471e-02
5.03401069e-02
5.09539652e-02
2.17810277e-01
4.31766158e-01
-2.59638244e+00
0.00000000e+00
0.00000000e+00
0.00000000e+00
-2.99564792e-01
3.33385287e+00
-5.31223368e-01
-4.40317411e-01
-7.23499808e-01
-2.11631764e-01
-1.64891651e+00
1.53077275e-01
-3.44628000e-01
0.00000000e+00
-7.90481558e-01
3.24075879e+00
-1.69648892e+00
1.03818187e-01
-1.77968089e+00
-2.36540682e-01
2.75046737e-01
-4.40776571e-01
-3.56901791e-01
-2.02284240e-01
-1.59592695e-01
0.00000000e+00
0.00000000e+00
0.00000000e+00
1.20266245e-01
-5.51000145e-01
-7.63490040e-02
-3.58589826e-02
-3.25323493e-01
1.24432477e-01
1.38050719e-01
-1.48595079e-02
-4.02901964e-02
0.00000000e+00
4.89011552e-01
-4.44939811e-01
1.03721423e-01
2.45782731e-01
4.78509425e-01
1.06235806e-01
-3.29364364e-01
-3.67586232e-01
6.30676592e-02
1.56901006e-01
136
6.24178774e-01
2.85570226e-01
-3.08078626e-03
1.30791802e-01
-5.56915364e-04
5.47486580e-02
6.06212596e-04
1.53068088e-01
-2.85942243e-05
0.00000000e+00
0.00000000e+00
0.00000000e+00
0.00000000e+00
0.00000000e+00
0.00000000e+00
0.00000000e+00
4.83359410e-01
4.66507434e-01
-3.46044011e-01
3.79704049e-02
7.51036940e-02
1.48701352e-01
1.85122823e-01
1.24016395e-01
1.36873033e-01
-8.36089279e-02
0.00000000e+00
3.79514539e-02
2.17073601e-01
-3.33299181e-01
8.20313341e-01
0.00000000e+00
6.14298600e-02
-1.41800084e-01
-8.31393304e-02
0.00000000e+00
-4.02555468e-01
-4.45019628e-01
4.92378361e-01
0.00000000e+00
2.44789073e-01
9.59399757e-01
-8.03342981e-01
0.00000000e+00
0.00000000e+00
0.00000000e+00
3.29343502e-01
-2.52111185e-01
5.91190311e-01
1.36444674e-01
-1.10893411e+00
0.00000000e+00
1.51450807e-01
4.37905673e-01
1.38994272e-01
-1.07857477e+00
0.00000000e+00
3.86842480e-01
1.02453414e-01
-1.78322684e-02
5.50281179e-02
7.08748029e-01
-4.28048586e-01
2.01056593e-02
-1.65832293e-01
-7.68795482e-02
2.80408857e-01
3.54975175e-01
-4.05064376e-01
3.00284739e-01
-7.64540179e-02
0.00000000e+00
3.01754415e-01
1.47346931e-02
2.61706487e-01
-8.77284995e-01
0.00000000e+00
0.00000000e+00
0.00000000e+00
0.00000000e+00
0.00000000e+00
0.00000000e+00
0.00000000e+00
0.00000000e+00
0.00000000e+00
0.00000000e+00
-8.86417480e-01
-2.36695162e+00
-1.16345259e+00
0.00000000e+00
0.00000000e+00
0.00000000e+00
6.29073744e-01
-2.16901912e+00
2.68138604e-01
-4.58686989e-02
-1.48221303e+00
5.56221927e-01
1.43613922e-01
1.33558199e+00
-5.47577827e-01
0.00000000e+00
8.43076758e-01
-2.44040112e-01
-9.99129576e-01
5.52338745e-01
1.12217027e+00
8.53858590e-01
4.58648480e-01
-2.00262167e+00
-6.19514597e-01
1.83809020e-01
-2.92781976e+00
0.00000000e+00
0.00000000e+00
0.00000000e+00
1.21191838e-01
2.37652894e+00
-2.28738722e-01
-1.17780831e-01
-1.47569952e+00
-5.07599724e-01
-4.58275376e-01
9.08029773e-02
-5.51132832e-01
0.00000000e+00
2.96949328e-01
3.16333872e+00
-1.62888815e+00
2.45523278e-01
-1.56561110e+00
-2.55635975e-02
-8.92067491e-02
-1.77050151e+00
-7.36490597e-01
-6.66661225e-02
14 2
-1.8436e-01 -1.4151e-01
7 6
0 1 6 19 3 2 7 
217
1.12698036e+00
4.81378817e-01
-6.97067467e-01
1.56887709e-01
9.21970496e-02
3.04971581e-02
6.57709399e-01
-4.72574080e-01
2.33748991e-01
-2.01628104e-02
1.01142690e-01
4.12354062e-02
4.21822275e-02
-2.27995585e-02
0.00000000e+00
0.00000000e+00
0.00000000e+00
0.00000000e+00
0.00000000e+00
0.00000000e+00
0.00000000e+00
0.00000000e+00
0.00000000e+00
6.60905101e-01
3.33223028e-03
-1.70531716e-01
0.00000000e+00
0.00000000e+00
0.00000000e+00
0.00000000e+00
0.00000000e+00
0.00000000e+00
0.00000000e+00
2.29276166e-02
1.92148446e-01
4.29385977e-01
0.00000000e+00
-1.68913329e-01
-3.69500389e-03
9.26414369e-02
1.46043501e-02
2.57029443e-01
2.75867005e-01
6.59446455e-01
0.00000000e+00
-1.68502441e-01
-4.09602449e-01
1.07930096e+00
0.00000000e+00
9.11205036e-02
-1.44527699e-01
1.16773148e-01
0.00000000e+00
-5.32406164e-01
-6.17182695e-01
1.01645323e+00
0.00000000e+00
4.03331452e-01
5.40123989e-01
-2.47901483e-01
4.98274197e-02
8.80620603e-01
1.96532334e-01
3.22919159e-01
-9.54108013e-01
-9.14309622e-01
7.81575308e-01
7.93346315e-01
9.76593903e-01
3.60286477e-01
0.00000000e+00
-2.06456649e-01
-2.84597882e-01
7.27599511e-01
-2.94349482e-01
6.05837495e-01
4.21155514e-01
0.00000000e+00
3.68060446e-01
-2.44580572e-01
4.35402735e-01
-2.62763074e-01
3.23517177e-01
2.47128001e-01
0.00000000e+00
5.64562024e-01
1.78871918e-01
1.98369232e-01
5.46953523e-02
3.64049101e-01
-1.11036641e-02
1.67616070e-01
-2.63801234e-01
-4.24020516e-02
8.05977426e-01
-9.61657611e-01
4.17188094e-01
4.71525086e-02
0.00000000e+00
1.51694927e-01
-5.17624887e-01
6.18918519e-01
-1.51916362e-01
3.56366911e-01
-8.33254471e-02
0.00000000e+00
2.18629638e-02
-2.58488452e-01
6.15365044e-01
-5.84698071e-01
4.89752349e-01
-7.44265448e-02
0.00000000e+00
0.00000000e+00
0.00000000e+00
0.00000000e+00
0.00000000e+00
0.00000000e+00
0.00000000e+00
-9.34028420e-01
-3.00118913e+00
-1.40046987e+00
0.00000000e+00
0.00000000e+00
0.00000000e+00
1.59988241e-01
-8.64917755e-01
-8.45272336e-02
1.18947980e-01
-5.07404069e-01
3.77517353e-01
-7.09341337e-02
1.15346961e+00
-2.09623934e-01
0.00000000e+00
6.47808630e-01
-4.27404615e-01
-1.35779427e+00
-5.86214207e-01
6.22152179e-01
6.55696720e-01
3.86920158e-01
-9.21182585e-01
-6.78706324e-02
-4.25097307e-01
4.84630160e-02
0.00000000e+00
0.00000000e+00
0.00000000e+00
2.53043956e-01
-1.20698569e-01
-3.35166425e-02
-6.51250080e-02
-4.90142940e-01
-4.29901924e-03
-1.30359056e-02
-2.02830481e-01
2.36466029e-02
0.00000000e+00
1.71890713e-01
3.31363994e-02
5.75275932e-02
3.48006620e-01
-7.66576352e-02
2.17008867e-02
1.23305728e-01
-3.17110298e-01
-1.11845142e-01
4.51466156e-01
-2.66212243e+00
0.00000000e+00
0.00000000e+00
0.00000000e+00
4.34654112e-01
7.98320816e-01
-1.42370501e+00
-5.18145039e-01
-3.30325191e-01
4.35764457e-01
1.02431795e-01
1.05612652e-02
-7.76294523e-01
0.00000000e+00
-2.79804755e-01
1.56626219e+00
-2.35891538e-01
-9.84991902e-03
-6.64087111e-01
-4.30930261e-01
-3.71093714e-01
-2.59256540e-01
-3.91804564e-01
-3.18928902e-01
4.83524483e-02
0.00000000e+00
0.00000000e+00
0.00000000e+00
-1.58630158e-01
2.01966868e-01
2.35957132e-01
1.05604000e-01
-3.09035037e-01
-1.06866977e-01
-1.84128761e-01
3.22634625e-02
-1.85738006e-01
0.00000000e+00
1.99345939e-01
1.05949582e-02
-3.10417104e-01
3.13667699e-01
-2.32549515e-01
1.61017765e-01
1.92928274e-01
-2.89278397e-01
2.28187677e-01
1.43462628e-01
136
5.09552876e-01
0.00000000e+00
0.00000000e+00
0.00000000e+00
0.00000000e+00
4.66781843e-03
-1.81041307e-03
5.04885057e-01
2.81146040e-03
0.00000000e+00
0.00000000e+00
0.00000000e+00
0.00000000e+00
0.00000000e+00
0.00000000e+00
0.00000000e+00
6.38660906e-01
5.60312049e-01
-6.79058202e-01
-1.37792404e-01
1.35305331e-02
5.01770806e-02
9.46756562e-02
1.26524821e-01
2.88151771e-01
1.93455469e-01
-1.19170052e-01
-1.38311432e-01
2.03544744e-01
-4.66298355e-01
8.81104067e-01
0.00000000e+00
2.02068458e-01
-1.42465344e-01
-6.87032843e-02
0.00000000e+00
-2.63447271e-01
-4.87929698e-01
5.21331720e-01
0.00000000e+00
3.40803335e-01
7.06103451e-01
-7.78247516e-01
0.00000000e+00
0.00000000e+00
0.00000000e+00
3.00328855e-02
-5.58934262e-01
5.96561476e-01
6.33526684e-03
-1.57565613e+00
0.00000000e+00
3.36430740e-01
5.04506715e-01
1.74872363e-01
-1.15085443e+00
0.00000000e+00
2.49993776e-01
3.29304029e-02
-2.63185085e-02
8.01621007e-02
6.30037440e-01
-3.39747498e-01
2.72962842e-02
-1.36514587e-01
-2.28808294e-02
2.36300221e-01
2.70465830e-01
-3.33886746e-01
2.48633330e-01
-8.92377431e-02
0.00000000e+00
-7.50614029e-02
-1.12442942e-01
2.03124868e-01
-8.67766935e-01
0.00000000e+00
-7.02717955e-02
-2.91655664e-01
2.35820898e-01
-1.23400650e-01
0.00000000e+00
0.00000000e+00
0.00000000e+00
0.00000000e+00
0.00000000e+00
-8.48792772e-01
-2.32284690e+00
-1.21068611e+00
0.00000000e+00
0.00000000e+00
0.00000000e+00
6.61154602e-01
-2.13509040e+00
2.81225453e-01
-4.83782320e-02
-1.49869157e+00
5.08875868e-01
1.59639680e-01
1.31317778e+00
-4.98681654e-01
0.00000000e+00
8.40825053e-01
-3.59459396e-01
-1.10054705e+00
5.61297450e-01
1.03489388e+00
9.03829460e-01
4.61185068e-01
-1.98380324e+00
-5.46621431e-01
2.34482561e-01
-2.96092232e+00
0.00000000e+00
0.00000000e+00
0.00000000e+00
1.51986382e-01
2.45618803e+00
-2.73443863e-01
-1.27304520e-01
-1.71139812e+00
-3.59912873e-01
-7.36248111e-01
1.77753073e-01
-3.63855741e-01
0.00000000e+00
2.58483819e-01
3.17957211e+00
-1.71171545e+00
3.09153028e-01
-1.27291723e+00
-3.99083485e-02
-1.48015360e-01
-2.01844984e+00
-7.61115253e-01
3.02259550e-02
5 1
-4.5440e-01 2.9507e-02
8 0
0 1 6 19 3 2 7 14 
217
5.50696215e-01
-3.20923807e-01
5.18115264e-02
-1.16890106e-01
3.99665120e-01
9.16358780e-02
4.29151333e-01
-3.17392839e-01
6.52156073e-02
-1.67810899e-01
-4.26354383e-01
2.28479869e-01
0.00000000e+00
0.00000000e+00
5.42651519e-01
-6.07967457e-03
-1.70871011e-01
2.76958734e-01
-7.11125765e-03
-2.07741518e-01
0.00000000e+00
0.00000000e+00
0.00000000e+00
0.00000000e+00
0.00000000e+00
0.00000000e+00
0.00000000e+00
0.00000000e+00
0.00000000e+00
0.00000000e+00
0.00000000e+00
0.00000000e+00
0.00000000e+00
5.11595912e-01
3.08014340e-01
0.00000000e+00
0.00000000e+00
4.32282558e-01
1.06872284e-01
-1.04447936e-01
-4.50816582e-02
8.01625280e-02
4.76859012e-02
3.32225377e-02
0.00000000e+00
-2.49044293e-01
-3.09750635e-01
8.89316959e-01
0.00000000e+00
-1.38132102e-01
-2.12496108e-01
3.73234836e-01
0.00000000e+00
-4.43185935e-01
-1.14485510e-01
5.59728596e-01
0.00000000e+00
5.17308677e-01
-1.22298525e-01
-1.99499745e-01
2.07273174e-01
7.60104727e-01
-4.16681686e-01
0.00000000e+00
-7.59030778e-01
-1.55942416e+00
5.54370368e-01
9.05206535e-01
7.55356625e-01
8.10312678e-02
0.00000000e+00
-3.13053654e-01
-9.38541767e-01
6.40977054e-01
-2.82099346e-01
2.22772814e-01
1.06335963e-03
0.00000000e+00
3.32579181e-01
6.48733980e-02
2.78272865e-01
-1.57858369e-01
-6.01558311e-02
-7.56849328e-02
0.00000000e+00
3.53128657e-01
1.24818828e-01
1.06438936e-01
-9.32782486e-02
9.11286215e-02
-4.46765417e-01
-1.46093973e-01
-1.42289591e-01
2.35176067e-01
5.38329943e-01
-4.60436995e-01
3.00749836e-01
-1.59864238e-01
0.00000000e+00
-2.50217576e-01
-5.96494044e-01
6.01409933e-01
-1.41193993e-01
1.99503858e-01
-1.98601393e-01
0.00000000e+00
-2.33825737e-01
-2.09212798e-01
5.60542248e-01
-3.95023819e-01
2.23979704e-01
1.13912723e-01
0.00000000e+00
4.11110314e-01
3.99692998e-01
-1.32231677e-02
1.06930902e-01
1.52809068e-01
3.13507106e-01
-7.77374492e-01
-3.31855462e+00
-1.12145944e+00
0.00000000e+00
0.00000000e+00
0.00000000e+00
9.10056125e-01
-1.14934758e+00
-6.71145480e-02
5.09342003e-02
-1.54890533e+00
2.12240358e-01
-5.34151482e-02
8.83720049e-01
1.44886631e-02
0.00000000e+00
8.02128425e-01
-2.42436802e-01
-1.31235471e+00
1.61093861e-01
1.11685187e+00
4.98584893e-01
5.98588667e-01
-2.04812660e+00
-4.51430943e-01
5.02985114e-01
9.87325182e-03
0.00000000e+00
0.00000000e+00
0.00000000e+00
6.16879869e-02
-4.20774682e-01
-5.05136822e-03
6.98401071e-02
-2.60503436e-01
2.97604923e-01
2.10493928e-01
-2.91186061e-03
-1.94973292e-01
0.00000000e+00
1.19945882e-01
9.98587605e-02
-9.99001899e-03
2.10863733e-01
-4.90194124e-01
2.02401188e-01
-7.84696785e-02
1.14053262e-01
-1.11921206e-01
1.97913148e-01
-2.82419641e+00
0.00000000e+00
0.00000000e+00
0.00000000e+00
2.65939188e-01
-5.39173435e-01
4.78517279e-01
-2.07377088e-01
-1.12121585e+00
-1.50454773e-01
7.42318617e-01
1.75828903e-01
-3.35926353e-01
0.00000000e+00
3.67715956e-01
1.76930273e+00
-1.02063801e+00
-7.04282441e-01
-9.12052623e-01
7.43608503e-02
-6.43158661e-02
-1.20253587e+00
-8.70339949e-01
4.30132333e-01
-1.50582972e-01
0.00000000e+00
0.00000000e+00
0.00000000e+00
-3.04831217e-02
1.71595207e-01
-5.94605805e-02
-8.62790210e-02
-7.75246622e-02
9.58665304e-01
-5.11074943e-01
-1.03795818e-01
-9.21795717e-02
0.00000000e+00
3.29039029e-02
-1.04853816e+00
-2.14098888e-01
5.85910433e-01
1.62131159e-01
-1.26388371e-01
-4.34441340e-01
1.08501384e+00
-1.95113787e-01
-1.67424552e-01
136
1.10523071e+00
6.13024321e-01
1.40741115e-04
6.92483673e-01
-9.17313976e-03
0.00000000e+00
0.00000000e+00
0.00000000e+00
0.00000000e+00
0.00000000e+00
0.00000000e+00
0.00000000e+00
0.00000000e+00
0.00000000e+00
0.00000000e+00
0.00000000e+00
1.00471202e+00
8.41425823e-01
0.00000000e+00
0.00000000e+00
1.05106674e+00
6.67659866e-01
5.10678561e-01
4.37506008e-01
4.31611008e-01
3.23315439e-01
3.71140514e-01
0.00000000e+00
7.17803569e-01
-2.53471575e-01
1.89491501e+00
0.00000000e+00
6.30135688e-01
-4.86377666e-01
9.53731935e-01
0.00000000e+00
1.11046985e-02
-6.69835444e-01
1.23577266e+00
0.00000000e+00
5.78840414e-01
-7.80416205e-01
-3.92249411e-02
0.00000000e+00
0.00000000e+00
0.00000000e+00
0.00000000e+00
-3.73838821e-01
6.30241264e-01
-1.36884029e-01
-1.40131248e+00
0.00000000e+00
-7.14135028e-01
-8.53799844e-03
9.13558493e-02
-1.06924727e+00
0.00000000e+00
2.48541487e-01
-8.82326744e-02
1.92117023e-01
5.28875994e-02
5.10615899e-01
-3.45289307e-01
-2.08533083e-03
2.96428046e-02
1.03856352e-01
-2.96940614e-02
4.96760318e-01
-1.18411241e-01
2.92137525e-01
-7.15401534e-02
0.00000000e+00
-5.67973552e-01
-1.66589457e-01
1.15692950e-01
-5.35978750e-01
0.00000000e+00
-8.93988356e-01
-4.05858118e-01
1.37391515e-01
-3.10058823e-01
0.00000000e+00
2.06252623e-01
-6.99020687e-02
2.22922111e-02
5.61977618e-02
-5.92983672e-01
-2.49288169e+00
-1.09712477e+00
0.00000000e+00
0.00000000e+00
0.00000000e+00
8.84890559e-01
-1.96389079e+00
2.44590588e-01
-2.07668157e-01
-1.51666058e+00
5.24307502e-01
-3.40150127e-02
1.17829722e+00
-2.24720419e-01
0.00000000e+00
8.62079861e-01
-6.88915822e-01
-1.30749545e+00
3.71968490e-01
1.24795356e+00
1.09358055e+00
6.94560844e-01
-2.00232841e+00
-6.04273876e-01
3.50614592e-01
-2.70094593e+00
0.00000000e+00
0.00000000e+00
0.00000000e+00
4.43572705e-01
-3.78896432e-01
-5.97038104e-01
1.47255883e-01
-1.43470235e+00
6.73767203e-02
3.28160096e-01
4.47961948e-01
-5.46646638e-01
0.00000000e+00
6.86200867e-01
8.90731745e-01
-7.38130160e-01
6.91301263e-01
-1.02247924e+00
3.73288397e-01
1.02947633e-01
-2.35100716e+00
-1.61468659e-01
3.50625553e-01
12 1
-7.9194e-01 1.4191e-01
8 0
0 1 6 19 3 2 7 14 
217
8.35318709e-01
-3.63473358e-01
-3.27713457e-01
-1.93200682e-02
9.60351064e-02
1.60754839e-01
2.60040880e-01
-1.97238464e-01
4.79190571e-02
-2.13892233e-01
3.20139573e-01
-1.06428688e+00
0.00000000e+00
0.00000000e+00
5.06980094e-01
-4.10119970e-03
3.21244153e-01
3.28338615e-01
-4.68601063e-03
2.13022268e-01
0.00000000e+00
0.00000000e+00
0.00000000e+00
0.00000000e+00
0.00000000e+00
0.00000000e+00
0.00000000e+00
0.00000000e+00
0.00000000e+00
0.00000000e+00
0.00000000e+00
0.00000000e+00
0.00000000e+00
4.17167661e-01
4.18151048e-01
0.00000000e+00
0.00000000e+00
4.40595897e-01
1.97729891e-01
2.05050176e-02
-5.09752757e-02
9.85727040e-03
1.88045739e-01
2.95601700e-02
0.00000000e+00
-3.06158738e-01
-4.08347633e-01
7.51911673e-01
0.00000000e+00
6.83327152e-02
-3.35011868e-01
3.87917784e-01
0.00000000e+00
-4.93300247e-01
-4.31514089e-02
8.70949314e-01
0.00000000e+00
4.88878877e-01
-2.28201385e-01
8.19816268e-02
1.19997606e-01
1.10018146e+00
-3.84860361e-01
0.00000000e+00
-1.01519429e+00
-1.74400603e+00
1.04114593e+00
8.48310481e-01
8.09367073e-01
6.35825296e-01
0.00000000e+00
-2.42729394e-01
-1.07317798e+00
8.52632873e-01
-1.88449130e-01
2.25415229e-01
-1.21321643e-01
0.00000000e+00
3.71420959e-01
3.53664143e-01
3.54823549e-01
-2.52266489e-01
1.09074201e-01
-7.00273874e-01
0.00000000e+00
1.58161933e-01
8.80960894e-02
2.69070894e-01
-2.92904015e-01
4.08085882e-01
-2.66425586e-01
0.00000000e+00
-1.21346194e-01
1.55684977e-03
5.44203583e-01
-4.79549142e-01
4.12461320e-01
-4.70941650e-01
0.00000000e+00
-2.00850152e-01
-7.84417783e-01
5.77314170e-01
-8.75702839e-02
4.58854691e-01
-2.86333785e-01
0.00000000e+00
-1.57992151e-01
-1.96246610e-01
6.19263389e-01
-3.10851096e-01
3.74047471e-01
1.14426694e-01
0.00000000e+00
6.51610364e-01
4.88055749e-01
4.46328111e-02
2.11076093e-01
1.39075534e-01
1.74064115e-01
-9.09272946e-01
-2.80211644e+00
-1.10944019e+00
0.00000000e+00
0.00000000e+00
0.00000000e+00
1.07696597e+00
-1.23040028e+00
4.48592420e-02
-3.26830379e-01
-1.95018325e+00
3.43887151e-01
-4.42477361e-02
7.41690631e-01
3.18775577e-01
0.00000000e+00
6.27680395e-01
-1.43769585e-01
-1.65818035e+00
5.08810093e-01
1.43332330e+00
1.16478601e+00
5.31548281e-01
-2.34978312e+00
-5.23601190e-01
3.25229067e-01
-6.90811377e-02
0.00000000e+00
0.00000000e+00
0.00000000e+00
-2.67495938e-02
-2.64789623e-01
-3.79781699e-02
7.73795619e-02
1.05156986e-01
1.48281314e-01
3.45757558e-02
3.79942995e-01
-5.91377875e-01
0.00000000e+00
2.39426856e-01
5.55852658e-02
1.11555732e-01
-2.82480936e-01
-6.29738042e-01
-6.84628230e-02
8.80941324e-02
3.61703387e-01
1.42368591e-02
2.16557080e-01
-2.37884438e+00
0.00000000e+00
0.00000000e+00
0.00000000e+00
2.13995451e-01
2.34364217e-01
-2.20440622e-01
-1.39407536e-01
-2.23720789e-01
5.93363580e-01
3.25083392e-01
-4.40612094e-01
-8.38457406e-01
0.00000000e+00
4.78161677e-01
1.36270103e+00
-9.61769017e-01
9.94118369e-01
-1.22961553e+00
1.72587927e-01
-1.01916258e-01
0.00000000e+00
-9.72827502e-01
3.66280131e-01
-4.40688070e-01
0.00000000e+00
0.00000000e+00
0.00000000e+00
2.54428493e-02
-3.11777435e-01
2.22322612e-01
2.74675811e-01
-5.64839026e-01
5.24174543e-01
8.74343603e-02
4.88191829e-01
3.87659053e-01
0.00000000e+00
6.16240387e-02
-4.04999720e-01
3.97876132e-01
-4.21922144e-01
1.34876353e-01
2.23180216e-01
1.69908201e-01
0.00000000e+00
2.16151252e-01
-7.66162064e-02
136
8.44082785e-01
3.97220650e-01
1.40845206e-03
4.53132436e-01
-9.38290840e-03
0.00000000e+00
0.00000000e+00
0.00000000e+00
0.00000000e+00
0.00000000e+00
0.00000000e+00
0.00000000e+00
0.00000000e+00
0.00000000e+00
0.00000000e+00
0.00000000e+00
4.61466913e-01
3.97592419e-01
0.00000000e+00
0.00000000e+00
1.12928753e+00
7.08503055e-01
4.55493239e-01
3.04048198e-01
3.04550373e-01
1.63393626e-01
1.51176590e-01
0.00000000e+00
5.74238702e-01
-2.28961457e-01
1.59289585e+00
0.00000000e+00
5.69298692e-01
-1.71184758e-01
9.20685041e-01
0.00000000e+00
-1.79971930e-01
-6.35840660e-01
9.21342166e-01
0.00000000e+00
8.32118529e-01
-7.18653678e-01
-2.59513890e-01
0.00000000e+00
0.00000000e+00
0.00000000e+00
0.00000000e+00
-1.60643964e+00
5.10491240e-01
-3.05182740e-01
-1.37128344e+00
0.00000000e+00
-5.76685833e-01
-1.99727750e-02
1.82702890e-01
-1.09889688e+00
0.00000000e+00
-3.28667150e-01
-1.90169239e-01
2.81823554e-02
2.31434214e-02
3.00271217e-01
-4.65548150e-01
-1.23844032e-02
3.51781984e-02
3.49677808e-02
0.00000000e+00
2.57964088e+00
1.08756640e-01
7.28088874e-01
5.92139210e-03
0.00000000e+00
-4.51113523e-01
-1.29955641e-01
1.41182431e-01
-5.34287438e-01
0.00000000e+00
-7.50318166e-01
-3.65681491e-01
1.56334514e-01
-2.97990662e-01
0.00000000e+00
3.07432269e-01
2.38431931e-03
4.85493045e-02
6.11985825e-02
-6.29785242e-01
-2.42938473e+00
-1.11729225e+00
0.00000000e+00
0.00000000e+00
0.00000000e+00
9.23696595e-01
-1.94491434e+00
3.07474349e-01
-1.81166951e-01
-1.49751437e+00
4.35776910e-01
-5.25344119e-02
1.25292247e+00
-2.55604979e-01
0.00000000e+00
8.61299809e-01
-6.46430012e-01
-1.31631984e+00
4.26410993e-01
1.11006277e+00
9.95153876e-01
6.18713173e-01
-1.95918088e+00
-5.71588841e-01
3.76451425e-01
-2.61029790e+00
0.00000000e+00
0.00000000e+00
0.00000000e+00
1.56227265e-01
-3.02815088e-01
-4.44913546e-01
1.45629265e-02
-1.78569088e+00
4.20434114e-01
2.06431196e-01
6.47486126e-02
-5.81387488e-01
0.00000000e+00
6.14944320e-01
6.29423950e-01
-9.90371243e-01
6.50291125e-01
-9.20569407e-01
9.27723104e-02
-6.36788477e-02
-4.09078619e-01
-2.54703149e-01
2.93074546e-01
13 1
-1.2651e+00 1.3450e-01
8 1
0 1 6 19 3 2 7 14 
217
8.07519874e-01
-5.93068318e-01
-8.40634262e-02
-1.88188920e-02
4.98241590e-01
-5.41732852e-01
1.20098232e-01
-1.64330048e-01
3.60875903e-02
8.49907727e-02
-1.39750263e-01
3.07921995e-01
2.92842724e-01
4.43702974e-01
5.75709256e-02
-4.78906939e-03
3.94181970e-01
1.42615477e-01
-2.73446926e-05
3.34350095e-01
2.84938385e-01
1.59636958e-03
1.93439766e-01
3.22395086e-01
2.22787895e-04
1.52974532e-01
0.00000000e+00
0.00000000e+00
0.00000000e+00
0.00000000e+00
0.00000000e+00
0.00000000e+00
0.00000000e+00
6.48156720e-01
7.28629917e-01
-5.69097156e-01
0.00000000e+00
-3.06935088e-01
-2.24502138e-01
8.42535167e-02
2.06188447e-01
4.09474429e-01
2.00602246e-01
4.38438461e-01
0.00000000e+00
-1.29903420e-01
-5.46562110e-01
1.26607988e+00
0.00000000e+00
-9.15701165e-02
-4.81858105e-01
5.40528542e-01
0.00000000e+00
-2.10849908e-01
-8.25894997e-01
8.51668728e-01
0.00000000e+00
3.01914294e-01
4.40321450e-01
-3.06354367e-01
-1.89089677e-01
1.22093987e+00
-2.24330317e-01
4.98582816e-03
-1.41897959e+00
-1.26076314e+00
1.16534533e+00
-1.41768806e-01
1.05616831e+00
6.43646055e-01
0.00000000e+00
-1.30409150e-01
-1.08500969e+00
7.18261280e-01
7.22567364e-01
2.19667743e-01
1.03681650e+00
0.00000000e+00
4.04538177e-01
3.21310357e-01
-9.17269561e-02
1.61336360e-01
4.94708653e-01
-2.16933640e-02
0.00000000e+00
5.56714673e-01
-2.61244992e-01
2.65446490e-01
9.24392702e-02
-1.46412892e-02
6.58604825e-02
-6.87420035e-02
3.28190066e-01
8.16666633e-02
2.17773385e-01
2.88519839e-02
3.30298427e-01
-4.41513080e-01
0.00000000e+00
-1.74559744e-01
-1.27795796e+00
6.03427045e-01
-2.40427389e-01
3.78652573e-01
-1.60116614e-01
0.00000000e+00
-2.21801567e-01
-1.71034451e-01
6.37914465e-01
-2.16589348e-01
3.91406977e-01
-1.29353566e-01
0.00000000e+00
6.01361618e-01
6.25354337e-01
-7.89044944e-03
1.93112571e-01
2.14048705e-01
-8.09669545e-02
-3.75653253e-01
-2.77630726e+00
-9.74442258e-01
0.00000000e+00
0.00000000e+00
0.00000000e+00
7.03705603e-01
-1.24642426e+00
2.18930427e-01
-7.75538112e-01
-1.09939200e+00
3.93600573e-01
-2.14380364e-01
1.32196154e+00
-3.05250411e-02
0.00000000e+00
3.87555217e-01
5.29608755e-01
-1.27514200e+00
2.25532173e-01
1.03432966e+00
9.74361802e-01
-4.23130350e-02
-1.53819711e+00
-4.90183709e-01
-5.19323767e-02
-1.74582544e-01
0.00000000e+00
0.00000000e+00
0.00000000e+00
1.19543057e-01
1.21156838e-01
-9.44157625e-02
3.80901717e-01
-1.43692364e-01
1.34156067e-02
9.70695686e-02
7.03355352e-02
-2.16834338e-01
0.00000000e+00
1.07897224e-01
-4.19715834e-01
-5.78058003e-03
9.14640770e-02
-2.75377965e-01
9.26076813e-02
2.12514600e-01
-3.42136615e-01
-6.90733963e-02
8.55384049e-02
-3.24798987e+00
0.00000000e+00
0.00000000e+00
0.00000000e+00
-1.16754044e-01
3.20513441e+00
-6.10044834e-01
7.87137478e-01
0.00000000e+00
-1.11892606e+00
-2.75277462e+00
-2.91905782e-01
9.22479440e-01
0.00000000e+00
-1.77033646e-01
3.95451384e+00
-1.63877163e+00
-3.56083838e-01
-9.63008084e-01
-1.28036969e-01
-1.31932334e-01
-2.10874974e-01
-5.68341227e-01
-6.94915061e-01
-4.24128420e-01
0.00000000e+00
0.00000000e+00
0.00000000e+00
4.26953944e-01
4.26933704e-03
1.66318939e-01
-1.85796481e-01
0.00000000e+00
4.89626875e-01
1.11766603e+00
4.91438651e-01
-3.77553451e-01
0.00000000e+00
4.11725032e-01
-2.34618173e-02
-5.15067867e-02
3.31626885e-01
2.56253130e-01
1.93617958e-01
3.03947739e-01
-5.93723633e-01
-5.54073478e-01
6.79701797e-01
136
4.81373502e-01
1.79896235e-01
-1.87675540e-03
1.00645387e-01
-5.07605965e-04
6.80575551e-02
-9.34044746e-05
1.32774325e-01
-1.73565989e-04
0.00000000e+00
0.00000000e+00
0.00000000e+00
0.00000000e+00
0.00000000e+00
0.00000000e+00
0.00000000e+00
4.51642108e-01
4.73766377e-01
-4.55577694e-01
-8.83470413e-02
1.14220265e-01
1.06316917e-01
1.05641645e-01
1.59772682e-01
1.04089156e-01
3.46945309e-02
-5.50146530e-02
-8.83470413e-02
2.33569797e-01
-4.01041896e-01
8.14710115e-01
0.00000000e+00
2.31728771e-01
-1.24197292e-01
-2.48173330e-01
0.00000000e+00
-2.94720076e-01
-4.25701809e-01
4.65307888e-01
0.00000000e+00
3.08607317e-01
1.00202619e+00
-9.92361084e-01
0.00000000e+00
0.00000000e+00
0.00000000e+00
2.67007949e-01
-3.04303845e-01
5.30673530e-01
-1.09094722e-02
-1.28266439e+00
0.00000000e+00
3.90804722e-01
4.38836803e-01
2.73807776e-01
-1.04972963e+00
0.00000000e+00
3.03776978e-01
7.01151349e-02
3.51673269e-03
1.14381016e-01
1.41584721e-01
-2.23359382e-01
-2.94647819e-02
-5.42712267e-02
5.27041147e-02
2.19071873e-01
7.62877626e-02
-3.78783633e-02
1.45442555e-01
-1.58925980e-01
0.00000000e+00
5.86856023e-02
-4.70724533e-02
2.02912954e-01
-7.66868996e-01
0.00000000e+00
1.22504210e-01
-1.99928294e-01
2.57058956e-01
-1.60884060e-01
0.00000000e+00
3.53297422e-01
4.70527602e-02
-2.03036576e-03
7.33995223e-02
-9.35581351e-01
-2.38354168e+00
-1.22583855e+00
0.00000000e+00
0.00000000e+00
0.00000000e+00
6.70752919e-01
-2.28200849e+00
2.73296658e-01
-2.62353882e-02
-1.49319444e+00
4.92572831e-01
1.76341289e-01
1.25010778e+00
-5.39477479e-01
0.00000000e+00
9.09846613e-01
-3.78310212e-01
-1.07336071e+00
5.12353580e-01
1.03966391e+00
8.69594683e-01
5.31828503e-01
-1.94235717e+00
-5.39432959e-01
3.22179515e-01
-2.80739097e+00
0.00000000e+00
0.00000000e+00
0.00000000e+00
7.76075848e-02
2.17200575e+00
-3.30830223e-01
-1.54891981e-01
-1.54071837e+00
-4.51303308e-01
-7.61610956e-01
1.31021888e-01
-6.13020139e-01
0.00000000e+00
2.69965045e-01
2.85195935e+00
-1.56107958e+00
5.01312012e-01
-1.32436491e+00
5.29014956e-02
-1.57235899e-01
-1.54265158e+00
-3.91223862e-01
-3.52332769e-02
21 1
-1.1441e+00 2.1173e-01
8 0
0 1 6 19 3 2 7 14 
217
6.80426951e-01
-1.96289066e-01
-1.13357960e-01
6.96531804e-02
4.87792510e-01
-7.22109418e-01
-2.13877812e-01
-2.95349279e-01
-3.80388170e-01
4.56669343e-01
7.31887074e-02
-2.54312546e-01
0.00000000e+00
0.00000000e+00
1.35449870e-01
1.45616324e-03
9.03670759e-01
5.44977082e-01
-7.03515978e-03
5.90468036e-01
0.00000000e+00
0.00000000e+00
0.00000000e+00
0.00000000e+00
0.00000000e+00
0.00000000e+00
0.00000000e+00
0.00000000e+00
0.00000000e+00
0.00000000e+00
0.00000000e+00
0.00000000e+00
0.00000000e+00
2.98084703e-01
3.82342249e-01
0.00000000e+00
0.00000000e+00
1.26639860e-01
-8.33537396e-02
1.02407134e-01
-2.15893142e-03
5.50716084e-02
2.72012045e-01
2.09808975e-01
0.00000000e+00
-3.84452419e-01
-4.07940037e-01
8.91437212e-01
0.00000000e+00
5.21090270e-03
-3.72044657e-01
3.53422398e-01
0.00000000e+00
-6.95148458e-01
3.13479728e-02
6.04231352e-01
0.00000000e+00
8.89847743e-01
-1.24858087e-01
-1.10626970e-01
1.61013524e-01
6.59080550e-01
-1.39667122e-01
0.00000000e+00
-8.73494808e-01
-1.41436600e+00
8.97499236e-01
5.92440333e-01
6.56422523e-01
3.21955406e-01
0.00000000e+00
-1.84542232e-01
-1.21300815e+00
6.74867130e-01
-2.64711661e-01
1.90102053e-01
5.53003707e-01
0.00000000e+00
3.94756221e-02
2.85931254e-01
-1.87883422e-02
-1.57810823e-01
6.59739672e-01
1.58640205e+00
0.00000000e+00
8.56333981e-02
-1.07102192e-01
1.49797817e-01
-1.55211871e-01
4.44995736e-01
1.39719663e-02
0.00000000e+00
-1.27357091e-01
-2.66402128e-01
6.29349588e-01
-4.42973835e-01
1.78434455e-01
-1.21439675e-01
0.00000000e+00
-1.79278759e-01
-1.17650651e+00
5.28724201e-01
-1.66660761e-01
3.30981509e-01
-3.16751614e-01
0.00000000e+00
-3.66680470e-01
-3.63581408e-01
6.23982462e-01
-3.58519478e-01
4.23124959e-01
-1.38382347e-01
0.00000000e+00
7.20402655e-01
2.54287932e-01
1.52783205e-01
2.15130167e-01
-1.92758908e-01
-2.71563387e-01
-8.12062630e-01
-2.72506423e+00
-9.97307134e-01
0.00000000e+00
0.00000000e+00
0.00000000e+00
5.00362201e-01
-1.03680490e+00
-4.23962515e-01
1.12430840e-01
-1.75361681e+00
1.16304325e-01
1.80059547e-01
5.79964448e-01
-2.19530804e-01
0.00000000e+00
7.92424853e-01
5.52249682e-01
-1.05699565e+00
-5.34123934e-02
9.93229073e-01
9.79654727e-01
7.17504092e-01
-1.94622468e+00
-4.65610920e-01
4.34667752e-01
-2.06635396e-01
0.00000000e+00
0.00000000e+00
0.00000000e+00
4.66402597e-01
-1.10211725e+00
3.39744664e-01
-1.11666133e-01
2.48627598e-01
5.20492292e-01
1.47942115e-02
6.90887761e-01
-2.38829496e-01
0.00000000e+00
1.58819458e-01
-1.38401300e+00
-4.32980221e-01
5.52599684e-01
-1.28112102e-01
1.73502584e-01
2.50332579e-02
-1.18119709e-02
-9.10320163e-02
1.03022686e-01
-2.72598976e+00
0.00000000e+00
0.00000000e+00
0.00000000e+00
7.43378572e-01
6.78792856e-01
3.41377942e-01
-2.87607491e-01
0.00000000e+00
4.57072381e-01
9.82139294e-02
5.70790695e-01
-1.79137410e-01
0.00000000e+00
8.56750607e-01
1.79070830e+00
-1.05887716e-01
5.54069058e-01
-4.74639978e-01
-2.38219898e-01
-4.47897917e-02
0.00000000e+00
9.93326030e-01
3.84630523e-01
-9.07442623e-01
0.00000000e+00
0.00000000e+00
0.00000000e+00
2.47083126e-01
2.04203486e-02
5.31428716e-01
9.72239887e-01
0.00000000e+00
8.14503535e-01
8.24427306e-01
5.16540254e-01
-1.96169614e-01
0.00000000e+00
4.18350729e-01
-3.49398678e-02
3.67300646e-01
1.03485931e+00
2.45919240e-01
8.21138727e-01
8.53659604e-01
0.00000000e+00
2.68212523e-01
5.69800749e-01
136
9.52664698e-01
5.21456314e-01
-4.55194019e-04
4.38138814e-01
-7.18210812e-03
0.00000000e+00
0.00000000e+00
0.00000000e+00
0.00000000e+00
0.00000000e+00
0.00000000e+00
0.00000000e+00
0.00000000e+00
0.00000000e+00
0.00000000e+00
0.00000000e+00
6.10634631e-01
5.04598012e-01
0.00000000e+00
0.00000000e+00
1.18267109e+00
7.30649470e-01
4.42028023e-01
3.71565576e-01
3.92654535e-01
3.38260089e-01
2.63822471e-01
0.00000000e+00
6.28638739e-01
-3.47044781e-01
1.69713166e+00
0.00000000e+00
6.54579619e-01
-3.24067560e-01
9.92322238e-01
0.00000000e+00
3.23957348e-02
-5.53766739e-01
1.08747385e+00
0.00000000e+00
6.56402936e-01
-7.57052777e-01
-4.53616689e-02
0.00000000e+00
0.00000000e+00
0.00000000e+00
0.00000000e+00
-1.56547031e+00
5.35919507e-01
-3.39425769e-01
-1.40069692e+00
0.00000000e+00
-7.96799544e-01
-5.19449487e-02
1.38189533e-01
-1.04863173e+00
0.00000000e+00
-2.24158090e-01
-2.10194196e-01
8.67318716e-02
-1.45524359e-02
3.32593584e-01
-4.86569593e-01
-6.91740348e-03
-7.58681748e-03
5.28792140e-02
0.00000000e+00
2.83902864e+00
1.76616745e-01
7.74271795e-01
-6.81747336e-02
0.00000000e+00
-6.53041293e-01
-1.63967540e-01
1.08712433e-01
-5.50974053e-01
0.00000000e+00
-1.07546591e+00
-4.33599634e-01
8.90184455e-02
-2.74741791e-01
0.00000000e+00
4.80796482e-01
5.87068167e-02
5.89308133e-02
1.25549318e-01
-6.42943108e-01
-2.44471510e+00
-1.12215461e+00
0.00000000e+00
0.00000000e+00
0.00000000e+00
8.63735867e-01
-1.84693889e+00
1.83963812e-01
-2.19431550e-01
-1.57958144e+00
4.75968193e-01
-4.31844703e-02
1.25599212e+00
-2.72885872e-01
0.00000000e+00
8.74687765e-01
-5.21074907e-01
-1.32574331e+00
3.28782700e-01
1.11182319e+00
1.02189890e+00
6.69047159e-01
-1.89572364e+00
-5.74988783e-01
3.71498560e-01
-2.64689581e+00
0.00000000e+00
0.00000000e+00
0.00000000e+00
1.66618831e-01
-4.37496711e-01
-3.10643836e-01
3.59399252e-02
-1.42020504e+00
4.76655247e-01
2.40019780e-01
1.47745690e-02
-5.65256654e-01
0.00000000e+00
6.33699734e-01
5.71853522e-01
-1.08513007e+00
5.57147268e-01
-9.57175599e-01
1.71263428e-01
-1.06950350e-01
-5.84910158e-01
-3.63685020e-01
3.16585319e-01
17 1
-1.2053e+00 2.1822e-01
8 0
0 1 6 19 3 2 7 14 
217
5.62189230e-01
-1.00563928e-01
-5.54559316e-02
-4.34802235e-01
4.49836525e-01
-3.45358318e-01
7.24358282e-02
3.69964823e-01
3.16010998e-01
1.99804064e-01
2.92748454e-02
5.12318946e-01
0.00000000e+00
0.00000000e+00
-2.41533953e-02
5.86082761e-03
2.01325274e-01
6.03845925e-01
-2.33719290e-03
-8.29825179e-02
0.00000000e+00
0.00000000e+00
0.00000000e+00
0.00000000e+00
0.00000000e+00
0.00000000e+00
0.00000000e+00
0.00000000e+00
0.00000000e+00
0.00000000e+00
0.00000000e+00
0.00000000e+00
0.00000000e+00
2.63229942e-01
2.98959288e-01
0.00000000e+00
0.00000000e+00
3.75788646e-01
-8.42531576e-02
-1.82738120e-01
-3.45545222e-02
1.04280079e-01
2.38399152e-01
1.45267154e-01
0.00000000e+00
-2.95246301e-01
-7.22038835e-01
6.24087292e-01
0.00000000e+00
4.10276936e-01
-9.19217993e-02
3.57024358e-01
0.00000000e+00
5.39845231e-01
-2.85838146e-01
6.20146301e-01
0.00000000e+00
0.00000000e+00
5.55233009e-01
1.45342807e-01
3.19253240e-01
2.83644868e-01
-4.07088774e-02
0.00000000e+00
-5.44565772e-01
-8.75820833e-01
7.51417252e-01
6.44861645e-01
3.55337749e-01
3.93914374e-01
0.00000000e+00
-6.39845756e-01
-1.00431332e+00
6.55312781e-01
-2.61192087e-01
5.46722206e-01
6.74305330e-01
0.00000000e+00
4.80955541e-01
6.88740395e-02
-5.28016368e-02
-1.48527676e-02
1.34035326e-01
-1.56980195e-01
0.00000000e+00
2.82181651e-01
1.21462640e-01
-1.62928781e-01
-1.42997717e-01
4.42936361e-01
8.65027864e-01
-1.66919171e-01
-9.67294710e-02
-2.65075249e-01
6.03893492e-01
-4.27355674e-01
2.21944380e-01
-7.92091210e-02
0.00000000e+00
-2.83309437e-01
-8.24960074e-01
4.41092095e-01
-2.08326021e-01
4.04406573e-01
1.77778595e-02
0.00000000e+00
-3.57431030e-01
-2.22610898e-01
6.49585742e-01
-3.96354173e-01
2.70034519e-01
-4.83436693e-01
0.00000000e+00
1.98155536e-01
3.61463056e-01
-2.86741260e-02
-7.33597678e-02
3.92707821e-01
8.46944172e-01
-7.35337677e-01
-2.76966967e+00
-9.86068187e-01
0.00000000e+00
0.00000000e+00
0.00000000e+00
6.22417844e-01
-1.28379707e+00
6.93637772e-03
2.01543045e-01
-2.14313177e+00
2.89674150e-01
-2.54700044e-02
1.04333248e+00
-4.95693886e-01
0.00000000e+00
9.47846349e-01
3.11220326e-01
-1.49604568e+00
2.40290331e-01
1.13043560e+00
7.90522223e-01
7.12276768e-01
-2.13771181e+00
-4.05293908e-01
7.04580437e-01
-1.34424577e-02
0.00000000e+00
0.00000000e+00
0.00000000e+00
3.47537933e-02
-4.65726126e-01
4.55984397e-02
-1.67992799e-01
6.18334045e-01
2.60097766e-01
1.57876615e-01
1.32842269e-02
-9.96335833e-02
0.00000000e+00
-8.43378661e-02
-5.44198589e-01
1.08469345e-01
2.67337291e-01
-3.82279355e-01
1.93127338e-01
-7.24578820e-02
2.60326584e-01
3.17224230e-02
-1.87744125e-01
-2.83389571e+00
0.00000000e+00
0.00000000e+00
0.00000000e+00
6.33546496e-01
9.80247287e-01
-3.79092603e-01
-6.26462033e-01
0.00000000e+00
1.37793189e+00
8.58149846e-02
4.18979533e-01
-1.01011936e+00
0.00000000e+00
1.26949404e+00
4.33867490e-01
-5.97760040e-01
1.52520362e-01
-3.11821394e-01
8.51543841e-01
-4.66669398e-01
2.84019590e-01
5.96096241e-01
3.00974639e-01
-3.59999234e-01
0.00000000e+00
0.00000000e+00
0.00000000e+00
3.01718861e-01
-4.46561400e-01
7.23810212e-01
8.34360358e-01
0.00000000e+00
-1.94456697e-01
4.82801066e-01
3.04315325e-01
6.22331350e-01
0.00000000e+00
1.98985574e-01
5.25286492e-01
1.35903250e-01
8.41208013e-01
1.84883706e-01
-5.86481177e-02
5.95438156e-01
8.35048820e-01
2.55278537e-02
3.37889699e-01
136
1.24512658e+00
6.93119508e-01
-1.86848265e-03
6.99288635e-01
-8.81996063e-03
0.00000000e+00
0.00000000e+00
0.00000000e+00
0.00000000e+00
0.00000000e+00
0.00000000e+00
0.00000000e+00
0.00000000e+00
0.00000000e+00
0.00000000e+00
0.00000000e+00
1.05662084e+00
9.18540934e-01
0.00000000e+00
0.00000000e+00
1.31040524e+00
8.61085308e-01
5.82518912e-01
4.69003012e-01
5.04577177e-01
4.07905929e-01
2.83869436e-01
0.00000000e+00
8.55430671e-01
-3.60621862e-01
2.03079465e+00
0.00000000e+00
7.32761047e-01
-5.07504291e-01
1.21471732e+00
0.00000000e+00
5.75668868e-02
-7.19214717e-01
1.20135585e+00
0.00000000e+00
7.92899081e-01
-9.90323752e-01
1.20800374e-01
0.00000000e+00
0.00000000e+00
0.00000000e+00
0.00000000e+00
-2.00043220e-01
6.43321047e-01
-1.22301283e-01
-1.20616941e+00
0.00000000e+00
-7.20847534e-01
-3.11713584e-02
9.12184931e-02
-1.07888058e+00
0.00000000e+00
-1.18223203e-01
-1.83065633e-01
1.28656160e-01
1.02010675e-01
6.49477621e-01
-4.52053192e-01
-3.29591921e-02
7.17107579e-02
-5.46824418e-03
3.50123482e-01
4.33430218e-01
-1.70209471e-01
3.11328812e-01
-4.04422810e-02
0.00000000e+00
-6.08241929e-01
-1.43898358e-01
1.08396676e-01
-4.39362778e-01
0.00000000e+00
-9.37928035e-01
-3.85068990e-01
1.03180899e-01
-2.78842444e-01
0.00000000e+00
3.62212896e-01
-6.67262987e-03
3.79522885e-02
6.13587416e-02
-6.50323430e-01
-2.56187659e+00
-1.17736786e+00
0.00000000e+00
0.00000000e+00
0.00000000e+00
8.35047147e-01
-1.93047106e+00
1.94720900e-01
-1.10098023e-01
-1.56882082e+00
4.27941406e-01
-2.10945393e-02
1.15799049e+00
-2.31490637e-01
0.00000000e+00
8.83013315e-01
-5.84686962e-01
-1.34898373e+00
3.66183296e-01
1.19368916e+00
1.00014508e+00
7.33358554e-01
-1.99643830e+00
-5.98003927e-01
4.20630792e-01
-2.72866883e+00
0.00000000e+00
0.00000000e+00
0.00000000e+00
3.52766389e-01
-3.13043326e-01
-2.71966917e-01
3.52437685e-02
-1.48769480e+00
4.82491176e-01
2.60824603e-01
3.15338812e-01
-6.02822306e-01
0.00000000e+00
5.98908031e-01
7.89315368e-01
-8.96427253e-01
6.04348048e-01
-9.86126149e-01
2.04907756e-01
-9.67970398e-03
-1.71650619e+00
-3.49969841e-01
2.61423712e-01
8 1
-1.6861e+00 2.1472e-01
8 1
0 1 6 19 3 2 7 14 
217
2.70081948e-01
-6.78959370e-02
1.01111235e-02
-1.06758393e-01
-4.72290333e-02
-2.91038571e-02
-1.76788421e-01
3.28925982e-01
2.07098360e-01
3.05615630e-01
1.71240180e-01
8.95432212e-02
1.15760863e-01
-2.88172977e-01
-1.34648130e-01
6.84077363e-04
6.49084706e-01
-2.68453050e-03
3.60811291e-03
3.22033199e-01
1.92244378e-01
-9.47266926e-05
3.07854836e-01
2.15170230e-01
4.63160798e-04
3.42007548e-01
0.00000000e+00
0.00000000e+00
0.00000000e+00
0.00000000e+00
0.00000000e+00
0.00000000e+00
0.00000000e+00
4.66916247e-01
4.44133539e-01
-5.97512983e-01
0.00000000e+00
-3.93965646e-01
-3.90562932e-02
1.12205584e-01
1.93097070e-01
3.66665000e-01
2.16607297e-01
-1.85471063e-01
0.00000000e+00
-1.37567940e-01
-1.34051387e-01
1.22484427e+00
0.00000000e+00
-2.71810006e-01
-5.77785361e-01
1.79779891e-02
0.00000000e+00
-7.19382101e-01
-4.38841455e-01
6.69349497e-01
0.00000000e+00
6.71115918e-01
4.62384901e-01
-4.96152376e-01
4.29916694e-02
4.43120227e-01
-2.16029948e-01
2.84787530e-01
-9.73080832e-01
-1.47834350e+00
6.78932720e-01
5.79356436e-02
2.79442530e-01
3.70631161e-01
0.00000000e+00
-4.57644129e-01
-1.58365971e+00
6.95599410e-01
5.52100250e-01
3.21266666e-02
5.71413247e-01
0.00000000e+00
4.64350883e-01
-8.30671226e-04
2.93754687e-01
2.54482018e-02
-4.88023622e-01
-7.08621473e-01
0.00000000e+00
1.21607565e-01
-5.41078388e-02
5.12593095e-02
1.12552078e-01
9.72150739e-02
-4.34614838e-01
-2.82486160e-01
-1.62447934e-01
-3.15714539e-01
4.00271438e-01
-3.52029759e-01
3.14744604e-01
4.43386712e-02
0.00000000e+00
-2.71554680e-01
-8.05755539e-01
3.70533297e-01
-2.80637477e-01
1.71103331e-01
-2.28850834e-01
0.00000000e+00
-2.20170212e-01
-1.13681614e-01
3.86301097e-01
-2.38724229e-01
1.03951063e-01
-2.51514130e-01
0.00000000e+00
6.52904804e-01
9.50325624e-01
-2.16470613e-01
2.52206276e-01
-1.66352243e-01
-2.11930152e-01
-7.45542888e-01
-2.70147304e+00
-9.24859844e-01
0.00000000e+00
0.00000000e+00
0.00000000e+00
8.31373887e-01
-1.08339254e+00
-8.50229278e-04
-6.36394305e-01
-5.97498255e-01
-8.80093331e-02
-1.95821446e-01
7.18493988e-01
7.50752624e-01
0.00000000e+00
8.67302953e-01
-5.62069980e-01
-9.91683869e-01
2.22361201e-01
2.17047003e-01
9.70977669e-01
2.03309483e-01
-1.28206880e+00
-3.65212045e-01
9.65221517e-02
-1.73242463e-01
0.00000000e+00
0.00000000e+00
0.00000000e+00
1.70226878e-01
-8.46009874e-01
2.24243498e-02
2.65070324e-01
-4.33563924e-01
2.15627324e-01
1.42646529e-01
1.01120277e-01
-4.17954603e-01
0.00000000e+00
1.21159131e-01
-7.16203701e-02
3.73838336e-02
2.64475014e-01
2.00435102e-01
-4.89482860e-03
1.94846039e-01
-2.68136096e-01
-2.00708830e-03
1.35529519e-01
-2.49777091e+00
0.00000000e+00
0.00000000e+00
0.00000000e+00
-3.35176974e-01
2.84528902e+00
-5.82978340e-01
-3.85765510e-01
-4.44058501e-01
-8.06302706e-01
-1.74998135e+00
1.99579570e-01
6.45714129e-02
0.00000000e+00
9.11141662e-02
2.55002703e+00
-1.76623950e+00
2.11263426e-01
-8.91322993e-01
-4.07491248e-01
3.40091405e-01
-6.20340599e-01
-3.55978252e-01
-4.54070967e-01
-3.58216168e-01
0.00000000e+00
0.00000000e+00
0.00000000e+00
3.01186505e-01
-2.57437619e-01
2.04691036e-01
9.50429180e-02
-6.27690981e-01
-2.29512281e-01
5.86705042e-01
1.14421626e-01
1.30157649e-01
0.00000000e+00
2.84875268e-01
-7.11385317e-01
-3.46854750e-02
1.14731352e-01
1.88433910e-01
1.96279106e-01
-1.26155417e-01
-8.66770298e-01
1.03921336e-01
1.74975472e-01
136
3.83473863e-01
-1.86734076e-01
1.54195845e-02
1.92368296e-01
3.37632017e-04
1.47064573e-01
5.55950442e-04
2.30775071e-01
-1.20819829e-04
0.00000000e+00
0.00000000e+00
0.00000000e+00
0.00000000e+00
0.00000000e+00
0.00000000e+00
0.00000000e+00
3.96571884e-01
4.41138599e-01
-4.62823262e-01
-3.09982441e-02
4.41993231e-02
6.46039203e-02
8.89079026e-02
1.03798821e-01
1.14330807e-01
5.60910022e-02
-5.74596688e-02
-3.13743443e-02
1.58127173e-01
-4.82635135e-01
8.05658346e-01
0.00000000e+00
2.06978417e-01
-1.27612592e-01
-1.63177861e-01
0.00000000e+00
-2.84139543e-01
-4.26491690e-01
4.99294699e-01
0.00000000e+00
2.55806878e-01
9.55214377e-01
-9.82174863e-01
0.00000000e+00
0.00000000e+00
0.00000000e+00
3.14075437e-01
-4.26974820e-01
6.24461564e-01
6.73692159e-02
-1.01554020e+00
0.00000000e+00
3.00671293e-01
4.33825033e-01
2.15882479e-01
-1.03242801e+00
0.00000000e+00
2.38439507e-01
4.86261613e-02
-1.81697034e-02
2.97763907e-02
5.86723358e-01
-2.55521748e-01
-1.16937058e-02
-7.85233464e-02
1.57748693e-02
2.36193316e-01
1.35480730e-01
-2.89795869e-01
2.20365937e-01
-8.80422092e-02
0.00000000e+00
1.01450392e-01
-6.52822090e-02
2.19437394e-01
-7.38438627e-01
0.00000000e+00
6.36164406e-02
-1.92409320e-01
2.39443293e-01
-1.21924808e-01
0.00000000e+00
3.18936563e-01
2.73847240e-02
7.79069230e-03
1.97421476e-02
-8.60133396e-01
-2.31868041e+00
-1.23028877e+00
0.00000000e+00
0.00000000e+00
0.00000000e+00
6.66935603e-01
-2.05481820e+00
2.47768723e-01
1.18853055e-02
-1.51696170e+00
4.83165226e-01
1.43770210e-01
1.29224797e+00
-5.42454158e-01
0.00000000e+00
8.68110966e-01
-3.50427694e-01
-1.12997741e+00
4.98293115e-01
1.00836649e+00
8.71590113e-01
4.98861549e-01
-1.93183952e+00
-5.89980505e-01
2.95175149e-01
-2.83339024e+00
0.00000000e+00
0.00000000e+00
0.00000000e+00
9.63343852e-02
2.37398093e+00
-4.08777808e-01
-1.84608588e-01
-1.38866771e+00
-2.67394511e-01
-7.91172701e-01
8.65730992e-02
-6.08379213e-01
0.00000000e+00
1.84076190e-01
3.12508017e+00
-1.64886643e+00
3.08274959e-01
-1.39161167e+00
-1.19588734e-01
-1.80190258e-01
-1.33982406e+00
-6.61091716e-01
-1.75365684e-02
