0 6 -999999999 -1 -1
1 2 0 -1 -1
0.2208 0.1827
356
5.36390552e-01
5.09025004e-01
0.00000000e+00
8.03046888e-01
-6.06486154e-01
-5.41786376e-01
4.24092241e-02
0.00000000e+00
0.00000000e+00
1.46177460e-01
-2.85359375e-01
0.00000000e+00
0.00000000e+00
2.45355622e-01
2.74544489e-01
2.83146777e-01
0.00000000e+00
0.00000000e+00
0.00000000e+00
0.00000000e+00
0.00000000e+00
0.00000000e+00
0.00000000e+00
0.00000000e+00
0.00000000e+00
0.00000000e+00
0.00000000e+00
0.00000000e+00
0.00000000e+00
0.00000000e+00
0.00000000e+00
0.00000000e+00
0.00000000e+00
0.00000000e+00
0.00000000e+00
0.00000000e+00
0.00000000e+00
0.00000000e+00
0.00000000e+00
0.00000000e+00
0.00000000e+00
0.00000000e+00
0.00000000e+00
0.00000000e+00
0.00000000e+00
0.00000000e+00
0.00000000e+00
0.00000000e+00
0.00000000e+00
0.00000000e+00
0.00000000e+00
-4.00205277e-01
-5.31160291e-01
7.76831165e-01
0.00000000e+00
0.00000000e+00
0.00000000e+00
0.00000000e+00
2.88364619e-01
1.86235106e-02
3.95466822e-01
-2.86371479e-01
1.83860666e-01
-1.04058667e-01
1.46911238e-01
-6.40809512e-01
-4.78212793e-01
-8.16638046e-01
-9.01109372e-02
-4.25790113e-03
-4.18030811e-01
3.85599794e-01
-1.54246873e-03
-8.73634330e-01
1.78155044e-01
-1.86089971e-03
-6.16977032e-01
6.27466509e-02
-1.08936295e-03
-6.29541323e-01
0.00000000e+00
0.00000000e+00
3.33103745e-01
4.65286348e-01
4.63736593e-01
-5.60282529e-01
-2.77298435e-01
1.14659269e-01
0.00000000e+00
0.00000000e+00
-2.93336646e-01
-2.12620295e-01
-8.13919126e-01
-5.20740277e-01
-2.54904152e-02
-1.53981089e-01
-5.18874552e-02
-1.42473049e-02
2.03067822e-02
-3.60943772e-02
1.11812734e+00
7.04816272e-02
0.00000000e+00
0.00000000e+00
3.00513218e+00
2.12595806e+00
0.00000000e+00
0.00000000e+00
0.00000000e+00
0.00000000e+00
0.00000000e+00
4.67999018e-02
3.94212222e-01
3.53666296e-01
1.29784697e-01
-4.49820272e-01
-8.31882231e-01
-2.10516006e+00
0.00000000e+00
0.00000000e+00
0.00000000e+00
0.00000000e+00
0.00000000e+00
0.00000000e+00
9.37904684e-01
-3.07416597e-02
-9.58444649e-02
-3.48303929e-01
-7.39947821e-01
-1.07701285e+00
3.71456553e+00
3.62477390e+00
3.56851307e+00
3.55696968e+00
3.55172422e+00
3.48099411e+00
3.35506357e-01
4.63676819e-01
4.11888238e-01
5.09106051e-01
5.60032317e-01
-1.49836449e-01
2.76439396e-01
2.61969452e-01
1.56626096e-01
2.23686265e-01
3.07209548e-01
-8.15130080e-02
4.04577175e-02
0.00000000e+00
0.00000000e+00
0.00000000e+00
0.00000000e+00
0.00000000e+00
0.00000000e+00
0.00000000e+00
7.31554294e-01
7.71804234e-01
-1.81354525e+00
-4.07574774e-01
-2.25496329e-01
-4.23686522e-01
-4.29700047e-01
-7.58306207e-01
-6.55196376e-01
0.00000000e+00
0.00000000e+00
0.00000000e+00
4.70244656e-01
5.66005237e-02
-3.68064544e-01
1.39073974e-01
-1.41750931e+00
5.93016889e-01
1.24749535e-01
-2.30315101e-01
7.13295693e-01
0.00000000e+00
8.69978031e-01
6.30456877e-01
-9.48458164e-01
1.82690151e-01
-5.67625131e-01
-2.20668804e-01
1.49168120e-01
-1.07489396e+00
-2.88913686e-01
5.31977880e-01
2.04536642e-01
0.00000000e+00
0.00000000e+00
0.00000000e+00
7.54254371e-02
-8.32116666e-01
5.86725932e-02
3.52982094e-02
1.02741657e-01
1.19769720e-02
4.47160973e-02
-1.68625035e-02
-2.95474974e-02
0.00000000e+00
-1.35607533e-01
-3.33454886e-01
2.42949909e-01
1.53538812e-01
2.06035668e-01
2.44463735e-01
7.79329965e-02
2.01367047e-01
1.26260261e-01
-2.92536659e-02
-2.81815103e-01
-1.26778429e-01
-9.58076404e-01
-5.75641192e-01
-1.55425145e-01
6.14926795e-01
3.99663820e-02
-7.81671606e-01
-1.45991681e-01
0.00000000e+00
0.00000000e+00
0.00000000e+00
1.60135155e-01
7.18439889e-02
-2.44402023e-01
-1.15576184e-01
1.28661008e-01
2.98977798e-01
7.99248784e-02
-7.17428547e-01
3.29733850e-01
0.00000000e+00
4.50176204e-01
9.41033115e-01
-9.24849872e-03
-4.01579551e-02
-1.24740364e+00
-4.93025853e-01
-4.60851766e-02
-1.00274546e-01
-4.47663491e-02
4.51891091e-01
-1.55036674e-01
-4.99943155e-01
-5.25335378e-01
-3.97455340e-01
-3.73381273e-01
-9.87179007e-02
-3.34067053e-01
-1.44435788e-02
-1.64698531e-01
4.73370224e-01
6.97753964e-02
-6.41863522e-01
-2.74663372e-01
2.49842041e-01
1.58487210e-01
-2.78477749e-01
-1.18199273e+00
0.00000000e+00
0.00000000e+00
0.00000000e+00
-8.12966254e-01
-7.25258960e-01
6.82001771e-02
5.54293613e-01
-1.02373652e+00
3.18102134e-01
4.44265089e-01
4.22289933e-01
6.73533859e-01
0.00000000e+00
-4.89943947e-01
-1.17833983e-01
-9.20095685e-01
8.98262440e-01
-2.66394086e-02
1.04213493e-01
1.12455563e-01
-5.81303591e-01
2.29733194e-01
-3.09563870e-01
1.98040647e-01
0.00000000e+00
0.00000000e+00
0.00000000e+00
9.88570093e-02
-3.74892265e-01
-8.16632880e-02
-2.52057967e-02
-1.21155222e-05
9.42176558e-02
2.50041989e-02
-2.15907567e-01
-2.93044240e-02
0.00000000e+00
2.01913522e-03
1.00680279e-01
1.55310762e-01
-1.13332595e-02
8.45900204e-02
-7.48808279e-03
2.06742003e-02
1.57650318e-01
5.32828246e-02
1.51561042e-01
-4.22606632e-01
-1.07031297e-01
3.64315210e-01
5.92360878e-02
1.26491752e-01
6.44706995e-01
6.92034714e-02
-8.20941763e-01
-1.14672759e-01
0.00000000e+00
0.00000000e+00
0.00000000e+00
-2.76374512e-01
4.02926052e-01
2.87954819e-01
9.42181476e-02
1.56098445e-01
-2.90315345e-01
-1.08637786e-01
7.82402015e-01
-1.60888904e-01
0.00000000e+00
-4.25885953e-01
-6.46939310e-01
-2.41411087e-01
1.25352006e-02
5.61794324e-01
3.16972021e-01
1.30697036e-01
-5.03822691e-02
3.59115623e-02
-6.95347218e-01
-3.15575336e-01
1.93972245e-01
-5.45641363e-01
-6.02704642e-01
-7.59386097e-01
-3.16655226e-01
6.79695924e-01
-1.51384489e-01
-8.68292337e-02
5.33540653e-01
-2.50500006e-02
-8.25145878e-01
-4.42730871e-01
1.51858204e+00
-5.94802307e-01
-4.15246422e-01
247
-2.51004542e-01
-9.91067399e-02
0.00000000e+00
1.74686214e-01
-2.73792954e-01
-4.35114000e-01
-1.28300183e+00
9.95928004e-01
0.00000000e+00
0.00000000e+00
3.94498048e-01
4.71787364e-01
0.00000000e+00
0.00000000e+00
0.00000000e+00
0.00000000e+00
0.00000000e+00
0.00000000e+00
0.00000000e+00
0.00000000e+00
0.00000000e+00
0.00000000e+00
0.00000000e+00
0.00000000e+00
0.00000000e+00
0.00000000e+00
0.00000000e+00
0.00000000e+00
0.00000000e+00
0.00000000e+00
0.00000000e+00
0.00000000e+00
0.00000000e+00
0.00000000e+00
0.00000000e+00
0.00000000e+00
0.00000000e+00
0.00000000e+00
0.00000000e+00
0.00000000e+00
0.00000000e+00
-1.40538359e-01
3.95223248e-03
2.24963321e-01
-5.33263759e-03
-1.82104496e-01
-7.47309393e-04
-1.53325009e-01
-1.15591575e-03
0.00000000e+00
0.00000000e+00
1.04399026e+00
4.03586401e-01
4.11114058e-01
-7.06494483e-01
-6.77850759e-01
-6.17329792e-01
0.00000000e+00
0.00000000e+00
3.02956353e+00
1.76069815e+00
0.00000000e+00
0.00000000e+00
0.00000000e+00
0.00000000e+00
0.00000000e+00
-8.23999874e-02
9.08565652e-01
3.86271966e-01
1.37375029e-02
-5.68168660e-01
-1.33204794e+00
-2.54014798e+00
0.00000000e+00
0.00000000e+00
0.00000000e+00
0.00000000e+00
0.00000000e+00
0.00000000e+00
6.76592214e-01
2.67759026e-03
-2.57909630e-01
-5.81422760e-01
-6.55502389e-01
-1.01930898e+00
4.71039512e+00
4.77125601e+00
4.73797102e+00
4.71481582e+00
4.79324794e+00
4.61538367e+00
-1.50857979e-01
9.92278956e-02
-2.15066620e-01
-7.09843749e-02
8.79850327e-02
-4.98927102e-01
-1.31413213e-03
-1.25712649e-01
-2.18248544e-01
-1.55744781e-01
-4.40037869e-02
-3.65297428e-01
-1.48778620e-01
0.00000000e+00
0.00000000e+00
0.00000000e+00
7.46028143e-02
-3.23591309e-02
-2.38205557e+00
0.00000000e+00
-3.49791136e-01
-5.48721375e-01
-7.16535995e-01
-8.48794423e-01
-8.98512511e-01
0.00000000e+00
0.00000000e+00
0.00000000e+00
1.30734002e-01
-2.78747773e-01
8.69032564e-03
3.64136625e-01
-1.38047057e+00
4.77980790e-01
1.80401500e-01
1.66454330e-01
-9.13348662e-02
0.00000000e+00
3.24740129e-01
5.77380016e-01
-4.51642184e-01
3.34370817e-01
-1.05579854e+00
5.70958625e-02
3.53135234e-01
-7.59797752e-01
-6.40480153e-02
2.08207553e-01
-6.87328011e-01
-3.20490271e-01
-8.93970482e-01
-7.38114820e-01
-1.71315622e-01
-2.62960093e-02
0.00000000e+00
0.00000000e+00
0.00000000e+00
-8.05706462e-02
0.00000000e+00
1.13107017e-01
-6.61718014e-02
1.00340029e-01
-6.68353662e-03
-1.34490921e-02
3.91146539e-01
-1.23745735e-02
0.00000000e+00
-5.86177695e-02
-2.77066999e-01
-1.39027909e-01
7.58248927e-02
4.85845958e-01
1.44980664e-01
-2.02496119e-02
7.83614178e-02
3.76806128e-02
-9.33727485e-02
-3.66837740e-01
-2.31158260e-01
-5.98645805e-02
-6.89616401e-02
-2.11184500e-01
-2.93008652e-02
-6.85198985e-01
-3.69537686e-01
-2.19426772e-01
-1.81883635e-01
-1.59716021e-02
-1.20475315e-01
-3.81738439e-02
-1.56533042e+00
0.00000000e+00
0.00000000e+00
0.00000000e+00
-5.05768801e-01
-1.03126509e-01
-1.53051096e-02
1.91499988e-01
-1.76184803e+00
4.89479224e-01
2.87003735e-01
-2.67646828e-01
1.84307326e-01
0.00000000e+00
1.10234138e-01
6.72310748e-01
-3.83875234e-01
5.60559535e-01
-1.53672553e-01
-2.92763381e-01
1.17311132e-01
-9.46454634e-01
2.54804940e-01
-2.38010053e-03
-6.72354664e-01
-3.12563827e-01
4.97662969e-01
-1.96033920e-01
-2.87078092e-02
8.17721888e-02
0.00000000e+00
0.00000000e+00
0.00000000e+00
9.30915054e-02
1.45616470e-01
-2.04620542e-01
-8.32758178e-02
-8.38100490e-03
1.15063377e-01
2.26902372e-02
-2.99710674e-01
1.78922812e-01
0.00000000e+00
1.72539621e-01
2.32861363e-01
-3.58602652e-02
7.94586936e-02
-5.02925708e-01
-1.45809710e-01
-9.41989741e-03
8.59949439e-02
-1.77791069e-02
2.63315892e-01
-3.59790836e-01
0.00000000e+00
-6.33786952e-01
-3.55080508e-01
-8.92975754e-01
-4.03972168e-01
1.31711591e+00
3.07278857e-01
2.16268095e-01
-4.89003586e-01
1.13281886e+00
-7.05073723e-01
-2.67467211e-01
1 -999999999 4 0 -1
1 0 2 1 -1
1.0207e-01 6.1409e-01
356
-2.86440215e-01
0.00000000e+00
0.00000000e+00
0.00000000e+00
0.00000000e+00
0.00000000e+00
0.00000000e+00
0.00000000e+00
0.00000000e+00
0.00000000e+00
0.00000000e+00
0.00000000e+00
0.00000000e+00
0.00000000e+00
0.00000000e+00
0.00000000e+00
-2.94415340e-01
0.00000000e+00
9.96067487e-01
-5.98521140e-01
-6.30480469e-01
1.23727021e-01
0.00000000e+00
0.00000000e+00
2.41845020e-01
1.67500087e-01
0.00000000e+00
0.00000000e+00
2.83385485e-01
2.81252990e-01
4.31429013e-01
-7.39950385e-02
-2.12445177e-01
-6.09363003e-01
-9.78811815e-01
-4.37567851e-01
-2.66147786e-01
3.34500445e-01
2.26455200e-01
2.00867519e-01
2.45262734e-01
0.00000000e+00
0.00000000e+00
0.00000000e+00
0.00000000e+00
0.00000000e+00
0.00000000e+00
0.00000000e+00
0.00000000e+00
0.00000000e+00
0.00000000e+00
-2.87237568e-01
1.84099650e-01
-4.75701177e-01
0.00000000e+00
0.00000000e+00
0.00000000e+00
0.00000000e+00
-4.79081794e-01
3.84188980e-01
-7.50345843e-02
4.02208594e-01
3.84853695e-01
-9.19162802e-02
2.17499619e-01
-5.54185007e-01
-3.34677152e-01
-2.53458529e-01
-2.38644309e-01
3.95780247e-03
7.06008615e-02
-2.70197371e-01
7.57832032e-04
6.73677678e-02
-2.75711150e-02
-2.20912409e-04
-5.47485651e-02
2.49972580e-01
3.65601106e-04
-1.87919252e-01
0.00000000e+00
0.00000000e+00
5.46249917e-02
-2.76656678e-02
-5.08045443e-02
-1.35174116e-01
2.12705030e-02
-7.38740160e-03
0.00000000e+00
0.00000000e+00
-7.16699090e-02
-2.04212790e-01
-4.58277089e-01
-2.45843904e-01
-1.56989392e-01
-7.83000410e-02
-1.22554648e-04
1.36875367e-02
1.21796297e-01
1.21789424e-01
-1.35296993e-01
1.59605621e-01
0.00000000e+00
0.00000000e+00
1.95524617e+00
2.42868552e+00
0.00000000e+00
0.00000000e+00
0.00000000e+00
0.00000000e+00
6.46618075e-02
2.15769284e-01
4.85701033e-01
3.95352264e-01
1.63111819e-01
-2.68077002e-01
-9.15344858e-01
-2.33340149e+00
0.00000000e+00
0.00000000e+00
0.00000000e+00
0.00000000e+00
0.00000000e+00
0.00000000e+00
7.58832674e-01
-1.81781407e-01
-3.44743047e-01
-5.53549548e-01
-1.00241510e+00
-1.22564013e+00
4.65189300e+00
4.66012974e+00
4.72279133e+00
4.58531294e+00
4.64797753e+00
4.59312966e+00
-8.72026403e-02
-1.29841358e-01
-3.35444954e-01
-1.32875980e-01
-9.10653780e-02
-6.94014544e-01
-2.24803335e-01
-3.76144317e-01
-4.29530991e-01
-2.49464760e-01
-2.13888740e-01
-4.83358087e-01
2.30971842e-01
0.00000000e+00
0.00000000e+00
0.00000000e+00
0.00000000e+00
0.00000000e+00
0.00000000e+00
0.00000000e+00
-3.51582889e-01
1.13448869e-01
-1.13338511e+00
-1.87787293e+00
-2.56176242e-01
-3.30706578e-01
-8.52125034e-01
-5.06546230e-01
-1.10830128e+00
0.00000000e+00
0.00000000e+00
0.00000000e+00
4.65701129e-01
-1.83178289e-01
-2.42033114e-01
3.75272056e-01
-1.23450078e+00
7.04669481e-01
3.51968532e-01
1.20553192e-01
8.82377871e-01
0.00000000e+00
5.50515080e-01
3.97751834e-01
-8.65549890e-01
4.97240425e-01
-2.27612837e+00
-1.51465342e-01
7.07489994e-02
-8.02837782e-01
-8.03505344e-02
3.10944233e-01
-2.37001833e-01
0.00000000e+00
0.00000000e+00
0.00000000e+00
-1.19097627e-01
6.19857551e-02
-6.66902460e-03
-7.91623113e-02
1.00678915e-01
-1.21633609e-01
-1.10049700e-01
-1.00491156e-01
-2.65938628e-01
0.00000000e+00
-2.96200742e-02
-2.63226437e-02
1.39669308e-01
-3.97982034e-02
3.40543582e-01
-1.01315564e-01
-7.59702982e-02
1.30323769e-01
2.74359030e-02
3.84297747e-02
-7.09104134e-01
-1.10015328e-01
5.73581797e-03
3.12797163e-01
9.91228191e-02
1.53925466e-01
8.33357010e-02
-3.47276495e-01
9.29966513e-02
0.00000000e+00
0.00000000e+00
0.00000000e+00
5.34608784e-01
2.72627313e-02
-1.53562865e-02
4.77169063e-01
-3.03796417e-01
3.80260817e-01
4.12996246e-01
-3.62669017e-01
5.07151421e-02
0.00000000e+00
5.87868041e-01
-4.03886465e-02
-9.20009232e-02
-2.85377877e-02
-1.25634479e+00
-4.90933478e-01
4.61332521e-02
-2.40037434e-01
-1.40898618e-01
5.46945968e-01
-5.99088806e-01
1.97328206e-01
3.63919967e-02
9.52843914e-02
-3.99197141e-01
-1.46160914e-01
-7.50603049e-01
2.67180399e-01
4.39468108e-01
4.86303771e-01
3.62158369e-02
-6.68680521e-01
-2.53036228e-01
-1.05202066e-01
-1.72341567e-01
1.30176389e-01
-8.37252808e-01
0.00000000e+00
0.00000000e+00
0.00000000e+00
-5.30579625e-01
-3.44185122e-01
3.20186932e-02
-4.87355158e-02
-1.40719062e+00
5.38209277e-01
1.14726540e-01
5.72036837e-02
3.15862714e-01
0.00000000e+00
-3.28907332e-01
6.93165081e-01
-1.03578200e+00
6.09691584e-01
8.58446198e-01
9.32228807e-02
2.62195779e-01
-6.98325925e-01
-1.93095781e-01
1.74806689e-01
1.31309513e-01
0.00000000e+00
0.00000000e+00
0.00000000e+00
-3.56955563e-02
-4.16858444e-01
-8.69538575e-02
5.79617105e-02
4.11450946e-02
4.64816316e-02
1.29272907e-01
-2.57290253e-02
-1.60420789e-01
0.00000000e+00
1.94277226e-01
-5.42801060e-02
2.72741810e-01
7.35228468e-02
-1.58479321e-01
-7.53744922e-02
-1.18832265e-01
9.82442591e-02
1.54704603e-01
1.95581283e-01
-3.93408013e-01
-1.33012478e-01
6.61318024e-02
3.36379013e-01
3.78058686e-01
1.90605774e-01
4.54474208e-02
-3.69065673e-01
-1.37020315e-01
0.00000000e+00
0.00000000e+00
0.00000000e+00
-3.88302295e-01
6.79829545e-02
1.75650687e-02
-4.03847821e-01
2.33121372e-01
-2.35732287e-01
-4.51663117e-01
5.62190417e-01
2.37949806e-01
0.00000000e+00
-5.04793529e-01
1.54689727e-01
-9.91303787e-02
4.40558846e-02
4.18829354e-01
5.66523839e-01
1.81968859e-01
5.56428132e-02
-6.82838279e-02
-5.25787157e-01
-2.60395534e-01
2.85127917e-01
1.08484678e-01
-1.13649242e-01
-4.43844795e-01
-1.97694100e-01
-8.42721038e-01
-2.84748766e-01
-3.36068598e-01
3.58714315e-01
-3.17941604e-02
-5.24614254e-01
-2.46150696e-01
-5.51421464e-02
-4.80399680e-01
-8.36737500e-01
247
-2.43565590e-01
0.00000000e+00
0.00000000e+00
0.00000000e+00
0.00000000e+00
0.00000000e+00
0.00000000e+00
0.00000000e+00
0.00000000e+00
3.24066591e-01
0.00000000e+00
0.00000000e+00
0.00000000e+00
0.00000000e+00
-2.08451651e-01
-3.51139391e-02
5.03338622e-01
-7.11790272e-01
-8.92542919e-01
-1.35786831e+00
0.00000000e+00
0.00000000e+00
0.00000000e+00
5.14012001e-01
4.37980508e-01
0.00000000e+00
0.00000000e+00
-5.06070557e-01
2.62504967e-01
6.98462093e-01
-1.20453265e+00
-1.01718521e+00
-1.88588675e-01
-1.95188159e-01
0.00000000e+00
0.00000000e+00
0.00000000e+00
0.00000000e+00
0.00000000e+00
0.00000000e+00
0.00000000e+00
-6.49269755e-02
6.77289666e-03
-5.33056212e-02
8.26831834e-04
-2.37396349e-01
3.25843000e-03
1.12063356e-01
3.11809132e-04
0.00000000e+00
0.00000000e+00
-7.66233366e-01
-1.86756449e-01
-1.70667390e-01
1.50081517e-01
1.76165391e-01
5.61990064e-01
0.00000000e+00
0.00000000e+00
1.67738648e+00
2.32623732e+00
0.00000000e+00
0.00000000e+00
0.00000000e+00
0.00000000e+00
0.00000000e+00
0.00000000e+00
3.75991320e-01
4.05743328e-01
3.09571823e-01
-2.02964132e-01
-7.76766340e-01
-2.06187038e+00
0.00000000e+00
0.00000000e+00
0.00000000e+00
0.00000000e+00
0.00000000e+00
0.00000000e+00
8.85727896e-01
-3.17148650e-02
-2.18623835e-01
-5.98012898e-01
-9.23996252e-01
-1.35352969e+00
4.80771914e+00
4.52992485e+00
4.44489633e+00
4.32354858e+00
4.16579114e+00
4.03808838e+00
4.07574670e-02
1.26860874e-01
8.92636532e-02
2.49635689e-01
1.91572586e-01
-4.51941243e-01
-2.93464013e-01
-2.80365829e-01
-3.65019019e-01
-2.59309906e-01
-7.27993654e-02
-3.60653867e-01
0.00000000e+00
0.00000000e+00
0.00000000e+00
0.00000000e+00
5.67453767e-02
1.30662995e-01
0.00000000e+00
-1.82155073e+00
-5.05590276e-01
-6.54268248e-01
-2.89508870e-01
-4.58743317e-01
-1.15985852e+00
0.00000000e+00
0.00000000e+00
0.00000000e+00
3.86373159e-01
-3.40739543e-01
-2.19086381e-01
-3.15974409e-02
-1.30356477e+00
3.03212395e-01
-8.22836927e-02
-3.33058597e-01
7.22543995e-01
0.00000000e+00
1.94065398e-01
5.67972714e-01
-4.16828748e-01
3.21412354e-01
-3.76921026e-01
-4.93113698e-02
1.97451360e-01
-7.33669286e-01
-7.74069316e-02
1.11577884e-01
-4.69325161e-01
1.12200588e-01
6.49300430e-02
3.70236696e-01
1.89984461e-01
-2.93943693e-01
0.00000000e+00
0.00000000e+00
0.00000000e+00
-1.60514856e-01
1.46803619e-01
-3.93132021e-02
-2.93489658e-01
7.52743821e-02
-5.45984953e-02
-1.92538842e-01
1.42688979e-02
-8.87748127e-02
0.00000000e+00
9.08893256e-03
3.04913042e-02
-2.96955092e-01
3.09726702e-02
5.81236422e-01
2.32973208e-02
-3.69504100e-02
7.96780784e-02
-5.32784523e-02
-6.86415000e-02
-5.81525749e-01
0.00000000e+00
3.02666201e-01
1.71074574e-01
-6.90533363e-01
-6.17790864e-01
-2.38864777e-01
8.35527472e-01
4.77121445e-01
-7.27424998e-02
-1.76826262e-01
-1.62682693e-01
2.53061994e-01
-7.48252188e-01
0.00000000e+00
0.00000000e+00
0.00000000e+00
-3.98495351e-01
-1.06699262e+00
-7.04873986e-02
1.78489043e-01
-1.22277414e+00
4.70177909e-01
2.48830994e-01
1.55108197e-01
5.50518137e-01
0.00000000e+00
-5.59352423e-01
4.49857250e-01
-4.48365878e-01
6.99794235e-01
-1.52392346e-01
7.55884875e-02
2.68606724e-01
-2.43235810e-01
2.41189453e-01
7.56833543e-02
-2.24504665e-01
-7.85035514e-03
-1.72851426e-01
3.77255577e-02
2.80252660e-01
-1.68067014e-01
0.00000000e+00
0.00000000e+00
0.00000000e+00
1.25448965e-01
-5.20940846e-01
-1.58423895e-01
2.63595101e-01
-3.22054278e-01
2.34694786e-01
2.42948587e-01
1.93131259e-02
2.80690208e-01
0.00000000e+00
2.65469181e-01
8.20623803e-02
-1.00945191e-02
1.33425918e-01
-6.58982435e-01
-1.24575634e-01
-1.91840477e-01
-6.55300332e-02
3.42952040e-03
2.33297331e-01
-2.16654310e-01
9.87517986e-02
2.68877556e-01
8.86651073e-02
-5.23747523e-01
-2.81658515e-01
-4.13362207e-01
-3.75868802e-02
-8.46161965e-02
-2.42089007e-01
4.11947898e-02
-5.40848458e-02
-3.64009401e-01
4 2
5.9723e-01 6.1776e-02
2 -1
0 1 
217
3.91546165e-01
-4.05889310e-01
-1.63975149e-01
-6.80073232e-01
8.67366462e-02
1.79658376e-01
3.37981585e-01
4.86375667e-02
4.64800058e-01
-2.76838034e-01
5.94757513e-02
-4.63400953e-01
-5.57447875e-01
4.16723004e-01
-8.59619585e-02
-4.04076321e-03
-2.53692508e-01
-3.60141435e-01
8.14531004e-03
-1.63856129e-01
3.23161397e-01
-1.35616685e-03
-1.69602574e-01
5.14488161e-01
-1.56713863e-03
-2.91851377e-01
0.00000000e+00
0.00000000e+00
6.14822271e-01
2.48680125e-01
4.95016416e-02
3.88938388e-02
-1.73969920e-01
-3.52851214e-01
0.00000000e+00
0.00000000e+00
-5.93690043e-03
1.93108119e-01
2.04374947e-01
0.00000000e+00
0.00000000e+00
0.00000000e+00
0.00000000e+00
0.00000000e+00
-5.93690043e-03
8.69845309e-02
1.06123588e-01
2.04374947e-01
0.00000000e+00
0.00000000e+00
0.00000000e+00
0.00000000e+00
0.00000000e+00
0.00000000e+00
0.00000000e+00
0.00000000e+00
0.00000000e+00
0.00000000e+00
0.00000000e+00
0.00000000e+00
2.04374947e-01
1.06123588e-01
8.69845309e-02
1.79677454e-01
-7.94907661e-02
-9.33466250e-01
2.52019739e-01
2.53580746e-01
3.93397388e-02
7.87780295e-02
2.17213686e-01
-1.36166055e-01
-6.02750943e-01
1.21591627e-01
-2.93475828e-01
1.88906907e-01
-5.78271791e-01
0.00000000e+00
0.00000000e+00
0.00000000e+00
0.00000000e+00
0.00000000e+00
0.00000000e+00
0.00000000e+00
0.00000000e+00
0.00000000e+00
0.00000000e+00
0.00000000e+00
0.00000000e+00
0.00000000e+00
0.00000000e+00
0.00000000e+00
0.00000000e+00
0.00000000e+00
0.00000000e+00
0.00000000e+00
0.00000000e+00
0.00000000e+00
0.00000000e+00
0.00000000e+00
0.00000000e+00
0.00000000e+00
0.00000000e+00
0.00000000e+00
0.00000000e+00
0.00000000e+00
0.00000000e+00
0.00000000e+00
0.00000000e+00
0.00000000e+00
0.00000000e+00
0.00000000e+00
0.00000000e+00
0.00000000e+00
0.00000000e+00
0.00000000e+00
0.00000000e+00
0.00000000e+00
0.00000000e+00
-2.92047142e-01
-9.12195748e-01
-3.59450364e-01
0.00000000e+00
0.00000000e+00
0.00000000e+00
6.50591845e-01
-5.67235137e-01
2.21107827e-02
-2.20659633e-02
-6.65295329e-01
1.98292716e-01
1.48529976e-01
5.51157945e-01
-3.43581925e-01
0.00000000e+00
7.16649042e-01
-1.98980402e-01
-7.56624520e-01
1.66254842e-01
1.61932474e-01
4.17858884e-01
9.79120771e-02
-7.52211588e-01
-5.07391935e-01
3.22645853e-01
-1.87369469e-01
0.00000000e+00
0.00000000e+00
0.00000000e+00
4.15254233e-02
-7.58475807e-01
-4.33296907e-02
3.29562629e-01
-5.56004740e-01
1.07123714e-01
2.21738017e-01
-5.71271670e-02
1.59845331e-01
0.00000000e+00
1.37928778e-01
1.34011489e-01
-8.66470218e-02
1.61226010e-01
-7.49651856e-02
-2.42957638e-02
9.45921574e-02
-2.81079749e-01
1.03891362e-01
2.03110746e-01
-1.06741911e+00
0.00000000e+00
0.00000000e+00
0.00000000e+00
2.35728490e-01
-4.68897553e-01
-2.70324693e-01
2.40581028e-01
-5.17856477e-01
3.46073984e-01
3.12437167e-01
-6.52483026e-01
2.96971021e-01
0.00000000e+00
1.21808578e+00
2.19259700e-01
-4.58583389e-01
1.72202585e-01
-1.47423029e+00
-1.71807796e-01
-1.94652533e-02
-4.62895228e-01
-1.96121847e-01
5.83906684e-01
8.80536589e-03
0.00000000e+00
0.00000000e+00
0.00000000e+00
-1.67427121e-02
-3.54187207e-01
-9.38138974e-03
-1.83867670e-02
-4.94488088e-01
4.75541143e-02
-5.33246387e-02
2.83012156e-01
5.97302409e-02
0.00000000e+00
-2.04939863e-01
-1.72263033e-03
-1.71544449e-01
2.19736448e-01
7.70026942e-01
1.25897265e-01
5.11063508e-02
-1.77512540e-01
4.01265696e-02
-8.61544349e-02
136
-1.09386652e-01
-7.15598819e-03
-4.20641210e-03
-2.38247368e-01
6.80953819e-04
-1.28828412e-01
2.07759102e-03
2.64845117e-01
-1.36274351e-04
0.00000000e+00
0.00000000e+00
-5.12383109e-01
-7.76909186e-02
-9.48984349e-02
-9.81179547e-02
2.11562532e-01
5.10031337e-01
0.00000000e+00
0.00000000e+00
3.96385192e-01
-1.19100437e-01
-3.86671406e-01
0.00000000e+00
0.00000000e+00
0.00000000e+00
0.00000000e+00
0.00000000e+00
3.96385192e-01
6.51683408e-01
-7.70783845e-01
-3.86671406e-01
0.00000000e+00
0.00000000e+00
0.00000000e+00
0.00000000e+00
0.00000000e+00
0.00000000e+00
0.00000000e+00
0.00000000e+00
0.00000000e+00
0.00000000e+00
0.00000000e+00
0.00000000e+00
0.00000000e+00
0.00000000e+00
0.00000000e+00
-1.40436206e-01
-2.33962447e-01
1.10290956e-01
6.01322084e-02
-9.58834993e-01
5.47267259e-01
5.00801341e-01
3.30351013e-01
7.81946638e-01
-7.47607068e-01
0.00000000e+00
0.00000000e+00
0.00000000e+00
0.00000000e+00
-3.86671406e-01
-7.70783845e-01
6.51683408e-01
0.00000000e+00
0.00000000e+00
0.00000000e+00
0.00000000e+00
0.00000000e+00
0.00000000e+00
0.00000000e+00
0.00000000e+00
0.00000000e+00
0.00000000e+00
0.00000000e+00
0.00000000e+00
0.00000000e+00
0.00000000e+00
0.00000000e+00
0.00000000e+00
0.00000000e+00
0.00000000e+00
0.00000000e+00
0.00000000e+00
0.00000000e+00
0.00000000e+00
0.00000000e+00
-4.20442891e-01
-1.01076965e+00
-1.08683257e+00
0.00000000e+00
0.00000000e+00
0.00000000e+00
8.64451259e-01
-1.90745378e+00
2.38658058e-02
4.17551181e-01
-2.50940953e+00
5.24959602e-01
4.56160494e-01
7.03670169e-01
1.19939914e-01
0.00000000e+00
1.02411629e+00
-6.04006229e-03
-1.11752108e+00
3.73866146e-01
8.45067442e-01
6.04358522e-01
4.06306573e-01
-1.92665507e+00
-6.23533411e-01
6.39466969e-01
-1.47397728e+00
0.00000000e+00
0.00000000e+00
0.00000000e+00
5.72637188e-01
-2.02108515e+00
-5.64208177e-02
7.50021274e-01
-2.30954607e+00
6.98440460e-01
9.63536059e-01
1.76516774e-01
-3.03432664e-01
0.00000000e+00
1.26254638e+00
1.88324620e-02
-9.80283584e-01
6.90509012e-01
-6.29653310e-01
1.89884863e-01
2.40774693e-01
-1.34772746e+00
-1.42931080e-01
7.53403681e-01
6 2
1.2787e-01 2.2575e-01
3 -1
0 1 4 
217
1.36334463e-02
2.85826838e-01
-1.21525213e-01
-4.24558324e-01
-8.93551630e-02
-2.03474724e-02
-1.11457971e-01
3.37160486e-02
-1.28141250e-01
1.26326898e-01
9.30082399e-02
6.77484903e-02
2.49579590e-01
-8.51777860e-01
1.18660041e-02
-3.08705491e-04
2.03973319e-01
9.14726892e-02
-1.78868679e-03
-1.93588071e-02
-7.97695342e-02
4.38953460e-03
-4.55837736e-02
-9.93571270e-03
2.44097212e-03
1.26237974e-01
0.00000000e+00
0.00000000e+00
1.68259366e-01
-1.09668824e-01
1.03646228e-01
9.88398297e-02
-8.43514845e-02
-1.63053122e-01
0.00000000e+00
0.00000000e+00
-3.30264176e-01
1.09396298e-01
4.96265804e-02
1.84874743e-01
0.00000000e+00
0.00000000e+00
0.00000000e+00
0.00000000e+00
-3.30264176e-01
3.75406109e-01
-1.34860441e-01
1.30850806e-01
-1.31149369e-01
-9.98070384e-03
-7.12435213e-02
1.84874743e-01
0.00000000e+00
0.00000000e+00
0.00000000e+00
0.00000000e+00
0.00000000e+00
0.00000000e+00
0.00000000e+00
0.00000000e+00
2.44482028e-01
-1.34860441e-01
2.34276036e-01
2.42806490e-01
-9.10323998e-01
-4.89292736e-01
3.77407951e-01
-2.11655761e-01
3.03743003e-01
1.06183317e+00
2.52496881e-02
-1.21237828e-01
-5.09018105e-01
1.32382925e-01
-4.40175007e-01
-2.27613390e-02
2.12397149e-02
-7.08614571e-03
4.82184428e-02
-2.80893481e-01
-2.02833204e-01
2.85129457e-01
1.75334353e-01
-9.49509350e-02
0.00000000e+00
0.00000000e+00
0.00000000e+00
0.00000000e+00
0.00000000e+00
0.00000000e+00
0.00000000e+00
0.00000000e+00
0.00000000e+00
0.00000000e+00
0.00000000e+00
0.00000000e+00
0.00000000e+00
0.00000000e+00
0.00000000e+00
0.00000000e+00
0.00000000e+00
0.00000000e+00
0.00000000e+00
0.00000000e+00
0.00000000e+00
0.00000000e+00
0.00000000e+00
0.00000000e+00
0.00000000e+00
0.00000000e+00
0.00000000e+00
0.00000000e+00
0.00000000e+00
0.00000000e+00
0.00000000e+00
0.00000000e+00
0.00000000e+00
0.00000000e+00
0.00000000e+00
-6.72654145e-01
-1.17736729e+00
-1.23720871e+00
0.00000000e+00
0.00000000e+00
0.00000000e+00
-8.80110878e-02
-2.54911874e-01
-5.60500161e-02
-8.74893181e-02
-4.06117881e-01
1.11803893e-02
1.06240606e-01
2.04466501e-01
1.50477346e-01
0.00000000e+00
-6.93682175e-02
-7.54548783e-02
-5.16904187e-01
2.90642182e-02
8.33379031e-01
4.94303595e-02
-9.55265398e-02
-4.49895189e-01
-3.01244135e-01
-2.20473836e-01
4.06222624e-02
0.00000000e+00
0.00000000e+00
0.00000000e+00
3.50861886e-01
-5.40176356e-01
-5.70232550e-02
2.42432325e-01
-6.13653587e-01
1.94402029e-01
1.84539727e-01
1.19660253e-01
5.49162337e-02
0.00000000e+00
3.34247670e-01
-2.35486318e-01
-1.35107714e-01
1.77294501e-01
-2.50592296e-01
8.89719382e-02
1.30425662e-01
-3.57492755e-01
4.99871818e-03
3.47403599e-01
-1.15481452e+00
0.00000000e+00
0.00000000e+00
0.00000000e+00
1.85010293e-02
-4.32363496e-01
-1.15828932e-01
2.52331562e-01
-3.25609716e-01
2.80600312e-01
3.43883881e-01
-4.90366540e-01
-6.65167062e-02
0.00000000e+00
4.52531622e-01
-8.71257914e-02
-4.86494545e-01
2.07625531e-01
-1.37399126e-01
-5.62077214e-02
-8.98448396e-02
-3.53571307e-01
-1.51188003e-01
8.22282667e-02
-1.26682056e-01
0.00000000e+00
0.00000000e+00
0.00000000e+00
2.08531445e-01
-8.86021915e-01
3.35745126e-02
6.42972566e-02
-4.72470255e-01
1.61345697e-01
8.85351987e-02
3.27184911e-01
-2.87717648e-01
0.00000000e+00
1.45243861e-01
-3.57253014e-01
-8.34174543e-02
2.48335798e-01
2.82381015e-01
1.76430982e-01
1.31975968e-01
-2.09311294e-01
1.15087048e-01
1.86585831e-01
136
1.19763188e+00
1.34659895e-01
2.77441645e-03
2.99118200e-01
2.23506566e-03
3.48546274e-01
1.03144993e-03
4.15307510e-01
1.20622040e-04
0.00000000e+00
0.00000000e+00
3.22142669e-01
2.38864066e-01
2.48010354e-01
1.20798158e-01
1.69136786e-01
1.86855460e-01
0.00000000e+00
0.00000000e+00
0.00000000e+00
-3.86127288e-01
4.13294104e-01
1.17127013e+00
0.00000000e+00
0.00000000e+00
0.00000000e+00
0.00000000e+00
0.00000000e+00
1.48180167e-01
-9.43048888e-01
-2.15689652e-01
4.08741433e-01
5.38646211e-01
9.03375457e-02
1.17127013e+00
0.00000000e+00
0.00000000e+00
0.00000000e+00
0.00000000e+00
0.00000000e+00
0.00000000e+00
0.00000000e+00
0.00000000e+00
0.00000000e+00
0.00000000e+00
0.00000000e+00
-4.35583938e-02
-4.01216583e-01
-2.04718276e-01
-2.08834755e-01
-9.82936561e-01
6.26221102e-01
4.68541642e-01
2.15938347e-01
6.12531910e-01
-6.80023840e-01
-7.40309244e-02
-9.37332516e-01
-1.43085520e-01
-4.69405078e-01
-8.11683022e-01
-9.43048888e-01
1.09556781e+00
0.00000000e+00
0.00000000e+00
0.00000000e+00
0.00000000e+00
0.00000000e+00
0.00000000e+00
0.00000000e+00
0.00000000e+00
0.00000000e+00
0.00000000e+00
0.00000000e+00
0.00000000e+00
0.00000000e+00
0.00000000e+00
0.00000000e+00
0.00000000e+00
0.00000000e+00
0.00000000e+00
0.00000000e+00
0.00000000e+00
0.00000000e+00
0.00000000e+00
0.00000000e+00
-7.89944252e-02
-6.73268387e-01
-8.75266580e-01
0.00000000e+00
0.00000000e+00
0.00000000e+00
7.19647496e-01
-2.27050753e+00
6.88911705e-02
5.88899058e-01
-2.33406882e+00
4.99677408e-01
5.43013303e-01
6.93735347e-01
-2.26778614e-03
0.00000000e+00
1.03292729e+00
3.10375404e-01
-1.13505132e+00
4.12860882e-01
8.31426043e-01
5.66232357e-01
4.25764637e-01
-1.89422123e+00
-5.39693618e-01
6.07093328e-01
-1.17745051e+00
0.00000000e+00
0.00000000e+00
0.00000000e+00
3.23400492e-01
-1.46342709e+00
-1.85314131e-01
6.27586645e-01
-2.28117494e+00
5.97914890e-01
7.94940483e-01
-2.61443722e-03
3.09607977e-01
0.00000000e+00
1.06805118e+00
3.82592424e-01
-1.03613706e+00
6.25800257e-01
-1.21083920e-01
6.23311353e-02
1.78107244e-01
-1.36120374e+00
-2.41491847e-01
5.44663925e-01
2 1
-2.7777e-01 3.7651e-01
4 1
0 1 4 6 
217
2.35792928e-01
-2.25325503e-01
-1.74225394e-01
-3.56829675e-01
-2.25991860e-01
6.12069461e-01
4.08376519e-01
2.11010596e-02
4.57500075e-01
-2.00394849e-01
9.81646008e-02
-3.25478569e-01
-5.02256407e-01
2.79969665e-02
-8.12420792e-02
9.81032251e-04
7.17675431e-02
-4.36399299e-02
2.66743324e-03
-7.72554602e-02
1.98848124e-01
8.83054902e-04
-1.67822329e-01
1.61826813e-01
-1.52047835e-04
-8.25508418e-02
0.00000000e+00
0.00000000e+00
1.39974458e-01
7.50470577e-02
4.92757967e-02
-4.64764403e-02
5.43001350e-02
-3.55915965e-02
0.00000000e+00
0.00000000e+00
0.00000000e+00
1.62777891e-04
-6.88665537e-02
1.16405652e-01
1.88091052e-01
0.00000000e+00
0.00000000e+00
0.00000000e+00
0.00000000e+00
-6.28663187e-02
3.47660728e-02
-2.43629865e-01
-1.80421382e-02
-1.41295206e-01
3.15426337e-01
3.31132197e-01
4.63051620e-02
7.75245654e-02
-6.49731975e-02
1.70058266e-01
-1.19191866e-02
-7.38064577e-02
-3.10978353e-01
1.88091052e-01
4.41898553e-01
1.60980373e-02
-2.22203663e-01
2.05961697e-01
-2.15377001e-01
-3.95437052e-01
6.77209011e-02
3.32881090e-01
1.77487330e-01
4.75084611e-02
-8.86740579e-02
-9.54255222e-02
-8.28550244e-01
3.91422365e-01
-5.56560659e-01
2.84701429e-02
-1.15902616e-01
0.00000000e+00
-4.55857306e-02
-8.67871945e-01
2.06292571e-01
4.52896623e-01
7.23156723e-02
1.42172891e-01
0.00000000e+00
2.19857725e-01
-1.55763613e-01
1.72765481e-01
-1.13990538e-01
-1.52463631e-01
-2.11756892e-02
0.00000000e+00
0.00000000e+00
0.00000000e+00
0.00000000e+00
0.00000000e+00
0.00000000e+00
0.00000000e+00
0.00000000e+00
0.00000000e+00
0.00000000e+00
0.00000000e+00
0.00000000e+00
0.00000000e+00
0.00000000e+00
0.00000000e+00
0.00000000e+00
0.00000000e+00
0.00000000e+00
0.00000000e+00
0.00000000e+00
0.00000000e+00
0.00000000e+00
0.00000000e+00
0.00000000e+00
0.00000000e+00
0.00000000e+00
0.00000000e+00
0.00000000e+00
-5.00859194e-01
-1.02816846e+00
-6.21256933e-01
0.00000000e+00
0.00000000e+00
0.00000000e+00
7.65032852e-01
-1.31331681e+00
-2.90841737e-01
6.16330329e-01
-1.19864350e+00
3.24946171e-01
3.53925366e-01
5.36745590e-01
-2.52802873e-01
0.00000000e+00
8.43357731e-01
-1.54951592e-01
-9.51311233e-01
3.95857007e-01
-3.49440204e-01
5.12844856e-01
4.86018904e-01
-1.01582298e+00
-4.40835096e-01
5.11650283e-01
-2.78955208e-01
0.00000000e+00
0.00000000e+00
0.00000000e+00
8.31876126e-02
-8.69331113e-01
9.14667512e-03
1.55763750e-02
-6.88204477e-01
1.15222188e-01
6.53137823e-02
1.90561413e-02
2.10017976e-01
0.00000000e+00
1.99083048e-01
-4.17889967e-02
-1.41912536e-01
8.19735799e-02
1.68950090e-01
2.38734562e-01
2.25259203e-01
-3.49779561e-01
1.31024951e-01
2.49515291e-01
-1.05639819e+00
0.00000000e+00
0.00000000e+00
0.00000000e+00
2.02193953e-01
-8.16909452e-01
-3.93565450e-01
1.64294718e-01
-9.06641293e-01
3.88373089e-01
6.94677092e-01
-2.53907652e-01
7.91528077e-02
0.00000000e+00
9.85601852e-01
1.40902607e-01
-9.44584532e-01
4.38322964e-01
-1.71525955e-01
-1.14301988e-01
-1.11413088e-01
-6.27900645e-01
-2.66002027e-01
4.56834807e-01
-1.05746130e-01
0.00000000e+00
0.00000000e+00
0.00000000e+00
1.01374764e-01
-6.85425536e-01
8.67855289e-02
5.38788266e-02
-7.45895972e-01
4.43756926e-02
-7.16736554e-02
1.89348658e-01
6.86928371e-02
0.00000000e+00
-2.22682416e-02
9.19464102e-02
4.18921829e-02
2.42480362e-01
3.59015415e-01
9.83337069e-02
9.08171123e-02
-2.10443454e-01
1.05613967e-01
5.54052648e-02
136
3.95146367e-01
2.67991022e-01
-2.72513849e-03
8.63389707e-02
7.99974699e-05
-9.81715251e-03
-8.58717495e-05
5.06335269e-02
-6.27796635e-05
0.00000000e+00
0.00000000e+00
1.81350997e-01
2.09541084e-01
1.62016196e-01
-2.43560774e-02
-8.98767682e-02
-4.43594021e-03
0.00000000e+00
0.00000000e+00
0.00000000e+00
-1.05256439e-02
3.60902444e-02
2.65791903e-01
1.04773025e-01
0.00000000e+00
0.00000000e+00
0.00000000e+00
0.00000000e+00
-2.26355288e-01
-5.31633469e-02
-8.73086198e-02
1.40463624e-01
-1.94119654e-01
3.40821881e-01
6.06141147e-01
1.28529367e-01
7.42958251e-01
-7.71339200e-01
-2.12246449e-01
5.07758714e-03
3.92597872e-01
-5.20700667e-01
1.04773025e-01
0.00000000e+00
0.00000000e+00
0.00000000e+00
-2.02047313e-01
-5.29246603e-01
8.21788583e-02
-3.77754376e-02
-8.38118569e-01
2.31634375e-01
7.56534222e-01
6.53924755e-02
4.55135929e-01
-5.06885071e-01
-6.64749444e-03
-4.73260953e-01
6.08053932e-02
-1.08242806e-01
-4.20306462e-01
-7.14059304e-01
2.63571387e-01
2.43978789e-01
4.41526058e-02
-2.69481223e-01
0.00000000e+00
0.00000000e+00
0.00000000e+00
0.00000000e+00
0.00000000e+00
0.00000000e+00
0.00000000e+00
0.00000000e+00
0.00000000e+00
0.00000000e+00
0.00000000e+00
0.00000000e+00
0.00000000e+00
0.00000000e+00
0.00000000e+00
0.00000000e+00
0.00000000e+00
0.00000000e+00
0.00000000e+00
0.00000000e+00
-1.62497977e-01
-7.15280694e-01
-9.14348428e-01
0.00000000e+00
0.00000000e+00
0.00000000e+00
7.62552001e-01
-1.82158957e+00
6.23234226e-02
5.30444957e-01
-2.22810255e+00
5.25720309e-01
5.32927053e-01
6.72714222e-01
5.16099155e-02
0.00000000e+00
9.06731351e-01
1.78474971e-01
-1.08203030e+00
3.96913360e-01
7.89473668e-01
3.68801655e-01
2.43828836e-01
-1.83482499e+00
-5.52640984e-01
5.82324243e-01
-1.19665481e+00
0.00000000e+00
0.00000000e+00
0.00000000e+00
4.07883585e-01
-1.63663019e+00
-1.45943837e-01
6.16172899e-01
-1.94566729e+00
5.90399097e-01
7.21213698e-01
1.15932932e-01
9.16719295e-02
0.00000000e+00
9.67408990e-01
1.58236324e-01
-1.02300520e+00
6.11117020e-01
-1.10426116e-01
1.06640103e-01
2.10860318e-01
-1.30576291e+00
-1.71705156e-01
5.44949003e-01
7 1
-4.0310e-01 4.0968e-01
5 1
0 1 4 6 2 
217
4.44245393e-01
-1.24516133e-01
-3.65910746e-01
-9.34015079e-02
-5.74339707e-02
5.68194205e-01
4.58323928e-01
2.36955663e-02
4.07200137e-01
-2.20778921e-01
-9.49267281e-03
-3.31218422e-01
-3.54352028e-01
7.64775406e-02
-5.39164834e-02
3.24788238e-03
7.13624632e-02
2.54233103e-02
1.51184122e-03
1.80079253e-02
2.51245729e-01
-1.15859292e-03
-5.93411022e-02
2.21492837e-01
-5.36874374e-05
-8.68212476e-02
0.00000000e+00
0.00000000e+00
7.22309818e-02
1.04624543e-01
5.18544648e-02
-5.34012571e-02
9.43235284e-02
1.78337963e-01
0.00000000e+00
0.00000000e+00
0.00000000e+00
1.09440582e-01
-2.36709758e-01
-6.27413237e-02
1.55767888e-01
4.78488004e-01
0.00000000e+00
0.00000000e+00
0.00000000e+00
-4.91036824e-01
3.88646623e-02
-3.31160442e-03
-2.55802063e-01
-4.60502332e-01
6.61934698e-01
5.48928480e-01
1.89564141e-01
4.57342256e-01
-2.47844988e-01
1.14289359e-01
-1.59239100e-02
2.26396969e-01
-3.00023486e-01
-1.86299656e-02
1.75776090e-01
-1.94161854e-02
2.87885488e-01
2.17372582e-01
-1.46603528e-01
-7.05342658e-01
1.73114028e-01
3.37241476e-01
2.00362312e-01
6.91211969e-03
-1.69291031e-01
-1.80670731e-01
-5.14780314e-01
5.27641736e-01
-3.30894115e-01
2.66565420e-01
-2.19469549e-02
0.00000000e+00
5.78670023e-02
-6.47711389e-01
2.34639393e-01
3.74612707e-01
1.51738998e-01
5.29885109e-02
0.00000000e+00
2.90822734e-02
-1.47282037e-01
3.40157084e-01
-1.52914922e-01
6.50132919e-02
9.93410122e-02
0.00000000e+00
-5.75730358e-02
-3.38448890e-01
3.25109390e-01
-5.12237369e-01
1.78967017e-01
-1.79517091e-01
0.00000000e+00
0.00000000e+00
0.00000000e+00
0.00000000e+00
0.00000000e+00
0.00000000e+00
0.00000000e+00
0.00000000e+00
0.00000000e+00
0.00000000e+00
0.00000000e+00
0.00000000e+00
0.00000000e+00
0.00000000e+00
0.00000000e+00
0.00000000e+00
0.00000000e+00
0.00000000e+00
0.00000000e+00
0.00000000e+00
0.00000000e+00
-4.95228781e-01
-8.83352697e-01
-5.44779930e-01
0.00000000e+00
0.00000000e+00
0.00000000e+00
8.24424627e-01
-1.18273938e+00
8.66272914e-02
5.20946439e-01
-1.26265414e+00
2.04104320e-01
5.16689791e-01
3.96015719e-01
-1.94504790e-01
0.00000000e+00
7.61338892e-01
-2.64559709e-01
-1.18901469e+00
3.45891999e-01
-4.00376570e-01
5.89785624e-01
5.16125685e-01
-1.07441353e+00
-3.63182420e-01
6.24714912e-01
-3.12066847e-01
0.00000000e+00
0.00000000e+00
0.00000000e+00
7.85757560e-02
-8.72651812e-01
2.54537278e-02
3.72425868e-02
-7.18327251e-01
1.06583303e-01
4.56243770e-02
1.00534329e-01
2.25656787e-01
0.00000000e+00
2.12753502e-01
5.65062699e-02
1.00634639e-02
1.08814180e-01
3.14963909e-01
7.45600884e-02
9.82024714e-02
-4.36433172e-01
6.07754552e-02
1.59035181e-01
-9.56015738e-01
0.00000000e+00
0.00000000e+00
0.00000000e+00
2.15072771e-02
-7.67845288e-01
-2.62305723e-01
7.64542320e-02
-1.09950006e+00
4.75732901e-01
3.90113353e-01
-3.48396581e-01
2.34370373e-01
0.00000000e+00
1.02217783e+00
3.01529864e-01
-7.07577747e-01
6.29111812e-01
-5.40010982e-02
-2.16779077e-01
-3.18034711e-01
-6.96940388e-01
-1.38148809e-02
3.78182176e-01
-1.21099529e-01
0.00000000e+00
0.00000000e+00
0.00000000e+00
1.50307561e-01
-6.64113387e-01
9.14461670e-03
1.50228834e-01
-6.10360114e-01
-1.81551063e-02
6.94231990e-03
2.44471024e-01
-7.07258335e-02
0.00000000e+00
-7.44707237e-02
7.26279550e-02
-6.41480592e-02
1.04848717e-01
2.74256672e-01
1.77312271e-01
1.86704930e-01
-1.07966548e-01
1.44841515e-02
9.75111906e-02
136
4.49662619e-01
3.80627033e-01
-6.09222139e-03
9.58334883e-02
-2.65558617e-04
-2.20375512e-02
-5.72768798e-05
-4.76035096e-03
3.31727348e-06
0.00000000e+00
0.00000000e+00
2.11147977e-01
2.48256743e-01
1.99118894e-01
-3.18010128e-02
-1.36132441e-01
-6.04994839e-03
0.00000000e+00
0.00000000e+00
0.00000000e+00
1.13214529e-01
-5.19093470e-02
6.40876055e-02
8.71669958e-02
2.37102836e-01
0.00000000e+00
0.00000000e+00
0.00000000e+00
-2.18901527e-01
-2.13280131e-01
-7.46577491e-02
4.86337808e-02
1.12208878e-01
2.67134653e-01
7.34845747e-01
1.97466530e-01
6.47726027e-01
-7.99602948e-01
-2.01572627e-01
-9.86020203e-03
5.48138509e-01
-5.95882183e-01
7.26586048e-03
0.00000000e+00
0.00000000e+00
0.00000000e+00
-3.82228183e-01
-7.23162316e-01
3.94126023e-02
-9.60979100e-02
-7.88584820e-01
3.65017911e-01
9.60394084e-01
1.04749226e-01
4.90673949e-01
-5.69512998e-01
-1.63324059e-02
-6.46490019e-01
1.35601672e-02
-1.48128822e-01
-3.44932367e-01
-8.07717311e-01
1.06509101e-01
2.20018630e-01
2.62289174e-02
-2.44673588e-01
0.00000000e+00
3.25216192e-01
-1.05870397e-02
2.25202344e-01
-3.40324289e-01
0.00000000e+00
0.00000000e+00
0.00000000e+00
0.00000000e+00
0.00000000e+00
0.00000000e+00
0.00000000e+00
0.00000000e+00
0.00000000e+00
0.00000000e+00
0.00000000e+00
0.00000000e+00
0.00000000e+00
0.00000000e+00
0.00000000e+00
-1.50388757e-01
-7.17310307e-01
-9.08719299e-01
0.00000000e+00
0.00000000e+00
0.00000000e+00
7.35847972e-01
-1.86783271e+00
-7.17718219e-03
5.46169971e-01
-2.34502572e+00
5.13329787e-01
5.07877142e-01
6.94539269e-01
7.24217429e-02
0.00000000e+00
9.20445201e-01
1.90672805e-01
-1.08420701e+00
4.01911536e-01
7.64692401e-01
4.38135018e-01
3.35917509e-01
-1.80784766e+00
-5.36601665e-01
6.18012292e-01
-1.19174511e+00
0.00000000e+00
0.00000000e+00
0.00000000e+00
4.20642326e-01
-1.67236839e+00
-1.32285040e-01
6.11695485e-01
-2.10017839e+00
5.57683814e-01
7.25635885e-01
1.45794368e-01
1.12304736e-01
0.00000000e+00
9.69426635e-01
1.36742631e-01
-9.94194287e-01
6.52580415e-01
-6.57819299e-02
1.43730641e-01
2.22193942e-01
-1.31647689e+00
-1.80064740e-01
5.71173681e-01
19 2
-5.6454e-01 4.2422e-01
6 6
0 1 4 6 2 7 
217
6.03838313e-02
1.75352868e-01
-2.42920836e-02
-7.65607399e-02
5.79698434e-03
4.32244669e-02
1.43156870e-03
4.60490717e-02
5.46783613e-02
1.46708311e-01
1.15217372e-01
4.52034418e-03
-1.16740455e-01
-1.58045958e-01
-2.13475992e-02
1.32981974e-02
3.91054320e-02
1.82157033e-01
-2.96015075e-03
6.37945740e-02
-1.29866844e-01
4.53952570e-03
-7.17582738e-02
2.94412423e-02
2.31490267e-03
4.07930905e-02
0.00000000e+00
0.00000000e+00
1.54672603e-01
-1.20120779e-02
9.28322624e-02
1.52917339e-02
3.52839950e-02
-2.25684685e-01
0.00000000e+00
0.00000000e+00
0.00000000e+00
2.72798003e-02
-1.21323622e-01
-1.45074336e-01
-8.95744931e-02
4.40536939e-03
3.84671112e-01
0.00000000e+00
0.00000000e+00
-4.95413783e-01
6.67945129e-02
7.61566133e-02
-1.18878119e-01
-7.26336459e-01
3.38402372e-01
6.10156439e-01
-5.42158163e-02
5.27048843e-01
-3.61482501e-01
1.93160527e-01
0.00000000e+00
3.87601571e-01
-4.10262305e-01
1.51996275e-01
2.40146902e-02
-3.48903804e-01
3.85272945e-01
-8.27570288e-02
-5.81229167e-01
-8.74034505e-01
5.14006665e-01
1.99100654e-01
2.10363362e-01
7.45615683e-01
-9.45446773e-02
-5.09993425e-01
-4.40876747e-01
3.60711122e-01
-5.97447573e-01
3.04210812e-01
1.84475215e-01
0.00000000e+00
-4.13514012e-02
-3.21878708e-01
-1.37267164e-01
3.42261086e-01
2.45602599e-01
4.56462281e-02
0.00000000e+00
-2.49118424e-01
-3.63012923e-01
2.98159473e-01
-4.99998042e-01
1.13427825e-02
-1.54479018e-01
9.61573409e-02
1.07516213e-01
-1.64620392e-01
6.55310012e-03
1.14958698e-02
-1.49842822e-01
-1.86640850e-01
6.49009514e-02
3.38157712e-01
-8.59895906e-02
-1.59733187e-01
1.98911005e-02
-1.82941645e-01
-2.62707449e-01
0.00000000e+00
0.00000000e+00
0.00000000e+00
0.00000000e+00
0.00000000e+00
0.00000000e+00
0.00000000e+00
0.00000000e+00
0.00000000e+00
0.00000000e+00
0.00000000e+00
0.00000000e+00
0.00000000e+00
0.00000000e+00
-7.00557762e-01
-1.03177963e+00
-1.34485198e+00
0.00000000e+00
0.00000000e+00
0.00000000e+00
1.97908610e-01
-3.10486686e-01
-2.09512956e-01
8.96901643e-02
-4.17794188e-01
-9.63759599e-02
8.98551773e-02
4.86397071e-02
6.56800890e-02
0.00000000e+00
3.07185045e-01
-8.53157893e-02
-5.98577046e-01
4.35947709e-02
3.29717089e-01
3.08026540e-03
3.16648992e-03
-4.35990599e-01
-3.08400394e-01
-6.09157717e-02
5.86373512e-02
0.00000000e+00
0.00000000e+00
0.00000000e+00
2.86976014e-01
-6.40725946e-01
9.79850184e-02
1.85347305e-01
-6.32418324e-01
2.16720330e-01
8.46048386e-02
1.58480243e-01
3.58165604e-02
0.00000000e+00
2.66105329e-01
-2.08466685e-01
-1.97112098e-01
1.68481730e-01
-1.40476141e-01
2.76696485e-01
2.74731984e-01
-5.15925446e-01
-3.08118091e-02
3.72627961e-01
-1.17290267e+00
0.00000000e+00
0.00000000e+00
0.00000000e+00
3.90527350e-02
-4.63056202e-01
-2.15362897e-01
-3.05788703e-02
-3.52051259e-01
1.56549543e-01
1.68333530e-01
-2.36657418e-01
-1.50301127e-01
0.00000000e+00
5.64885990e-01
-6.33266947e-02
-3.88345320e-01
1.47620041e-01
2.69873821e-01
-6.42850016e-02
-1.42628239e-01
-3.98274828e-01
-1.75917423e-01
1.61566947e-01
-8.25171689e-02
0.00000000e+00
0.00000000e+00
0.00000000e+00
1.85795647e-01
-8.49062705e-01
4.76426058e-02
1.57891950e-01
-6.01753160e-01
1.98377487e-01
1.53060682e-01
2.24436261e-01
-1.53968404e-01
0.00000000e+00
1.36199422e-01
-2.21377144e-01
-1.38889425e-01
2.86380102e-01
1.00339795e-01
1.37984948e-01
1.08771472e-01
-1.53296491e-01
1.30634546e-01
1.68315240e-01
136
5.55052809e-01
-2.98456823e-02
4.10692396e-03
2.33860602e-01
1.94099933e-05
1.73136387e-01
1.79924587e-04
1.77901502e-01
3.79464461e-04
0.00000000e+00
0.00000000e+00
2.50601109e-01
2.55736470e-01
2.27490837e-01
-2.84339660e-02
-1.25322228e-01
1.75161700e-02
0.00000000e+00
0.00000000e+00
0.00000000e+00
2.54726389e-01
1.31099525e-03
-1.87626132e-02
-5.25748899e-02
5.77051618e-02
3.12844425e-01
0.00000000e+00
0.00000000e+00
-1.77248200e-01
-2.00858014e-01
-5.87501495e-02
-5.36090042e-02
1.44020207e-01
2.87739231e-01
8.34301584e-01
2.36307169e-01
5.40008221e-01
-7.47787526e-01
-2.05457880e-01
-5.83543247e-02
5.72528074e-01
-5.20005246e-01
-3.74949423e-02
0.00000000e+00
0.00000000e+00
0.00000000e+00
-3.34034995e-01
-7.22819109e-01
1.82052338e-02
-8.86106997e-02
-6.17093035e-01
5.60147646e-01
6.43218106e-01
6.91940925e-02
4.04238817e-01
-5.65596177e-01
-2.21073226e-03
-6.11862037e-01
4.77908532e-02
-1.36017692e-01
-2.60586065e-01
-7.54505879e-01
3.48914712e-02
2.04166306e-01
4.37972152e-02
-3.19909539e-01
3.18738897e-01
1.31998361e-01
-5.88932351e-02
2.05350788e-01
-3.51931995e-01
3.32958281e-01
8.25198351e-02
-9.00590646e-02
1.74617025e-01
-1.35650745e-01
0.00000000e+00
0.00000000e+00
0.00000000e+00
0.00000000e+00
0.00000000e+00
0.00000000e+00
0.00000000e+00
0.00000000e+00
0.00000000e+00
0.00000000e+00
-2.06055616e-01
-7.30499760e-01
-9.20958948e-01
0.00000000e+00
0.00000000e+00
0.00000000e+00
7.60180214e-01
-2.01413149e+00
1.08611631e-02
5.88202676e-01
-2.34275177e+00
5.13684104e-01
5.45942347e-01
6.94861808e-01
6.79196445e-02
0.00000000e+00
9.31307687e-01
1.98497236e-01
-1.10422250e+00
4.42366795e-01
7.44808378e-01
4.55923129e-01
3.13530536e-01
-1.82903868e+00
-5.22809081e-01
6.23908860e-01
-1.19173780e+00
0.00000000e+00
0.00000000e+00
0.00000000e+00
4.00057919e-01
-1.59559462e+00
-1.34961251e-01
6.17297964e-01
-2.08734318e+00
5.72451249e-01
7.07136298e-01
1.10338297e-01
1.72757455e-01
0.00000000e+00
9.47059626e-01
2.10014082e-01
-1.03002415e+00
6.33597475e-01
-5.97330705e-02
1.41197504e-01
2.10392854e-01
-1.35617246e+00
-1.98579755e-01
5.48369983e-01
14 2
-5.9056e-01 4.2571e-01
7 6
0 1 4 6 2 7 19 
217
1.98748992e-01
2.00208817e-01
-8.27169262e-02
-4.58030740e-02
1.21323830e-01
3.25020044e-02
8.95294421e-02
-4.21309072e-02
1.52430860e-02
8.18922925e-02
1.03287377e-01
-7.70304105e-03
-1.30634743e-01
-3.39136025e-01
1.69412310e-02
3.88249788e-04
-3.97431392e-02
2.57442514e-01
-4.96308930e-03
-1.08114073e-01
-1.84820157e-01
5.39151806e-03
-1.62931302e-01
1.09185404e-01
2.19102918e-03
-5.64483878e-02
0.00000000e+00
0.00000000e+00
8.56282887e-02
2.94800492e-02
5.85444390e-02
5.78686216e-02
9.63568233e-02
-1.29129230e-01
0.00000000e+00
0.00000000e+00
0.00000000e+00
1.15433303e-01
-1.09487224e-01
-1.48346354e-01
-1.03462858e-01
1.82713071e-02
9.79297775e-02
3.28411041e-01
0.00000000e+00
-4.96138295e-01
6.11207916e-02
3.51815162e-02
-2.10653796e-01
-5.73282142e-01
6.12317812e-01
4.92794390e-01
3.35327574e-02
6.22229515e-01
-3.90939464e-01
1.91810170e-01
0.00000000e+00
3.01782924e-01
-3.58546543e-01
2.05138075e-01
1.12546369e-01
-2.96285916e-01
3.82488539e-01
9.25838048e-02
-6.73350967e-01
-4.77355439e-01
5.06292434e-01
2.94145555e-01
2.73223720e-01
6.42029098e-01
-1.73441690e-01
-4.76686065e-01
-7.31201495e-01
4.93547887e-01
-6.43933254e-01
3.55328861e-01
1.68120594e-01
3.01187386e-02
2.66782527e-02
-2.00592610e-01
-1.22313165e-01
3.29256971e-01
2.64265166e-01
-2.28702091e-02
0.00000000e+00
-7.86597226e-02
-6.13879725e-01
2.38991091e-01
-4.88655122e-01
3.84176243e-02
-2.93627134e-01
1.37228710e-01
2.35832869e-01
-1.33110471e-01
-9.05375726e-03
5.02989520e-03
-1.65258830e-01
-2.19592869e-01
1.45176141e-01
9.84043157e-02
-1.77499565e-01
9.12417982e-02
-4.38537993e-02
-1.36073263e-01
-1.48076424e-01
0.00000000e+00
1.19777111e-02
-8.15626522e-02
3.88046232e-02
-6.96778901e-02
1.47966658e-01
7.59532967e-02
0.00000000e+00
0.00000000e+00
0.00000000e+00
0.00000000e+00
0.00000000e+00
0.00000000e+00
0.00000000e+00
-6.98274654e-01
-1.16061208e+00
-1.36435433e+00
0.00000000e+00
0.00000000e+00
0.00000000e+00
3.00262112e-01
-4.20644293e-01
-1.80737914e-01
2.09174072e-01
-5.45372264e-01
-1.36764226e-01
5.66270169e-03
3.21252143e-02
1.13307369e-01
0.00000000e+00
2.60053374e-01
-6.22835993e-02
-6.41492357e-01
7.24315804e-03
3.97856483e-01
1.35041289e-01
7.87229266e-02
-4.09498696e-01
-3.90223022e-01
-1.16786657e-01
4.40421492e-02
0.00000000e+00
0.00000000e+00
0.00000000e+00
2.81046298e-01
-6.50858038e-01
-6.70143062e-02
1.23499579e-01
-7.76391163e-01
2.18538700e-01
1.17270704e-01
1.73175857e-01
1.24871297e-02
0.00000000e+00
3.16896899e-01
-1.44260132e-01
-2.01577592e-01
1.80188971e-01
-1.67143394e-01
2.72612318e-01
3.35558519e-01
-3.82998739e-01
1.86850889e-02
3.84325449e-01
-1.29790850e+00
0.00000000e+00
0.00000000e+00
0.00000000e+00
1.26996259e-01
-5.34054779e-01
-2.72116572e-01
-1.44478247e-02
-4.53444733e-01
2.51392874e-01
1.98539796e-01
-2.16364311e-01
-1.10388407e-01
0.00000000e+00
5.14434925e-01
-3.15590434e-02
-5.94554790e-01
2.01735527e-01
3.72742857e-01
-1.14871287e-02
-1.93752341e-01
-4.40754652e-01
-1.53823487e-01
6.29973264e-02
-8.55907147e-02
0.00000000e+00
0.00000000e+00
0.00000000e+00
1.88157188e-01
-9.35127664e-01
4.92576989e-02
1.49784959e-01
-6.58338423e-01
1.73403670e-01
1.44015604e-01
2.62913481e-01
-1.47626022e-01
0.00000000e+00
1.44170974e-01
-2.33970237e-01
-5.51459093e-02
3.21333524e-01
7.77830523e-02
1.23454446e-01
1.51538914e-01
-1.30624050e-01
1.13683679e-01
1.75744401e-01
136
5.64058259e-01
6.70933515e-03
2.74249735e-03
2.31940912e-01
-3.01523933e-04
1.71160159e-01
-2.31086599e-04
1.54247852e-01
5.64365688e-04
0.00000000e+00
0.00000000e+00
2.52409421e-01
2.63749030e-01
2.50872681e-01
-1.17267620e-02
-1.11452756e-01
-1.66451861e-02
0.00000000e+00
0.00000000e+00
0.00000000e+00
1.98726274e-01
8.37096527e-03
1.86878406e-02
-2.31620828e-02
5.65050106e-02
2.80499880e-01
2.44395411e-02
0.00000000e+00
-1.27654319e-01
-2.81054488e-01
-1.00977974e-01
4.78345986e-02
2.62694754e-01
2.12325475e-01
8.76689520e-01
2.46148874e-01
4.61575085e-01
-7.97659834e-01
-2.22588815e-01
-9.64493126e-02
6.22005499e-01
-6.06605122e-01
6.77834883e-02
0.00000000e+00
0.00000000e+00
0.00000000e+00
-4.55521161e-01
-8.19947818e-01
-1.55269184e-02
-1.34764282e-01
-6.68366915e-01
6.44143899e-01
7.72002110e-01
8.97461945e-02
4.21586713e-01
-4.87158265e-01
-6.04414976e-02
-7.61779143e-01
1.28626979e-02
-1.95244709e-01
-3.54768080e-01
-8.95587706e-01
-1.31775208e-01
1.71292460e-01
7.36473551e-03
-3.06605003e-01
2.96956972e-01
9.23801381e-02
3.45533833e-02
1.56633501e-01
-4.30415829e-01
3.59659718e-01
6.85902835e-02
-1.70104513e-01
1.64334881e-01
-4.97438135e-02
0.00000000e+00
6.58551688e-01
1.09528214e-01
1.72645210e-01
-1.70313768e-02
0.00000000e+00
0.00000000e+00
0.00000000e+00
0.00000000e+00
0.00000000e+00
-2.23016866e-01
-6.88648149e-01
-9.57980410e-01
0.00000000e+00
0.00000000e+00
0.00000000e+00
6.86403233e-01
-1.97943323e+00
2.26975629e-02
6.25979483e-01
-2.25261286e+00
5.49117551e-01
5.40506990e-01
6.87294788e-01
6.04771933e-02
0.00000000e+00
9.21502911e-01
1.65469139e-01
-1.11112479e+00
4.46299301e-01
7.82457658e-01
4.30216369e-01
2.44572184e-01
-1.83243670e+00
-5.31349281e-01
5.85982094e-01
-1.18818306e+00
0.00000000e+00
0.00000000e+00
0.00000000e+00
3.84336828e-01
-1.57425779e+00
-1.32675549e-01
6.11071606e-01
-2.06481374e+00
6.16543537e-01
6.86925216e-01
1.16409182e-01
1.93509874e-01
0.00000000e+00
9.36715742e-01
1.67943409e-01
-1.05578350e+00
6.34965850e-01
-6.01029280e-02
1.55221331e-01
2.21016583e-01
-1.34552333e+00
-2.06874752e-01
5.27189377e-01
3 1
-4.4050e-01 4.4591e-01
8 0
0 1 4 6 2 7 19 14 
217
-2.92851353e-02
-1.19632166e-01
4.05006825e-01
-4.23313795e-02
4.55412281e-01
-7.58237677e-01
-2.92021781e-01
-5.57339631e-02
-3.17206472e-01
2.74783075e-01
3.56995184e-02
3.44357185e-02
8.88313188e-02
1.13009032e-01
2.03009679e-01
-3.87786770e-03
-2.86267445e-01
1.14779544e-01
-8.10635389e-04
-3.28985767e-01
-2.20260980e-01
2.79441398e-03
-1.59673315e-01
-1.26813377e-01
2.38505762e-04
-8.08281818e-02
0.00000000e+00
0.00000000e+00
-5.60557633e-01
-3.76830927e-01
-1.34410904e-01
1.09954459e-01
4.42110524e-01
4.90449345e-01
0.00000000e+00
0.00000000e+00
0.00000000e+00
-1.16840418e-01
-9.14147383e-02
-1.13200252e-01
-5.63971810e-02
8.92206590e-02
1.64407031e-01
9.49397637e-02
0.00000000e+00
-5.67106042e-01
2.62212031e-01
7.83200179e-02
-1.24408659e-01
-6.44160686e-01
5.28252878e-01
5.17874670e-01
9.24524192e-02
3.79282909e-01
-5.79095618e-01
1.74240131e-01
0.00000000e+00
2.26720702e-01
-3.76115388e-01
1.12639103e-01
-8.01639497e-02
-2.24431168e-01
2.75309982e-01
1.17683630e-01
-4.24779570e-01
-6.03319176e-01
1.88058219e-01
2.16132406e-01
8.97525852e-02
7.66583360e-02
-4.39818413e-01
-3.07794547e-01
-4.66785042e-01
5.69482189e-01
-5.07145546e-01
1.48845635e-01
2.31740380e-01
4.26582322e-02
-2.02352384e-01
-4.29415827e-01
-3.54275242e-02
1.37378742e-01
1.65836540e-01
-1.85983169e-01
0.00000000e+00
4.47572876e-02
-3.35670500e-02
8.60290331e-02
-2.11817661e-01
-1.66298378e-01
-1.54127219e-01
-4.59885528e-02
-2.05236228e-01
-2.25624170e-01
2.05927898e-01
-6.73819085e-02
1.60117479e-02
-1.02368464e-01
-5.59964164e-02
-7.31764608e-02
-1.51449428e-01
9.85401142e-02
-1.27976792e-01
1.34762780e-03
-1.06795046e-01
0.00000000e+00
-6.96460062e-02
-9.08497606e-03
3.14513018e-02
-8.71457328e-02
7.54285670e-03
5.66279363e-02
0.00000000e+00
-8.87079861e-02
-4.96388991e-03
8.92696216e-02
-8.40926329e-02
-3.03857216e-02
1.02633892e-01
-3.64104675e-01
-1.12990340e+00
-9.29364147e-01
0.00000000e+00
0.00000000e+00
0.00000000e+00
4.21620768e-01
-7.05171547e-01
-3.67197681e-01
1.81134750e-01
-9.37445938e-01
2.90665471e-01
1.29013534e-01
9.99447588e-03
3.63672599e-01
0.00000000e+00
5.64164924e-01
1.83971786e-01
-9.69343903e-01
2.01670713e-01
5.01397761e-01
-1.82296215e-02
2.18229920e-01
-9.33625449e-01
-5.71539724e-01
5.07653017e-01
3.57444451e-02
0.00000000e+00
0.00000000e+00
0.00000000e+00
1.90971797e-01
-6.47601137e-01
9.53540215e-02
2.29113640e-01
-7.37318381e-01
1.18066525e-01
1.46143360e-01
1.79510058e-01
-1.62643043e-01
0.00000000e+00
2.31376226e-01
1.61161194e-01
3.59492656e-02
2.17228751e-01
-1.94183562e-01
1.51545670e-01
9.76731712e-02
-3.57197248e-01
8.16877564e-02
1.98906378e-01
-1.07958714e+00
0.00000000e+00
0.00000000e+00
0.00000000e+00
-1.06716979e-01
-8.83481162e-01
-5.34342167e-01
4.34588348e-02
-8.33660312e-01
4.85291159e-01
5.75101130e-01
5.88752767e-02
1.70784635e-01
0.00000000e+00
4.20959319e-01
-2.79148722e-01
-1.09523958e+00
5.23232960e-01
1.02044340e+00
2.41227767e-01
-5.78993272e-02
-6.86434772e-01
-2.88598792e-01
1.46560188e-01
-1.59309293e-01
0.00000000e+00
0.00000000e+00
0.00000000e+00
2.64699234e-01
-7.08839906e-01
1.79109264e-01
2.31663945e-01
-8.23444620e-01
1.58632277e-01
1.68872276e-01
2.38249081e-01
-3.01943894e-02
0.00000000e+00
1.33862061e-01
1.36515989e-01
-8.52191557e-02
5.31073387e-02
-9.44429878e-02
3.66128044e-02
6.93639874e-02
-2.68558790e-01
9.64759130e-02
8.42263868e-02
136
4.11149814e-01
-1.84782507e-02
8.13955694e-03
1.91427150e-01
-1.09511858e-03
1.20497741e-01
9.13007848e-04
1.17703174e-01
8.90344981e-05
0.00000000e+00
0.00000000e+00
2.61398849e-01
2.23703234e-01
1.48376863e-01
-8.93287525e-02
-1.32892387e-01
1.53068997e-02
0.00000000e+00
0.00000000e+00
0.00000000e+00
8.62735322e-02
4.26957929e-02
8.11392496e-02
6.01253295e-02
2.83545130e-02
1.00356478e-02
1.02525749e-01
0.00000000e+00
-1.80137020e-01
-1.58310638e-01
-6.23298188e-02
-8.30086599e-04
4.25483968e-04
2.07393423e-01
8.40243203e-01
3.15410174e-01
4.15869105e-01
-7.52424066e-01
-1.25697531e-01
-1.45125855e-01
5.10595041e-01
-6.21718929e-01
1.67787329e-01
0.00000000e+00
0.00000000e+00
0.00000000e+00
-3.41643500e-01
-8.13962477e-01
4.66922614e-02
-1.22295763e-01
-6.15712324e-01
3.95229870e-01
5.20976972e-01
6.48329356e-02
3.19117569e-01
-5.75469662e-01
-2.37319580e-02
-5.23887838e-01
2.82569498e-02
-1.03206172e-01
-2.53222075e-01
-6.00606083e-01
-1.99884948e-02
2.12141839e-01
1.29244372e-02
-4.13848927e-01
2.97837583e-01
5.49430574e-02
-1.00978774e-01
1.51477675e-01
-3.46536206e-01
2.78951261e-01
4.93648318e-02
-1.86236967e-01
1.51715164e-01
-1.02105563e-01
2.55141843e-02
4.72248367e-01
4.31587379e-02
1.55076582e-01
-8.62530860e-02
2.52479263e-02
3.96921478e-01
7.62691715e-02
8.97430681e-02
1.53026454e-03
-3.39977961e-01
-7.85377434e-01
-1.04035942e+00
0.00000000e+00
0.00000000e+00
0.00000000e+00
7.57669132e-01
-2.00896000e+00
5.59517632e-03
5.48602183e-01
-2.26818004e+00
5.02768361e-01
5.36883864e-01
6.76629695e-01
8.11822512e-02
0.00000000e+00
9.09249845e-01
3.47405390e-02
-1.14087230e+00
3.94626357e-01
7.84232163e-01
5.26901490e-01
3.63059937e-01
-1.80535743e+00
-5.07057553e-01
5.67926916e-01
-1.24103961e+00
0.00000000e+00
0.00000000e+00
0.00000000e+00
4.38611759e-01
-1.59952010e+00
-1.54775674e-01
6.06977442e-01
-1.96306189e+00
5.11894527e-01
6.35047067e-01
7.95544337e-02
1.30740824e-01
0.00000000e+00
9.35418614e-01
1.66933828e-01
-9.33521925e-01
6.33600874e-01
-2.02691125e-01
1.08524842e-01
2.26373094e-01
-1.25320664e+00
-1.99536476e-01
5.91596920e-01
5 1
-5.4503e-01 4.6210e-01
8 0
0 1 4 6 2 7 19 14 
217
1.64907949e-02
-1.13957966e-01
3.33845950e-01
-1.74300183e-01
3.35683850e-01
-4.25500292e-01
-1.91951955e-01
-1.22686586e-01
-1.35821888e-01
-3.53858666e-02
-5.82956808e-02
4.15836577e-02
6.68764681e-02
2.09840539e-01
1.22084908e-01
3.64013345e-03
-2.37300485e-01
-2.19602035e-02
-1.17497073e-04
-2.38035991e-01
-2.41265369e-02
2.30154398e-03
-1.77555769e-01
-5.95073723e-02
2.58828461e-04
-5.02332038e-02
0.00000000e+00
0.00000000e+00
-3.57178385e-01
-3.18769907e-01
-1.10992427e-01
9.43777418e-02
4.08045214e-01
3.27487966e-01
0.00000000e+00
0.00000000e+00
0.00000000e+00
-1.60052511e-01
-9.00012134e-02
-7.30108407e-02
-5.48893692e-02
7.88403952e-02
1.38567678e-01
1.77200193e-01
0.00000000e+00
-4.49356247e-01
2.26155754e-01
-1.08898820e-02
-1.34254185e-01
-5.26539015e-01
5.09319399e-01
5.33774266e-01
2.56335351e-02
3.45494397e-01
-5.30529825e-01
1.83528605e-01
0.00000000e+00
1.09253794e-01
-2.89394166e-01
1.31178382e-01
2.74621788e-02
-2.78740536e-01
2.67932688e-01
1.15511539e-01
-4.15465043e-01
-5.01468571e-01
2.67126936e-01
1.43977225e-01
4.93173637e-02
6.67024476e-02
-3.80339251e-01
-3.56312486e-01
-5.35233450e-01
6.03378215e-01
-5.18706778e-01
1.49764318e-01
2.36052991e-01
0.00000000e+00
-1.96881351e-01
-3.18911260e-01
5.87158258e-02
1.16575845e-01
1.67902169e-01
-1.47540983e-01
0.00000000e+00
1.66651583e-01
-4.64048187e-02
1.80238668e-03
-1.05756685e-01
-1.33358146e-01
-4.04092009e-02
-1.37101975e-02
-2.23737903e-01
-2.55111659e-01
1.84222250e-01
-9.95823184e-02
6.97166457e-02
-1.41428797e-02
-4.59893643e-02
-1.15765685e-01
-1.40796701e-01
1.50011205e-01
-1.47547773e-01
2.82346394e-02
-1.28361180e-01
0.00000000e+00
-3.01516057e-02
-1.78058250e-02
7.89679716e-02
-7.30663085e-02
-1.37205421e-02
9.39992582e-02
0.00000000e+00
-9.45181990e-02
1.13762445e-01
7.53820590e-02
-1.13836829e-01
5.56811726e-02
-5.58973579e-02
-3.57488992e-01
-1.12877725e+00
-8.91338453e-01
0.00000000e+00
0.00000000e+00
0.00000000e+00
2.68883393e-01
-7.60179451e-01
-2.73410264e-01
8.96530995e-02
-8.50111675e-01
2.41979259e-01
3.31518792e-01
1.09176694e-01
2.03883711e-01
0.00000000e+00
5.24998105e-01
2.19948808e-01
-7.97315855e-01
1.58700472e-01
3.13962756e-01
-6.05606779e-02
1.61646293e-01
-7.71461926e-01
-3.64336765e-01
3.61686779e-01
-8.98474955e-03
0.00000000e+00
0.00000000e+00
0.00000000e+00
3.27215723e-01
-7.75824865e-01
7.00631940e-03
2.44638517e-01
-8.19468971e-01
1.81243766e-01
1.84120263e-01
1.59413958e-01
-3.36069696e-02
0.00000000e+00
2.70057911e-01
3.79470225e-02
-1.56333736e-01
2.62596954e-01
-1.42399694e-01
2.67589611e-01
1.21315607e-01
-5.03712128e-01
3.72246756e-02
3.21991285e-01
-9.87453004e-01
0.00000000e+00
0.00000000e+00
0.00000000e+00
-2.18327235e-01
-6.68502891e-01
-6.37575272e-02
3.01636703e-02
-6.77840765e-01
7.56441664e-01
2.78083437e-01
6.17494684e-02
5.57819433e-02
0.00000000e+00
2.20928300e-01
-9.88198423e-02
-8.41736018e-01
4.17269108e-01
8.71706363e-01
-1.66965169e-02
-8.16086513e-02
-6.52856228e-01
-2.06348664e-01
-1.53082618e-01
-2.12274005e-01
0.00000000e+00
0.00000000e+00
0.00000000e+00
3.27274195e-01
-4.60694780e-01
1.80719836e-01
2.12347735e-01
-7.56144056e-01
2.22806674e-01
1.66392229e-01
1.93123965e-01
-1.58778464e-01
0.00000000e+00
2.22177961e-01
-6.78954527e-02
-3.00239475e-01
1.08412897e-01
-1.42670443e-01
1.06592527e-01
1.32814883e-01
-3.57345398e-01
-4.84849731e-02
2.07316135e-01
136
3.88865698e-01
2.96667306e-02
3.31143245e-03
2.21623458e-01
-2.05873909e-03
7.95933646e-02
9.56482458e-04
5.79821444e-02
1.25717116e-04
0.00000000e+00
0.00000000e+00
2.41237326e-01
2.09039517e-01
1.17749878e-01
-7.28891331e-02
-1.28480982e-01
3.00254845e-02
0.00000000e+00
0.00000000e+00
0.00000000e+00
7.59488649e-02
4.37032946e-02
8.37102809e-02
4.09397962e-02
6.03471165e-02
1.29364350e-02
7.15780358e-02
0.00000000e+00
-1.80280274e-01
-1.77384714e-01
-8.29432302e-02
5.75573457e-03
8.56870928e-03
1.79376636e-01
8.09912358e-01
3.01700739e-01
4.32800569e-01
-6.87615301e-01
-1.01578020e-01
-1.39503291e-01
4.54830678e-01
-5.89928009e-01
1.55646713e-01
0.00000000e+00
0.00000000e+00
0.00000000e+00
-3.71438773e-01
-7.36653032e-01
5.66932767e-02
-1.14338794e-01
-5.77105564e-01
3.88450670e-01
4.94928596e-01
7.17063079e-02
3.08537463e-01
-5.21119107e-01
-2.87751678e-02
-4.67018664e-01
1.74668778e-02
-8.43718052e-02
-2.16016164e-01
-5.50732930e-01
-8.15188316e-03
1.95146007e-01
1.42488378e-02
-4.32227102e-01
2.47402224e-01
8.61314778e-02
-1.01178010e-01
1.54465964e-01
-3.28151075e-01
2.71560262e-01
1.21681390e-02
-1.77262615e-01
1.38570876e-01
-1.06969097e-01
3.45903088e-02
4.35578887e-01
6.67766923e-02
1.35897962e-01
-4.33845834e-02
3.28683569e-02
3.92728471e-01
7.56535978e-02
9.63505990e-02
-1.10596160e-02
-3.54252827e-01
-7.59509789e-01
-1.03185532e+00
0.00000000e+00
0.00000000e+00
0.00000000e+00
7.21404005e-01
-1.97470021e+00
2.76126410e-02
5.42501774e-01
-2.19783572e+00
5.03202686e-01
4.87416247e-01
6.50104229e-01
9.66666621e-02
0.00000000e+00
8.90957859e-01
5.79778606e-02
-1.11860817e+00
4.19913887e-01
7.63165158e-01
4.97514617e-01
3.57566145e-01
-1.77786271e+00
-5.33880415e-01
5.55028134e-01
-1.24827173e+00
0.00000000e+00
0.00000000e+00
0.00000000e+00
4.48126101e-01
-1.67653685e+00
-2.29283721e-01
6.15694950e-01
-1.98183234e+00
4.07025909e-01
7.02522335e-01
8.93570128e-02
1.73374128e-01
0.00000000e+00
8.89097724e-01
1.79759170e-01
-9.41213826e-01
6.57360333e-01
-1.37240813e-01
1.48707943e-01
2.33519944e-01
-1.26235544e+00
-1.75518002e-01
6.11163713e-01
18 2
-8.5900e-01 5.0214e-01
8 4
0 1 4 6 2 7 19 14 
217
2.02439617e-01
-2.15662784e-01
-2.65469047e-02
5.54566659e-03
-7.15351825e-02
3.77170529e-01
2.27817125e-01
9.18669100e-02
2.33515088e-01
-1.49113657e-01
-1.37162031e-03
-1.23216175e-01
-1.85985793e-01
4.97579533e-02
9.43293377e-03
-6.96810915e-03
2.58571740e-01
-1.99959684e-01
2.09753552e-04
7.56444764e-02
-1.52581235e-01
1.70534037e-04
6.21180408e-02
5.45547603e-01
-1.86866284e-03
-2.03079429e-01
0.00000000e+00
0.00000000e+00
5.93295189e-01
2.66201579e-01
1.52997779e-02
-1.00515831e-01
-9.90884785e-02
-3.89773679e-01
0.00000000e+00
0.00000000e+00
0.00000000e+00
-1.46023646e-01
-1.70361931e-01
-1.21568110e-02
2.84099065e-02
1.44360557e-01
2.91066462e-01
6.71450794e-02
0.00000000e+00
-3.62217642e-01
2.15988044e-01
1.82820030e-03
-6.12185154e-02
-6.08686576e-01
4.40984202e-01
3.42340878e-01
6.38601496e-02
3.18555668e-01
-5.72657849e-01
3.05664527e-01
7.55046438e-02
1.58161734e-01
-3.17889846e-01
2.02221998e-01
1.26479847e-01
-2.92809655e-01
3.68769426e-01
1.39495737e-01
-2.94924907e-01
-5.26634137e-01
2.10415555e-01
2.50721571e-01
1.47453233e-01
-1.75728584e-02
-2.19182482e-01
-1.96858056e-01
-5.78554319e-01
2.99537987e-01
-6.95980078e-01
3.18942168e-01
3.41384559e-01
0.00000000e+00
-2.89789017e-02
-1.68359641e-01
6.69016923e-03
4.46290757e-01
2.24728350e-01
1.48190915e-01
0.00000000e+00
1.35173029e-01
-8.74747026e-02
3.60097715e-01
-2.23320554e-02
-1.26676690e-01
1.93911262e-01
-7.61393907e-02
-1.81747074e-01
-1.53384228e-01
1.65844219e-01
-1.43596341e-01
2.94481864e-01
9.44285345e-02
-7.40080405e-02
-8.38017427e-02
-7.10161340e-02
1.78623523e-01
-4.54268513e-01
1.81625878e-01
6.85201794e-02
-6.39461020e-02
1.09188182e-01
-5.48094252e-02
1.67911016e-01
-1.44689012e-02
-1.07134782e-02
2.41482392e-02
-6.39461020e-02
-2.67325904e-02
2.58197255e-01
2.96834726e-01
-1.47869500e-01
-3.71641629e-03
1.32076308e-01
-3.46760169e-01
-1.00426399e+00
-3.75156445e-01
0.00000000e+00
0.00000000e+00
0.00000000e+00
6.88513173e-01
-8.20462615e-01
1.30976345e-01
5.21313707e-01
-7.51984776e-01
2.88096441e-01
2.61006540e-01
3.13678772e-01
-6.15341305e-01
0.00000000e+00
7.04027326e-01
-2.26670527e-01
-9.12115137e-01
3.26822977e-01
-1.26742619e-01
1.63541577e-01
6.33020984e-01
-9.15387754e-01
-4.92440510e-01
4.54990958e-01
-2.80926858e-01
0.00000000e+00
0.00000000e+00
0.00000000e+00
6.91782168e-03
-9.03801783e-01
-6.16758699e-02
1.73840523e-01
-7.09654609e-01
8.42007011e-02
1.81465375e-01
7.28905993e-02
3.12592535e-01
0.00000000e+00
1.39205102e-01
1.74691063e-01
-4.32089136e-02
1.42631943e-01
6.92741071e-02
4.98295369e-02
-9.31460549e-02
-2.42416153e-01
1.53175916e-01
2.12261302e-01
-1.09654826e+00
0.00000000e+00
0.00000000e+00
0.00000000e+00
2.26081030e-02
-6.13598687e-01
-3.08901014e-01
1.16169089e-01
-6.42593303e-01
8.04095626e-01
5.48310317e-01
-1.99660605e-01
6.35895357e-02
0.00000000e+00
8.48225170e-01
-5.48178075e-02
-7.95568239e-01
1.07085143e-01
-7.65648442e-01
1.06122329e-01
2.49666681e-01
-4.42214998e-01
-4.35415934e-01
2.95998775e-01
-1.01282367e-01
0.00000000e+00
0.00000000e+00
0.00000000e+00
1.09533236e-01
-8.10738460e-01
8.62692818e-02
7.36118625e-02
-6.72132614e-01
2.49023255e-01
1.77890942e-01
2.81180586e-01
1.76920294e-01
0.00000000e+00
-9.72081284e-02
2.33484139e-02
-2.09268635e-01
1.89799559e-01
6.89390018e-01
4.58596361e-02
-1.19762752e-02
-5.13991021e-01
1.20607927e-01
-9.40224544e-03
136
6.65720622e-01
2.42073330e-01
-2.96257037e-03
4.52287286e-02
6.96187829e-05
-9.32125829e-03
2.95690249e-03
3.87739822e-01
-7.98797671e-05
0.00000000e+00
0.00000000e+00
1.25974994e-01
1.49885691e-01
9.56425353e-02
-1.83556564e-02
1.08455206e-01
2.36836433e-01
0.00000000e+00
0.00000000e+00
0.00000000e+00
1.31418210e-01
6.15864595e-02
1.22441095e-01
7.24737686e-02
3.76782628e-02
6.73694930e-02
1.72994088e-01
0.00000000e+00
-1.28288909e-01
-2.97420979e-01
-8.21420481e-02
-5.00837076e-03
3.39289566e-01
2.18720025e-01
1.05815925e+00
2.16560737e-01
3.97396074e-01
-8.91609976e-01
-2.52824954e-01
-2.51745313e-01
7.82364634e-01
-7.35420151e-01
2.98462941e-01
0.00000000e+00
0.00000000e+00
0.00000000e+00
-7.36424405e-01
-1.01027153e+00
-3.26316085e-02
-2.24228669e-01
-4.41268334e-01
6.11690690e-01
7.38105825e-01
1.07475071e-01
3.77988741e-01
-6.13280916e-01
0.00000000e+00
-1.03905354e+00
-7.34789631e-02
-2.72386716e-01
-3.83004291e-01
-9.29648260e-01
-2.17273446e-01
1.46443286e-01
-3.84920055e-03
-3.18047402e-01
3.47003748e-01
1.74112430e-01
-8.52101201e-02
1.85116967e-01
-3.59835173e-01
3.53274631e-01
6.95159402e-02
-1.44560399e-01
1.47422493e-01
-1.46088815e-01
1.57620346e-01
7.26571040e-01
1.31352176e-01
1.68429445e-01
-6.76599972e-02
1.54542320e-01
6.28649397e-01
1.26267572e-01
1.26929357e-01
4.03811615e-02
-3.45639012e-01
-6.96428442e-01
-1.05660977e+00
0.00000000e+00
0.00000000e+00
0.00000000e+00
7.12374045e-01
-1.91327314e+00
1.90353554e-03
5.09109086e-01
-2.25679037e+00
5.26363339e-01
5.04623965e-01
6.40172582e-01
1.09890599e-01
0.00000000e+00
8.87211497e-01
8.48198940e-02
-1.16545417e+00
4.12283554e-01
7.32039137e-01
4.91801158e-01
3.58965794e-01
-1.77059817e+00
-4.90470675e-01
5.68418569e-01
-1.21699853e+00
0.00000000e+00
0.00000000e+00
0.00000000e+00
4.71441686e-01
-1.60892254e+00
-1.27453655e-01
6.03416828e-01
-2.04542833e+00
4.99228474e-01
6.27282286e-01
1.28599078e-01
1.13745614e-01
0.00000000e+00
9.23358669e-01
1.36216095e-01
-1.01162804e+00
6.64641698e-01
-9.24368758e-02
1.61387139e-01
2.40088328e-01
-1.30221044e+00
-1.77389723e-01
5.79065183e-01
15 2
-8.8944e-01 5.1121e-01
8 4
0 1 4 6 2 7 19 14 
217
2.31343752e-01
-2.28823226e-01
-5.14442774e-02
-1.81030360e-01
5.82432473e-03
8.62050934e-02
1.35748414e-01
5.24739367e-02
1.06563190e-01
2.51724497e-02
2.58080724e-02
-9.57907890e-02
-4.26002488e-02
-6.59994566e-02
-2.19319618e-01
-5.64318612e-03
2.75802949e-01
-2.47007441e-01
-3.10524166e-03
2.24655966e-01
1.29377408e-01
1.69904866e-03
-5.68759728e-02
5.68293402e-01
-2.70833449e-04
-1.85623693e-01
0.00000000e+00
0.00000000e+00
4.50767643e-01
2.14551409e-01
4.19860553e-02
-8.43928874e-02
-7.76191982e-02
-1.67896952e-01
0.00000000e+00
0.00000000e+00
0.00000000e+00
-2.51297874e-01
-5.62288698e-02
1.43845732e-02
6.20174956e-02
1.08561183e-01
2.54046141e-01
9.98611030e-02
0.00000000e+00
-4.40625556e-01
1.49274630e-01
2.58569677e-03
-2.66309737e-02
-4.81198780e-01
3.98637994e-01
4.04881332e-01
1.15829497e-01
3.62904311e-01
-4.52871507e-01
2.55620500e-01
-7.01282149e-02
1.57160023e-01
-2.83546200e-01
1.39451000e-01
6.18515286e-03
-1.87767379e-01
4.12925978e-01
8.12086767e-02
-2.50643451e-01
-4.81810659e-01
2.33175646e-01
2.88734381e-01
1.67602879e-01
5.80567717e-02
-2.21638383e-01
-1.61051310e-01
-6.34658831e-01
2.70613366e-01
-5.50723412e-01
3.43420079e-01
4.26835261e-01
0.00000000e+00
-7.28242802e-03
-3.21438664e-01
4.58164258e-02
4.50973056e-01
1.92809754e-01
-1.42978722e-01
0.00000000e+00
1.19259938e-01
-2.35471743e-01
3.29797276e-01
3.47396775e-03
-1.05377866e-01
7.88122584e-02
-3.16722142e-02
-3.08826441e-01
-3.47741368e-01
3.75047063e-01
-5.89512331e-01
1.96795344e-01
1.35548342e-01
-8.38700151e-02
-7.80935025e-02
-7.87686500e-02
1.53264615e-01
-2.57401691e-01
2.40042655e-01
3.78444295e-02
-7.22549134e-02
1.39169078e-01
6.12815650e-02
1.84092688e-01
-4.87761342e-02
-1.96631000e-02
-1.55214577e-02
-7.22642903e-02
2.22773833e-03
1.00956659e-01
2.11641540e-01
-4.84315329e-03
8.97387634e-02
1.81136231e-01
-3.67810997e-01
-9.66368229e-01
-3.71367252e-01
0.00000000e+00
0.00000000e+00
0.00000000e+00
5.68374420e-01
-7.26667942e-01
-2.71828682e-01
5.25961930e-01
-7.33911929e-01
2.35985616e-01
3.46591083e-01
2.94217137e-01
-5.29139340e-01
0.00000000e+00
6.79473283e-01
-2.26281703e-01
-6.10237034e-01
3.35208299e-01
-1.79375544e-01
4.07762676e-01
2.15610891e-01
-6.47374569e-01
-3.93044926e-01
3.37309083e-01
-2.86937041e-01
0.00000000e+00
0.00000000e+00
0.00000000e+00
1.12329359e-01
-5.87342108e-01
6.46679845e-02
1.43160453e-01
-8.55540334e-01
1.21508013e-01
1.62321712e-01
2.10708902e-02
3.03691316e-01
0.00000000e+00
1.32535448e-01
2.71101459e-01
-2.13202768e-01
8.37518812e-02
1.09971026e-02
3.50203545e-03
9.17775575e-02
-3.97975040e-01
4.37319270e-02
2.00976070e-01
-9.35610820e-01
0.00000000e+00
0.00000000e+00
0.00000000e+00
1.81958918e-02
-2.82423183e-01
-2.37120606e-01
1.71116227e-02
-5.61985261e-01
4.65909803e-01
3.51520249e-01
-3.06774452e-01
-1.51460296e-01
0.00000000e+00
8.70712028e-01
4.10851722e-01
-5.99234751e-01
1.76205181e-01
-5.99185760e-01
-1.24797148e-01
2.07295519e-02
-2.55866020e-01
-2.39942774e-01
9.19433801e-02
-1.06229413e-01
0.00000000e+00
0.00000000e+00
0.00000000e+00
1.55215369e-02
-7.61198789e-01
7.16699357e-02
5.83646923e-02
-4.96810976e-01
3.65581172e-01
9.78135962e-02
1.79126942e-01
1.59791882e-01
0.00000000e+00
-2.14196336e-01
-8.72958322e-02
-2.64452684e-01
1.14941492e-01
6.22124297e-01
8.45897683e-02
5.38646214e-02
-1.32514129e-01
1.05275204e-02
1.63218762e-02
136
6.08577613e-01
1.65503839e-01
-2.24666152e-03
-4.10438440e-02
1.92552214e-03
4.34819456e-02
2.73391929e-03
4.40635672e-01
-1.96596728e-04
0.00000000e+00
0.00000000e+00
7.73057262e-02
1.15136544e-01
3.71200128e-02
-2.76667492e-02
1.24544887e-01
3.14510792e-01
0.00000000e+00
0.00000000e+00
0.00000000e+00
1.27200380e-01
5.83552036e-02
1.07509351e-01
1.05673520e-01
1.98832019e-02
6.46242955e-02
1.25614050e-01
0.00000000e+00
-1.57613374e-01
-2.77619810e-01
-6.72544525e-02
1.89164211e-02
3.09935144e-01
1.69098100e-01
1.00069629e+00
2.44543274e-01
3.98956327e-01
-8.58779001e-01
-2.36471210e-01
-2.20949710e-01
7.40025595e-01
-7.61775028e-01
3.07151435e-01
0.00000000e+00
0.00000000e+00
0.00000000e+00
-6.93635057e-01
-9.93213085e-01
-3.27977676e-02
-2.24357427e-01
-4.55145833e-01
6.24715873e-01
7.08815415e-01
1.05953784e-01
3.62956743e-01
-5.55148694e-01
0.00000000e+00
-9.53760326e-01
-5.61340217e-02
-2.54378039e-01
-2.96351782e-01
-8.52330325e-01
-1.30281683e-01
1.55003628e-01
1.17576838e-02
-2.96565692e-01
3.23867971e-01
1.65621103e-01
-4.98364967e-02
1.60331465e-01
-3.38582295e-01
3.01229051e-01
8.32489825e-02
-1.45842301e-01
1.41283074e-01
-1.30306752e-01
1.46387086e-01
6.40984722e-01
1.01627784e-01
1.60361203e-01
-8.14416374e-02
1.45624174e-01
5.65124377e-01
1.41954234e-01
1.00131339e-01
5.07402841e-02
-3.55517320e-01
-6.69354015e-01
-1.08432671e+00
0.00000000e+00
0.00000000e+00
0.00000000e+00
6.65966961e-01
-1.93530803e+00
-4.00167438e-03
5.23028328e-01
-2.23069495e+00
5.37151564e-01
4.91286046e-01
6.33623469e-01
1.23904728e-01
0.00000000e+00
8.52763057e-01
5.74460395e-02
-1.16950875e+00
4.73296887e-01
7.52824874e-01
4.97122324e-01
3.77471368e-01
-1.75561936e+00
-5.13080798e-01
5.38001216e-01
-1.23048062e+00
0.00000000e+00
0.00000000e+00
0.00000000e+00
4.69904206e-01
-1.70858284e+00
-1.23894050e-01
6.20190691e-01
-2.03970909e+00
4.53491497e-01
6.53498512e-01
1.74271449e-01
1.59441963e-01
0.00000000e+00
9.02565100e-01
1.28102422e-01
-9.98270894e-01
6.83709981e-01
-3.98974116e-02
2.22112706e-01
2.38335080e-01
-1.42622065e+00
-1.82816546e-01
5.83287260e-01
8 1
-1.1062e+00 5.2855e-01
8 1
0 1 4 6 2 7 19 14 
217
2.21147133e-01
-1.34486574e-01
-2.15502067e-01
-4.37243866e-02
-1.13158452e-01
2.68480525e-01
1.58477998e-01
-7.33762086e-02
1.60008445e-01
-6.14121493e-02
6.31688030e-03
1.00159020e-01
9.50226130e-03
-1.82281155e-01
-8.28064594e-02
3.07652381e-03
2.24393028e-01
5.94212683e-02
1.18839730e-03
2.65119460e-01
-5.14562198e-03
1.98247475e-03
9.61003155e-02
2.49677946e-01
5.08509289e-04
1.41180300e-03
0.00000000e+00
0.00000000e+00
5.85474457e-01
4.01493954e-01
7.06082753e-02
-3.03348919e-01
-3.44555651e-01
-1.80113135e-01
0.00000000e+00
0.00000000e+00
0.00000000e+00
-2.00529945e-01
-1.70906859e-01
7.73682692e-02
3.78989322e-02
2.23108781e-01
9.60110605e-02
1.58196893e-01
0.00000000e+00
-2.21624538e-01
6.74798450e-02
-8.21894461e-02
-3.80089593e-01
-5.15693452e-01
5.17849033e-01
6.32769933e-01
6.14471401e-02
3.96805869e-01
-3.68766089e-01
1.12719668e-01
-3.48576381e-02
2.03956491e-01
-2.20820255e-01
5.21601661e-02
1.20878252e-01
-2.39839103e-01
3.40107985e-01
-7.03518197e-02
-2.87405738e-01
-6.54408849e-01
3.22247612e-01
1.79177111e-01
2.56657079e-01
1.07252643e-01
-2.29577023e-01
-2.60478699e-01
-4.29289740e-01
4.80676313e-01
-2.55355750e-01
2.30526542e-01
6.19137252e-02
0.00000000e+00
-4.92390706e-02
-2.67913339e-01
7.77653078e-02
5.53313919e-01
1.77509376e-01
-1.59098613e-02
0.00000000e+00
2.18783865e-02
-6.24127777e-02
4.45628784e-01
6.54869337e-02
-2.42983432e-01
1.69203689e-02
-4.47863190e-02
-2.09643843e-01
-3.14727956e-01
2.88257416e-01
-3.91954082e-01
1.87319879e-01
-5.12662236e-02
-9.46819150e-02
-1.76697761e-01
7.92543523e-03
3.99799851e-01
-5.51430721e-01
9.27269579e-02
4.96696735e-02
1.61922608e-03
2.67570083e-02
1.18378804e-01
2.30108660e-01
-7.48380763e-02
-3.73377611e-02
1.19805493e-01
1.34073626e-03
2.71863945e-01
1.76636729e-01
7.45396531e-02
1.68898962e-01
-1.26597201e-01
-1.42969203e-01
-5.42285690e-01
-6.54585651e-01
-6.67893694e-01
0.00000000e+00
0.00000000e+00
0.00000000e+00
4.22055072e-01
-9.55518249e-01
-1.46722639e-01
1.01938124e-01
-9.40339151e-01
1.65803088e-01
3.44184579e-01
4.35868926e-01
3.80124268e-04
0.00000000e+00
1.01490134e+00
-4.06123948e-01
-5.88470952e-01
3.31402194e-01
1.47423937e-01
-8.57509552e-02
-1.81020720e-01
-7.06975960e-01
-3.40067583e-01
7.19139078e-01
-2.89488603e-01
0.00000000e+00
0.00000000e+00
0.00000000e+00
1.02285469e-01
-8.58260023e-01
4.89091247e-02
1.45017803e-01
-9.61806425e-01
7.55245147e-02
1.13001270e-01
1.39971816e-01
1.77202810e-01
0.00000000e+00
8.52368382e-02
2.37208681e-01
-2.57075043e-01
2.02477054e-01
1.61953367e-01
2.86157672e-01
1.45684982e-01
-1.78763139e-01
5.43831933e-02
-8.59856746e-03
-1.00869132e+00
0.00000000e+00
0.00000000e+00
0.00000000e+00
8.81213493e-01
-6.56657119e-01
-3.79876505e-01
3.35620318e-01
-8.62389208e-01
1.52042573e-01
5.18719907e-01
-2.34091371e-01
1.51299658e-01
0.00000000e+00
9.38444333e-01
6.85212819e-03
-6.79181265e-01
1.95721420e-01
-4.09061613e-01
-3.01640496e-01
-2.54752318e-01
-6.68993165e-01
-3.31734140e-01
5.89772051e-01
-9.71184902e-02
0.00000000e+00
0.00000000e+00
0.00000000e+00
-1.21690744e-01
-5.96697453e-01
1.61278542e-01
8.95002676e-02
-8.06063556e-01
1.95136791e-01
8.18144199e-02
2.39428166e-01
1.14801189e-01
0.00000000e+00
-7.10189873e-02
1.75434514e-01
-2.53018461e-01
1.95297692e-01
4.17076218e-01
2.10311342e-01
1.67103400e-01
-4.66091349e-01
1.15928513e-01
5.43510061e-02
136
4.47621970e-01
3.64379366e-01
-7.55709652e-03
9.10054415e-02
-5.82522504e-04
-1.49553981e-02
-9.70034603e-04
7.19256044e-03
-7.63279822e-05
0.00000000e+00
0.00000000e+00
1.74378680e-01
2.42070669e-01
1.66560545e-01
-1.38333753e-02
-9.20634384e-02
-8.25033662e-03
0.00000000e+00
0.00000000e+00
0.00000000e+00
1.24739785e-01
4.29407488e-02
7.42454791e-02
5.44506368e-02
1.26350954e-02
6.45229568e-02
7.43371963e-02
0.00000000e+00
-1.82627954e-01
-3.17343525e-01
-5.86868273e-02
7.21780769e-02
1.74139019e-01
1.25018424e-01
8.58871645e-01
3.09479253e-01
3.83463131e-01
-7.93193482e-01
-1.11851601e-01
-7.33036288e-02
5.53526765e-01
-6.64374750e-01
1.72577352e-01
0.00000000e+00
0.00000000e+00
0.00000000e+00
-5.39004053e-01
-8.02785507e-01
-2.00999462e-03
-1.62146749e-01
-4.90349512e-01
4.62112468e-01
7.74492266e-01
1.02596279e-01
3.82043335e-01
-5.83345646e-01
-3.33032532e-02
-7.37707680e-01
-3.67663255e-02
-1.61441592e-01
-3.34123386e-01
-7.74962644e-01
-1.13193212e-01
1.61265418e-01
-1.75230008e-02
-2.02222420e-01
1.17101296e-01
2.42902182e-01
-4.29350918e-02
1.82893678e-01
-3.82942739e-01
1.59730024e-01
1.59321847e-01
-1.06272382e-01
1.56829207e-01
-1.30806511e-01
1.07101999e-01
4.83565784e-01
9.63596570e-02
1.19490258e-01
-7.09042617e-02
1.06116872e-01
4.26050707e-01
9.33580989e-02
8.15485919e-02
3.42521625e-02
-2.52422494e-01
-5.96994811e-01
-1.05733715e+00
0.00000000e+00
0.00000000e+00
0.00000000e+00
6.91321719e-01
-1.87111068e+00
-1.20364283e-02
5.38714318e-01
-2.27234014e+00
5.29894763e-01
5.08652878e-01
6.38643248e-01
1.14304991e-01
0.00000000e+00
7.74726150e-01
1.35816837e-01
-1.15894919e+00
4.25945311e-01
6.93036408e-01
4.43135485e-01
3.73769839e-01
-1.73596728e+00
-4.55747313e-01
5.80851947e-01
-1.21957337e+00
0.00000000e+00
0.00000000e+00
0.00000000e+00
4.16845509e-01
-1.74693785e+00
-1.55662707e-01
5.90632652e-01
-2.10602900e+00
5.84936213e-01
6.52335899e-01
1.99571761e-01
1.35622413e-01
0.00000000e+00
8.63466095e-01
1.47144171e-01
-1.01092505e+00
6.23670577e-01
4.22352022e-02
1.98452669e-01
2.73425655e-01
-1.30107034e+00
-2.10675216e-01
5.83387968e-01
17 1
-9.4422e-01 5.2816e-01
8 0
0 1 4 6 2 7 19 14 
217
1.67080242e-01
-2.23427240e-01
2.12065539e-01
-1.28889731e-01
5.91712633e-01
-6.07516592e-01
-2.54742412e-01
8.12935730e-02
-1.86478759e-01
1.08844051e-04
-1.21685584e-01
-7.50700318e-02
1.38274364e-01
3.61503116e-01
2.87311609e-01
-4.84032001e-03
-3.69525027e-01
-6.61675975e-02
1.47470075e-03
-1.41251163e-01
-9.89319846e-02
2.93507976e-03
-1.06217429e-01
4.48682146e-02
3.37560171e-04
-6.23466990e-02
0.00000000e+00
0.00000000e+00
-3.80833763e-01
-4.05878257e-01
-1.37015753e-01
1.46781732e-01
4.43011359e-01
5.01014924e-01
0.00000000e+00
0.00000000e+00
0.00000000e+00
-3.33071959e-02
-9.64836268e-02
-8.81611665e-02
-7.78790310e-02
1.23184239e-02
5.09233795e-02
3.99669459e-01
0.00000000e+00
-4.49904464e-01
1.40648590e-01
5.63085543e-03
-2.84414838e-01
-3.78797478e-01
4.42250465e-01
5.09548273e-01
7.69965165e-02
3.53265148e-01
-4.83132230e-01
2.06047793e-01
-1.06820875e-01
1.41568114e-01
-4.35203025e-02
3.77146748e-02
1.45019501e-01
-2.65487123e-01
2.87547864e-01
1.80943732e-01
-4.38936406e-01
-4.31270091e-01
3.56698568e-01
1.34486852e-01
6.83743481e-02
1.65464957e-01
-2.84407407e-01
-3.63700469e-01
-3.36041054e-01
6.52536094e-01
-4.54898166e-01
1.62652024e-01
2.51097568e-01
0.00000000e+00
-1.51925068e-01
-3.53846111e-01
7.75910251e-02
1.68324427e-01
2.39937008e-01
-1.66929307e-01
0.00000000e+00
-1.50385973e-02
-3.14737232e-01
1.59448408e-01
-2.48386535e-01
2.26704312e-02
-3.60535382e-01
-3.23003189e-02
-2.42424354e-01
-4.96434444e-01
3.27941167e-01
-1.93596395e-01
1.13863747e-01
1.43845229e-02
-1.46070164e-01
-1.55699996e-02
-9.67050336e-02
2.53441740e-01
-1.14889192e-01
7.52786653e-02
-2.85803361e-01
0.00000000e+00
-2.68675937e-02
1.09586841e-01
8.59711363e-02
-1.42054039e-02
1.07976699e-01
-4.27303875e-02
0.00000000e+00
-7.71880210e-02
1.87837397e-01
1.01750091e-01
-1.78507779e-01
1.42518172e-01
-2.30784466e-02
-1.67713786e-01
-9.44561555e-01
-9.50850524e-01
0.00000000e+00
0.00000000e+00
0.00000000e+00
4.53181298e-01
-9.65356091e-01
-3.96389818e-01
1.82008054e-02
-1.01802852e+00
4.31571604e-01
6.93835784e-01
1.40919455e-01
4.22723245e-01
0.00000000e+00
5.77548354e-01
3.19428491e-01
-1.18746702e+00
3.31873961e-01
2.51492581e-01
1.14884084e-01
-2.92391290e-02
-9.79657166e-01
-6.92952536e-01
5.62580088e-01
3.87225420e-02
0.00000000e+00
0.00000000e+00
0.00000000e+00
2.06924388e-01
-3.26352078e-01
1.31111737e-01
1.74589403e-01
-7.75899851e-01
9.16797559e-02
-4.69809775e-02
2.02337277e-01
-1.02634771e-01
0.00000000e+00
1.44206306e-01
-4.15367072e-02
6.27364341e-02
1.63439603e-01
-1.41625258e-01
1.93493596e-01
1.37546616e-01
-2.35122688e-01
1.46321250e-01
5.44885075e-02
-9.96039271e-01
0.00000000e+00
0.00000000e+00
0.00000000e+00
-8.20399817e-02
-9.03728841e-01
2.23770566e-01
1.71673078e-01
-7.81200726e-01
1.14619817e+00
2.61449749e-01
2.20066000e-01
2.14162324e-02
0.00000000e+00
1.68744331e-01
-2.37551510e-01
-1.17157580e+00
2.74358151e-01
9.65738326e-01
-6.03992545e-02
-4.32162980e-03
-9.16182699e-01
-4.61184388e-01
1.68730958e-01
-1.59454608e-01
0.00000000e+00
0.00000000e+00
0.00000000e+00
2.96397842e-01
-3.94106756e-01
-6.82949173e-03
1.02019376e-01
-5.49177054e-01
-6.22890859e-02
3.58404560e-02
4.71107815e-02
1.81663830e-02
0.00000000e+00
2.78886758e-01
4.51899497e-02
4.43390423e-02
1.30177915e-01
-2.92381896e-01
7.55855106e-02
1.34789520e-01
-3.28722220e-01
7.89796253e-02
1.86568734e-01
136
4.16966248e-01
-5.11853009e-03
7.22765607e-03
1.69308199e-01
-1.20040222e-03
1.29782729e-01
8.05548397e-04
1.22993851e-01
1.64022242e-04
0.00000000e+00
0.00000000e+00
2.49969063e-01
2.32349422e-01
1.02841428e-01
-8.28382970e-02
-1.05410414e-01
3.05973957e-02
0.00000000e+00
0.00000000e+00
0.00000000e+00
1.28685903e-01
4.20415750e-02
4.49643300e-02
4.56561674e-02
2.44357986e-02
3.65603377e-02
9.51176078e-02
0.00000000e+00
-1.94125817e-01
-1.49430731e-01
-6.17840466e-02
-7.12893460e-02
7.20198908e-02
1.79825807e-01
8.05853063e-01
2.83796216e-01
4.13286867e-01
-6.41753667e-01
-1.10070533e-01
-1.37339046e-01
5.11845457e-01
-5.87724304e-01
1.04351909e-01
0.00000000e+00
0.00000000e+00
0.00000000e+00
-3.60824933e-01
-7.63585609e-01
3.08725515e-02
-1.21773293e-01
-4.49281240e-01
3.86924295e-01
4.90774457e-01
7.61794431e-02
2.90868395e-01
-5.85989122e-01
-2.33516792e-02
-4.37225503e-01
5.90494468e-03
-7.16956833e-02
-1.67896529e-01
-4.96804067e-01
-4.91982556e-02
1.64763460e-01
9.13099442e-03
-3.53753560e-01
2.66752927e-01
1.12510497e-01
-7.77888787e-02
1.53125698e-01
-2.74465332e-01
2.97807571e-01
4.18029774e-02
-1.32596299e-01
1.20023343e-01
-1.08458274e-01
3.91698465e-02
4.67434013e-01
6.75682783e-02
1.35995973e-01
-4.42428956e-02
3.66740499e-02
4.01631805e-01
9.26896606e-02
9.21221532e-02
-1.80841109e-02
-4.20313985e-01
-7.61471105e-01
-1.13431892e+00
0.00000000e+00
0.00000000e+00
0.00000000e+00
6.87737547e-01
-1.94008321e+00
1.14461214e-02
5.17508549e-01
-2.13543791e+00
4.82863463e-01
4.67632013e-01
5.96065131e-01
1.30834578e-01
0.00000000e+00
8.50935483e-01
6.37820279e-02
-1.12935728e+00
4.14065092e-01
6.89358759e-01
4.46121409e-01
3.13545242e-01
-1.71486030e+00
-4.46379328e-01
5.59903690e-01
-1.26987825e+00
0.00000000e+00
0.00000000e+00
0.00000000e+00
4.42543865e-01
-1.67662300e+00
-1.73469673e-01
5.64827618e-01
-1.96672327e+00
5.18611127e-01
6.70651022e-01
1.36071146e-01
1.51840108e-01
0.00000000e+00
8.45332016e-01
1.46529756e-01
-1.00623083e+00
6.14523368e-01
-3.69562845e-02
2.00785946e-01
2.34859218e-01
-1.29419231e+00
-1.88011446e-01
5.45753371e-01
