1 4 -999999999 -1 -1
1 2 0 -1 -1
-0.1168 0.4805
356
3.24629589e-01
3.24629589e-01
0.00000000e+00
1.67237341e+00
-1.13035108e+00
-1.37032364e+00
2.13144890e-01
0.00000000e+00
0.00000000e+00
1.40347588e+00
1.01966167e-01
0.00000000e+00
0.00000000e+00
4.02222924e-01
4.01139330e-01
8.69011160e-01
0.00000000e+00
0.00000000e+00
0.00000000e+00
0.00000000e+00
0.00000000e+00
0.00000000e+00
0.00000000e+00
0.00000000e+00
0.00000000e+00
0.00000000e+00
0.00000000e+00
0.00000000e+00
0.00000000e+00
0.00000000e+00
0.00000000e+00
0.00000000e+00
0.00000000e+00
0.00000000e+00
0.00000000e+00
0.00000000e+00
0.00000000e+00
0.00000000e+00
0.00000000e+00
0.00000000e+00
0.00000000e+00
0.00000000e+00
0.00000000e+00
0.00000000e+00
0.00000000e+00
0.00000000e+00
0.00000000e+00
0.00000000e+00
0.00000000e+00
0.00000000e+00
0.00000000e+00
-1.23118545e-01
-1.33959161e-01
-1.55966645e+00
0.00000000e+00
0.00000000e+00
0.00000000e+00
0.00000000e+00
-1.39953196e-01
6.64323356e-01
5.00901820e-01
2.52089960e-01
6.65369436e-01
-1.21711487e-01
3.23215246e-01
3.16688961e-02
-1.02490372e+00
-2.76793347e-01
-1.04664872e+00
2.36187641e-02
-8.23121336e-02
4.16459875e-01
4.56697609e-03
-2.08831228e-01
9.54818439e-01
-1.15470366e-02
-4.57607695e-01
0.00000000e+00
0.00000000e+00
0.00000000e+00
0.00000000e+00
2.37346794e-01
8.72827955e-02
0.00000000e+00
0.00000000e+00
0.00000000e+00
0.00000000e+00
0.00000000e+00
0.00000000e+00
0.00000000e+00
-2.38459866e-01
-2.57410763e-01
-7.48482879e-01
-3.14228099e-01
-4.72704216e-01
-5.69874723e-01
-3.26204991e-02
-9.25597594e-02
-1.68420756e-01
-4.86550450e-03
0.00000000e+00
0.00000000e+00
0.00000000e+00
0.00000000e+00
4.37741210e+00
2.11942706e+00
0.00000000e+00
1.19463355e+00
9.57722886e-01
2.56180839e-01
2.79907954e-02
-9.31051225e-01
2.75342941e-01
2.64260870e-02
-2.41500751e-01
-1.12332719e+00
-1.68104616e+00
-2.81415428e+00
0.00000000e+00
0.00000000e+00
0.00000000e+00
0.00000000e+00
0.00000000e+00
0.00000000e+00
7.20685548e-01
-1.95649282e-01
-2.76790129e-02
-3.08712338e-01
-5.88712480e-01
-1.39472990e+00
6.41320815e+00
6.48528454e+00
6.51686409e+00
6.49250283e+00
6.67161312e+00
6.57607206e+00
-1.24900530e+00
-1.07141815e+00
-9.22952151e-01
-7.23054768e-01
-4.60922400e-01
-9.83137495e-01
-1.28694908e-01
-4.49593955e-01
-3.94590985e-01
-4.97909878e-01
-3.10824065e-01
-5.90142418e-01
1.50547685e+00
0.00000000e+00
0.00000000e+00
0.00000000e+00
0.00000000e+00
0.00000000e+00
0.00000000e+00
0.00000000e+00
-1.18084726e+00
5.83344462e-01
-2.70246125e+00
0.00000000e+00
-8.77847928e-01
-8.52137472e-01
-4.72473338e-01
-9.42659994e-01
-1.35032127e+00
0.00000000e+00
0.00000000e+00
0.00000000e+00
-1.62748810e-01
-4.83539461e-01
-2.94354684e-02
-4.11689189e-02
-2.95299372e-01
6.71493547e-01
1.85044395e-02
-5.81417107e-02
2.65070145e-01
0.00000000e+00
1.25480481e-01
2.68131730e-01
-9.65512493e-01
1.20359346e-01
-3.56080607e-01
2.66324383e-01
9.65119333e-02
-6.19144544e-01
-1.61612085e-02
-1.54964677e-01
4.41664671e-01
0.00000000e+00
0.00000000e+00
0.00000000e+00
-2.26870694e-01
0.00000000e+00
-2.46472437e-02
-4.70820239e-01
0.00000000e+00
1.41960955e-01
-2.63525635e-01
-5.17601133e-01
-3.62274066e-01
0.00000000e+00
2.74079203e-01
-4.40639527e-01
2.83134416e-01
2.90152697e-01
5.64504531e-02
-9.55977332e-02
-8.53624529e-03
0.00000000e+00
0.00000000e+00
3.32110513e-01
-5.62597172e-01
-2.69909478e-01
-4.28164136e-01
1.58254658e-01
0.00000000e+00
1.27292604e-01
-2.68080944e-02
-3.70393988e-01
-5.09523138e-01
0.00000000e+00
0.00000000e+00
0.00000000e+00
8.09540501e-02
0.00000000e+00
3.09859926e-02
9.88190220e-01
0.00000000e+00
-2.27166621e-01
4.70634446e-01
5.95295805e-02
1.08240495e-01
0.00000000e+00
-2.09642987e-01
7.27367389e-02
-2.84501037e-01
-7.17297385e-01
-1.14483304e+00
-5.95293706e-01
-4.90871412e-01
0.00000000e+00
0.00000000e+00
-6.01741433e-02
-2.92687694e-01
-2.64325395e-01
-2.83622984e-02
0.00000000e+00
-7.87724095e-01
-6.07938450e-01
-5.86887824e-01
0.00000000e+00
0.00000000e+00
2.93208229e-01
0.00000000e+00
0.00000000e+00
-1.79785645e-01
-1.77793455e-01
0.00000000e+00
0.00000000e+00
-1.79479747e+00
0.00000000e+00
0.00000000e+00
0.00000000e+00
-7.14429319e-01
-1.91826386e+00
-3.13134030e-02
1.63658349e-01
-4.12928089e-01
7.86074027e-01
7.15294444e-01
3.79070363e-01
-1.30384412e+00
0.00000000e+00
5.26397934e-02
-4.09104333e-01
-9.88456477e-01
7.22991213e-01
3.63333101e-01
7.95416049e-01
4.94672091e-01
-6.29285651e-01
3.69128158e-02
1.02765536e-01
6.05200972e-02
0.00000000e+00
0.00000000e+00
0.00000000e+00
-7.75142347e-04
-5.56863534e-01
-2.88510388e-04
6.53275874e-02
-1.25614354e-01
-1.04932732e-02
-6.76318008e-02
-2.19553734e-01
4.12730732e-01
0.00000000e+00
2.85293102e-02
2.19695413e-01
2.37072959e-01
1.68548063e-01
-1.58447936e-01
-2.92561137e-01
-3.20992264e-01
2.24047423e-01
1.69313742e-01
2.88476555e-01
-8.27946466e-01
-3.47767040e-01
0.00000000e+00
-3.74371451e-01
-1.06966977e-01
1.07744410e-01
-4.50579494e-02
-4.10453501e-01
-9.22379361e-02
0.00000000e+00
0.00000000e+00
0.00000000e+00
-2.82231552e-01
-1.63929333e+00
1.09875999e-01
-1.12332420e+00
4.62913894e-01
2.03881998e-01
-3.41020895e-01
8.45209125e-01
-4.69730392e-01
0.00000000e+00
-9.61280137e-02
1.78893754e-01
1.42568677e-01
2.86696108e-01
1.08942158e+00
8.69673837e-01
5.68375078e-01
-1.10994192e-01
2.16045477e-02
-8.08629967e-01
-4.80179425e-01
0.00000000e+00
8.24674625e-02
3.01904518e-01
-9.66851000e-01
-5.04370432e-01
0.00000000e+00
-1.44541744e+00
-3.31974806e-01
5.94953419e-03
-1.80771368e-01
-3.29548598e-01
-4.62480569e-01
0.00000000e+00
-1.51779282e-01
-9.88145151e-02
247
-5.23031684e-01
-5.23031684e-01
0.00000000e+00
4.07012436e-01
-9.30044120e-01
-1.18829863e+00
-1.31015205e+00
-3.36176346e-02
0.00000000e+00
0.00000000e+00
6.62773974e-01
4.57616260e-01
0.00000000e+00
0.00000000e+00
0.00000000e+00
0.00000000e+00
0.00000000e+00
0.00000000e+00
0.00000000e+00
0.00000000e+00
0.00000000e+00
0.00000000e+00
0.00000000e+00
0.00000000e+00
0.00000000e+00
0.00000000e+00
0.00000000e+00
0.00000000e+00
0.00000000e+00
0.00000000e+00
0.00000000e+00
0.00000000e+00
0.00000000e+00
0.00000000e+00
0.00000000e+00
0.00000000e+00
0.00000000e+00
0.00000000e+00
0.00000000e+00
0.00000000e+00
0.00000000e+00
-1.19341895e+00
3.19459892e-02
4.62250771e-01
-2.46423845e-03
2.08136490e-01
-1.87886556e-02
0.00000000e+00
0.00000000e+00
0.00000000e+00
1.48096375e+00
1.46891610e+00
0.00000000e+00
0.00000000e+00
0.00000000e+00
0.00000000e+00
0.00000000e+00
0.00000000e+00
0.00000000e+00
4.41995804e+00
2.91120266e+00
0.00000000e+00
1.08556115e+00
9.94200079e-01
5.15834154e-01
-4.84077313e-01
-1.21012130e+00
3.78749598e-01
1.61931410e-01
-1.46452848e-01
-1.31378674e+00
-2.00759928e+00
-2.90457275e+00
0.00000000e+00
0.00000000e+00
0.00000000e+00
0.00000000e+00
0.00000000e+00
0.00000000e+00
5.48073167e-01
-3.26324251e-01
-4.50546395e-01
-7.77513878e-01
-8.23789654e-01
-1.60413333e+00
6.54911085e+00
6.76520030e+00
6.78090498e+00
6.68584135e+00
6.78678551e+00
6.67418554e+00
-7.33403007e-01
-7.05683879e-01
-4.99101407e-01
-2.21973448e-01
-3.03704104e-01
-4.27663420e-01
-1.36427550e+00
-4.72816985e-01
-3.72649439e-01
-5.12718500e-01
-4.95638476e-01
-6.10521435e-01
8.88740889e-01
0.00000000e+00
0.00000000e+00
0.00000000e+00
-1.41177257e+00
4.35152907e-01
-3.28868147e+00
0.00000000e+00
-1.16777995e+00
-4.86528301e-01
-8.84994017e-01
-7.10406955e-01
-1.65430825e+00
0.00000000e+00
0.00000000e+00
0.00000000e+00
2.59051192e-01
-1.59238408e+00
-4.56671230e-02
-3.85811991e-01
-2.60822029e-01
5.00319182e-01
-3.17461055e-01
5.00132579e-01
-5.26322843e-01
0.00000000e+00
1.15356518e-01
2.01996281e-01
-5.69056436e-01
3.15717122e-01
7.73815467e-01
8.68673220e-01
4.61939654e-01
-1.37648586e+00
-3.29313214e-01
-2.47984836e-01
-6.14676607e-01
-3.88649282e-01
-4.09062426e-01
2.04131448e-02
0.00000000e+00
1.85257431e-01
0.00000000e+00
0.00000000e+00
0.00000000e+00
-1.55026756e-01
0.00000000e+00
-2.10869771e-02
-3.69554260e-01
0.00000000e+00
6.80172918e-01
3.33729842e-02
-1.31080595e-01
0.00000000e+00
0.00000000e+00
1.00800563e+00
-7.29887264e-01
-8.96711913e-03
-2.48787834e-01
1.32429509e-01
-2.18290079e-01
2.62820586e-01
0.00000000e+00
0.00000000e+00
3.97657461e-01
-2.26027325e-01
-3.70585071e-01
1.44557745e-01
0.00000000e+00
-1.03963164e+00
-7.79130669e-01
-7.64703137e-01
0.00000000e+00
0.00000000e+00
-2.60500976e-01
-2.21540414e-01
0.00000000e+00
0.00000000e+00
-1.59540097e+00
0.00000000e+00
0.00000000e+00
0.00000000e+00
-6.54314825e-01
-2.51125515e+00
4.83664891e-01
5.00424337e-01
3.79206898e-02
5.10737409e-01
4.51902026e-01
6.73861457e-01
-1.91277902e-01
0.00000000e+00
-4.88582320e-01
-9.40524240e-01
-8.20577041e-01
7.00646142e-01
3.34037427e-01
7.55573803e-01
5.34441566e-01
-7.82776514e-01
3.94738569e-01
-5.84041295e-01
-7.02445099e-01
-2.88344184e-01
0.00000000e+00
-3.24313131e-01
3.73063322e-02
-1.39845189e-01
0.00000000e+00
0.00000000e+00
0.00000000e+00
9.56796946e-02
5.02236669e-01
-1.39583424e-01
3.09977648e-01
-5.38160946e-01
2.86695844e-01
3.28877346e-01
-6.35934131e-01
6.59664305e-01
0.00000000e+00
1.39564197e-01
2.81496532e-01
-2.84311293e-02
-8.07911819e-03
-1.21418448e+00
-5.58460327e-01
-3.59240264e-01
9.67142469e-02
1.27288199e-01
5.14033946e-01
-4.14100916e-01
0.00000000e+00
-1.40365372e-01
5.89405453e-02
-8.92955873e-01
-5.96649834e-01
0.00000000e+00
0.00000000e+00
-3.48255428e-01
-2.96306039e-01
0.00000000e+00
-9.54949460e-01
-3.57581397e-02
0 -999999999 1 1 -1
1 0 1 1 -1
-2.0704e-01 4.9567e-01
356
6.10917545e-01
0.00000000e+00
0.00000000e+00
0.00000000e+00
0.00000000e+00
0.00000000e+00
0.00000000e+00
0.00000000e+00
0.00000000e+00
0.00000000e+00
0.00000000e+00
0.00000000e+00
0.00000000e+00
0.00000000e+00
0.00000000e+00
0.00000000e+00
3.31646800e-01
2.79270745e-01
-9.67638121e-02
-2.92773235e-01
4.30943062e-02
-1.63146037e-01
0.00000000e+00
0.00000000e+00
-9.23849930e-02
-4.48919419e-01
-2.64042827e-01
2.66716750e-01
4.90357005e-02
1.02748991e-01
-2.48548503e-01
3.31646800e-01
2.79270745e-01
4.28410612e-01
-2.92773235e-01
-9.50146833e-02
-1.74912879e-03
-1.51337104e-01
1.54489406e-01
5.45732920e-02
-6.29507629e-01
0.00000000e+00
0.00000000e+00
0.00000000e+00
0.00000000e+00
0.00000000e+00
0.00000000e+00
0.00000000e+00
0.00000000e+00
0.00000000e+00
0.00000000e+00
-4.62021601e-01
-8.93412828e-02
-6.85715999e-01
0.00000000e+00
0.00000000e+00
0.00000000e+00
0.00000000e+00
2.17285995e-01
1.29029126e-01
3.56779688e-01
-7.26482471e-02
3.23175138e-01
-2.79265206e-01
-9.91906186e-02
-1.57370876e-01
-1.87132657e-01
-2.03736820e-01
4.74651205e-01
-8.68986234e-03
-2.25887844e-01
3.30055747e-01
-4.48597429e-03
-1.57645676e-01
-7.96189492e-02
8.74163566e-04
-1.57851621e-01
-1.14170458e-01
-6.77728363e-04
-8.55794036e-02
-9.29365828e-01
7.06256303e-01
8.34027070e-01
0.00000000e+00
0.00000000e+00
0.00000000e+00
0.00000000e+00
0.00000000e+00
0.00000000e+00
0.00000000e+00
-6.56270000e-01
-1.87640842e-01
-1.07548089e+00
-6.86254901e-01
1.69349942e-02
-3.81185993e-02
-3.12371652e-02
-7.46645166e-02
2.57923119e-01
1.08074258e-03
4.74863486e-01
4.04985616e-01
0.00000000e+00
0.00000000e+00
2.39021399e+00
2.20021405e+00
2.12036910e+00
7.33269422e-01
3.30691481e-01
2.45112194e-01
-2.51041558e-01
-1.19402334e+00
4.60889923e-01
3.40527064e-01
-5.12407695e-02
-1.29336486e+00
-1.36930205e+00
-1.85118306e+00
0.00000000e+00
0.00000000e+00
0.00000000e+00
0.00000000e+00
0.00000000e+00
0.00000000e+00
8.77442156e-01
-5.61344745e-02
-2.62306270e-01
-4.73926938e-01
-6.11347448e-01
-1.06302353e+00
4.41127186e+00
4.34668631e+00
4.26998314e+00
4.35813428e+00
4.28728876e+00
4.40055444e+00
1.32017954e+00
9.50856896e-01
8.93068167e-01
9.03651774e-01
8.39742103e-01
2.55738224e-01
-2.75086473e-02
-7.44211930e-02
-9.12419533e-02
-2.52343120e-01
-2.37466503e-01
-6.68499795e-01
1.98437730e+00
0.00000000e+00
0.00000000e+00
0.00000000e+00
0.00000000e+00
0.00000000e+00
0.00000000e+00
0.00000000e+00
-1.37345976e+00
3.87650972e-01
0.00000000e+00
0.00000000e+00
-5.79833373e-01
-2.78978128e-01
-1.13434513e+00
-1.31031838e+00
-1.71417850e+00
0.00000000e+00
0.00000000e+00
0.00000000e+00
-2.16956629e-01
1.26925092e-01
-4.14003905e-01
-4.04593658e-01
-4.14739196e-01
3.40504054e-01
-1.41476432e-01
-6.28858126e-01
6.08921030e-01
0.00000000e+00
1.77974056e-01
2.60725880e-01
-6.27071163e-01
1.70030630e-01
4.45217743e-01
-7.66912720e-01
-4.37634649e-02
-4.25064181e-01
-5.46052634e-02
2.93567757e-01
1.91480500e-01
0.00000000e+00
0.00000000e+00
0.00000000e+00
-9.21051331e-02
-6.36374578e-01
1.85897224e-01
3.91022439e-02
2.62847984e-01
-1.16163395e-01
-3.09855053e-02
2.34668652e-01
-1.68746358e-01
0.00000000e+00
-3.46046949e-01
-2.75340318e-01
2.12981225e-01
2.30048838e-01
-1.39131277e-01
5.26253768e-01
4.22772152e-02
1.13156478e-02
6.49250526e-01
-3.98269310e-01
-4.98617882e-01
-1.24829314e-01
-2.91183650e-01
-4.64724536e-02
-2.49880758e-02
8.52393177e-02
-6.21569293e-02
-1.47911702e-01
4.10533895e-02
0.00000000e+00
0.00000000e+00
0.00000000e+00
1.86912085e-01
1.91421330e-01
-4.51629943e-01
-2.50654186e-02
1.65202163e-01
6.01465337e-01
1.84551905e-01
-1.73926708e+00
7.72822408e-01
0.00000000e+00
7.61499759e-01
9.01491229e-01
-1.56969232e-01
-2.22229353e-01
-8.03699325e-01
-9.21283385e-01
-3.99110841e-01
8.27517746e-02
4.03015779e-03
9.08159818e-01
-3.73788568e-01
5.37075261e-01
3.05952516e-01
1.90866803e-02
-1.21556062e+00
-4.55004059e-01
-5.42431529e-01
-9.44344623e-02
1.01984154e-01
-7.25788634e-02
-5.91301733e-02
-3.23295022e-01
-7.60556557e-01
-1.93825340e-01
-3.28638888e-01
-9.44527561e-02
-1.58929650e+00
0.00000000e+00
0.00000000e+00
0.00000000e+00
-4.26030167e-01
-8.34989740e-01
3.03960957e-01
6.23266162e-01
-4.07301970e-01
1.12872138e-01
3.09081147e-01
9.23584744e-01
-3.71449531e-01
0.00000000e+00
-3.88568968e-01
-8.54001332e-01
-1.11774307e+00
6.91682929e-01
4.85087959e-01
6.15542380e-01
4.61016328e-01
-9.33024811e-01
-1.85888441e-01
-5.96393222e-01
3.74415925e-01
0.00000000e+00
0.00000000e+00
0.00000000e+00
-7.89103175e-02
-7.98562211e-01
8.46028973e-02
-1.10207917e-01
8.29811040e-02
5.72739697e-02
-5.69586501e-02
-1.79390158e-01
1.81536758e-01
0.00000000e+00
-2.51946259e-01
-7.34477745e-02
2.15727926e-01
2.04795266e-01
1.40147883e-01
1.98355092e-01
1.20659032e-01
2.12995067e-01
2.76191759e-01
1.48572457e-01
-7.29710365e-01
-1.80275712e-01
0.00000000e+00
-8.33655115e-01
-1.92387187e-01
1.64716784e-01
-6.38855057e-02
-2.81106991e-01
-8.32649960e-01
0.00000000e+00
0.00000000e+00
0.00000000e+00
-3.39108003e-01
2.03703576e-01
4.34199942e-01
1.37494580e-02
8.34457200e-02
-6.97163392e-01
-4.77344791e-01
1.69625554e+00
-3.23754130e-01
0.00000000e+00
-6.34662257e-01
-6.94441905e-01
-1.89503948e-01
-7.97982407e-02
9.64241427e-01
5.74769824e-01
3.68424619e-01
-8.36719567e-02
-2.60806761e-01
-1.39118468e+00
-5.49434653e-01
0.00000000e+00
2.18627798e-01
-1.23357233e-03
-8.59586139e-01
-9.87024162e-02
0.00000000e+00
0.00000000e+00
-6.69872276e-01
1.36330662e-01
-7.35153197e-02
-1.61517758e-01
-7.60883723e-01
0.00000000e+00
0.00000000e+00
-2.11998819e-01
247
-3.26015321e-03
0.00000000e+00
0.00000000e+00
0.00000000e+00
0.00000000e+00
0.00000000e+00
0.00000000e+00
0.00000000e+00
0.00000000e+00
3.83407103e-01
0.00000000e+00
0.00000000e+00
0.00000000e+00
0.00000000e+00
-3.26015321e-03
0.00000000e+00
-2.06055604e-02
0.00000000e+00
0.00000000e+00
-4.36842119e-01
0.00000000e+00
0.00000000e+00
0.00000000e+00
5.52069135e-02
7.13088398e-02
2.33966179e-02
-3.10995765e-01
-3.26015321e-03
0.00000000e+00
-2.06055604e-02
0.00000000e+00
0.00000000e+00
3.49598074e-01
1.19322293e-01
0.00000000e+00
0.00000000e+00
0.00000000e+00
0.00000000e+00
0.00000000e+00
0.00000000e+00
0.00000000e+00
1.59141989e-01
3.79256908e-03
-8.89436875e-02
-1.54042150e-03
7.63570376e-02
-1.95371753e-03
-1.49815493e-01
-1.49200704e-03
0.00000000e+00
1.88528985e-01
-1.91789139e-01
0.00000000e+00
0.00000000e+00
0.00000000e+00
0.00000000e+00
0.00000000e+00
0.00000000e+00
0.00000000e+00
2.15300299e+00
1.66867361e+00
0.00000000e+00
1.10934823e+00
0.00000000e+00
3.11902598e-01
3.10280079e-01
-7.26949790e-01
6.50147371e-01
1.96085195e-01
-1.38150175e-01
-7.95514406e-01
-1.17713563e+00
-1.59289161e+00
0.00000000e+00
0.00000000e+00
0.00000000e+00
0.00000000e+00
0.00000000e+00
0.00000000e+00
8.30221721e-01
-6.51348958e-04
-2.29366526e-01
-3.17424839e-01
-7.76510551e-01
-1.17820222e+00
4.37792799e+00
4.45250558e+00
4.57683250e+00
4.44685918e+00
4.27755036e+00
4.49766137e+00
5.10942643e-01
8.08616586e-01
1.23254833e+00
1.33983719e+00
1.25245558e+00
3.63592509e-01
1.50839204e-01
-4.34350570e-02
-3.22665590e-01
-4.71163589e-01
-1.82826407e-01
-2.67697598e-01
7.01196113e-01
0.00000000e+00
0.00000000e+00
0.00000000e+00
-7.04456266e-01
-3.65100674e-01
0.00000000e+00
0.00000000e+00
-9.17866468e-01
-9.70992369e-01
-4.94092872e-01
-1.17784089e+00
-1.88885884e+00
0.00000000e+00
0.00000000e+00
0.00000000e+00
-4.24131933e-01
-5.59748329e-01
-5.84996630e-02
5.53686492e-01
-3.64090921e-01
3.55797005e-01
3.67287764e-01
-1.66318081e-01
-2.17848110e-01
0.00000000e+00
1.21777185e-01
1.94647655e-01
-2.81521066e-01
6.04114024e-01
-1.45467845e+00
-6.43769216e-01
-1.79103670e-01
-2.40106498e-02
4.13842710e-01
-1.26291585e-01
-5.55413730e-01
1.04857919e-01
-8.63923298e-01
-6.07719571e-01
-3.12753624e-01
-4.31193989e-01
0.00000000e+00
0.00000000e+00
0.00000000e+00
-9.26151566e-03
0.00000000e+00
2.06633354e-01
-6.08907697e-02
6.70064909e-02
-4.26823318e-01
-3.53905577e-01
7.55705972e-01
-4.31089042e-01
0.00000000e+00
-2.59350654e-01
0.00000000e+00
-7.63286499e-01
1.63912897e-01
1.45292521e+00
8.24827916e-01
1.14713212e-01
0.00000000e+00
-1.48124619e-01
-3.71829811e-01
-6.60271649e-01
0.00000000e+00
-6.17274051e-01
-3.46703706e-01
-1.33344511e+00
-1.02272439e+00
-8.00544035e-01
-2.95249746e-01
9.58723853e-02
-3.10720720e-01
-2.85250321e-02
-1.48971540e-01
1.90741999e-01
-1.67193376e+00
0.00000000e+00
0.00000000e+00
0.00000000e+00
-4.19816585e-01
-7.62354847e-01
-4.07833641e-02
4.45244246e-01
-7.03106671e-01
7.05554723e-01
6.63286613e-01
5.27505290e-02
-9.97361261e-01
0.00000000e+00
1.63665486e-01
-8.68322986e-01
-5.87193414e-01
9.31747506e-01
-1.08848683e-01
2.00061855e-01
3.14140130e-01
-8.07044331e-01
-1.53581663e-02
1.61805460e-01
-8.77391649e-01
-4.12206239e-01
0.00000000e+00
0.00000000e+00
2.77060935e-01
4.38279192e-01
0.00000000e+00
0.00000000e+00
0.00000000e+00
4.29633374e-02
2.91504587e-01
5.89929400e-02
-1.54283356e-01
6.49147593e-03
2.39813971e-01
4.76943328e-02
-6.11131583e-01
2.74823075e-01
0.00000000e+00
2.12025350e-01
5.56303905e-01
-1.27956086e-01
-1.17713431e-01
-7.78547854e-01
-1.57056671e-01
-1.08195502e-01
2.78289683e-01
2.59948527e-02
4.58266165e-01
-4.65185410e-01
0.00000000e+00
0.00000000e+00
2.27542168e-01
-7.94542113e-01
-8.18866337e-02
0.00000000e+00
0.00000000e+00
0.00000000e+00
-7.12655479e-01
0.00000000e+00
0.00000000e+00
0.00000000e+00
2 1
1.7298e-01 2.2932e-01
2 1
1 0 
217
9.88119858e-01
1.36184123e-01
-8.91195146e-01
-4.68815489e-01
2.80471414e-01
7.53280269e-01
1.19599554e+00
-1.06682838e-01
9.60229280e-01
-2.52525299e-01
-3.37813013e-01
1.77542823e-01
0.00000000e+00
0.00000000e+00
2.64759231e-01
1.02996755e-02
-5.93286301e-01
4.25222580e-01
-4.64864068e-03
-5.76174564e-01
2.98138047e-01
1.47172657e-01
-8.38465881e-01
0.00000000e+00
0.00000000e+00
0.00000000e+00
0.00000000e+00
4.66528396e-01
5.21591462e-01
0.00000000e+00
0.00000000e+00
0.00000000e+00
0.00000000e+00
0.00000000e+00
0.00000000e+00
0.00000000e+00
0.00000000e+00
4.47315154e-01
5.40804704e-01
0.00000000e+00
0.00000000e+00
0.00000000e+00
0.00000000e+00
0.00000000e+00
0.00000000e+00
9.96506855e-02
3.47664468e-01
5.40804704e-01
0.00000000e+00
0.00000000e+00
0.00000000e+00
0.00000000e+00
0.00000000e+00
0.00000000e+00
0.00000000e+00
0.00000000e+00
0.00000000e+00
0.00000000e+00
0.00000000e+00
0.00000000e+00
5.40804704e-01
9.96506855e-02
3.47664468e-01
0.00000000e+00
3.47664468e-01
-1.25650303e+00
3.92561145e-01
-1.23876801e+00
2.47894244e-01
-7.28986517e-01
0.00000000e+00
9.96506855e-02
-7.06475529e-01
5.09889273e-01
6.99536018e-01
3.78579900e-01
1.21588555e+00
0.00000000e+00
0.00000000e+00
0.00000000e+00
0.00000000e+00
0.00000000e+00
0.00000000e+00
0.00000000e+00
0.00000000e+00
0.00000000e+00
0.00000000e+00
0.00000000e+00
0.00000000e+00
0.00000000e+00
0.00000000e+00
0.00000000e+00
0.00000000e+00
0.00000000e+00
0.00000000e+00
0.00000000e+00
0.00000000e+00
0.00000000e+00
0.00000000e+00
0.00000000e+00
0.00000000e+00
0.00000000e+00
0.00000000e+00
0.00000000e+00
0.00000000e+00
0.00000000e+00
0.00000000e+00
0.00000000e+00
0.00000000e+00
0.00000000e+00
0.00000000e+00
0.00000000e+00
0.00000000e+00
0.00000000e+00
0.00000000e+00
0.00000000e+00
0.00000000e+00
0.00000000e+00
0.00000000e+00
4.31376287e-03
-6.03891235e-01
-1.38263799e+00
0.00000000e+00
0.00000000e+00
0.00000000e+00
-5.07014290e-02
-3.17021524e-01
-6.30938635e-01
1.03487704e-01
-7.94530330e-01
1.65434698e-01
2.89610146e-01
3.88346556e-01
-8.86411866e-01
0.00000000e+00
1.10790730e-01
2.59784257e-01
-1.87057313e+00
6.79403370e-01
5.31375833e-01
6.65245432e-01
3.06556934e-01
-2.48088759e-01
2.11698109e-02
-1.05577789e-01
2.43503595e-03
0.00000000e+00
0.00000000e+00
0.00000000e+00
3.10367247e-01
-1.30399897e+00
3.97558080e-01
2.89320046e-01
-2.24246723e-01
2.39932196e-02
-4.32462981e-02
-3.72830536e-01
7.37180007e-01
0.00000000e+00
5.84874944e-01
-6.36574987e-01
1.74997430e-01
-2.56975367e-02
-5.24319307e-01
-3.96857397e-03
2.97103056e-01
-3.14322980e-01
2.39233362e-01
3.97013551e-01
-1.06858782e+00
0.00000000e+00
0.00000000e+00
0.00000000e+00
-2.60274353e-02
-1.20882908e+00
-1.38495076e-01
7.65082211e-01
-4.06927616e-01
3.78956639e-01
7.47378162e-01
1.02647323e-01
-6.93807021e-01
0.00000000e+00
5.31351177e-01
-6.68860808e-01
-1.21168632e+00
9.83221170e-01
-2.78467938e-01
3.97075202e-01
1.63428691e-01
-8.84866204e-01
1.44283121e-01
2.35955982e-01
-6.55934057e-02
0.00000000e+00
0.00000000e+00
0.00000000e+00
9.84712628e-02
-1.46481878e+00
3.45309165e-02
-2.37536457e-01
-2.99090592e-01
1.12070313e-01
-8.32391389e-02
-5.16788980e-02
1.65780509e-01
0.00000000e+00
2.53980821e-01
1.91510744e-01
2.08948215e-01
4.42621416e-02
3.59972716e-01
9.65201906e-02
3.14527137e-02
3.19296359e-01
2.94065549e-02
1.24567008e-01
136
-3.01831634e-01
1.78361499e-01
-3.29595776e-03
-2.55311662e-01
-9.64659607e-04
-2.24881472e-01
3.43046449e-02
0.00000000e+00
0.00000000e+00
0.00000000e+00
8.91718872e-01
9.26005080e-01
0.00000000e+00
0.00000000e+00
0.00000000e+00
0.00000000e+00
0.00000000e+00
0.00000000e+00
0.00000000e+00
0.00000000e+00
-6.64785403e-01
3.85685998e-01
0.00000000e+00
0.00000000e+00
0.00000000e+00
0.00000000e+00
0.00000000e+00
0.00000000e+00
-6.83363124e-01
1.85777204e-02
3.85685998e-01
0.00000000e+00
0.00000000e+00
0.00000000e+00
0.00000000e+00
0.00000000e+00
0.00000000e+00
0.00000000e+00
0.00000000e+00
0.00000000e+00
0.00000000e+00
0.00000000e+00
0.00000000e+00
0.00000000e+00
0.00000000e+00
0.00000000e+00
0.00000000e+00
3.67188487e+00
-4.94932389e-02
4.84129180e-01
-8.17813441e-01
0.00000000e+00
-7.42989090e-01
1.29217386e-01
-5.69869761e-01
-9.47619318e-01
0.00000000e+00
0.00000000e+00
0.00000000e+00
0.00000000e+00
3.85685998e-01
-6.83363124e-01
1.85777204e-02
0.00000000e+00
0.00000000e+00
0.00000000e+00
0.00000000e+00
0.00000000e+00
0.00000000e+00
0.00000000e+00
0.00000000e+00
0.00000000e+00
0.00000000e+00
0.00000000e+00
0.00000000e+00
0.00000000e+00
0.00000000e+00
0.00000000e+00
0.00000000e+00
0.00000000e+00
0.00000000e+00
0.00000000e+00
0.00000000e+00
0.00000000e+00
0.00000000e+00
0.00000000e+00
9.09734866e-01
-3.21039928e-01
-9.66850209e-01
0.00000000e+00
0.00000000e+00
0.00000000e+00
2.25363596e-01
-1.14338370e+00
-7.38671225e-02
3.56338141e-01
-8.06444113e-01
1.80469824e-01
2.77229067e-01
3.94823126e-01
-6.97927942e-01
0.00000000e+00
5.80161932e-01
-8.46240213e-01
-1.10000987e+00
8.17971416e-01
5.03958343e-01
2.59226578e-01
-1.56168361e-01
-3.80407548e-01
5.45010178e-01
9.70464616e-02
-1.03689407e+00
0.00000000e+00
0.00000000e+00
0.00000000e+00
1.55064908e-01
-2.02833827e+00
6.39410901e-02
6.23336264e-01
-8.72431136e-01
8.52913340e-01
7.78230957e-01
1.29162115e-01
-2.56671874e-01
0.00000000e+00
7.69990807e-01
-5.85651047e-01
-1.14748152e+00
7.11547982e-01
-1.75861240e-01
3.52738514e-01
2.85616752e-01
-1.04614749e+00
6.15171723e-02
2.91628595e-01
4 2
1.7723e-01 2.9646e-01
3 -1
1 0 2 
217
-1.23658158e-01
-3.52686354e-01
-7.78878931e-03
-1.24305154e+00
-2.58296737e-02
-2.53131161e-02
-3.56615674e-02
1.24465026e-01
3.33558062e-02
2.68858480e-01
1.14841726e-01
-7.76935485e-02
-2.10364450e-01
4.16218986e-02
0.00000000e+00
0.00000000e+00
0.00000000e+00
0.00000000e+00
0.00000000e+00
0.00000000e+00
0.00000000e+00
0.00000000e+00
0.00000000e+00
-1.23658158e-01
1.56155295e-03
-1.33943836e-01
-3.69656476e-02
2.54208077e-02
-1.12113319e-01
0.00000000e+00
0.00000000e+00
0.00000000e+00
0.00000000e+00
0.00000000e+00
0.00000000e+00
0.00000000e+00
0.00000000e+00
-2.06407999e-01
-1.64482954e-01
2.47232795e-01
0.00000000e+00
0.00000000e+00
0.00000000e+00
0.00000000e+00
0.00000000e+00
-1.54062847e-01
-5.23451521e-02
9.13454764e-03
0.00000000e+00
-2.22248253e-02
-1.51392676e-01
2.47232795e-01
0.00000000e+00
0.00000000e+00
0.00000000e+00
0.00000000e+00
0.00000000e+00
0.00000000e+00
0.00000000e+00
0.00000000e+00
1.04974666e-01
-1.76287673e-01
-5.23451521e-02
3.16160241e-02
-2.35353853e-01
-4.75941070e-01
-1.15245377e-01
-1.69118376e-01
1.95325047e-01
-8.07700811e-04
0.00000000e+00
-1.76163797e-01
-1.13930869e+00
4.63749396e-02
-8.56492360e-03
6.25457441e-03
4.14671510e-02
-1.19112888e-01
-7.81605640e-02
-2.47295814e-01
5.16373006e-02
1.04680467e-01
2.19779925e-02
1.74568411e-02
0.00000000e+00
0.00000000e+00
0.00000000e+00
0.00000000e+00
0.00000000e+00
0.00000000e+00
0.00000000e+00
0.00000000e+00
0.00000000e+00
0.00000000e+00
0.00000000e+00
0.00000000e+00
0.00000000e+00
0.00000000e+00
0.00000000e+00
0.00000000e+00
0.00000000e+00
0.00000000e+00
0.00000000e+00
0.00000000e+00
0.00000000e+00
0.00000000e+00
0.00000000e+00
0.00000000e+00
0.00000000e+00
0.00000000e+00
0.00000000e+00
0.00000000e+00
0.00000000e+00
0.00000000e+00
0.00000000e+00
0.00000000e+00
0.00000000e+00
0.00000000e+00
0.00000000e+00
1.50035237e+00
-5.09295472e-01
-3.32332018e-01
0.00000000e+00
0.00000000e+00
0.00000000e+00
2.20078994e-01
-2.79985814e-01
-2.68802921e-02
-2.32133402e-01
-2.28392106e-01
3.35612912e-01
8.97432420e-02
4.57638646e-03
-1.98141922e-01
0.00000000e+00
4.77241737e-01
-8.44733736e-02
-2.74449925e-01
1.80589027e-01
-1.22634773e-02
6.27001868e-02
-7.71018007e-02
-1.82501363e-01
-1.24895563e-01
1.83445354e-02
5.47565460e-02
0.00000000e+00
0.00000000e+00
0.00000000e+00
5.79475867e-02
-6.84914198e-01
3.09570879e-02
1.43329464e-01
-3.27018105e-01
-1.14337168e-01
1.64854772e-01
-1.24742647e-01
6.01951650e-02
0.00000000e+00
3.25051470e-01
9.47548879e-02
-1.72739693e-01
1.55535159e-01
-5.24838164e-02
8.31831528e-02
1.54586247e-01
-1.41558200e-01
1.26560502e-01
2.75594880e-01
-1.11383235e+00
0.00000000e+00
0.00000000e+00
0.00000000e+00
-3.47529952e-02
-3.36765590e-01
9.24730640e-02
2.48088670e-01
-1.85197240e-01
1.78305885e-01
3.33738976e-01
-8.01439931e-03
-3.48552754e-01
0.00000000e+00
5.13339394e-01
-1.85841567e-01
-1.67513814e-01
2.14445203e-01
-1.77043274e+00
1.92567967e-01
-3.65339380e-02
-1.40746641e-01
-4.61544959e-03
3.32175620e-01
-9.08523143e-03
0.00000000e+00
0.00000000e+00
0.00000000e+00
5.17563955e-02
-7.43188194e-01
-7.19881533e-02
-4.83218778e-02
-1.43159947e-01
8.90577663e-02
-2.32291218e-02
7.53971609e-02
1.69016167e-01
0.00000000e+00
7.11128511e-02
1.20230551e-02
-3.02558205e-01
1.97134812e-01
8.34951067e-01
7.76487985e-02
8.70934224e-02
-2.68067708e-01
3.88774127e-02
-1.12640934e-01
136
-4.92785852e-02
0.00000000e+00
0.00000000e+00
0.00000000e+00
0.00000000e+00
0.00000000e+00
0.00000000e+00
-4.92785852e-02
1.05199589e-03
-2.93317925e-01
1.14545511e-01
1.29493829e-01
0.00000000e+00
0.00000000e+00
0.00000000e+00
0.00000000e+00
0.00000000e+00
0.00000000e+00
0.00000000e+00
0.00000000e+00
1.98997770e-01
-1.38807765e-01
-1.09468589e-01
0.00000000e+00
0.00000000e+00
0.00000000e+00
0.00000000e+00
0.00000000e+00
-5.19999991e-01
7.18997760e-01
-5.25095956e-02
0.00000000e+00
-9.75116151e-01
8.88817981e-01
-1.09468589e-01
0.00000000e+00
0.00000000e+00
0.00000000e+00
0.00000000e+00
0.00000000e+00
0.00000000e+00
0.00000000e+00
0.00000000e+00
0.00000000e+00
0.00000000e+00
0.00000000e+00
9.13351259e-01
6.94464482e-01
-5.83522252e-02
6.41973597e-01
-7.51960230e-01
0.00000000e+00
-1.54699337e+00
1.79359086e-01
-4.12960406e-01
-8.37712725e-01
-5.30872739e-02
1.99575448e-01
-5.41959802e-02
2.36922978e-01
-2.99803292e-01
-1.49511614e+00
7.18997760e-01
0.00000000e+00
0.00000000e+00
0.00000000e+00
0.00000000e+00
0.00000000e+00
0.00000000e+00
0.00000000e+00
0.00000000e+00
0.00000000e+00
0.00000000e+00
0.00000000e+00
0.00000000e+00
0.00000000e+00
0.00000000e+00
0.00000000e+00
0.00000000e+00
0.00000000e+00
0.00000000e+00
0.00000000e+00
0.00000000e+00
0.00000000e+00
0.00000000e+00
0.00000000e+00
5.92284378e-01
-3.36505959e-01
-7.49043710e-01
0.00000000e+00
0.00000000e+00
0.00000000e+00
1.45144487e-01
-3.52095458e-01
-1.22110645e-01
-7.48053309e-02
-1.09773065e+00
2.46007409e-01
1.68435728e-01
2.00974701e-01
2.85651969e-01
0.00000000e+00
8.67344924e-01
2.58660754e-01
-1.17074586e+00
4.14484473e-01
5.88471956e-01
-1.42829376e-01
3.42259607e-02
-1.18808946e+00
-6.48625704e-02
2.54823279e-01
-1.07398891e+00
0.00000000e+00
0.00000000e+00
0.00000000e+00
2.78076871e-01
-2.16639085e+00
2.02922358e-01
8.27231721e-01
-9.33177847e-01
8.77630443e-01
9.57131190e-01
1.39323365e-01
-7.20538490e-01
0.00000000e+00
9.69550689e-01
-8.00309100e-01
-1.06025027e+00
7.63193238e-01
-5.47346940e-01
4.67239228e-01
3.60158350e-01
-1.23516881e+00
4.91646652e-02
4.97571271e-01
7 1
-3.4730e-01 3.6023e-01
4 1
1 0 2 4 
217
6.44402609e-01
2.99581597e-01
-7.60843409e-01
8.85138814e-02
1.23902031e-01
3.95767675e-01
5.81634875e-01
1.43482481e-01
3.05813065e-01
-5.68565908e-01
-3.43228687e-01
-6.86321666e-01
0.00000000e+00
0.00000000e+00
3.16655586e-02
2.67676198e-03
-3.98164704e-02
3.26834605e-01
-4.66042569e-03
-1.82938709e-01
2.85902445e-01
2.57456560e-02
-4.37469904e-01
0.00000000e+00
0.00000000e+00
0.00000000e+00
0.00000000e+00
3.26285857e-01
3.18116751e-01
0.00000000e+00
0.00000000e+00
0.00000000e+00
0.00000000e+00
0.00000000e+00
0.00000000e+00
0.00000000e+00
0.00000000e+00
1.07061511e-01
-2.14823644e-01
2.38462218e-01
5.13702523e-01
0.00000000e+00
0.00000000e+00
0.00000000e+00
0.00000000e+00
-2.07830240e-01
3.14891752e-01
-1.68494457e-02
0.00000000e+00
-3.11801616e-02
-2.50691741e-01
2.02701152e-01
0.00000000e+00
4.40378900e-02
3.98598145e-02
1.89295196e-01
0.00000000e+00
2.44524169e-01
-3.98058300e-01
5.13702523e-01
5.28661444e-01
-2.39010402e-01
3.54751566e-01
0.00000000e+00
-2.93998474e-01
-8.78808582e-01
4.75011131e-01
-7.84380430e-01
4.63389952e-01
5.15743616e-02
0.00000000e+00
4.95516573e-02
-1.08889968e+00
4.01194526e-01
5.13694145e-01
1.93656426e-01
4.04757399e-01
3.68208777e-01
-4.80381031e-03
-2.17512202e-01
3.51692530e-01
-5.21727494e-01
-7.06948879e-02
-2.84912443e-01
0.00000000e+00
1.10413156e-02
-7.45630110e-01
1.61041894e-01
3.77832766e-01
4.72319399e-01
-4.03198950e-01
0.00000000e+00
0.00000000e+00
0.00000000e+00
0.00000000e+00
0.00000000e+00
0.00000000e+00
0.00000000e+00
0.00000000e+00
0.00000000e+00
0.00000000e+00
0.00000000e+00
0.00000000e+00
0.00000000e+00
0.00000000e+00
0.00000000e+00
0.00000000e+00
0.00000000e+00
0.00000000e+00
0.00000000e+00
0.00000000e+00
0.00000000e+00
0.00000000e+00
0.00000000e+00
0.00000000e+00
0.00000000e+00
0.00000000e+00
0.00000000e+00
0.00000000e+00
4.01205487e-01
-1.81730986e-01
-8.64164328e-01
0.00000000e+00
0.00000000e+00
0.00000000e+00
-2.27617760e-02
-5.58843565e-01
-2.78632531e-01
-1.98381861e-01
-1.00650186e-01
1.73129055e-01
1.73810993e-01
-1.75716493e-01
3.79494315e-01
0.00000000e+00
3.12882982e-01
1.88781882e-01
-1.02488051e+00
7.74907112e-01
2.34623868e-01
-2.88769533e-01
9.84089501e-02
-7.09966859e-01
4.45054164e-01
-2.86654339e-01
-1.08733924e-01
0.00000000e+00
0.00000000e+00
0.00000000e+00
2.91376247e-01
1.46783778e-01
1.51981221e-01
3.95434659e-01
-7.63339987e-01
1.27114269e-01
-7.59135711e-02
1.27050759e-01
-5.94380090e-02
0.00000000e+00
3.23526680e-01
-7.65628533e-01
-3.96989796e-01
-1.81508771e-01
-5.83105869e-01
2.90973908e-01
-1.05414475e-01
4.98814519e-01
-3.45643951e-02
5.04113440e-01
-8.55263707e-01
0.00000000e+00
0.00000000e+00
0.00000000e+00
-2.78654138e-01
-1.10423280e+00
2.61639514e-01
4.14978074e-01
-1.39091005e+00
7.49536534e-01
8.69371747e-01
4.57707099e-02
-3.52440309e-01
0.00000000e+00
8.72209243e-01
-7.00740594e-01
-1.46901509e+00
7.61260963e-01
-3.56775022e-01
3.78017842e-01
2.46123864e-01
-3.08756115e-01
2.61038143e-01
2.46313784e-01
-1.05277839e-01
0.00000000e+00
0.00000000e+00
0.00000000e+00
2.64722035e-01
-8.17430159e-01
-2.87995519e-01
1.06651857e-01
3.10327019e-01
-4.63488903e-03
-2.09887767e-01
1.72852083e-01
-1.91105052e-01
0.00000000e+00
4.26127690e-02
3.94722878e-01
2.74914575e-01
9.13552930e-02
3.16332984e-01
8.57797681e-03
-2.01358377e-01
-5.01151638e-01
8.82734727e-03
1.16388744e-01
136
1.36780549e-02
9.27526850e-02
1.59513676e-03
-1.17027411e-01
9.32310257e-04
3.79527813e-02
2.82458519e-03
0.00000000e+00
0.00000000e+00
0.00000000e+00
7.65737724e-01
7.62395187e-01
0.00000000e+00
0.00000000e+00
0.00000000e+00
0.00000000e+00
0.00000000e+00
0.00000000e+00
0.00000000e+00
0.00000000e+00
-4.60385848e-01
-4.55977174e-01
2.91774803e-01
6.38266274e-01
0.00000000e+00
0.00000000e+00
0.00000000e+00
0.00000000e+00
-5.81091491e-01
1.20705643e-01
3.12809190e-01
0.00000000e+00
-4.88000513e-01
1.53885548e-01
2.08763839e-01
0.00000000e+00
-2.87988271e-01
-1.46683128e-01
4.26593035e-01
0.00000000e+00
-2.71092458e-01
-7.24896136e-02
6.38266274e-01
0.00000000e+00
0.00000000e+00
0.00000000e+00
0.00000000e+00
2.85687072e+00
-5.60038810e-02
6.59130857e-01
-8.31213988e-01
0.00000000e+00
-1.63479245e+00
1.85433705e-01
-4.67374500e-01
-8.99837121e-01
-3.00394984e-01
1.44739963e-01
-2.63297141e-02
4.22788243e-02
-4.38869890e-01
-1.06909200e+00
-2.98905268e-01
3.16845038e-01
-1.28390664e-01
-1.07987477e+00
0.00000000e+00
0.00000000e+00
0.00000000e+00
0.00000000e+00
0.00000000e+00
0.00000000e+00
0.00000000e+00
0.00000000e+00
0.00000000e+00
0.00000000e+00
0.00000000e+00
0.00000000e+00
0.00000000e+00
0.00000000e+00
0.00000000e+00
0.00000000e+00
0.00000000e+00
0.00000000e+00
0.00000000e+00
0.00000000e+00
6.78111547e-01
-3.26551718e-01
-1.18596424e+00
0.00000000e+00
0.00000000e+00
0.00000000e+00
2.55535343e-01
-1.78437975e+00
-1.60542731e-01
3.17264724e-01
-7.82774002e-01
1.67980924e-01
3.44621592e-01
4.69977728e-01
-7.60915597e-01
0.00000000e+00
5.80639441e-01
-6.59465442e-01
-1.24131158e+00
7.74442338e-01
5.75322420e-01
5.43966127e-01
1.34231291e-01
-6.16814556e-01
4.70160045e-01
1.86097450e-01
-1.03791526e+00
0.00000000e+00
0.00000000e+00
0.00000000e+00
1.73072321e-01
-2.22900943e+00
1.85987177e-01
6.84089112e-01
-7.56691697e-01
7.47334169e-01
8.09012745e-01
1.46176664e-01
-3.51915916e-01
0.00000000e+00
8.38929155e-01
-7.59068043e-01
-1.01972846e+00
7.03359682e-01
-4.87102889e-01
4.07769256e-01
3.84247922e-01
-9.31678774e-01
6.22622345e-02
3.55039501e-01
5 1
-3.0468e-01 4.0580e-01
5 0
1 0 2 4 7 
217
-4.20950081e-02
-1.48043794e-02
-7.47440724e-02
-1.81432320e-01
-2.83166528e-01
3.05727782e-01
7.44271798e-02
-4.26333636e-02
1.06416239e-01
-7.41043776e-02
1.34066378e-01
1.47489747e-02
-7.38382776e-02
7.66500359e-03
3.90967092e-02
-6.87926918e-03
2.99921498e-01
-3.29077496e-01
3.80495358e-03
2.77371484e-01
-8.97017994e-02
2.19206205e-03
1.55747734e-01
3.37587578e-01
-1.37640486e-04
-1.27531015e-01
-3.64410645e-01
6.33291935e-02
2.58986443e-01
0.00000000e+00
0.00000000e+00
0.00000000e+00
0.00000000e+00
0.00000000e+00
0.00000000e+00
0.00000000e+00
0.00000000e+00
-1.14441399e-01
-3.13647151e-01
-2.28442093e-01
1.38870480e-01
4.75565154e-01
0.00000000e+00
0.00000000e+00
0.00000000e+00
-3.25901135e-01
-5.41266999e-02
-8.03594651e-02
0.00000000e+00
-1.50011362e-01
4.48103937e-02
1.46022399e-01
0.00000000e+00
-1.45744950e-01
-1.44264775e-01
1.25736280e-01
0.00000000e+00
3.33460056e-01
-4.61583737e-02
2.54442623e-01
1.20173616e-01
-4.75912496e-01
3.13643872e-01
1.30460435e-01
-3.30199890e-01
-3.29722445e-01
7.11420878e-03
-7.06779348e-01
1.50530238e-01
2.04982951e-02
0.00000000e+00
-2.84446467e-01
-7.51690138e-01
7.28643303e-02
4.04219179e-01
1.73238052e-01
-2.47479025e-02
-4.71795578e-01
-1.52865166e-01
-3.01339373e-01
3.74045250e-01
-2.08473975e-01
2.08520486e-01
5.00021125e-01
0.00000000e+00
-4.19565869e-01
-1.13216646e+00
2.35260039e-01
3.79551339e-01
1.42210821e-01
6.99672256e-02
-1.55647281e-01
-2.89100132e-02
-8.08306227e-02
6.82358289e-02
-4.57750742e-01
7.42264578e-02
1.97626419e-01
0.00000000e+00
0.00000000e+00
0.00000000e+00
0.00000000e+00
0.00000000e+00
0.00000000e+00
0.00000000e+00
0.00000000e+00
0.00000000e+00
0.00000000e+00
0.00000000e+00
0.00000000e+00
0.00000000e+00
0.00000000e+00
0.00000000e+00
0.00000000e+00
0.00000000e+00
0.00000000e+00
0.00000000e+00
0.00000000e+00
0.00000000e+00
6.71071806e-01
-6.95593739e-01
-1.69640736e-01
0.00000000e+00
0.00000000e+00
0.00000000e+00
2.15426178e-01
-4.83411888e-01
-3.66914723e-02
-1.90024886e-01
-8.13331744e-01
6.55947075e-02
1.54335104e-01
-3.97996143e-01
5.59263922e-01
0.00000000e+00
1.01421132e+00
3.63824504e-01
-9.40871121e-01
2.34126350e-01
4.27108801e-01
-5.34938130e-01
1.21345942e-01
-3.78446671e-01
-3.27596245e-02
4.83594119e-01
-1.57538896e-01
0.00000000e+00
0.00000000e+00
0.00000000e+00
-2.91575104e-02
3.82237097e-01
-1.60742532e-01
-4.44054288e-02
-3.63230485e-01
1.44828123e-01
1.70931972e-01
-3.33671543e-02
1.45398916e-01
0.00000000e+00
-1.26670848e-03
2.17285149e-01
-1.77451486e-01
1.41549502e-01
-3.99398726e-01
1.32036639e-01
-1.64184533e-01
-2.72789934e-01
7.39616932e-02
8.02265109e-02
-8.73157132e-01
0.00000000e+00
0.00000000e+00
0.00000000e+00
-3.89348353e-01
-9.99129113e-01
1.97159261e-01
6.22259831e-01
-3.33586680e-01
2.83060111e-01
7.46116925e-01
3.02663481e-02
-2.62657555e-01
0.00000000e+00
4.78661205e-01
-2.69191796e-01
-7.35669012e-01
2.55997176e-01
1.69864203e-01
1.05980870e-01
-1.67958947e-02
-5.94222334e-01
5.10753046e-02
-2.12997630e-01
-2.61303441e-01
0.00000000e+00
0.00000000e+00
0.00000000e+00
3.47575813e-01
-1.00057497e+00
9.42756507e-02
-4.35274079e-02
-1.05545316e-01
7.63338835e-01
2.84388840e-02
2.39088197e-01
-1.20522714e-01
0.00000000e+00
-8.99082522e-02
-4.77227625e-01
-6.00367853e-01
2.00555836e-01
3.52721668e-01
2.73970060e-01
3.33536092e-01
-5.28217492e-01
5.50477750e-04
7.05366760e-02
136
1.32597298e-01
3.64107446e-01
-1.32195060e-02
1.69184322e-01
-3.09528064e-03
-1.41916122e-01
-6.49199670e-04
-2.58778349e-01
-7.50319770e-04
-1.65036392e-01
1.77309946e-01
1.20323744e-01
0.00000000e+00
0.00000000e+00
0.00000000e+00
0.00000000e+00
0.00000000e+00
0.00000000e+00
0.00000000e+00
0.00000000e+00
-1.47286029e-02
-5.43990794e-02
-1.88179554e-01
-6.33236231e-02
4.42353435e-01
0.00000000e+00
0.00000000e+00
0.00000000e+00
-1.71997977e-01
2.84396661e-01
-2.59857170e-02
0.00000000e+00
-6.16205709e-01
8.68827881e-02
2.87952945e-01
0.00000000e+00
-4.15017665e-01
-2.29649160e-02
4.43631211e-01
0.00000000e+00
-6.97411829e-03
5.37896241e-02
2.24215448e-01
0.00000000e+00
0.00000000e+00
0.00000000e+00
3.04090860e-01
1.08888020e-01
8.28131296e-02
2.35890011e-01
-7.43224376e-01
0.00000000e+00
-1.19113217e+00
2.72078290e-01
-2.22963451e-01
-8.87416603e-01
9.04659372e-02
1.24703829e-02
-9.34071799e-02
1.55182248e-01
-1.07216644e-01
-7.88203686e-01
3.01886166e-01
5.49193009e-01
2.47045949e-02
-1.06827405e+00
5.72549703e-02
1.62812093e-01
-3.27919167e-01
1.25970951e-01
-2.00711690e-01
0.00000000e+00
0.00000000e+00
0.00000000e+00
0.00000000e+00
0.00000000e+00
0.00000000e+00
0.00000000e+00
0.00000000e+00
0.00000000e+00
0.00000000e+00
0.00000000e+00
0.00000000e+00
0.00000000e+00
0.00000000e+00
0.00000000e+00
9.23911236e-01
-3.93769627e-01
-6.26439820e-01
0.00000000e+00
0.00000000e+00
0.00000000e+00
2.71746844e-01
-1.22820935e+00
-3.39135084e-02
6.24553499e-02
-1.16946157e+00
1.97867665e-01
2.57888873e-01
1.97744421e-01
-5.69319355e-02
0.00000000e+00
1.05087949e+00
2.97743378e-02
-9.93476764e-01
5.04909685e-01
5.45085638e-01
9.98802537e-02
2.45893070e-01
-1.10117774e+00
3.18902321e-02
4.60715187e-01
-1.10166044e+00
0.00000000e+00
0.00000000e+00
0.00000000e+00
2.97364577e-01
-2.39819143e+00
9.24625710e-02
6.63816614e-01
-9.96667167e-01
4.94078924e-01
7.99543023e-01
1.80854918e-01
-3.78316871e-01
0.00000000e+00
1.02713929e+00
-5.47214954e-01
-1.01089970e+00
8.24431312e-01
-3.17195027e-01
4.65680437e-01
3.11202168e-01
-1.18030855e+00
1.42561824e-01
4.27997596e-01
3 1
-4.9228e-01 4.4915e-01
6 0
1 0 2 4 7 5 
217
-3.67422727e-02
-8.06816774e-02
1.01816474e-01
-1.19722232e-01
-5.33280900e-03
-1.08913087e-01
-7.04468117e-02
8.11755758e-02
2.93541817e-02
2.65746422e-02
8.52332185e-02
1.61321544e-01
-7.55500522e-02
-8.40810295e-03
2.29313163e-01
-3.17155115e-03
3.48123548e-02
-2.48033426e-01
1.65230564e-03
1.38144602e-01
-1.56406506e-01
2.43887084e-03
4.08040066e-02
1.38384497e-01
-6.61832865e-04
-1.20249392e-01
-2.77378210e-01
-7.74966783e-03
2.48385605e-01
0.00000000e+00
0.00000000e+00
0.00000000e+00
0.00000000e+00
0.00000000e+00
0.00000000e+00
0.00000000e+00
0.00000000e+00
-2.42403533e-01
-2.34255452e-01
-5.11691386e-02
-1.06988203e-01
7.81981937e-02
5.19875860e-01
0.00000000e+00
0.00000000e+00
-6.23189970e-01
6.71372434e-02
1.06000623e-01
0.00000000e+00
-8.89044838e-01
2.88791392e-01
4.32609986e-01
0.00000000e+00
3.48412307e-01
-5.03411145e-01
1.73731968e-02
0.00000000e+00
5.01079408e-01
-1.62975506e-01
3.80475029e-01
-5.08138625e-01
7.13712407e-01
-2.42316055e-01
7.62906903e-02
-3.86748706e-01
-4.12604614e-01
5.21896077e-02
-6.92408130e-01
2.21526135e-01
2.98934927e-02
0.00000000e+00
-6.61536473e-01
-8.27657620e-01
2.87234072e-01
5.06710890e-01
3.38766748e-01
4.68704526e-02
-3.18260263e-01
-2.69417481e-01
-3.14567475e-01
3.58494650e-01
-1.55007686e-01
1.92440822e-01
5.54456158e-01
0.00000000e+00
-6.17695563e-01
-1.20202226e+00
3.40593084e-01
3.57096369e-01
2.40360206e-01
2.19982810e-01
-2.74258150e-01
-5.51504599e-02
-1.13490792e-01
2.03892244e-01
-3.88673657e-01
8.87740930e-02
1.54459061e-01
0.00000000e+00
6.96579263e-02
9.31365969e-03
-5.36932500e-02
2.90006140e-02
-5.27069490e-02
-2.69110433e-02
0.00000000e+00
0.00000000e+00
0.00000000e+00
0.00000000e+00
0.00000000e+00
0.00000000e+00
0.00000000e+00
0.00000000e+00
0.00000000e+00
0.00000000e+00
0.00000000e+00
0.00000000e+00
0.00000000e+00
0.00000000e+00
6.11395763e-01
-4.53628670e-01
-2.62535613e-01
0.00000000e+00
0.00000000e+00
0.00000000e+00
1.30037173e-01
-4.24993686e-01
-3.36770304e-02
-7.80866049e-02
-8.15280277e-01
-9.75264588e-02
2.58408619e-01
-3.62435524e-01
4.78216967e-01
0.00000000e+00
9.76225302e-01
1.26435807e-01
-7.99731922e-01
4.13381006e-01
4.88614569e-01
-7.59766904e-01
-1.46910228e-02
-4.78595466e-01
1.29133744e-01
6.01796095e-01
-1.66012225e-01
0.00000000e+00
0.00000000e+00
0.00000000e+00
7.10622045e-02
3.81792621e-01
-1.13554690e-01
2.64386705e-03
-2.69489177e-01
1.73457636e-01
-5.12410757e-03
-2.34164695e-02
1.56067479e-01
0.00000000e+00
1.71033013e-03
3.57053814e-01
-3.60087696e-01
5.01159209e-02
-3.89172136e-01
3.53779504e-01
-1.04619607e-01
-3.80155262e-01
-4.65328507e-02
-2.15436047e-02
-9.85917166e-01
0.00000000e+00
0.00000000e+00
0.00000000e+00
-1.22185692e-01
-1.13810044e+00
-3.71207772e-01
5.12623473e-01
-4.33821785e-01
3.15076373e-01
9.35864421e-01
2.56672648e-01
-2.18999987e-01
0.00000000e+00
4.52635921e-01
-2.42484374e-01
-8.39956408e-01
4.12978667e-01
2.54325513e-01
5.93391615e-01
-1.56040094e-01
-7.20428248e-01
1.13665964e-01
-5.89926965e-01
-1.36253655e-01
0.00000000e+00
0.00000000e+00
0.00000000e+00
2.97475132e-01
-1.09960420e+00
2.90642283e-01
-1.47482820e-02
-2.61254435e-01
4.05751067e-01
9.48312200e-02
9.10249434e-02
-1.03335953e-01
0.00000000e+00
7.00673067e-02
-2.18800306e-01
-4.57561050e-01
6.89606866e-02
3.13553583e-01
6.50251956e-02
4.73526016e-01
-5.42597200e-01
3.98079385e-02
3.50982395e-01
136
1.02022539e-01
3.07998140e-01
-8.38462724e-03
1.06699607e-01
-2.09591883e-03
-8.59625796e-02
-1.05448586e-03
-2.26712629e-01
-6.65608011e-04
-1.82903951e-01
1.77119042e-01
1.07807449e-01
0.00000000e+00
0.00000000e+00
0.00000000e+00
0.00000000e+00
0.00000000e+00
0.00000000e+00
0.00000000e+00
0.00000000e+00
-6.13254445e-02
-7.64663480e-02
-9.89840326e-02
2.19968108e-02
2.33352053e-01
7.31988523e-02
0.00000000e+00
0.00000000e+00
-3.15711872e-01
3.34172172e-01
2.81416334e-02
0.00000000e+00
-6.22761236e-01
1.23967192e-01
2.79422670e-01
0.00000000e+00
-2.28823392e-01
4.74529020e-04
2.73643312e-01
0.00000000e+00
8.59202297e-02
-1.10283211e-01
2.47065441e-01
0.00000000e+00
0.00000000e+00
0.00000000e+00
2.74469428e-01
8.06563263e-02
5.76081483e-02
2.08982057e-01
-6.80933939e-01
0.00000000e+00
-1.06593219e+00
3.43011323e-01
-1.77886953e-01
-8.18693364e-01
-3.29644532e-02
1.31655906e-01
-9.61848024e-02
1.67974247e-01
-1.94942101e-01
-4.78463176e-01
1.44854078e-01
5.20041866e-01
1.16265603e-02
-9.92760180e-01
1.73122099e-01
2.38531277e-02
-3.95928635e-01
1.00513762e-01
-1.86467716e-01
0.00000000e+00
1.91679861e-02
-3.60067953e-01
6.81593752e-02
-2.23535949e-01
0.00000000e+00
0.00000000e+00
0.00000000e+00
0.00000000e+00
0.00000000e+00
0.00000000e+00
0.00000000e+00
0.00000000e+00
0.00000000e+00
0.00000000e+00
9.12124674e-01
-4.07157128e-01
-5.93697123e-01
0.00000000e+00
0.00000000e+00
0.00000000e+00
2.69801789e-01
-1.28111173e+00
-4.70654117e-02
2.68999909e-02
-1.23826360e+00
1.96355258e-01
2.68637469e-01
1.97749426e-01
7.46120241e-03
0.00000000e+00
1.06328436e+00
7.31576449e-02
-1.01085884e+00
5.12691543e-01
5.22938002e-01
5.61435266e-02
2.74103821e-01
-1.00222247e+00
2.97126248e-02
4.86888266e-01
-1.08241843e+00
0.00000000e+00
0.00000000e+00
0.00000000e+00
2.69398824e-01
-2.29184259e+00
1.76400000e-01
6.56425721e-01
-9.22457712e-01
7.19267282e-01
7.03324474e-01
1.72082184e-01
-4.38025001e-01
0.00000000e+00
9.49756488e-01
-6.41034807e-01
-1.04455288e+00
7.79072388e-01
-3.32831378e-01
4.56627686e-01
2.83714595e-01
-1.09068618e+00
5.28707101e-02
4.60071756e-01
8 1
-7.3022e-01 4.0135e-01
7 1
1 0 2 4 7 5 3 
217
6.78539410e-01
-1.98669532e-01
-7.35370784e-01
1.97395384e-02
9.50818364e-02
3.30659440e-01
6.77566295e-01
-1.72391076e-02
5.96864208e-01
-5.19524681e-01
-8.47060665e-01
-1.19811416e-01
0.00000000e+00
0.00000000e+00
2.91461491e-01
-1.03335122e-02
-5.40648934e-02
1.03197878e-01
6.18942495e-03
-6.65746369e-01
0.00000000e+00
0.00000000e+00
0.00000000e+00
0.00000000e+00
0.00000000e+00
0.00000000e+00
0.00000000e+00
3.12433630e-01
3.66105780e-01
0.00000000e+00
0.00000000e+00
0.00000000e+00
0.00000000e+00
0.00000000e+00
0.00000000e+00
0.00000000e+00
0.00000000e+00
7.09014831e-02
-2.54470547e-02
-4.91844366e-02
-3.06995873e-02
-2.75777624e-01
2.19691168e-01
7.69055461e-01
0.00000000e+00
-4.02119603e-01
1.57697370e-01
1.55399031e-01
0.00000000e+00
-5.30795818e-01
3.47073274e-02
3.81368131e-01
0.00000000e+00
2.30495341e-01
-4.22393352e-01
3.03597508e-01
0.00000000e+00
4.34251499e-01
-5.86790714e-02
3.95011046e-01
2.32473796e-01
8.97041097e-02
3.56361504e-01
0.00000000e+00
-2.88667725e-01
-1.24588504e+00
5.40797191e-01
-2.33618787e-01
4.26409944e-01
9.88919921e-02
0.00000000e+00
-2.68168581e-01
-1.20566721e+00
6.52391504e-01
7.69881787e-01
2.94316486e-01
3.30762276e-01
0.00000000e+00
2.26762946e-02
-7.36288796e-01
4.70624322e-01
-1.67471697e-01
1.85238793e-01
-3.87264190e-01
0.00000000e+00
-2.03743561e-01
-1.58936562e+00
5.92418680e-01
3.06428616e-01
2.89864291e-01
-1.26291813e+00
0.00000000e+00
6.72947891e-02
-1.74859040e-01
4.91139180e-01
-9.07901432e-01
1.20105441e-01
6.35523579e-02
0.00000000e+00
6.13620582e-02
-4.88210565e-02
3.44310472e-01
-5.36998974e-01
2.72866879e-01
-5.30494463e-01
0.00000000e+00
2.86719763e-01
-1.92535058e-01
1.17494127e-01
-5.53084795e-01
2.74325520e-01
-1.68787354e-01
0.00000000e+00
0.00000000e+00
0.00000000e+00
0.00000000e+00
0.00000000e+00
0.00000000e+00
0.00000000e+00
8.48553215e-01
-1.89955410e-01
-8.69729808e-01
0.00000000e+00
0.00000000e+00
0.00000000e+00
4.14039831e-01
-1.50857752e+00
-2.99095108e-01
-1.13628954e-01
-1.13322278e+00
9.72205213e-02
-2.56688103e-02
-1.41260078e-01
2.82470111e-01
0.00000000e+00
8.34139649e-01
-1.07550052e+00
-9.91969697e-01
1.05967436e+00
1.17522636e+00
-6.90718120e-01
-1.07005159e-01
1.50539357e-01
8.90586611e-01
3.13020127e-01
-6.89783480e-03
0.00000000e+00
0.00000000e+00
0.00000000e+00
2.09557649e-01
-1.10156951e+00
7.01896040e-02
-2.25844066e-02
1.88482947e-01
-4.04760364e-01
9.14410312e-02
5.41061607e-01
-4.28635912e-01
0.00000000e+00
2.32711658e-01
-1.34114937e-01
1.57678521e-01
1.67933918e-01
-9.08476258e-01
7.06704814e-01
-5.38698954e-02
8.00293163e-02
1.54966868e-01
4.46355514e-01
-9.93212194e-01
0.00000000e+00
0.00000000e+00
0.00000000e+00
2.05196424e-01
-1.13421528e+00
3.30148055e-02
6.32932771e-01
-1.42951025e+00
4.29370836e-01
7.46773402e-01
-2.80766531e-02
-7.59167046e-02
0.00000000e+00
6.66306075e-01
-1.04141818e+00
-7.62588664e-01
1.27170781e+00
3.85932643e-01
-1.25089133e-02
4.89369790e-01
-1.53444833e+00
7.11908433e-02
9.36753694e-02
6.16671977e-02
0.00000000e+00
0.00000000e+00
0.00000000e+00
9.26312006e-02
-8.54105131e-01
-8.80544106e-03
-8.68949492e-02
5.42655304e-01
3.09927311e-01
9.52807087e-02
2.40435658e-01
-3.75280184e-01
0.00000000e+00
5.47174414e-02
6.62182233e-01
-2.55477924e-01
-3.56052540e-02
-4.06618614e-01
1.50960595e-01
-2.76123354e-01
2.08981608e-01
-1.41620423e-01
1.44426413e-01
136
-2.07633704e-01
-2.09461392e-02
-2.22454819e-03
-3.05306206e-01
6.60494742e-04
0.00000000e+00
0.00000000e+00
0.00000000e+00
0.00000000e+00
0.00000000e+00
3.23014890e-01
3.05047005e-01
0.00000000e+00
0.00000000e+00
0.00000000e+00
0.00000000e+00
0.00000000e+00
0.00000000e+00
0.00000000e+00
0.00000000e+00
-2.73057938e-01
-2.76150085e-01
-3.36832642e-01
-1.65326647e-01
-1.41251112e-01
1.16176699e-01
8.68808022e-01
0.00000000e+00
-7.35206144e-01
2.23920859e-01
-4.54716327e-02
0.00000000e+00
-7.43760185e-01
1.71178200e-01
4.75062475e-01
0.00000000e+00
-5.05680408e-01
-2.87569960e-01
3.22549513e-01
0.00000000e+00
-1.77725839e-02
2.76096135e-01
6.59020027e-01
0.00000000e+00
0.00000000e+00
0.00000000e+00
0.00000000e+00
1.86977880e+00
-5.34410476e-02
6.04496989e-01
-6.58417387e-01
0.00000000e+00
-2.00977987e+00
3.20927128e-01
-4.64079779e-01
-8.16050410e-01
0.00000000e+00
1.12075042e+00
1.15287422e-01
2.96965729e-01
-4.85760772e-01
-7.58711595e-01
-1.92714770e-01
3.76211811e-01
-3.50461314e-02
-8.44496896e-01
0.00000000e+00
1.44050814e+00
-7.45656954e-02
3.60715448e-01
-1.51528910e-01
0.00000000e+00
-6.53013838e-01
-4.02378515e-01
-6.27457962e-02
-1.03076690e-01
0.00000000e+00
-3.99515746e-01
-5.46635413e-01
-5.85374168e-02
-2.95285089e-02
0.00000000e+00
0.00000000e+00
0.00000000e+00
0.00000000e+00
0.00000000e+00
4.06726699e-01
-2.63122859e-01
-1.40103720e+00
0.00000000e+00
0.00000000e+00
0.00000000e+00
2.66262162e-01
-1.40357471e+00
6.70752846e-02
4.11063019e-01
-8.79845922e-01
3.67387589e-01
3.22006887e-01
5.07075500e-01
-6.55660361e-01
0.00000000e+00
4.75141111e-01
-5.49014562e-01
-1.48442029e+00
5.14187816e-01
6.00837611e-01
5.46451434e-01
2.88115384e-01
-9.23996797e-01
1.08530520e-01
2.13411204e-02
-1.05541425e+00
0.00000000e+00
0.00000000e+00
0.00000000e+00
1.67575742e-01
-2.20641983e+00
1.31951122e-01
6.93667640e-01
-7.75687273e-01
8.40986189e-01
8.12708500e-01
1.81004533e-01
-3.42429388e-01
0.00000000e+00
7.61296078e-01
-7.66813809e-01
-1.05781076e+00
7.50906116e-01
-4.83708489e-01
4.54703514e-01
3.31406853e-01
-9.47882362e-01
8.66291721e-02
3.12502201e-01
11 1
-7.5317e-01 4.0348e-01
8 1
1 0 2 4 7 5 3 8 
217
9.93219289e-01
-4.45232208e-02
-1.07642433e+00
-6.44172049e-01
3.93512450e-01
6.02483840e-01
1.32112907e+00
-2.60985343e-01
6.83296275e-01
1.26200686e+00
0.00000000e+00
0.00000000e+00
0.00000000e+00
0.00000000e+00
5.13741494e-01
-7.91213769e-04
-2.04341305e-01
4.79477795e-01
-4.71621189e-04
-1.82134748e-01
0.00000000e+00
0.00000000e+00
0.00000000e+00
0.00000000e+00
0.00000000e+00
0.00000000e+00
0.00000000e+00
5.88551456e-01
4.04667833e-01
0.00000000e+00
0.00000000e+00
0.00000000e+00
0.00000000e+00
0.00000000e+00
0.00000000e+00
0.00000000e+00
0.00000000e+00
8.07393081e-02
4.62491222e-02
2.32215638e-02
-1.53213784e-01
-1.51169578e-02
-1.66069690e-01
1.17740973e+00
0.00000000e+00
-4.15655981e-01
1.94076467e-01
2.39843489e-01
0.00000000e+00
-5.73298726e-01
1.61864526e-01
3.59906873e-01
0.00000000e+00
9.00409572e-02
-4.66488964e-01
3.29168306e-01
0.00000000e+00
8.27102588e-01
-1.59657252e-01
4.06317006e-01
2.13278240e-01
-1.63050546e-03
7.81571554e-01
0.00000000e+00
-2.70205223e-01
-8.25388658e-01
7.30400490e-01
-3.52474029e-01
5.33024022e-01
3.55320704e-01
0.00000000e+00
-7.18111617e-02
-1.08005034e+00
6.52587573e-01
7.87407583e-01
4.12442878e-01
7.12229485e-01
0.00000000e+00
-2.90157263e-02
-5.99132637e-01
5.82767335e-01
2.58951553e-01
4.39467680e-01
8.73230358e-02
0.00000000e+00
-3.32633526e-02
-9.29445274e-01
8.38190217e-01
2.26432838e-01
1.88292424e-01
-1.91134795e-01
0.00000000e+00
2.54899659e-01
-6.22167237e-01
5.34359952e-01
-5.83119047e-01
2.03959677e-01
-1.96769737e-01
0.00000000e+00
1.99534224e-01
-1.22542985e-01
5.43926959e-01
-3.84516780e-01
2.49758106e-01
-4.41437586e-01
0.00000000e+00
4.21971635e-01
2.99421311e-02
2.26499902e-01
-7.42014960e-01
3.44747752e-01
9.27477570e-02
0.00000000e+00
-3.20624212e-01
-7.81219509e-01
7.37251065e-01
-2.48662823e-01
5.76592436e-01
1.38486985e+00
3.38551643e-01
-4.26157186e-01
-2.03871113e+00
0.00000000e+00
0.00000000e+00
0.00000000e+00
1.04200946e+00
-2.88024532e-01
9.10879104e-02
2.02105293e-01
-7.77611891e-01
4.83906094e-01
1.73026952e+00
6.62397338e-01
9.01226848e-01
0.00000000e+00
1.32928180e+00
5.11560156e-01
-8.70381254e-01
1.82910262e+00
1.81435449e+00
4.67790948e-01
8.14411831e-01
1.12946275e+00
1.11230852e+00
1.55025185e+00
-8.90838916e-01
0.00000000e+00
0.00000000e+00
0.00000000e+00
9.97326721e-01
-1.22634552e-01
1.26019622e+00
1.31479529e+00
8.96174419e-01
1.15485379e+00
-2.57301980e-02
1.32724021e+00
-3.56674926e-01
0.00000000e+00
9.93472242e-01
7.50883081e-02
1.40752942e+00
7.96947955e-01
-4.58162621e-01
1.24223273e+00
7.84860792e-01
4.04025966e-01
9.77995966e-01
4.21251791e-01
-8.91377510e-01
0.00000000e+00
0.00000000e+00
0.00000000e+00
1.48068095e-02
-9.36156356e-01
-3.00498853e-01
5.33007563e-01
-3.81322893e-01
9.72280105e-01
7.68324450e-01
3.10851087e-01
1.31089274e-01
0.00000000e+00
6.44155997e-01
4.46304383e-01
-1.07130612e+00
7.26948794e-01
-5.75681991e-01
-2.42124719e-01
-1.39072594e-01
-4.67059331e-01
-8.16792468e-01
-5.09130650e-01
-3.50848012e-01
0.00000000e+00
0.00000000e+00
0.00000000e+00
1.85084234e-01
-1.55152909e+00
4.88658880e-01
-6.36662555e-02
-4.93187021e-01
-2.25103364e-01
-9.37488018e-02
7.18518585e-02
-8.68195358e-01
0.00000000e+00
2.87634296e-01
-8.50815960e-01
-1.10292034e-01
6.56201624e-02
4.48301451e-01
6.26222240e-01
2.18045354e-01
-2.67574901e-01
9.37989166e-01
8.43857131e-01
136
-7.37825941e-02
1.70061726e-01
-5.01901296e-03
-2.43844320e-01
4.73543469e-03
0.00000000e+00
0.00000000e+00
0.00000000e+00
0.00000000e+00
0.00000000e+00
2.86227943e-01
2.58942879e-01
0.00000000e+00
0.00000000e+00
0.00000000e+00
0.00000000e+00
0.00000000e+00
0.00000000e+00
0.00000000e+00
0.00000000e+00
-2.43039485e-01
-2.87778237e-01
-3.43034156e-01
-1.95558097e-01
-3.94320337e-02
1.83980274e-01
8.51079141e-01
0.00000000e+00
-8.39537499e-01
3.44774624e-01
-6.71955432e-02
0.00000000e+00
-8.07829680e-01
2.38417178e-01
4.52770084e-01
0.00000000e+00
-4.96738190e-01
-1.34274439e-01
1.89065828e-01
0.00000000e+00
1.63202897e-01
2.66589228e-01
6.16972917e-01
0.00000000e+00
0.00000000e+00
0.00000000e+00
0.00000000e+00
1.83781040e+00
-2.52711739e-02
6.06920303e-01
-9.26454155e-01
0.00000000e+00
-1.99074326e+00
3.70665994e-01
-4.44440911e-01
-9.05017650e-01
0.00000000e+00
4.45254045e-01
-6.43348136e-02
1.76102818e-01
-4.44531471e-01
-7.06103507e-01
-3.82336121e-01
3.38258709e-01
-6.73030782e-02
-8.48487965e-01
0.00000000e+00
1.11232289e+00
-2.01772729e-01
2.85799945e-01
-3.96190684e-02
0.00000000e+00
-8.91654927e-01
-4.60447088e-01
-8.74006538e-02
-1.64235001e-01
0.00000000e+00
-3.60309438e-01
-5.33632625e-01
-3.14795441e-02
-8.92749756e-02
0.00000000e+00
9.14337478e-01
3.34315990e-01
2.43565160e-01
-1.73942183e-01
4.37634833e-01
-2.48760180e-01
-1.43350399e+00
0.00000000e+00
0.00000000e+00
0.00000000e+00
3.03345106e-01
-1.94786267e+00
2.41830019e-02
3.86019954e-01
-8.68758819e-01
3.32131799e-01
3.19233622e-01
5.70520378e-01
-5.51008887e-01
0.00000000e+00
4.96507523e-01
-6.81097944e-01
-1.34759654e+00
5.19678629e-01
6.54951693e-01
6.24470118e-01
2.60420550e-01
-7.89816996e-01
1.80697592e-01
8.04778974e-02
-1.04359096e+00
0.00000000e+00
0.00000000e+00
0.00000000e+00
1.85890809e-01
-2.42254739e+00
1.92784699e-01
7.12297131e-01
-8.43569974e-01
8.53808165e-01
8.23793709e-01
1.62012513e-01
-2.42098689e-01
0.00000000e+00
7.38306171e-01
-7.43611451e-01
-9.39279682e-01
7.10357782e-01
-5.13152618e-01
4.54341739e-01
3.65952506e-01
-9.15054275e-01
8.39479975e-02
2.92229892e-01
17 1
-6.1741e-01 4.6548e-01
8 0
1 0 2 4 7 5 3 8 
217
1.30736396e-01
3.72565764e-02
-1.35863961e-01
2.68742833e-02
-1.81143587e-03
-6.61462645e-02
-6.08234850e-02
1.10464223e-01
4.51870530e-02
-3.15368433e-01
2.41714202e-02
2.33490742e-01
1.24012843e-01
4.09073083e-02
3.13613412e-01
-8.84430055e-03
1.86573583e-01
-1.53010185e-01
3.72777086e-03
1.69992297e-01
-2.56552706e-01
2.89313250e-03
2.76862323e-01
2.26685875e-01
-1.79399409e-04
-3.19643731e-02
-1.89813512e-01
1.26694565e-01
1.93855342e-01
0.00000000e+00
0.00000000e+00
0.00000000e+00
0.00000000e+00
0.00000000e+00
0.00000000e+00
0.00000000e+00
0.00000000e+00
1.60421509e-02
-2.06979165e-01
-1.84453759e-01
-1.93132125e-01
-8.93366330e-02
5.84419151e-02
7.30154011e-01
0.00000000e+00
-4.99032783e-01
4.55840911e-02
7.01177021e-02
0.00000000e+00
-5.07507946e-01
1.18872730e-02
3.70397797e-01
0.00000000e+00
1.13498179e-01
-1.07136844e-01
1.10702933e-01
0.00000000e+00
3.51724005e-01
-1.00236176e-01
2.70738165e-01
-1.01083450e-01
2.15891613e-01
1.59282322e-02
4.35611029e-02
-1.93462760e-01
-4.21606403e-01
1.86710016e-01
-7.73399695e-01
9.39280367e-02
-2.93627489e-02
0.00000000e+00
-5.26312136e-01
-6.79627267e-01
3.19758267e-01
3.64986599e-01
3.52296674e-01
1.68394406e-01
1.32164855e-04
-2.66398887e-01
-2.12678690e-01
2.68887599e-01
-7.91231836e-02
1.28115518e-01
2.98977371e-01
0.00000000e+00
-5.08553866e-01
-7.63450531e-01
3.07777061e-01
3.32940459e-01
3.31513200e-01
-3.24402775e-02
-1.26388393e-01
-1.89254000e-02
-1.21349181e-01
1.96181982e-01
-7.87589187e-02
7.98682059e-02
-6.14470677e-02
0.00000000e+00
9.31919535e-02
3.14157104e-03
3.78184257e-02
-1.72025177e-01
-2.73983660e-04
-4.46207266e-01
0.00000000e+00
2.11857323e-01
6.20426625e-02
-3.80798838e-02
-3.30167335e-01
-4.30410435e-02
-1.86319756e-01
-7.00676453e-01
-4.41775862e-01
-3.58734126e-01
7.42980154e-01
1.25983989e-01
5.30208557e-01
5.68739640e-01
7.74925746e-01
-4.47944121e-01
-1.56346230e-01
0.00000000e+00
0.00000000e+00
0.00000000e+00
1.32301239e-01
-3.75629893e-01
-3.36746962e-01
-4.39065024e-01
-9.50496706e-01
7.45726430e-02
1.47993754e-01
-6.42635585e-01
8.57845013e-01
0.00000000e+00
1.24063013e+00
6.17743019e-01
-9.00836131e-01
2.75187078e-01
4.10838857e-01
-8.08209452e-01
2.58359498e-02
-3.07112452e-01
1.57640970e-01
6.63797325e-01
-1.59210519e-01
0.00000000e+00
0.00000000e+00
0.00000000e+00
5.52879698e-02
3.75630655e-01
6.12603739e-02
1.98787876e-01
-7.50284142e-02
1.68756069e-01
1.71524776e-01
1.35716543e-01
-1.07631304e-01
0.00000000e+00
-1.72219826e-01
1.04934517e-01
-3.40508493e-01
1.65524826e-01
-4.17280552e-01
3.11257285e-01
-1.05922682e-02
-5.36270171e-01
-1.08362421e-01
-1.39997961e-01
-9.27204633e-01
0.00000000e+00
0.00000000e+00
0.00000000e+00
-3.63090811e-01
-1.00779816e+00
7.78768308e-03
5.34605691e-01
-4.46055609e-01
8.28586244e-01
4.58406001e-01
-6.71849288e-02
-3.92791143e-01
0.00000000e+00
4.65367692e-01
-4.51975345e-01
-7.66350123e-01
3.88356827e-01
4.21438971e-01
1.76694736e-01
2.05977798e-01
-7.58384800e-01
-4.66034031e-03
-1.56135016e-01
-1.72015394e-01
0.00000000e+00
0.00000000e+00
0.00000000e+00
3.43350154e-01
-9.22747018e-01
2.85169481e-01
-6.24350890e-02
-2.77427097e-02
4.03829221e-01
3.16443287e-02
2.51371056e-01
5.28828895e-02
0.00000000e+00
-7.26323411e-02
-4.31100406e-01
-6.17069449e-01
1.99144367e-01
1.31531527e-01
2.98981294e-01
1.76580954e-01
-2.46530653e-01
-2.16534800e-02
5.54104810e-02
136
7.45022066e-02
2.91929838e-01
-7.02039469e-03
1.09883718e-01
-2.44016951e-03
-1.04631007e-01
-5.80924793e-04
-2.22680342e-01
-7.91867959e-04
-1.66067046e-01
1.47493300e-01
9.30759527e-02
0.00000000e+00
0.00000000e+00
0.00000000e+00
0.00000000e+00
0.00000000e+00
0.00000000e+00
0.00000000e+00
0.00000000e+00
7.29163277e-02
-6.19848992e-02
-1.43855143e-01
-7.39671275e-02
-1.53681511e-02
4.94060398e-02
2.47448396e-01
0.00000000e+00
-2.48862536e-01
2.85597445e-01
-5.89713400e-03
0.00000000e+00
-5.41612822e-01
9.62698714e-02
2.03030715e-01
0.00000000e+00
-2.60658771e-01
4.61934989e-02
2.42212963e-01
0.00000000e+00
-1.06128773e-02
-8.52482714e-02
3.54183359e-01
0.00000000e+00
0.00000000e+00
0.00000000e+00
2.83626505e-01
5.90928038e-02
-8.52823091e-04
2.37678052e-01
-6.24386316e-01
0.00000000e+00
-1.03830313e+00
3.46438985e-01
-1.73774954e-01
-8.46345934e-01
1.42331321e-02
4.42590996e-02
-6.46272469e-02
1.61247189e-01
-1.85224094e-01
-6.47744895e-01
1.05302290e-01
5.16454942e-01
1.40951081e-02
-1.04001260e+00
1.20914727e-01
4.54461027e-02
-2.84186867e-01
1.08225951e-01
-1.65533221e-01
0.00000000e+00
-3.36435873e-02
-1.59598491e-01
2.89063373e-02
-3.58929550e-02
0.00000000e+00
9.74690818e-02
-4.20905526e-01
2.76805027e-02
-1.90979333e-01
-2.28867662e-03
5.05965280e-02
1.46471172e-01
9.42709890e-02
-1.81803745e-01
8.74743409e-01
-3.67581752e-01
-5.88139142e-01
0.00000000e+00
0.00000000e+00
0.00000000e+00
2.48830151e-01
-1.10189863e+00
-3.36398109e-02
2.31289333e-02
-1.21579453e+00
1.86555529e-01
2.39357955e-01
1.38749346e-01
2.61640400e-02
0.00000000e+00
1.04021549e+00
1.62870269e-01
-1.02016844e+00
5.03371941e-01
5.42632614e-01
4.16840426e-02
2.25701953e-01
-1.07952526e+00
4.53607368e-03
4.79089201e-01
-1.08642803e+00
0.00000000e+00
0.00000000e+00
0.00000000e+00
2.62637181e-01
-2.22082584e+00
1.35611944e-01
6.57102065e-01
-9.81394232e-01
5.47851904e-01
8.46221908e-01
2.03365971e-01
-4.55158539e-01
0.00000000e+00
9.31141546e-01
-6.01039681e-01
-1.04376610e+00
7.52139117e-01
-2.47105998e-01
4.81391777e-01
3.17627327e-01
-1.18069597e+00
8.33111527e-02
4.25156437e-01
15 2
-7.3646e-01 4.8350e-01
8 4
1 0 2 4 7 5 3 8 
217
-1.13449664e-01
-1.82355931e-01
1.82315171e-01
-5.32945950e-01
-2.59431273e-01
-1.98536019e-01
3.93991248e-02
2.23755140e-02
1.17269866e-01
2.39775368e-01
2.59118475e-01
1.74245351e-02
-2.69805856e-01
-3.43529452e-01
0.00000000e+00
0.00000000e+00
0.00000000e+00
0.00000000e+00
0.00000000e+00
0.00000000e+00
0.00000000e+00
0.00000000e+00
0.00000000e+00
-1.13449664e-01
6.87730069e-04
-2.90419197e-01
-1.05437087e-01
2.20504530e-02
-3.00630295e-02
0.00000000e+00
0.00000000e+00
0.00000000e+00
0.00000000e+00
0.00000000e+00
0.00000000e+00
0.00000000e+00
0.00000000e+00
5.18057259e-02
-1.58666708e-01
-3.18608119e-01
-2.44135839e-01
-5.81106956e-02
4.34675932e-02
5.70798378e-01
0.00000000e+00
-6.92778133e-01
-4.35552790e-02
5.27514237e-03
0.00000000e+00
-6.98741397e-01
5.99499062e-02
5.16347829e-01
0.00000000e+00
3.27472663e-01
-3.28375749e-01
1.17069499e-01
0.00000000e+00
4.73083516e-01
-1.19086078e-01
2.69888417e-01
-8.91143917e-02
-1.18220339e-03
-2.31530688e-02
-8.25694556e-02
-3.48497745e-01
-3.25625392e-01
1.89807536e-01
-2.59854191e-01
1.27810000e-01
4.17773422e-02
0.00000000e+00
-6.05985388e-01
-8.30474516e-01
2.03628120e-01
1.72376731e-01
2.73885566e-01
1.49427530e-01
-1.67044770e-01
-4.47847087e-01
-7.13321361e-02
1.42917840e-01
-8.56977621e-02
3.58524352e-01
3.12802261e-01
0.00000000e+00
-8.53501932e-01
-1.54244859e+00
5.41697844e-01
2.70633048e-01
1.98354424e-01
1.72459728e-01
-1.02813054e-01
4.39412033e-02
-3.34438453e-01
7.81079537e-02
5.49668126e-02
-1.32685767e-01
-1.86888251e-01
0.00000000e+00
3.30128383e-01
-9.61614546e-02
-3.18969889e-01
-2.72987078e-01
-1.39630196e-01
-2.34594670e-01
0.00000000e+00
3.34711034e-01
-9.91222281e-02
-2.39919946e-01
-2.06612685e-01
-2.23262789e-01
-1.93740449e-01
-5.01263151e-01
-4.56836103e-01
-1.10888965e-01
2.28451930e-01
1.51382683e-01
6.16197660e-01
2.19132839e-01
1.51279590e+00
-7.50413358e-01
-4.77480182e-01
0.00000000e+00
0.00000000e+00
0.00000000e+00
1.19274282e-01
-3.72692835e-01
-1.84523345e-01
-9.44818949e-02
-2.18341868e-01
1.84155482e-01
1.71721359e-01
-1.31589416e-01
-2.35114811e-01
0.00000000e+00
3.53788971e-01
-1.67071660e-01
-2.32350178e-01
2.91897506e-01
-1.00536140e-01
3.68463792e-02
8.34149580e-03
-1.46672844e-01
4.46922952e-02
1.95177042e-01
1.73200018e-01
0.00000000e+00
0.00000000e+00
0.00000000e+00
9.83161053e-02
-4.28243370e-01
7.62160334e-02
9.44189513e-02
-4.00959053e-01
-1.51667596e-01
7.84851945e-02
-2.07756385e-01
1.03314550e-01
0.00000000e+00
4.47539205e-01
2.45286534e-01
-3.18585813e-01
1.20607678e-01
-3.00223470e-02
6.46867313e-02
1.61736554e-01
-1.94683601e-01
1.35198384e-01
2.79312263e-01
-1.05931345e+00
0.00000000e+00
0.00000000e+00
0.00000000e+00
-2.67031064e-01
-3.39550271e-01
7.96864319e-03
1.75499062e-01
-2.19846083e-01
7.02654735e-02
2.12764803e-01
-6.93127888e-02
-3.44016319e-01
0.00000000e+00
3.63138723e-01
-4.43829078e-02
-1.35889103e-01
1.31358400e-01
-4.44348523e-01
1.90867216e-01
-9.27467712e-02
-2.61020477e-01
6.64791276e-03
3.20621014e-04
-6.11844416e-02
0.00000000e+00
0.00000000e+00
0.00000000e+00
6.51083301e-02
-7.26959602e-01
2.84933672e-03
2.36193543e-02
-1.83893904e-01
5.06527037e-01
1.64744198e-01
8.07055074e-02
2.01559805e-01
0.00000000e+00
-7.40660513e-03
-1.27526705e-01
-5.25074101e-01
8.91526092e-02
5.94681700e-01
1.08091633e-01
2.21436486e-01
-3.94008687e-01
-9.52971010e-02
-5.94937336e-02
136
2.16457897e-01
0.00000000e+00
0.00000000e+00
0.00000000e+00
0.00000000e+00
0.00000000e+00
0.00000000e+00
2.16457897e-01
1.64234326e-03
-9.78808939e-02
1.60582573e-01
1.53756218e-01
0.00000000e+00
0.00000000e+00
0.00000000e+00
0.00000000e+00
0.00000000e+00
0.00000000e+00
0.00000000e+00
0.00000000e+00
4.16158152e-02
-5.30920212e-02
-1.15887428e-01
-6.94443223e-02
-6.42029030e-02
-5.10202795e-02
5.28489035e-01
0.00000000e+00
-5.22809592e-01
5.10030970e-01
4.31328832e-03
0.00000000e+00
-7.73869415e-01
3.06980624e-01
1.69547261e-01
0.00000000e+00
-3.81091958e-01
2.97312899e-01
2.66046300e-01
0.00000000e+00
-2.26985868e-01
2.42075764e-01
3.24907623e-01
0.00000000e+00
0.00000000e+00
0.00000000e+00
8.34088673e-01
5.22311584e-01
-2.53820992e-02
3.81382825e-01
-5.96953317e-01
0.00000000e+00
-1.86949291e+00
1.93433278e-01
-3.60552319e-01
-7.54282996e-01
9.28228971e-02
8.09790107e-02
-6.40093667e-03
1.52896264e-01
-2.96387868e-01
-5.84837016e-01
-3.85803975e-03
4.35237713e-01
1.46573524e-02
-9.06146612e-01
1.20004031e-01
1.27257866e-01
-2.06638938e-01
1.12017655e-01
-1.34894552e-01
0.00000000e+00
-2.95413014e-01
-2.69819635e-01
-1.69117749e-02
-3.37786035e-02
0.00000000e+00
-1.38547938e-01
-3.18270011e-01
-4.29809207e-02
-9.85197384e-02
3.61398582e-02
1.14564377e-01
2.26468712e-01
1.03371167e-01
-3.10588744e-01
7.38170404e-01
-3.35828254e-01
-6.65580098e-01
0.00000000e+00
0.00000000e+00
0.00000000e+00
2.10780000e-01
-6.45085475e-01
-1.13721267e-01
-1.58883957e-02
-1.19601332e+00
2.45452115e-01
2.35275382e-01
1.27456994e-01
2.03103944e-01
0.00000000e+00
9.63167962e-01
2.11080042e-01
-1.05774034e+00
4.49044256e-01
5.18335247e-01
-8.67062923e-02
1.27916520e-01
-1.11689233e+00
-6.26560506e-02
3.37510911e-01
-1.08134043e+00
0.00000000e+00
0.00000000e+00
0.00000000e+00
2.96244016e-01
-2.33451797e+00
1.56048316e-01
7.02743169e-01
-9.12006774e-01
5.46836175e-01
8.61212283e-01
2.17766350e-01
-5.26872231e-01
0.00000000e+00
9.23910366e-01
-6.57985583e-01
-1.01810209e+00
7.79745172e-01
-3.44217273e-01
5.15723057e-01
3.32166385e-01
-1.13096521e+00
7.55767079e-02
4.35354711e-01
18 2
-7.4722e-01 4.8876e-01
8 4
1 0 2 4 7 5 3 8 
217
-2.01418514e-01
-8.52380454e-03
1.08804727e-01
-4.75766424e-01
-1.22696349e-01
-1.37665057e-01
-8.16482957e-02
9.63800235e-02
1.11624422e-02
1.05298106e-01
-7.00734370e-03
1.64675460e-01
-1.22896817e-03
-1.93393307e-01
0.00000000e+00
0.00000000e+00
0.00000000e+00
0.00000000e+00
0.00000000e+00
0.00000000e+00
0.00000000e+00
0.00000000e+00
0.00000000e+00
-2.01418514e-01
1.59302946e-03
-4.99660885e-02
-9.42855674e-02
1.76138121e-02
-1.24746759e-01
0.00000000e+00
0.00000000e+00
0.00000000e+00
0.00000000e+00
0.00000000e+00
0.00000000e+00
0.00000000e+00
0.00000000e+00
-1.52064520e-01
-1.98399273e-01
-2.32640777e-01
-1.99976812e-01
3.11866196e-02
-4.96666794e-02
6.00142928e-01
0.00000000e+00
-6.10019330e-01
4.68120009e-02
1.18691555e-01
0.00000000e+00
-7.48310404e-01
-4.36802562e-02
4.43839488e-01
0.00000000e+00
3.64102428e-01
-4.78828963e-01
1.93300053e-01
0.00000000e+00
3.32159553e-01
-1.61682872e-01
3.42198234e-01
-2.25814906e-01
-3.18921132e-02
5.62885058e-02
-2.23426876e-01
-4.13953215e-01
-1.82373316e-01
2.21650979e-01
-4.07791907e-01
2.14310598e-01
8.42842545e-02
0.00000000e+00
-6.76250272e-01
-1.08860523e+00
2.92932831e-01
-2.14475567e-02
1.67716409e-01
2.13852658e-01
-7.71446312e-02
-2.88797625e-01
-1.15231117e-01
9.23187274e-02
-2.30887052e-01
7.22050150e-02
2.46793860e-02
0.00000000e+00
-7.92666947e-01
-1.60261694e+00
3.83518054e-01
2.78030730e-01
2.07730379e-01
-5.36334155e-03
-2.12385044e-01
-1.30914353e-01
-7.00950478e-03
1.01105045e-02
6.55257649e-03
1.31770378e-01
1.21097232e-01
0.00000000e+00
-9.79016127e-02
-1.39191613e-01
-7.36547730e-02
-2.96237256e-01
-4.79457836e-02
4.28891305e-02
0.00000000e+00
3.84628583e-01
-2.88496595e-01
-2.90067628e-01
-3.80634788e-01
-3.14063125e-01
-1.72842566e-01
-6.40844310e-01
-5.57454394e-01
-1.33374273e-01
4.31030046e-01
1.69917010e-01
5.65850145e-01
4.09558480e-01
1.50126186e+00
-6.37771900e-02
-4.55995630e-01
0.00000000e+00
0.00000000e+00
0.00000000e+00
-7.67319866e-02
-3.03994361e-01
-1.63304842e-01
8.62022295e-02
-2.72298156e-01
6.53543241e-02
3.16639878e-01
-9.27476131e-02
-2.72834397e-01
0.00000000e+00
5.63819554e-01
-3.12168636e-01
-1.93025427e-01
2.21415868e-01
-4.33435894e-03
-2.15181511e-02
-1.30121582e-01
-9.98212776e-02
-3.32086790e-02
2.66681985e-01
1.27128687e-01
0.00000000e+00
0.00000000e+00
0.00000000e+00
1.56880626e-01
-3.99646698e-01
4.39260070e-02
1.21983955e-01
-3.76772987e-01
-1.33280218e-01
-1.89704107e-03
-1.55930765e-01
5.88479812e-03
0.00000000e+00
3.14556356e-01
2.51596595e-01
-2.70286803e-01
2.00513730e-01
-5.50357964e-02
8.46107422e-02
1.64732013e-01
-1.75370674e-01
1.22772771e-01
2.27892077e-01
-7.29529780e-01
0.00000000e+00
0.00000000e+00
0.00000000e+00
-1.64939350e-01
-4.20399561e-01
-1.69718066e-01
5.46406494e-02
-2.09055119e-01
2.16337755e-01
4.33378750e-01
-4.30120695e-03
-3.80533086e-01
0.00000000e+00
2.49485051e-01
-1.04687563e-01
-1.34460725e-01
1.17860209e-02
5.01138964e-02
1.01039094e-01
6.29163826e-02
-1.95194597e-01
-1.04487072e-01
-2.14510322e-02
-1.47643870e-01
0.00000000e+00
0.00000000e+00
0.00000000e+00
7.89513817e-02
-8.21477221e-01
-2.86041294e-02
8.27185317e-02
-4.44221612e-01
3.13218707e-01
1.19219359e-01
9.82759887e-02
3.11907343e-01
0.00000000e+00
1.38955719e-01
-5.66539503e-02
-4.26188662e-01
1.57330269e-01
4.29907861e-01
1.30619090e-01
2.02339851e-01
-4.37953003e-01
3.20897092e-02
-2.80791031e-02
136
1.85392196e-01
0.00000000e+00
0.00000000e+00
0.00000000e+00
0.00000000e+00
0.00000000e+00
0.00000000e+00
1.85392196e-01
1.66987085e-03
-1.25235492e-01
1.55984104e-01
1.54643584e-01
0.00000000e+00
0.00000000e+00
0.00000000e+00
0.00000000e+00
0.00000000e+00
0.00000000e+00
0.00000000e+00
0.00000000e+00
4.42478369e-02
-4.48568696e-02
-1.01480142e-01
-6.77359049e-02
-1.07868591e-01
1.54994409e-02
4.48188262e-01
0.00000000e+00
-4.95757835e-01
4.92219002e-01
4.09925845e-02
0.00000000e+00
-7.76374833e-01
3.11475370e-01
1.73578056e-01
0.00000000e+00
-4.15814749e-01
2.57894683e-01
2.38982272e-01
0.00000000e+00
-1.34793546e-01
1.71765531e-01
3.21827497e-01
0.00000000e+00
0.00000000e+00
0.00000000e+00
7.72781235e-01
4.59971515e-01
-3.95090616e-02
3.68231973e-01
-5.62691205e-01
0.00000000e+00
-1.81431468e+00
1.99148244e-01
-3.30572397e-01
-7.46354806e-01
1.63414632e-02
1.01572658e-01
9.59309387e-03
1.58682415e-01
-3.40109853e-01
-5.38082703e-01
-2.41466706e-02
5.11048096e-01
-1.57159621e-02
-8.80426620e-01
1.67765763e-01
1.16956115e-01
-1.94212217e-01
1.10324070e-01
-2.12047647e-01
0.00000000e+00
-2.70571923e-01
-2.38515996e-01
-4.97682436e-03
-5.17001340e-02
0.00000000e+00
-1.86288471e-01
-2.94110215e-01
-5.14145096e-02
-1.36751324e-01
4.29963060e-02
7.57270100e-02
1.95175319e-01
1.04536596e-01
-2.66943716e-01
7.96146819e-01
-4.11362314e-01
-6.11766582e-01
0.00000000e+00
0.00000000e+00
0.00000000e+00
2.17439650e-01
-6.87301422e-01
-6.51195816e-02
-4.53811880e-02
-1.20497063e+00
2.51160783e-01
2.49791127e-01
1.04643900e-01
1.73543975e-01
0.00000000e+00
9.75623505e-01
2.23456858e-01
-1.07379903e+00
4.69005208e-01
4.91056659e-01
-1.08690477e-01
1.55334714e-01
-1.09657218e+00
-3.66010048e-02
3.95612554e-01
-1.08598229e+00
0.00000000e+00
0.00000000e+00
0.00000000e+00
2.41985192e-01
-2.23187911e+00
1.77165435e-01
6.72425017e-01
-8.78781723e-01
7.15088773e-01
7.87226619e-01
2.35842187e-01
-4.79563092e-01
0.00000000e+00
8.88985882e-01
-7.22584429e-01
-1.11143731e+00
7.25492327e-01
-2.78007683e-01
4.79319817e-01
3.24031252e-01
-1.12373009e+00
8.44780251e-02
4.07960619e-01
16 1
-9.3024e-01 4.4511e-01
8 1
1 0 2 4 7 5 3 8 
217
3.43153505e-01
-2.00631124e-02
-3.48674614e-01
-2.77515662e-01
2.14427176e-01
7.26551668e-02
4.40727258e-01
-1.32617982e-01
1.22038203e-01
-9.10261802e-02
0.00000000e+00
0.00000000e+00
0.00000000e+00
0.00000000e+00
4.60691588e-01
-2.59742426e-03
-4.54775847e-01
-1.17538082e-01
6.59212150e-03
-1.36604545e-01
0.00000000e+00
0.00000000e+00
0.00000000e+00
0.00000000e+00
0.00000000e+00
0.00000000e+00
0.00000000e+00
1.48044104e-01
1.95109402e-01
0.00000000e+00
0.00000000e+00
0.00000000e+00
0.00000000e+00
0.00000000e+00
0.00000000e+00
0.00000000e+00
0.00000000e+00
-6.01696314e-02
-1.68727818e-01
-1.87998644e-01
-1.12501726e-01
-1.27925729e-01
4.11386687e-01
5.89090367e-01
0.00000000e+00
-2.22966296e-01
1.67511184e-01
-1.71789465e-02
0.00000000e+00
-5.12327724e-01
-1.98715776e-01
2.77343340e-01
0.00000000e+00
-1.07086676e-01
-2.75429131e-01
1.73181114e-01
0.00000000e+00
6.86628181e-01
-1.78172606e-01
5.50366842e-01
2.22043956e-01
-4.15435999e-01
5.36545549e-01
0.00000000e+00
-4.84806328e-01
-1.50386402e+00
4.97002155e-01
-4.60400706e-01
3.30957679e-01
-3.46138755e-01
0.00000000e+00
-1.55752515e-01
-8.35210513e-01
3.64343243e-01
7.24708411e-01
1.34562778e-01
9.12673535e-02
0.00000000e+00
-2.81968751e-01
-3.54022488e-01
3.84759153e-01
1.96777322e-01
2.40363103e-01
-1.01880875e-01
0.00000000e+00
-5.06334219e-01
-7.74141483e-01
-6.23497058e-02
3.81516264e-01
9.11837431e-01
3.50421687e-01
0.00000000e+00
-9.29829716e-03
-4.22200627e-02
6.62893789e-02
-3.12621532e-01
2.86162424e-01
6.60156967e-01
0.00000000e+00
1.19776858e-01
-2.36395773e-01
6.51950385e-02
-5.03765940e-01
1.58181609e-01
-2.66193329e-01
0.00000000e+00
1.36914280e-01
-2.02410217e-01
-2.47761704e-03
-3.16378947e-01
2.08716842e-01
6.08542769e-03
0.00000000e+00
-2.08481664e-01
6.12843952e-02
5.54925126e-01
-3.61865022e-01
-3.28995640e-03
2.12688218e-02
5.68828218e-01
1.66156352e-01
-2.20169958e+00
0.00000000e+00
0.00000000e+00
0.00000000e+00
1.50979422e+00
-7.92717052e-01
3.34817485e-01
1.13659090e+00
1.94404856e-03
6.06730289e-01
9.28027455e-01
7.41008631e-01
9.37876574e-01
0.00000000e+00
1.23136781e+00
7.18727932e-01
-1.11814334e+00
1.66938105e+00
2.18148927e+00
1.15192436e+00
1.69469356e-01
5.99325533e-01
7.99665580e-01
1.15027011e+00
-6.08318745e-01
0.00000000e+00
0.00000000e+00
0.00000000e+00
3.13174498e-01
-2.47501376e-01
9.39297529e-01
7.45890063e-01
5.12547145e-01
1.12295005e+00
7.73958343e-01
1.24840571e+00
2.32095322e-01
0.00000000e+00
9.32806320e-01
-1.03314722e+00
1.18901798e+00
5.92688512e-01
-7.33096250e-01
9.57319047e-01
1.58008798e+00
6.19467782e-01
9.21076954e-01
7.79255168e-01
-6.99940082e-01
0.00000000e+00
0.00000000e+00
0.00000000e+00
-1.86297524e-01
-8.07122841e-01
-5.95673214e-02
3.36705005e-01
-1.28745406e+00
3.32552652e-01
2.87512442e-01
1.41575788e-01
-1.22074370e-01
0.00000000e+00
9.73404827e-01
3.15104293e-01
-9.20932919e-01
1.25410835e+00
-2.32941994e-02
4.55033868e-01
3.86567784e-02
-1.48878573e+00
2.39994090e-01
-1.79059211e-01
-1.45274566e-01
0.00000000e+00
0.00000000e+00
0.00000000e+00
3.27119550e-01
-1.78932273e+00
4.93455283e-01
3.22374093e-01
4.77758882e-01
5.52279428e-01
1.20993982e-01
5.35898520e-02
-2.87178146e-01
0.00000000e+00
-1.02906949e-01
-1.13950692e+00
1.07417581e-01
-2.87927722e-01
-3.35585647e-01
-1.73381966e-01
3.07960608e-01
5.67910758e-01
2.08660795e-01
4.31014701e-01
136
-1.27470962e-01
1.39254748e-01
-5.80823233e-03
-2.66725710e-01
3.52234234e-03
0.00000000e+00
0.00000000e+00
0.00000000e+00
0.00000000e+00
0.00000000e+00
3.35306256e-01
3.00416840e-01
0.00000000e+00
0.00000000e+00
0.00000000e+00
0.00000000e+00
0.00000000e+00
0.00000000e+00
0.00000000e+00
0.00000000e+00
-3.31564182e-01
-2.73879755e-01
-2.79915018e-01
-1.61720379e-01
-5.96929203e-02
1.36800257e-01
8.42501036e-01
0.00000000e+00
-8.40874043e-01
1.96193464e-01
-3.58490769e-02
0.00000000e+00
-8.57010778e-01
1.08965215e-01
4.15206290e-01
0.00000000e+00
-4.86264578e-01
-1.73385990e-01
3.95204948e-01
0.00000000e+00
1.46953453e-01
3.20109307e-01
6.83280827e-01
0.00000000e+00
0.00000000e+00
0.00000000e+00
0.00000000e+00
1.64255304e+00
-7.65948237e-02
5.52241548e-01
-8.03027297e-01
0.00000000e+00
-2.04763411e+00
3.26261815e-01
-4.81391500e-01
-9.05164789e-01
0.00000000e+00
6.00222469e-01
-7.82977808e-02
2.26041581e-01
-4.66599951e-01
-7.36349873e-01
-2.91794681e-01
3.10063756e-01
-7.00363626e-02
-9.08827769e-01
0.00000000e+00
1.18316780e+00
-1.02459719e-01
2.89213438e-01
-5.64931045e-02
0.00000000e+00
-7.74295410e-01
-4.58549973e-01
-6.85762700e-02
-1.27532464e-01
0.00000000e+00
-2.40398215e-01
-5.04587533e-01
-1.27717358e-02
-3.66804527e-02
0.00000000e+00
9.01851025e-01
4.83099780e-01
2.11559750e-01
-2.35121022e-01
3.73917008e-01
-2.65520419e-01
-1.43940997e+00
0.00000000e+00
0.00000000e+00
0.00000000e+00
3.16733896e-01
-1.93190811e+00
5.90887315e-02
4.02377822e-01
-9.22963978e-01
2.98247731e-01
3.22879952e-01
5.45412627e-01
-6.25815789e-01
0.00000000e+00
5.61638213e-01
-7.30943729e-01
-1.36246835e+00
5.93362674e-01
6.35347737e-01
5.42216125e-01
2.45004356e-01
-6.87631497e-01
2.08439373e-01
9.15722354e-02
-1.03404545e+00
0.00000000e+00
0.00000000e+00
0.00000000e+00
1.91870959e-01
-2.24878213e+00
1.85829145e-01
6.40077948e-01
-8.51307989e-01
8.40417436e-01
8.62255163e-01
2.08837154e-01
-2.65212416e-01
0.00000000e+00
7.83751606e-01
-7.67779025e-01
-1.01481569e+00
7.30231964e-01
-4.29442730e-01
4.14564959e-01
2.44283971e-01
-8.97606726e-01
2.57051665e-02
3.13075781e-01
10 1
-9.4692e-01 4.4590e-01
8 1
1 0 2 4 7 5 3 8 
217
5.61388727e-01
1.34361418e-01
-4.78668917e-01
-2.14960761e-01
-5.06204304e-02
8.68368381e-02
7.59378210e-02
8.45586500e-03
3.24520113e-01
-6.06045487e-01
2.36713243e-01
-1.26645202e-01
0.00000000e+00
0.00000000e+00
4.30325517e-01
-3.46559755e-03
3.72631679e-01
1.31063210e-01
6.46145965e-04
3.15246575e-01
0.00000000e+00
0.00000000e+00
0.00000000e+00
0.00000000e+00
0.00000000e+00
0.00000000e+00
0.00000000e+00
3.41218847e-01
2.20169880e-01
0.00000000e+00
0.00000000e+00
0.00000000e+00
0.00000000e+00
0.00000000e+00
0.00000000e+00
0.00000000e+00
0.00000000e+00
2.26800816e-01
4.91524370e-02
-2.18939732e-01
-7.27578371e-02
-1.50809398e-01
9.51384693e-02
6.32803972e-01
0.00000000e+00
-3.16912488e-01
3.45873784e-01
-1.11865075e-02
0.00000000e+00
-3.42563719e-01
-4.17094142e-01
4.58788858e-01
0.00000000e+00
-2.21158009e-01
-1.84249113e-01
2.13338799e-01
0.00000000e+00
7.21519408e-01
-2.59797167e-01
5.74829023e-01
2.36445893e-01
9.84228822e-03
3.15100545e-01
0.00000000e+00
-5.15266638e-01
-1.24344571e+00
5.75234609e-01
-8.89624162e-01
5.01420756e-01
4.10602955e-01
0.00000000e+00
-1.59114808e-01
-8.02874385e-01
3.67578707e-01
7.16999217e-01
3.52924827e-01
1.00302957e+00
0.00000000e+00
-1.74293536e-01
2.51751289e-01
6.60452147e-01
-3.67306593e-02
7.52301156e-02
-4.51642299e-01
0.00000000e+00
-2.83094214e-01
-5.87273110e-01
5.20804784e-02
4.62604375e-01
7.92402463e-01
6.53322731e-01
0.00000000e+00
-3.70856392e-02
-3.53051620e-02
4.28231388e-01
-9.26847265e-01
1.70242978e-01
2.86246315e-01
0.00000000e+00
3.16654930e-03
-1.56155667e-01
-2.73310125e-02
-1.59960342e-01
5.85553190e-01
-1.24743340e-01
0.00000000e+00
1.64487629e-01
-9.90962814e-02
1.63860227e-01
-6.82941165e-01
2.33040871e-01
3.58895607e-01
0.00000000e+00
-1.02050662e-01
-6.10896870e-01
6.41547224e-01
2.85225683e-01
2.18921650e-02
-9.50625033e-02
2.69771885e-01
-4.29520922e-01
-1.26890500e+00
0.00000000e+00
0.00000000e+00
0.00000000e+00
-4.26463732e-01
-8.41152556e-01
2.74395039e-01
4.36152201e-01
-1.58760349e+00
3.47194454e-01
6.66409290e-01
-4.56915217e-01
2.66002514e-01
0.00000000e+00
-1.46846513e-01
7.85099056e-02
-1.93432505e+00
8.73849152e-01
1.15273322e+00
2.25027227e-01
-3.49098227e-03
-3.91254072e-01
1.04920774e-01
9.39528421e-02
-2.77281175e-01
0.00000000e+00
0.00000000e+00
0.00000000e+00
5.84347779e-01
-1.14138725e+00
-1.91306608e-01
1.60037115e-02
1.96797395e-01
1.95973901e-01
-5.60825067e-01
6.34400681e-01
-1.63098641e-01
0.00000000e+00
6.34521069e-01
-4.53416007e-01
2.37758172e-01
-1.62322784e-01
-9.39688638e-01
3.68097726e-01
6.79046003e-01
-3.93620506e-01
4.60837245e-02
1.35354160e-01
-1.78403401e+00
0.00000000e+00
0.00000000e+00
0.00000000e+00
5.60495794e-01
-5.48513805e-01
3.84528924e-01
1.11770139e+00
1.14447973e-01
1.16671863e+00
1.11203376e+00
6.45931167e-01
4.44240166e-01
0.00000000e+00
1.63322695e+00
2.24470132e-01
-2.49724090e-01
1.32410749e+00
3.78755950e-01
1.41844080e+00
1.28693463e+00
-3.18539206e-01
1.95202291e-01
1.40046748e+00
-7.07329647e-01
0.00000000e+00
0.00000000e+00
0.00000000e+00
9.36320189e-01
-2.65353761e-01
8.95042017e-01
6.16114558e-01
3.28088694e-02
7.67501777e-01
8.44413724e-01
8.41658360e-01
5.47465154e-01
0.00000000e+00
3.50807565e-01
7.11089528e-01
5.44519553e-01
4.24032701e-01
7.25462300e-01
3.92626937e-01
2.57614212e-01
3.29871446e-01
1.11260856e+00
2.31813864e-01
136
-1.64338397e-01
1.43119914e-01
-6.42984106e-03
-3.00821961e-01
2.28456162e-03
0.00000000e+00
0.00000000e+00
0.00000000e+00
0.00000000e+00
0.00000000e+00
4.16982607e-01
3.98281883e-01
0.00000000e+00
0.00000000e+00
0.00000000e+00
0.00000000e+00
0.00000000e+00
0.00000000e+00
0.00000000e+00
0.00000000e+00
-3.28442703e-01
-2.90509688e-01
-2.87429608e-01
-1.86783810e-01
-9.26257909e-02
3.06387981e-02
9.61891078e-01
0.00000000e+00
-7.02959159e-01
1.44522959e-01
8.01690835e-02
0.00000000e+00
-6.51715087e-01
7.78605134e-02
4.06065306e-01
0.00000000e+00
-4.93701485e-01
-3.81262272e-01
4.38959970e-01
0.00000000e+00
1.73398357e-02
1.46658987e-01
7.24799625e-01
0.00000000e+00
0.00000000e+00
0.00000000e+00
0.00000000e+00
1.37290388e+00
-6.10830445e-02
4.63860236e-01
-8.19421593e-01
0.00000000e+00
-1.81129741e+00
3.44552569e-01
-4.13302702e-01
-9.09549919e-01
0.00000000e+00
7.12815182e-01
9.81552151e-03
2.40286603e-01
-5.73235141e-01
-8.42195855e-01
-3.69256610e-01
3.57770972e-01
-7.84740845e-02
-8.53976486e-01
0.00000000e+00
1.03420801e+00
-5.15052096e-02
2.62139416e-01
-1.51448682e-01
0.00000000e+00
-6.84486352e-01
-4.34229477e-01
-5.61473933e-02
-1.05038999e-01
0.00000000e+00
-4.81963180e-01
-5.29613993e-01
-6.07704831e-02
-3.64479642e-02
0.00000000e+00
1.14289401e+00
3.58399328e-01
2.95922124e-01
-1.77419023e-01
4.63588846e-01
-1.98410929e-01
-1.36880884e+00
0.00000000e+00
0.00000000e+00
0.00000000e+00
3.32877016e-01
-1.84432547e+00
4.27569292e-02
3.74664762e-01
-8.93065935e-01
2.69174070e-01
2.77203249e-01
5.06800852e-01
-6.49730219e-01
0.00000000e+00
5.37994489e-01
-7.37182504e-01
-1.29990619e+00
6.19834777e-01
5.99099395e-01
5.33006922e-01
1.57403958e-01
-6.13248409e-01
2.90613232e-01
1.27220234e-01
-1.01478979e+00
0.00000000e+00
0.00000000e+00
0.00000000e+00
1.63537542e-01
-2.27067089e+00
1.65041541e-01
7.12263378e-01
-8.28193850e-01
8.18868584e-01
8.63448082e-01
1.93289870e-01
-3.46052883e-01
0.00000000e+00
7.53834977e-01
-8.04999682e-01
-9.86276561e-01
7.52101683e-01
-4.81562287e-01
4.23113627e-01
3.67123436e-01
-8.60497696e-01
8.62425375e-02
2.64598804e-01
9 1
-9.4925e-01 4.4307e-01
8 1
1 0 2 4 7 5 3 8 
217
5.97204292e-01
-1.21961753e-01
-4.72267681e-01
-2.81615044e-01
2.89842155e-01
9.16712336e-02
4.44145645e-01
-1.76090174e-01
2.57697602e-01
-2.20941868e-02
0.00000000e+00
0.00000000e+00
0.00000000e+00
0.00000000e+00
4.34256585e-01
6.47111561e-05
-1.49130342e-01
1.62947706e-01
8.36760639e-04
-3.39074107e-02
0.00000000e+00
0.00000000e+00
0.00000000e+00
0.00000000e+00
0.00000000e+00
0.00000000e+00
0.00000000e+00
3.01099904e-01
2.96104388e-01
0.00000000e+00
0.00000000e+00
0.00000000e+00
0.00000000e+00
0.00000000e+00
0.00000000e+00
0.00000000e+00
0.00000000e+00
6.38330172e-02
2.49647311e-02
-1.00676910e-01
-3.66957995e-02
-1.23103321e-01
-7.86656358e-02
8.47548209e-01
0.00000000e+00
-6.23209589e-01
4.15203823e-01
3.23873554e-02
0.00000000e+00
-2.79744189e-01
-3.83842315e-01
6.15953616e-01
0.00000000e+00
3.55732766e-02
-1.42605344e-01
9.91688488e-02
0.00000000e+00
8.12073212e-01
-4.25503705e-01
4.41749301e-01
2.19105900e-01
8.60644417e-02
2.92033950e-01
0.00000000e+00
-5.36747541e-01
-3.99067829e-01
5.59046725e-01
-8.62060804e-01
5.74905108e-01
7.05750547e-01
0.00000000e+00
-5.53072891e-02
-7.25136569e-01
4.35096631e-01
6.80295799e-01
2.17414950e-01
9.55911331e-01
0.00000000e+00
-1.83481629e-01
-5.09529765e-01
4.71313182e-01
-2.28748268e-01
3.09372739e-01
4.73115698e-01
0.00000000e+00
-2.23251299e-01
-7.65368825e-01
4.03945761e-01
3.79059243e-01
4.16509829e-01
-7.27319407e-01
0.00000000e+00
2.96517566e-01
2.20422595e-02
7.33141360e-02
-1.01508319e-01
2.27372590e-01
1.38681252e-01
0.00000000e+00
1.64797201e-01
-1.17216113e-01
2.90442683e-01
-3.72128707e-01
1.41964408e-01
-2.81739589e-01
0.00000000e+00
2.51952509e-01
9.16042378e-02
1.61585309e-01
-4.34050617e-01
1.83666474e-01
-4.47451841e-01
0.00000000e+00
-1.33157851e-01
-4.97810769e-01
4.78105140e-01
1.84002456e-02
2.52257002e-01
1.60276384e-02
-4.12521747e-02
-4.11653038e-01
-1.64062613e+00
0.00000000e+00
0.00000000e+00
0.00000000e+00
2.72236113e-01
-1.18367510e+00
-7.34555171e-01
1.38590143e-01
-1.31068944e+00
5.91610523e-01
1.92476667e-01
-2.26964707e-01
2.07178273e-01
0.00000000e+00
2.28448478e-01
-2.35898419e-01
-1.29502866e+00
7.48166678e-01
6.73811815e-01
5.79531349e-01
9.79209775e-01
-1.24384023e+00
1.98519213e-01
-2.19753423e-01
-4.02201131e-02
0.00000000e+00
0.00000000e+00
0.00000000e+00
-1.59990229e-02
-1.11604169e+00
2.78182654e-01
-3.37038509e-02
5.59545494e-01
-5.27655147e-01
3.14460068e-01
3.48834773e-01
-4.52048059e-01
0.00000000e+00
4.07757104e-01
-4.48755814e-01
-4.74674847e-01
-1.78367496e-01
-3.26369826e-01
4.82271616e-01
-3.36392604e-02
7.31405992e-01
-1.63200273e-01
6.07777474e-01
-1.18927116e+00
0.00000000e+00
0.00000000e+00
0.00000000e+00
5.01720018e-01
-1.42765906e+00
2.04641144e-01
5.28551930e-01
-1.73862161e+00
2.84447658e-01
9.04950019e-01
5.01297076e-01
-7.18539292e-01
0.00000000e+00
3.89363058e-01
-1.13149620e+00
-2.02161002e+00
8.98552558e-01
-2.22706266e-01
1.11767918e+00
5.91618423e-01
-3.97307799e-01
5.06378884e-01
3.94691443e-02
1.35573820e-02
0.00000000e+00
0.00000000e+00
0.00000000e+00
-1.83709249e-01
-1.49434746e+00
5.07978045e-02
5.09414523e-02
5.88002626e-01
2.11312683e-01
-2.73242323e-01
-9.64946424e-02
3.16970704e-01
0.00000000e+00
3.76193890e-01
5.60251371e-01
8.41981538e-01
-4.34252526e-02
4.49282320e-02
-4.44152357e-01
-4.11164849e-01
-3.57719782e-01
-2.95394079e-02
3.05972400e-01
136
-1.21736064e-01
1.47399489e-01
-4.60369021e-03
-2.58633105e-01
2.89335840e-03
0.00000000e+00
0.00000000e+00
0.00000000e+00
0.00000000e+00
0.00000000e+00
3.31441853e-01
3.02548133e-01
0.00000000e+00
0.00000000e+00
0.00000000e+00
0.00000000e+00
0.00000000e+00
0.00000000e+00
0.00000000e+00
0.00000000e+00
-2.95133096e-01
-2.78760320e-01
-2.85194474e-01
-1.95678788e-01
-4.54313725e-02
1.39689351e-01
8.38772635e-01
0.00000000e+00
-7.55466318e-01
1.84402072e-01
-2.91354362e-03
0.00000000e+00
-8.03717562e-01
1.90626241e-01
3.61796911e-01
0.00000000e+00
-4.06261963e-01
-2.61682232e-01
4.62986657e-01
0.00000000e+00
-6.61681770e-02
2.80705072e-01
6.93956779e-01
0.00000000e+00
0.00000000e+00
0.00000000e+00
0.00000000e+00
1.55762267e+00
-5.42146122e-02
5.21833703e-01
-9.67408706e-01
0.00000000e+00
-2.03895201e+00
3.04809442e-01
-4.57442418e-01
-8.08612351e-01
0.00000000e+00
6.49128399e-01
2.81455515e-02
2.26968466e-01
-5.48976431e-01
-7.90274582e-01
-3.34291148e-01
3.54446257e-01
-8.19038305e-02
-8.81032133e-01
0.00000000e+00
1.06561714e+00
-9.36440269e-02
2.78117985e-01
-1.21195792e-01
0.00000000e+00
-8.35599042e-01
-4.29232292e-01
-7.49856826e-02
-1.20827737e-01
0.00000000e+00
-4.12235310e-01
-5.08371582e-01
-4.30701456e-02
-6.72934599e-02
0.00000000e+00
1.16192518e+00
4.16432522e-01
2.85643513e-01
-1.27178987e-01
5.09953565e-01
-2.23294736e-01
-1.35657023e+00
0.00000000e+00
0.00000000e+00
0.00000000e+00
3.02694722e-01
-1.83292662e+00
3.54672385e-02
3.62030302e-01
-9.04709244e-01
3.80369527e-01
2.58884971e-01
4.98050670e-01
-6.38921961e-01
0.00000000e+00
4.93617754e-01
-7.35331499e-01
-1.33308662e+00
6.37638349e-01
5.99969378e-01
5.01117590e-01
1.33857100e-01
-5.47470789e-01
2.98705500e-01
1.33473396e-01
-1.03320786e+00
0.00000000e+00
0.00000000e+00
0.00000000e+00
1.95621968e-01
-2.22449803e+00
2.02633666e-01
7.24319567e-01
-8.20464891e-01
7.63628428e-01
8.60618947e-01
1.77975538e-01
-2.95906272e-01
0.00000000e+00
7.57435010e-01
-8.04401624e-01
-1.05117045e+00
7.14434262e-01
-4.43987975e-01
4.22436795e-01
2.93860727e-01
-8.26312554e-01
-2.56502506e-02
3.46219281e-01
21 1
-9.2329e-01 5.1616e-01
8 0
1 0 2 4 7 5 3 8 
217
9.36224365e-02
-1.83057514e-01
-9.78663427e-02
-3.03898874e-02
-1.54868475e-02
-1.70646676e-01
-4.93276841e-02
3.41425918e-01
1.99881778e-04
-1.81059951e-01
-1.27594207e-01
-7.52725061e-02
2.85831293e-01
1.77866938e-01
-2.96023512e-01
9.49424140e-03
3.48849790e-01
-4.14694887e-01
6.44643633e-03
3.39773462e-01
3.29357993e-01
3.21788330e-04
1.38091833e-01
4.74982843e-01
3.57376162e-04
-2.27867321e-02
-8.94945662e-03
1.49240628e-01
-4.66687350e-02
0.00000000e+00
0.00000000e+00
0.00000000e+00
0.00000000e+00
0.00000000e+00
0.00000000e+00
0.00000000e+00
0.00000000e+00
-2.01370193e-01
-1.77162686e-01
-1.88701576e-01
-1.09423545e-01
2.71289984e-01
2.84713809e-01
2.14276644e-01
0.00000000e+00
-3.62358305e-01
1.52488613e-01
2.42633334e-02
0.00000000e+00
-4.91166334e-01
-7.19499924e-02
2.64228770e-01
0.00000000e+00
-1.46386658e-01
-1.89250632e-01
3.61086518e-03
0.00000000e+00
2.51824104e-01
-6.26015368e-02
7.20920208e-01
-3.50374221e-02
1.45030198e-01
-1.63703397e-02
1.60230265e-01
-3.31543813e-01
-4.91632992e-01
2.37449214e-01
-9.56934855e-01
2.74867699e-02
-2.29157182e-02
0.00000000e+00
-7.34978090e-01
-1.29085541e+00
5.80934227e-01
3.73691474e-01
2.60775402e-01
-5.29428062e-02
-2.96611674e-01
-2.21021109e-01
-3.83375769e-01
3.96486096e-01
-2.75766229e-01
2.14769123e-01
1.73363806e-01
0.00000000e+00
-4.84493914e-01
-1.26403839e+00
3.70967860e-01
3.18759679e-01
2.07148491e-01
-2.07724347e-01
-3.34121420e-02
-9.81298985e-03
-1.49552816e-01
9.07179594e-02
-4.49643688e-01
4.61296090e-02
-6.53496825e-02
0.00000000e+00
-7.30203075e-04
-6.39421922e-02
8.50567156e-02
-3.79639879e-01
9.29592395e-03
1.02929445e-02
0.00000000e+00
1.72374176e-01
-6.66629212e-02
-1.90695115e-01
-1.85201731e-02
1.11943376e-01
3.20142396e-01
-2.91511461e-01
-2.68012187e-01
-4.00782173e-01
4.76315504e-01
-4.81831379e-01
1.76830581e-01
4.08021846e-01
8.87524071e-01
-2.11161446e-01
-3.32747925e-01
0.00000000e+00
0.00000000e+00
0.00000000e+00
-1.38556953e-02
-2.66647962e-01
-2.82138010e-01
-3.39201054e-01
-8.71732543e-01
-1.93921133e-01
5.51998475e-01
-6.30455600e-01
6.59032150e-01
0.00000000e+00
1.34904402e+00
1.41202634e-03
-7.56459211e-01
3.32839919e-02
5.25664847e-01
-4.33697657e-01
3.11529793e-01
-5.82050095e-01
6.94929524e-04
6.04750798e-01
-1.70581073e-01
0.00000000e+00
0.00000000e+00
0.00000000e+00
1.29369203e-01
1.58055071e-01
2.70443144e-01
1.69379336e-01
-3.33039311e-01
2.71014971e-01
-8.13246426e-02
4.18049381e-01
-3.34848169e-01
0.00000000e+00
-2.06954182e-01
3.15456316e-01
-3.91163347e-01
2.93764840e-01
-1.97342908e-01
2.43188999e-01
-1.34394174e-01
-4.15606576e-01
-2.05037683e-01
-1.39591338e-01
-9.15081768e-01
0.00000000e+00
0.00000000e+00
0.00000000e+00
-1.03300236e-01
-1.09607737e+00
2.02953081e-01
7.17174856e-01
-6.92130498e-01
5.85664497e-01
4.43736185e-01
-1.06382826e-01
-3.27228289e-01
0.00000000e+00
5.80636283e-01
-1.27307842e-01
-1.15982105e+00
3.02258694e-01
1.99710965e-01
4.29606050e-01
2.17098032e-01
-5.95197807e-01
-1.80505309e-01
-2.05969179e-01
-1.24676292e-01
0.00000000e+00
0.00000000e+00
0.00000000e+00
3.19156590e-01
-1.01482161e+00
6.90270544e-02
-5.46501696e-02
-4.48063323e-02
2.30930947e-01
2.27303611e-01
2.84576325e-01
2.68431323e-02
0.00000000e+00
1.75620617e-01
-2.27292318e-01
-2.65247986e-01
-5.54587083e-02
-1.37696988e-01
9.22625129e-02
1.39643478e-01
-2.28490134e-01
8.56951233e-03
3.29854170e-01
136
2.35921991e-02
-4.22522310e-02
1.51935332e-02
6.95825176e-02
2.00781963e-03
-7.94492336e-03
1.48360773e-03
4.20683583e-03
-7.24708556e-04
-1.96210202e-01
1.24169137e-01
9.56332643e-02
0.00000000e+00
0.00000000e+00
0.00000000e+00
0.00000000e+00
0.00000000e+00
0.00000000e+00
0.00000000e+00
0.00000000e+00
6.54848690e-02
-1.65901823e-02
-1.34112478e-01
-1.23544623e-01
-1.12219803e-01
2.73714208e-02
3.24882594e-01
0.00000000e+00
-2.49704043e-01
2.60787446e-01
4.96929967e-04
0.00000000e+00
-5.21301989e-01
1.06937227e-01
1.79325957e-01
0.00000000e+00
-2.40388009e-01
1.59584144e-02
2.34292155e-01
0.00000000e+00
4.51074935e-02
-1.61220898e-02
2.16095113e-01
0.00000000e+00
0.00000000e+00
0.00000000e+00
3.38392700e-01
2.12758925e-02
-6.94391408e-02
2.43977938e-01
-6.49503724e-01
0.00000000e+00
-9.46359575e-01
3.29984434e-01
-1.44029132e-01
-6.92901527e-01
-1.61945328e-02
2.97450207e-02
-2.06190199e-02
1.50287198e-01
-1.92715068e-01
-5.60969587e-01
1.07460111e-01
5.18629082e-01
2.21764625e-02
-1.01313974e+00
5.88395427e-02
1.44261236e-02
-2.35060561e-01
1.01746898e-01
-1.52353367e-01
0.00000000e+00
-1.04665246e-01
-2.34701032e-01
3.86138569e-02
-4.35427049e-02
0.00000000e+00
-2.04606423e-02
-3.36686407e-01
5.90156877e-03
-8.09921279e-02
-2.25249245e-02
3.16212758e-02
1.70662723e-01
1.00248593e-01
-1.41692518e-01
8.47581942e-01
-4.16546492e-01
-5.72628962e-01
0.00000000e+00
0.00000000e+00
0.00000000e+00
2.32113557e-01
-8.71427703e-01
-1.00710701e-01
1.63522824e-02
-1.19178922e+00
1.95774511e-01
2.41393780e-01
5.55418893e-02
1.62340852e-01
0.00000000e+00
1.02031059e+00
2.26933929e-01
-1.05106135e+00
5.02119760e-01
4.46133665e-01
-6.30102323e-02
1.82469167e-01
-1.03704636e+00
8.57328406e-03
4.52359341e-01
-1.10046717e+00
0.00000000e+00
0.00000000e+00
0.00000000e+00
2.34414957e-01
-2.24739724e+00
1.23832866e-01
6.53809476e-01
-9.42548666e-01
7.20593484e-01
7.75032725e-01
2.11077533e-01
-4.11828971e-01
0.00000000e+00
8.56196788e-01
-6.81683604e-01
-1.09028019e+00
7.71626148e-01
-1.36588084e-01
5.02959482e-01
3.24068973e-01
-1.17788124e+00
5.62829112e-02
3.57845485e-01
