0 1 -999999999 -1 -1
1 1 0 -1 -1
-0.1209 0.1944
356
8.24436847e-01
9.49230546e-01
-1.24793699e-01
4.39364344e-01
-1.82333463e+00
-1.15453306e+00
-4.89017809e-01
0.00000000e+00
0.00000000e+00
2.43052005e-01
-9.44355088e-01
-4.90634582e-01
2.01547807e-01
2.55371859e-01
3.08226626e-01
-1.24234141e-01
0.00000000e+00
0.00000000e+00
0.00000000e+00
0.00000000e+00
0.00000000e+00
0.00000000e+00
0.00000000e+00
0.00000000e+00
0.00000000e+00
0.00000000e+00
0.00000000e+00
0.00000000e+00
0.00000000e+00
0.00000000e+00
0.00000000e+00
0.00000000e+00
0.00000000e+00
0.00000000e+00
0.00000000e+00
0.00000000e+00
0.00000000e+00
0.00000000e+00
0.00000000e+00
0.00000000e+00
0.00000000e+00
0.00000000e+00
0.00000000e+00
0.00000000e+00
0.00000000e+00
0.00000000e+00
0.00000000e+00
0.00000000e+00
0.00000000e+00
0.00000000e+00
0.00000000e+00
-4.16891303e-01
-3.48249583e-01
-2.38568924e-02
0.00000000e+00
0.00000000e+00
0.00000000e+00
0.00000000e+00
2.29934697e-01
1.89003468e-02
2.61699711e-01
-5.28613290e-02
2.38671011e-01
-3.63451056e-01
-3.79363216e-03
-4.69225400e-01
9.79250610e-02
-4.80491890e-01
4.94751620e-01
1.44732455e-02
-2.08364211e-01
1.23777952e+00
-1.01152470e-02
-8.79999917e-02
3.22106752e-02
-6.09764244e-03
-5.06523222e-02
-9.40304964e-01
-2.23060468e-03
1.19248277e-01
-3.15045060e-01
7.50820716e-01
3.88661190e-01
0.00000000e+00
0.00000000e+00
0.00000000e+00
0.00000000e+00
0.00000000e+00
0.00000000e+00
0.00000000e+00
-7.82097137e-01
-2.75350151e-01
-1.03828521e+00
-7.75884361e-01
3.13935310e-02
-2.04577657e-01
3.00003418e-02
2.73848924e-01
3.92752058e-02
-9.05361943e-02
4.58075931e-01
3.80486218e-01
0.00000000e+00
0.00000000e+00
5.17071022e+00
2.87613168e+00
2.92660561e+00
4.72663822e-01
6.28261872e-01
7.91304947e-02
-3.28814207e-01
-1.27992732e+00
-8.78137595e-02
-3.62393584e-01
-6.42463246e-01
-1.59360249e+00
-1.56664473e+00
-2.59127583e+00
0.00000000e+00
0.00000000e+00
0.00000000e+00
0.00000000e+00
0.00000000e+00
0.00000000e+00
4.65947767e-01
-9.61050767e-03
-1.69579831e-01
-4.47917185e-01
-6.05369115e-01
-1.28516596e+00
6.15879560e+00
6.10257366e+00
6.01334073e+00
5.95736085e+00
5.98205577e+00
6.06283801e+00
-2.09968226e-01
1.96231301e-01
1.36321095e-01
3.64643714e-01
2.37069872e-01
-1.97496517e-01
7.42844194e-02
-1.51285428e-01
-2.85921464e-01
-3.22384292e-01
-3.23690626e-01
-5.30873183e-01
2.49792027e+00
0.00000000e+00
0.00000000e+00
0.00000000e+00
0.00000000e+00
0.00000000e+00
0.00000000e+00
0.00000000e+00
-1.67348342e+00
8.99491420e-01
-3.31272901e+00
0.00000000e+00
1.32357507e-02
-4.91109300e-01
-1.04678011e+00
-1.56058554e+00
-1.03354436e+00
0.00000000e+00
0.00000000e+00
0.00000000e+00
-3.75841988e-01
-7.36672872e-01
3.66769848e-02
-1.11460895e-01
-8.00743462e-01
8.12280936e-01
3.25972843e-02
-1.50378630e-01
3.01230913e-01
0.00000000e+00
6.51892024e-01
-1.02473559e-01
-3.47934702e-01
5.61688119e-02
1.66785071e-01
-8.88783421e-02
2.58727481e-01
-9.99179194e-01
3.48157457e-02
3.28844031e-01
-2.69273327e-01
0.00000000e+00
0.00000000e+00
0.00000000e+00
4.22064984e-01
0.00000000e+00
2.70817838e-01
2.95403768e-01
4.11267593e-01
1.49029892e-02
1.50034840e-01
4.91414700e-01
3.25433498e-01
0.00000000e+00
-1.43257656e-01
-7.15705013e-01
2.55364047e-01
6.02048549e-01
3.85873341e-01
5.45222891e-01
3.50845960e-01
6.30604879e-01
8.74788749e-01
1.33016346e-01
-3.58529967e-01
1.54797495e-01
-1.44078310e+00
-7.96025147e-01
-2.17128864e-01
1.51405958e-01
9.88584667e-02
-9.54669295e-02
-5.38629387e-02
0.00000000e+00
0.00000000e+00
0.00000000e+00
1.58158688e-01
0.00000000e+00
-6.42943369e-03
4.52369861e-01
4.58038873e-01
4.71942175e-01
4.52334695e-01
-1.46633089e+00
7.52687866e-01
0.00000000e+00
8.54336594e-01
1.78682359e+00
9.78585904e-02
-3.81814672e-01
-1.83275779e+00
-4.80084949e-01
-1.56453778e-01
-2.86501047e-02
-2.42858768e-02
6.07469227e-01
-5.13327463e-01
-3.98474233e-01
1.86443725e-01
4.55447340e-01
-6.75014393e-01
-1.41561745e-01
-8.08776695e-01
9.88655243e-02
5.68349426e-01
2.23328406e-01
-4.12153071e-02
-3.23674843e-01
-5.33452649e-01
-1.43378213e+00
3.00170042e-01
0.00000000e+00
-2.05169484e+00
0.00000000e+00
0.00000000e+00
0.00000000e+00
-4.80033208e-01
-1.41082556e+00
4.99344009e-01
4.07302353e-01
6.62612475e-02
2.92334906e-01
6.34749421e-01
5.21374181e-01
-8.89877229e-02
0.00000000e+00
1.25521890e-02
-1.04022720e+00
-9.74809877e-01
6.17041307e-01
2.27008409e-01
4.73138018e-01
2.47298636e-01
-1.28778633e+00
-4.71152407e-02
-7.20314370e-01
3.21130992e-01
0.00000000e+00
0.00000000e+00
0.00000000e+00
4.26717790e-02
-2.40938007e-01
-1.38142744e-01
-8.67668714e-02
-2.63940902e-01
-2.19260974e-02
-2.72500661e-01
-1.28206321e-01
2.41725032e-01
0.00000000e+00
-2.99061919e-01
-1.27982900e-01
1.32779971e-01
2.24734629e-01
1.37726597e-01
1.68013312e-01
9.03863222e-02
3.76016685e-01
2.73101762e-01
2.13441325e-01
-1.13546449e+00
-2.98803191e-01
0.00000000e+00
-2.94455479e-01
-9.68747876e-02
1.06403550e-01
-8.15334203e-02
-3.23673321e-01
-7.46507026e-01
0.00000000e+00
0.00000000e+00
0.00000000e+00
-3.78501815e-01
6.76849698e-01
4.27527468e-01
-3.73218821e-01
2.48414302e-01
-3.42644202e-01
-2.14992152e-01
1.37814509e+00
-3.61673711e-01
0.00000000e+00
-4.58066425e-01
-6.38608240e-01
-3.16249959e-01
-4.01736269e-01
1.05321694e+00
7.18924408e-01
-1.13631378e-02
-2.77841954e-01
-2.28378164e-01
-1.24631008e+00
-8.36661294e-01
0.00000000e+00
2.73248660e-01
2.31886061e-01
-9.16230350e-01
-1.92306109e-01
0.00000000e+00
-1.29407471e+00
-2.19778366e-01
1.58728630e-01
-3.50198151e-02
-3.16014924e-01
-7.23924241e-01
0.00000000e+00
0.00000000e+00
-2.78029627e-01
247
-2.31020625e-01
-2.10986543e-01
0.00000000e+00
-6.70617107e-02
0.00000000e+00
0.00000000e+00
-1.29318045e+00
5.00787871e-01
0.00000000e+00
0.00000000e+00
2.96688464e-01
1.11609452e-01
1.75979965e-01
-7.49390198e-02
0.00000000e+00
0.00000000e+00
0.00000000e+00
0.00000000e+00
0.00000000e+00
0.00000000e+00
0.00000000e+00
0.00000000e+00
0.00000000e+00
0.00000000e+00
0.00000000e+00
0.00000000e+00
0.00000000e+00
0.00000000e+00
0.00000000e+00
0.00000000e+00
0.00000000e+00
0.00000000e+00
0.00000000e+00
0.00000000e+00
0.00000000e+00
0.00000000e+00
0.00000000e+00
0.00000000e+00
0.00000000e+00
0.00000000e+00
0.00000000e+00
1.51877359e-01
7.79819255e-03
7.94524369e-01
-7.67734508e-03
-1.87915175e-01
-6.63766230e-03
-9.89507178e-01
-2.44534111e-03
0.00000000e+00
2.86318826e-01
-5.17339452e-01
0.00000000e+00
0.00000000e+00
0.00000000e+00
0.00000000e+00
0.00000000e+00
0.00000000e+00
0.00000000e+00
6.79434598e+00
2.13913610e+00
0.00000000e+00
0.00000000e+00
0.00000000e+00
0.00000000e+00
1.95131077e+00
-5.24013319e-01
2.77956571e+00
2.17542488e+00
1.82346625e+00
1.05240355e+00
0.00000000e+00
0.00000000e+00
0.00000000e+00
0.00000000e+00
0.00000000e+00
0.00000000e+00
0.00000000e+00
0.00000000e+00
6.53252946e-01
4.07894516e-03
-2.58971449e-01
-4.98034230e-01
-6.66641723e-01
-1.60384122e+00
6.38321090e+00
6.74892522e+00
6.71651502e+00
6.75290174e+00
6.44861689e+00
6.75296084e+00
0.00000000e+00
-2.01376369e-01
-1.64947047e-01
6.68121418e-01
6.09794712e-01
-3.95835761e-02
-2.00316112e-01
-3.77255275e-01
-4.29331118e-01
-4.90387979e-01
7.82602460e-02
-2.60336626e-01
1.42729745e+00
0.00000000e+00
0.00000000e+00
0.00000000e+00
-1.65831808e+00
4.46587144e-01
-5.04071457e+00
0.00000000e+00
-7.05294885e-01
-1.27935715e+00
-8.36658178e-01
-1.53349855e+00
-1.98465203e+00
0.00000000e+00
0.00000000e+00
0.00000000e+00
3.21952546e-01
0.00000000e+00
1.16519211e+00
1.11381682e+00
0.00000000e+00
1.59735001e+00
1.21864753e+00
5.73412689e-01
1.12284857e+00
0.00000000e+00
1.25436742e+00
0.00000000e+00
0.00000000e+00
1.04324908e+00
1.19999168e-01
4.94205972e-01
8.92113103e-01
7.61091489e-01
1.53716249e+00
1.03497621e+00
-1.13698112e+00
-4.09754456e-01
-1.12843282e+00
-2.95385871e-01
2.94339355e-02
-9.66261347e-01
0.00000000e+00
0.00000000e+00
0.00000000e+00
7.04980555e-01
0.00000000e+00
6.45090326e-01
7.43459498e-01
0.00000000e+00
3.05812539e-01
2.87686314e-01
1.41147276e+00
1.86685764e-01
0.00000000e+00
4.05245146e-01
0.00000000e+00
0.00000000e+00
1.11958123e+00
2.07788861e+00
1.48277849e+00
7.12500554e-01
0.00000000e+00
0.00000000e+00
-1.86882177e-01
-7.27226669e-01
-1.18261951e+00
-2.23043608e-01
2.47607786e-01
-8.47670906e-01
-2.95540429e-01
-1.54288861e+00
-7.13356512e-01
0.00000000e+00
-5.52130477e-01
-9.24548174e-01
0.00000000e+00
0.00000000e+00
-2.37015673e+00
0.00000000e+00
0.00000000e+00
0.00000000e+00
-5.29854337e-01
-5.15896319e-01
-1.12195092e-01
5.39384280e-02
-7.35628561e-01
6.25307370e-01
4.92565960e-01
-2.78563220e-01
-6.48411405e-01
0.00000000e+00
1.60916031e-01
-5.53410594e-01
-3.88751750e-01
4.53873276e-01
-3.44759536e-02
-1.27992795e-01
3.75130039e-02
-5.40028060e-01
2.94574321e-01
-2.36370307e-02
-1.33356888e+00
-7.52743535e-01
0.00000000e+00
9.24068284e-02
2.04823519e-01
3.46141926e-01
0.00000000e+00
0.00000000e+00
0.00000000e+00
-8.66115215e-02
4.49133976e-01
-5.87292591e-02
2.04604427e-01
-8.25704988e-02
2.82592590e-01
2.38523624e-01
-8.01685878e-01
2.24361448e-01
0.00000000e+00
3.17900750e-01
6.98014985e-01
-1.05967939e-01
-1.22535036e-01
-9.60440000e-01
-1.88614579e-01
4.03979046e-02
-1.60927710e-01
-7.32079994e-02
5.31902642e-01
-5.80825346e-01
0.00000000e+00
-2.85462350e-01
-9.12133452e-02
-1.03658785e+00
-8.39146431e-02
0.00000000e+00
0.00000000e+00
-3.37526247e-01
-9.52673203e-01
0.00000000e+00
0.00000000e+00
-3.09717329e-01
1 -999999999 4 0 -1
1 0 2 1 -1
-3.8362e-01 6.8543e-01
356
3.11234194e-01
0.00000000e+00
0.00000000e+00
0.00000000e+00
0.00000000e+00
0.00000000e+00
0.00000000e+00
0.00000000e+00
0.00000000e+00
0.00000000e+00
0.00000000e+00
0.00000000e+00
0.00000000e+00
0.00000000e+00
0.00000000e+00
0.00000000e+00
3.11234194e-01
0.00000000e+00
1.15365313e+00
-9.41192295e-01
-1.24839660e+00
1.17277453e-01
0.00000000e+00
0.00000000e+00
4.44610611e-01
2.85257175e-01
0.00000000e+00
0.00000000e+00
2.78650164e-01
3.73157323e-01
5.01845640e-01
-2.48219135e-01
5.59453329e-01
-7.47564211e-01
-1.16774179e+00
-5.85070813e-02
-3.45763786e-01
3.87319158e-01
7.67935250e-01
1.12025918e-01
8.83375179e-02
0.00000000e+00
0.00000000e+00
0.00000000e+00
0.00000000e+00
0.00000000e+00
0.00000000e+00
0.00000000e+00
0.00000000e+00
0.00000000e+00
0.00000000e+00
3.12155644e-02
-4.63931328e-01
-3.87138586e-01
0.00000000e+00
0.00000000e+00
0.00000000e+00
0.00000000e+00
-1.05859073e-01
8.62864694e-01
8.48427946e-01
-2.69152159e-02
8.87079202e-01
-1.12218365e+00
-4.97530983e-01
1.49229222e-01
-8.20882897e-01
-1.76471210e-01
8.59527395e-01
5.72210461e-03
-6.31626824e-01
8.04429875e-01
-1.02739286e-02
-6.75433432e-01
-5.00093156e-01
-3.64121822e-03
-5.23181619e-01
-8.52629919e-01
-4.67952620e-03
-6.36772469e-01
0.00000000e+00
-3.20576142e-02
3.43291809e-01
0.00000000e+00
0.00000000e+00
0.00000000e+00
0.00000000e+00
0.00000000e+00
0.00000000e+00
0.00000000e+00
-8.18869428e-02
-2.31424415e-01
-5.13648516e-01
-2.54163597e-01
-3.32647389e-01
-4.09434606e-01
-1.80237332e-01
2.03062419e-02
-1.89978372e-01
1.30307232e-01
0.00000000e+00
0.00000000e+00
0.00000000e+00
0.00000000e+00
4.57803858e+00
1.94564563e+00
0.00000000e+00
0.00000000e+00
0.00000000e+00
0.00000000e+00
3.83429557e-01
-5.65011641e-01
5.88759565e-02
-1.22050128e-01
-2.15223636e-01
-6.99445326e-01
-9.80824478e-01
-2.12655469e+00
0.00000000e+00
0.00000000e+00
0.00000000e+00
0.00000000e+00
0.00000000e+00
0.00000000e+00
9.49780387e-01
-8.70749182e-02
-5.88047890e-02
-4.44694346e-01
-7.01138720e-01
-1.29247905e+00
5.38449140e+00
5.60751171e+00
5.62866215e+00
5.55845258e+00
5.75450805e+00
5.58255405e+00
-4.23269959e-03
1.18149689e-02
-1.19450045e-01
7.41904941e-02
-1.51324986e-02
-1.50881263e-01
-3.48677262e-01
-3.32470218e-01
-3.28227367e-01
-3.87387936e-01
-4.76320131e-01
-6.74866739e-01
-1.81582084e-01
0.00000000e+00
0.00000000e+00
0.00000000e+00
0.00000000e+00
0.00000000e+00
0.00000000e+00
0.00000000e+00
4.92816279e-01
-4.17945894e-01
-3.25172273e+00
0.00000000e+00
-8.18302802e-01
-7.86319082e-01
-1.96778860e-01
-8.48092357e-01
-1.01508166e+00
0.00000000e+00
0.00000000e+00
0.00000000e+00
-3.24476176e-01
1.49666567e-01
-1.23012801e-02
1.17154314e-01
-1.26650338e+00
2.29363430e-01
4.11783573e-01
-1.20826495e-01
6.07340651e-01
0.00000000e+00
3.36874006e-01
3.24129102e-01
-8.66206545e-01
5.54087115e-01
-2.35494272e-02
1.54969398e-01
-2.58085969e-02
-1.18998452e+00
1.95292740e-01
-2.66086143e-01
4.52315049e-01
0.00000000e+00
0.00000000e+00
0.00000000e+00
1.14173742e-01
-8.15171325e-02
-2.37907369e-01
-1.77521639e-01
4.25735468e-01
1.10720460e-01
-9.38041135e-02
-2.33912744e-01
-7.03461821e-01
0.00000000e+00
2.93200622e-01
5.80217908e-01
2.15825656e-01
8.95911281e-03
-2.43764187e-01
-3.44544885e-01
-1.26519133e-02
3.87926656e-01
6.69265528e-02
3.77714676e-01
-4.91409624e-01
-2.71962596e-01
-6.84708603e-01
-4.22367532e-02
4.54982760e-01
5.36340994e-02
-4.92297304e-02
-2.76366965e-01
-1.76265993e-01
0.00000000e+00
0.00000000e+00
0.00000000e+00
-2.77515411e-02
6.30116558e-01
-6.33827192e-02
1.13960999e+00
1.04163399e-01
1.07902384e-01
4.06830758e-01
-5.90780318e-01
7.98155367e-01
0.00000000e+00
8.74170796e-02
-4.88264556e-01
-5.98545794e-01
-1.94902035e-01
-8.99486467e-01
-5.33133189e-01
-3.68668708e-01
4.10589481e-01
-2.64489486e-01
1.68353803e-01
-2.19447028e-01
-2.36294666e-01
9.41564228e-02
0.00000000e+00
-5.23672038e-01
-5.46340206e-01
-7.30482132e-01
1.84141926e-01
0.00000000e+00
1.02782464e-01
-5.04369721e-02
-5.98685697e-01
2.26681679e-02
1.13050458e-01
0.00000000e+00
0.00000000e+00
-1.63441144e+00
0.00000000e+00
0.00000000e+00
0.00000000e+00
-7.90806224e-01
-1.45618642e+00
1.48157305e-01
-1.11192670e-01
-4.05473110e-01
8.50040495e-01
6.02514085e-01
-8.05944835e-03
-8.03124793e-01
0.00000000e+00
-2.83746449e-01
3.18165213e-01
-8.27928740e-01
4.05266911e-01
2.00729638e-01
6.92720476e-01
4.75991725e-01
-5.08796420e-01
1.37333977e-01
-2.70016986e-01
5.47515238e-02
0.00000000e+00
0.00000000e+00
0.00000000e+00
1.06854997e-02
-2.55449431e-01
-1.36434519e-01
1.33335023e-01
-1.34808363e-02
-1.30353732e-01
-1.21468738e-01
2.46810627e-02
1.98845160e-01
0.00000000e+00
-3.41453506e-03
1.47824945e-01
3.23800953e-01
1.45557760e-01
-1.48616240e-03
-4.52323258e-01
-3.46667480e-01
-4.24359774e-02
1.72847988e-01
4.00687802e-01
-8.58889523e-01
-3.73212363e-01
0.00000000e+00
-8.19517071e-02
-1.60524682e-01
-9.38432973e-04
-3.14425985e-02
-3.40831331e-01
-2.54755568e-01
0.00000000e+00
0.00000000e+00
0.00000000e+00
-7.28431465e-02
-1.43463227e+00
4.38511955e-01
-1.13283395e+00
2.51361423e-01
3.46241322e-01
-3.64235565e-01
8.11880412e-01
-8.55420087e-01
0.00000000e+00
-4.23758234e-01
2.81419356e-01
6.25802593e-02
-1.50576901e-01
1.06394716e+00
1.25214159e+00
6.99916210e-01
-1.76465822e-01
1.56871517e-01
-1.00886080e+00
-4.85677160e-01
0.00000000e+00
4.96846378e-02
9.00887395e-02
-7.75521916e-01
-4.13106719e-01
0.00000000e+00
-1.55638743e-01
-2.35434924e-01
2.79305468e-02
-1.26561712e-01
-3.14475553e-01
-3.62415197e-01
0.00000000e+00
-5.01807849e-02
-5.88011373e-02
247
-4.36848862e-01
0.00000000e+00
0.00000000e+00
0.00000000e+00
0.00000000e+00
0.00000000e+00
0.00000000e+00
0.00000000e+00
0.00000000e+00
1.43573686e+00
0.00000000e+00
0.00000000e+00
0.00000000e+00
0.00000000e+00
-4.36848862e-01
0.00000000e+00
2.91378419e-01
-7.28227280e-01
-1.35611986e+00
-1.79459548e+00
0.00000000e+00
0.00000000e+00
0.00000000e+00
6.07099278e-01
-1.79212968e-01
0.00000000e+00
0.00000000e+00
-4.36848862e-01
0.00000000e+00
-3.80595637e-01
0.00000000e+00
-1.92686209e-02
3.51165792e-01
1.51863212e-01
0.00000000e+00
0.00000000e+00
0.00000000e+00
0.00000000e+00
0.00000000e+00
0.00000000e+00
0.00000000e+00
-1.47869528e-01
1.20155391e-02
6.29721931e-02
-4.90691757e-03
-3.51951527e-01
-6.18977893e-03
0.00000000e+00
0.00000000e+00
0.00000000e+00
2.05115960e-01
2.20785490e-01
0.00000000e+00
0.00000000e+00
0.00000000e+00
0.00000000e+00
0.00000000e+00
0.00000000e+00
0.00000000e+00
5.15595284e+00
2.16137762e+00
0.00000000e+00
0.00000000e+00
0.00000000e+00
0.00000000e+00
0.00000000e+00
-2.20837297e-01
-1.46336987e-01
-1.18637080e-01
-2.56782599e-01
-1.08548393e+00
-1.24102274e+00
-2.07415259e+00
0.00000000e+00
0.00000000e+00
0.00000000e+00
0.00000000e+00
0.00000000e+00
0.00000000e+00
7.94851093e-01
-1.35338744e-01
-2.25556118e-01
-6.70435171e-01
-8.83058077e-01
-1.47868947e+00
7.12186500e+00
7.30683106e+00
7.27779948e+00
7.11182362e+00
7.06156893e+00
7.11839422e+00
1.19852857e-01
1.06919000e-01
4.85849846e-02
4.44777087e-02
3.92783287e-02
-2.41974794e-01
-3.17629829e-01
-4.93056496e-01
-5.42296518e-01
-4.28870908e-01
-1.57145184e-01
-6.12082349e-01
-6.70385790e-01
0.00000000e+00
0.00000000e+00
0.00000000e+00
2.33536928e-01
-6.36431965e-01
-4.07137200e+00
0.00000000e+00
-1.17242026e+00
-3.49009449e-01
-1.20410877e+00
-1.05251483e+00
-1.52142971e+00
0.00000000e+00
0.00000000e+00
0.00000000e+00
-7.36777196e-02
0.00000000e+00
1.98280490e-01
4.30021299e-02
-6.89822785e-01
3.40987025e-01
-4.21784943e-02
2.58707318e-01
1.37387224e-01
0.00000000e+00
3.67384894e-01
1.28664283e+00
-3.13601015e-01
8.81730723e-01
3.07099519e-01
4.54798102e-01
5.45987983e-01
0.00000000e+00
1.01905135e+00
-2.78470677e-01
-8.00300296e-01
-3.95988386e-01
-3.09258071e-01
2.98008949e-01
0.00000000e+00
-1.38755056e-01
0.00000000e+00
0.00000000e+00
0.00000000e+00
1.41875876e-01
0.00000000e+00
1.27658350e-01
-9.26943757e-01
0.00000000e+00
8.09685684e-01
3.60308706e-01
2.60442348e-02
-1.95892730e-01
0.00000000e+00
6.14683999e-01
4.58933150e-01
-4.82946315e-02
-9.62533814e-01
5.46889534e-01
2.04042440e-01
5.69211177e-02
0.00000000e+00
-8.63353361e-01
8.63028276e-01
-4.04311910e-01
-3.09952617e-01
-4.10110923e-04
0.00000000e+00
-7.21129415e-01
-7.76431875e-01
-1.00631769e+00
2.29885817e-01
0.00000000e+00
5.53024600e-02
-9.46285077e-01
0.00000000e+00
0.00000000e+00
-2.25662360e+00
0.00000000e+00
0.00000000e+00
0.00000000e+00
-6.52743974e-01
-3.51687632e+00
2.99301239e-01
3.63946335e-01
-6.30072763e-02
2.77666619e-01
3.09754363e-01
6.57816231e-01
-1.18120253e-01
0.00000000e+00
-5.75875818e-01
-1.02546146e+00
-5.45864025e-01
1.06607050e+00
4.91571743e-01
7.74220122e-01
5.70807358e-01
-7.69868987e-01
5.31106243e-01
-3.31066230e-01
-1.05387455e+00
-4.07000937e-01
0.00000000e+00
1.19721970e-01
-1.02011398e-01
-1.06142335e-01
0.00000000e+00
0.00000000e+00
0.00000000e+00
1.92744471e-01
1.20355027e+00
-3.75701809e-01
2.60265387e-01
-2.87443607e-01
1.82360077e-01
2.25723063e-01
-5.46045065e-01
7.01534113e-01
0.00000000e+00
2.80985443e-01
1.12543601e-01
-1.77778076e-01
-1.25650034e-01
-1.14098878e+00
-5.04864060e-01
-4.36363924e-01
4.06767208e-02
2.18479145e-03
2.86125079e-01
-6.46873614e-01
0.00000000e+00
9.00836715e-02
-2.17028709e-02
-1.20274905e+00
-7.97107834e-01
0.00000000e+00
0.00000000e+00
-3.74349147e-02
-4.05641212e-01
0.00000000e+00
6.76248712e-01
-5.53501846e-03
4 2
-6.2468e-02 2.4943e-01
2 -1
0 1 
217
-4.61591631e-01
-2.13371914e-01
-2.37010660e-01
-9.69877481e-01
-4.69533782e-02
-7.01828711e-02
-4.07786875e-01
5.32692189e-01
4.83254806e-02
1.55565281e-01
6.73499372e-02
-2.93956435e-01
-1.22526796e-01
-1.55480719e-01
0.00000000e+00
0.00000000e+00
0.00000000e+00
0.00000000e+00
0.00000000e+00
0.00000000e+00
0.00000000e+00
0.00000000e+00
0.00000000e+00
-4.61591631e-01
3.21208101e-03
-4.30555840e-01
-3.97898694e-02
-7.99759784e-02
-3.41825783e-01
0.00000000e+00
0.00000000e+00
0.00000000e+00
0.00000000e+00
0.00000000e+00
0.00000000e+00
0.00000000e+00
0.00000000e+00
-2.50315420e-01
-8.51049389e-03
0.00000000e+00
0.00000000e+00
0.00000000e+00
0.00000000e+00
0.00000000e+00
0.00000000e+00
-1.93977739e-01
-5.63376813e-02
-8.51049389e-03
0.00000000e+00
0.00000000e+00
0.00000000e+00
0.00000000e+00
0.00000000e+00
0.00000000e+00
0.00000000e+00
0.00000000e+00
0.00000000e+00
0.00000000e+00
0.00000000e+00
0.00000000e+00
-8.51049389e-03
-5.63376813e-02
-1.93977739e-01
1.56999649e-01
-4.16103047e-01
-1.37926970e+00
-9.71614079e-03
1.54186429e-01
-1.92772092e-01
-2.15188657e-02
-3.49952099e-01
-4.67913562e-02
-3.58252514e-01
-8.20377453e-02
-7.22390271e-01
1.71895700e-02
-1.95230314e-01
0.00000000e+00
0.00000000e+00
0.00000000e+00
0.00000000e+00
0.00000000e+00
0.00000000e+00
0.00000000e+00
0.00000000e+00
0.00000000e+00
0.00000000e+00
0.00000000e+00
0.00000000e+00
0.00000000e+00
0.00000000e+00
0.00000000e+00
0.00000000e+00
0.00000000e+00
0.00000000e+00
0.00000000e+00
0.00000000e+00
0.00000000e+00
0.00000000e+00
0.00000000e+00
0.00000000e+00
0.00000000e+00
0.00000000e+00
0.00000000e+00
0.00000000e+00
0.00000000e+00
0.00000000e+00
0.00000000e+00
0.00000000e+00
0.00000000e+00
0.00000000e+00
0.00000000e+00
0.00000000e+00
0.00000000e+00
0.00000000e+00
0.00000000e+00
0.00000000e+00
0.00000000e+00
0.00000000e+00
2.76620823e+00
8.16559491e-01
-5.49851395e-01
0.00000000e+00
0.00000000e+00
0.00000000e+00
6.96159663e-02
-3.27002072e-01
-3.33103467e-01
-2.01114697e-01
-3.05594272e-01
3.91711103e-01
3.48736127e-02
1.96685345e-01
-3.77729289e-01
0.00000000e+00
7.19652780e-01
2.91659892e-02
-4.70097313e-01
1.36651243e-01
2.64150594e-02
2.74201850e-02
8.25476758e-02
-2.70210887e-01
-2.12181940e-01
2.32443584e-01
1.10588529e-01
0.00000000e+00
0.00000000e+00
0.00000000e+00
5.82365115e-02
-8.18192196e-01
1.89467382e-01
3.11749209e-01
-3.52809763e-01
-4.61722816e-02
1.77605853e-01
-2.14466578e-01
2.30414196e-01
0.00000000e+00
2.20789879e-01
7.64574911e-02
-1.16551759e-01
3.04183166e-01
-1.36752855e-01
3.35324743e-02
3.92524766e-02
-2.38441386e-01
1.47151845e-01
2.45134863e-01
-5.17603757e-01
0.00000000e+00
0.00000000e+00
0.00000000e+00
1.20730703e-01
-3.90066221e-01
-2.81740259e-03
4.39135668e-01
-4.49780881e-01
5.18097495e-01
5.75970425e-01
7.67030201e-02
-4.55553059e-01
0.00000000e+00
1.08434374e+00
-6.38875649e-02
-3.07003719e-01
3.44208329e-01
-2.69388210e+00
4.03371600e-01
9.38387007e-02
-3.83945239e-01
1.23250677e-01
4.49682063e-01
-1.00369127e-01
0.00000000e+00
0.00000000e+00
0.00000000e+00
1.24209498e-02
-7.64909546e-01
-5.35010727e-02
-6.86905798e-02
-1.95375530e-01
-8.14804092e-02
-7.65355047e-02
4.80200872e-02
2.52271195e-01
0.00000000e+00
-1.51971337e-01
1.12050814e-01
-2.77409667e-01
9.45794674e-02
1.23745563e+00
5.86211098e-02
1.82416099e-01
-2.75832351e-01
-1.01170097e-02
-1.42381474e-01
136
-1.91549434e-01
0.00000000e+00
0.00000000e+00
0.00000000e+00
0.00000000e+00
0.00000000e+00
0.00000000e+00
-1.91549434e-01
1.24530102e-03
-2.56369699e-01
-2.12063366e-02
8.60266008e-02
0.00000000e+00
0.00000000e+00
0.00000000e+00
0.00000000e+00
0.00000000e+00
0.00000000e+00
0.00000000e+00
0.00000000e+00
-2.48941729e-01
6.86811287e-02
0.00000000e+00
0.00000000e+00
0.00000000e+00
0.00000000e+00
0.00000000e+00
0.00000000e+00
3.96362225e-01
-6.45303954e-01
6.86811287e-02
0.00000000e+00
0.00000000e+00
0.00000000e+00
0.00000000e+00
0.00000000e+00
0.00000000e+00
0.00000000e+00
0.00000000e+00
0.00000000e+00
0.00000000e+00
0.00000000e+00
0.00000000e+00
0.00000000e+00
0.00000000e+00
0.00000000e+00
9.65399608e-02
-7.53132749e-01
8.26257218e-02
-3.29655157e-01
-6.84018484e-01
-1.60813452e-01
5.45886844e-01
-3.32964553e-01
2.97548240e-01
-4.26735282e-01
0.00000000e+00
0.00000000e+00
0.00000000e+00
0.00000000e+00
6.86811287e-02
-6.45303954e-01
3.96362225e-01
0.00000000e+00
0.00000000e+00
0.00000000e+00
0.00000000e+00
0.00000000e+00
0.00000000e+00
0.00000000e+00
0.00000000e+00
0.00000000e+00
0.00000000e+00
0.00000000e+00
0.00000000e+00
0.00000000e+00
0.00000000e+00
0.00000000e+00
0.00000000e+00
0.00000000e+00
0.00000000e+00
0.00000000e+00
0.00000000e+00
0.00000000e+00
0.00000000e+00
0.00000000e+00
1.92163053e+00
4.71997238e-01
-6.62357229e-01
0.00000000e+00
0.00000000e+00
0.00000000e+00
1.49319686e-01
-3.27251095e-01
-4.18456672e-03
1.91665431e-01
-1.66696569e+00
4.39034274e-01
2.98399652e-01
2.48065830e-01
2.83107736e-01
0.00000000e+00
9.34692842e-01
1.04380068e-01
-1.23057318e+00
4.56095282e-01
5.48746249e-01
1.53120307e-01
1.23976351e-01
-1.41968951e+00
-2.71326252e-01
3.27029351e-01
-8.45855467e-01
0.00000000e+00
0.00000000e+00
0.00000000e+00
3.14983848e-01
-2.27964330e+00
1.01735906e-01
9.04217223e-01
-1.12701205e+00
8.81811452e-01
9.25209154e-01
8.35846728e-02
-7.80795686e-01
0.00000000e+00
1.03235635e+00
-7.80512691e-01
-9.46956093e-01
7.88660569e-01
-3.94140165e-01
4.35837352e-01
3.63538588e-01
-1.04752364e+00
8.63490712e-02
5.92443977e-01
2 1
-1.0992e-01 2.5106e-01
3 1
0 1 4 
217
4.18731094e-01
1.01693592e-01
-4.55790258e-01
-6.32749738e-01
1.15148723e-01
2.54720576e-01
3.40242058e-01
1.34421125e-01
4.34291745e-01
-9.64923654e-01
-3.63696262e-01
-5.88348865e-01
0.00000000e+00
0.00000000e+00
6.11169005e-01
-5.31088348e-03
-4.89296966e-01
2.24271360e-01
-3.99347527e-03
-6.00386470e-01
9.41369253e-02
-2.28915673e-03
-6.88068579e-01
-5.10846196e-01
-2.17298011e-01
8.45789912e-02
0.00000000e+00
7.32988880e-02
3.45432206e-01
0.00000000e+00
0.00000000e+00
0.00000000e+00
0.00000000e+00
0.00000000e+00
0.00000000e+00
0.00000000e+00
0.00000000e+00
4.30911652e-02
2.22415860e-02
3.75442518e-01
0.00000000e+00
0.00000000e+00
0.00000000e+00
0.00000000e+00
0.00000000e+00
8.03101012e-02
-3.72189359e-02
-1.07456421e-01
0.00000000e+00
-7.62001245e-02
2.05898131e-01
3.75442518e-01
0.00000000e+00
0.00000000e+00
0.00000000e+00
0.00000000e+00
0.00000000e+00
0.00000000e+00
0.00000000e+00
0.00000000e+00
4.73884229e-01
-3.72189359e-02
4.10997664e-03
7.84587507e-01
-6.37952488e-01
-9.81241260e-01
2.60084107e-01
4.25882587e-01
1.20119676e-02
6.74924352e-01
0.00000000e+00
-1.79341991e-02
-5.32345943e-01
2.29671379e-01
-1.05519825e+00
2.06993914e-01
-4.07896315e-01
0.00000000e+00
-8.64094313e-02
-1.00190564e+00
1.69497071e-01
3.30408104e-01
3.35643454e-01
5.39222772e-01
0.00000000e+00
0.00000000e+00
0.00000000e+00
0.00000000e+00
0.00000000e+00
0.00000000e+00
0.00000000e+00
0.00000000e+00
0.00000000e+00
0.00000000e+00
0.00000000e+00
0.00000000e+00
0.00000000e+00
0.00000000e+00
0.00000000e+00
0.00000000e+00
0.00000000e+00
0.00000000e+00
0.00000000e+00
0.00000000e+00
0.00000000e+00
0.00000000e+00
0.00000000e+00
0.00000000e+00
0.00000000e+00
0.00000000e+00
0.00000000e+00
0.00000000e+00
0.00000000e+00
0.00000000e+00
0.00000000e+00
0.00000000e+00
0.00000000e+00
0.00000000e+00
0.00000000e+00
1.18364321e+00
4.30724786e-01
-2.13263077e+00
0.00000000e+00
0.00000000e+00
0.00000000e+00
2.58918583e-01
-2.23237701e-02
8.79274224e-02
9.94930337e-01
-6.05609894e-01
3.08374789e-01
2.65787976e-01
6.34179184e-01
2.26360306e-01
0.00000000e+00
6.91630462e-01
1.91557594e-01
-6.77181830e-01
6.70334317e-01
1.34132254e-01
8.66233732e-01
6.10153102e-01
-4.55197280e-01
3.15350054e-01
4.34728756e-01
-4.15886682e-02
0.00000000e+00
0.00000000e+00
0.00000000e+00
8.54455358e-01
-3.41711003e-03
4.08575526e-01
4.02511757e-01
-5.29603720e-02
4.36882528e-01
6.04976823e-01
4.52423175e-01
3.52521206e-01
0.00000000e+00
9.93708968e-01
1.84498769e-01
5.46759430e-02
3.32146304e-01
3.32891848e-01
3.79442652e-01
6.10953663e-01
1.78805264e-01
5.45714260e-01
9.72478844e-01
-8.21146360e-01
0.00000000e+00
0.00000000e+00
0.00000000e+00
6.16075979e-02
-1.15521943e+00
2.52307541e-02
1.19803801e+00
-1.07475135e+00
5.29505870e-01
9.64014430e-01
-2.58302727e-01
-9.42126968e-02
0.00000000e+00
4.98285043e-01
-1.54833639e-01
-1.39587514e+00
2.13100741e-01
2.67091726e-01
1.70802713e-01
2.59893569e-01
-9.40896940e-01
-5.02320603e-02
1.15607170e-01
-1.99140772e-02
0.00000000e+00
0.00000000e+00
0.00000000e+00
1.28684536e-01
-1.55163248e+00
4.87043067e-03
-6.30696019e-01
-1.29581181e-01
1.44797301e-01
-1.70107984e-01
3.35313927e-01
-4.83326499e-01
0.00000000e+00
2.49295317e-01
1.09248254e-01
3.84748111e-01
6.97225321e-01
8.72538604e-02
1.74165201e-01
-2.09782887e-02
-6.87059024e-02
2.95629459e-01
4.23882562e-01
136
4.69888739e-01
7.61352211e-01
-1.02971823e-02
1.73305491e-01
-2.83390598e-03
-4.50446558e-02
-3.39288725e-03
-4.19724307e-01
7.68198699e-02
0.00000000e+00
2.77369137e-01
5.70106142e-01
0.00000000e+00
0.00000000e+00
0.00000000e+00
0.00000000e+00
0.00000000e+00
0.00000000e+00
0.00000000e+00
0.00000000e+00
-4.78975246e-01
1.01993666e-01
8.59018416e-01
0.00000000e+00
0.00000000e+00
0.00000000e+00
0.00000000e+00
0.00000000e+00
1.94620923e-01
-6.71687152e-01
3.11724532e-01
0.00000000e+00
-2.14453530e-01
4.72266470e-03
8.59018416e-01
0.00000000e+00
0.00000000e+00
0.00000000e+00
0.00000000e+00
0.00000000e+00
0.00000000e+00
0.00000000e+00
0.00000000e+00
0.00000000e+00
0.00000000e+00
0.00000000e+00
1.28719365e-01
-8.09740966e-01
9.19891416e-02
-2.48298227e-01
-8.73869180e-01
0.00000000e+00
4.92633772e-01
-1.48243355e-01
2.01245317e-01
-6.90761940e-01
0.00000000e+00
-1.77489793e-01
1.87872662e-01
-1.52760963e-01
-9.26656068e-01
-6.71687152e-01
-2.17416247e-02
0.00000000e+00
0.00000000e+00
0.00000000e+00
0.00000000e+00
0.00000000e+00
0.00000000e+00
0.00000000e+00
0.00000000e+00
0.00000000e+00
0.00000000e+00
0.00000000e+00
0.00000000e+00
0.00000000e+00
0.00000000e+00
0.00000000e+00
0.00000000e+00
0.00000000e+00
0.00000000e+00
0.00000000e+00
0.00000000e+00
0.00000000e+00
0.00000000e+00
0.00000000e+00
1.57189860e+00
5.02794320e-01
-1.28036845e+00
0.00000000e+00
0.00000000e+00
0.00000000e+00
3.17502874e-01
-1.88149530e+00
1.42504729e-01
2.82863938e-01
-1.51132243e+00
5.09741838e-01
3.55363474e-01
4.54867273e-01
-2.83615398e-01
0.00000000e+00
9.79014744e-01
-2.10067165e-01
-1.23542734e+00
6.20987219e-01
5.98973465e-01
3.06392797e-01
5.29803079e-02
-1.07131950e+00
-1.08133922e-01
3.99819951e-01
-8.10328527e-01
0.00000000e+00
0.00000000e+00
0.00000000e+00
2.53339099e-01
-2.32251605e+00
1.15361115e-01
8.09115311e-01
-1.19693921e+00
7.85542584e-01
8.16139042e-01
7.05010450e-02
-3.27521843e-01
0.00000000e+00
8.26802760e-01
-5.76772153e-01
-1.02182593e+00
7.83014973e-01
-1.44981679e-01
4.10120542e-01
3.38381543e-01
-9.10042662e-01
9.16756745e-02
3.90277306e-01
5 1
-2.7526e-01 3.2349e-01
4 0
0 1 4 2 
217
5.75202501e-02
1.67726107e-02
-3.51158498e-01
-1.82792365e-01
1.39980034e-01
-4.98694998e-02
2.48598782e-01
-9.76154799e-02
7.86586087e-02
-2.60991322e-01
-5.02913800e-01
-3.21725855e-01
9.31966257e-02
-1.80021748e-01
2.38596027e-01
2.66424145e-03
-4.43593771e-01
1.54848029e-01
-2.91070054e-03
-3.06253811e-01
-7.84430133e-02
-1.57181168e-03
-4.48696155e-01
-2.57480793e-01
4.20148994e-03
-4.41719065e-01
-4.68307118e-01
1.68053354e-01
3.57774015e-01
0.00000000e+00
0.00000000e+00
0.00000000e+00
0.00000000e+00
0.00000000e+00
0.00000000e+00
0.00000000e+00
0.00000000e+00
-1.17696169e-01
-3.24851529e-01
2.18310151e-02
4.78236933e-01
0.00000000e+00
0.00000000e+00
0.00000000e+00
0.00000000e+00
3.44341020e-02
-1.52130270e-01
-1.36059933e-01
0.00000000e+00
-1.00930548e-01
2.49026212e-02
6.27142478e-02
0.00000000e+00
-1.52872184e-01
4.01085140e-02
5.86031270e-02
0.00000000e+00
-3.47458913e-01
2.47972553e-01
4.78236933e-01
2.36038452e-01
-1.12021756e-01
-6.64964458e-02
6.56024588e-01
-4.95171170e-01
-1.01764991e+00
-4.53388353e-02
2.71660842e-01
-5.79943322e-02
-3.66392833e-01
-8.00941813e-01
2.34114270e-01
-4.92566953e-01
3.57722838e-01
-9.31492361e-01
2.66624955e-01
4.66979227e-02
0.00000000e+00
-3.07916644e-01
-1.02599432e+00
2.53157171e-01
2.73331643e-01
1.12279723e-01
1.56782595e-01
-4.82011545e-02
-2.18868626e-01
-4.64236865e-01
2.85999698e-01
-5.33436778e-01
3.85903323e-02
4.50468650e-01
0.00000000e+00
0.00000000e+00
0.00000000e+00
0.00000000e+00
0.00000000e+00
0.00000000e+00
0.00000000e+00
0.00000000e+00
0.00000000e+00
0.00000000e+00
0.00000000e+00
0.00000000e+00
0.00000000e+00
0.00000000e+00
0.00000000e+00
0.00000000e+00
0.00000000e+00
0.00000000e+00
0.00000000e+00
0.00000000e+00
0.00000000e+00
0.00000000e+00
0.00000000e+00
0.00000000e+00
0.00000000e+00
0.00000000e+00
0.00000000e+00
0.00000000e+00
2.10739419e+00
2.98112877e-01
-1.83271743e-01
0.00000000e+00
0.00000000e+00
0.00000000e+00
4.37878409e-01
-1.49557233e-01
2.08038416e-01
-5.76060127e-01
-1.31647158e+00
3.76094689e-01
2.72073690e-01
3.45096123e-02
3.89863743e-01
0.00000000e+00
1.18972395e+00
3.60819136e-01
-1.60303626e+00
-6.61118898e-03
5.02958093e-01
-3.31257619e-01
5.47562866e-01
-1.38358364e+00
6.76761453e-03
8.57015681e-01
-6.74327387e-02
0.00000000e+00
0.00000000e+00
0.00000000e+00
-2.05569368e-01
5.61539532e-02
-2.94108318e-01
7.87349079e-01
-1.67781307e-02
-9.65844761e-02
1.48058044e-01
-3.74018897e-01
1.97286494e-01
0.00000000e+00
-2.45251678e-02
1.70858405e-01
3.33804056e-01
2.58738671e-01
-6.81518129e-01
1.69500486e-01
-3.75557107e-01
-5.55704373e-02
-6.24910424e-02
-2.46085109e-03
-6.41193379e-01
0.00000000e+00
0.00000000e+00
0.00000000e+00
-2.29898018e-01
-1.45298447e+00
6.94155480e-02
1.10047408e+00
-6.63885509e-01
4.41718890e-01
4.69396028e-01
8.61746940e-02
-2.99243575e-01
0.00000000e+00
7.24754612e-01
-4.40846773e-01
-8.48915817e-01
4.48697697e-01
3.79421818e-02
6.24470691e-02
9.86081355e-02
-7.37774940e-01
6.93796727e-01
-2.01069941e-01
-1.75467804e-01
0.00000000e+00
0.00000000e+00
0.00000000e+00
2.29597690e-01
-7.29004623e-01
-7.89257125e-04
-4.02179318e-01
4.73052833e-02
8.31272636e-01
2.75787921e-01
2.48600483e-01
-3.32411724e-01
0.00000000e+00
-3.59065288e-01
-9.74760348e-02
-2.74767616e-01
-2.78795992e-02
7.25984628e-01
3.47322954e-01
1.66205014e-01
-3.65907426e-01
-6.15162097e-01
1.57098569e-01
136
3.60972735e-01
2.65724654e-01
-1.87441808e-03
3.06864364e-01
-2.99986225e-03
-6.60460382e-02
-6.43194241e-04
-1.45570246e-01
1.56896160e-03
-2.60031614e-02
2.09439225e-01
1.77536672e-01
0.00000000e+00
0.00000000e+00
0.00000000e+00
0.00000000e+00
0.00000000e+00
0.00000000e+00
0.00000000e+00
0.00000000e+00
-2.09953774e-01
-1.59395526e-01
2.38962417e-01
4.95544012e-01
0.00000000e+00
0.00000000e+00
0.00000000e+00
0.00000000e+00
3.74664534e-01
-5.84618307e-01
4.28524216e-01
0.00000000e+00
-6.67586338e-02
1.87890135e-01
1.94335258e-01
0.00000000e+00
3.14755459e-01
-1.02380670e+00
2.14824493e-01
0.00000000e+00
-1.19167951e-01
-5.10293824e-02
4.95544012e-01
0.00000000e+00
0.00000000e+00
0.00000000e+00
-3.69216721e-01
-1.10653193e+00
1.99855139e-01
-1.44616566e-01
-7.78674365e-01
5.05964667e-02
4.48712547e-01
2.61959919e-02
2.09332727e-01
-5.63868559e-01
0.00000000e+00
-2.79840703e-01
3.78040484e-01
-6.94969698e-02
-9.69686032e-01
-2.67400344e-01
-5.03265959e-01
-3.55674256e-01
7.66527527e-02
-2.69886238e-01
0.00000000e+00
0.00000000e+00
0.00000000e+00
0.00000000e+00
0.00000000e+00
0.00000000e+00
0.00000000e+00
0.00000000e+00
0.00000000e+00
0.00000000e+00
0.00000000e+00
0.00000000e+00
0.00000000e+00
0.00000000e+00
0.00000000e+00
0.00000000e+00
0.00000000e+00
0.00000000e+00
0.00000000e+00
0.00000000e+00
1.97821536e+00
3.78372746e-01
-6.11866122e-01
0.00000000e+00
0.00000000e+00
0.00000000e+00
2.11364773e-01
-1.26643437e+00
6.35721003e-02
1.45702135e-01
-1.44715579e+00
3.94452979e-01
2.78870825e-01
3.78743364e-01
-1.25238673e-02
0.00000000e+00
1.09091669e+00
-2.33447246e-01
-1.05329011e+00
5.80688802e-01
5.66438541e-01
2.88934359e-01
2.55885126e-01
-1.07421288e+00
-1.30438582e-01
3.50067042e-01
-9.01924052e-01
0.00000000e+00
0.00000000e+00
0.00000000e+00
3.19201593e-01
-2.49248510e+00
3.15710291e-02
7.97257028e-01
-1.14936857e+00
4.15803006e-01
7.50159191e-01
1.58014879e-01
-2.85040521e-01
0.00000000e+00
1.14303010e+00
-5.03686883e-01
-9.62886385e-01
7.74342429e-01
-2.73753848e-01
4.81310894e-01
3.54066963e-01
-1.06404527e+00
4.50240257e-02
5.59561380e-01
7 1
-4.7717e-01 3.4158e-01
5 1
0 1 4 2 5 
217
-2.72729566e-01
2.16201773e-01
-1.00287237e-01
1.27242847e-01
-5.30751452e-01
7.73230763e-01
3.39718674e-01
2.97362913e-01
8.45553089e-01
-5.55841338e-01
-3.43787980e-01
-7.97055888e-02
0.00000000e+00
0.00000000e+00
6.22852630e-01
-1.23316615e-02
-2.00086007e-01
1.93121905e-02
-5.05162762e-03
-3.39080429e-01
-6.71484387e-01
-3.82889095e-03
-5.72245560e-02
-2.43409999e-01
1.43292572e-01
-5.51227210e-01
0.00000000e+00
-2.72831770e-01
1.02204047e-04
0.00000000e+00
0.00000000e+00
0.00000000e+00
0.00000000e+00
0.00000000e+00
0.00000000e+00
0.00000000e+00
0.00000000e+00
7.53226786e-02
-3.69860439e-01
-2.15995910e-01
2.25183377e-02
2.15285767e-01
0.00000000e+00
0.00000000e+00
0.00000000e+00
1.61243200e-01
-4.97203561e-02
-3.63241185e-02
0.00000000e+00
-1.99946087e-01
-1.78001707e-01
-6.34878640e-02
0.00000000e+00
-3.19874294e-01
9.40912719e-03
-1.06446060e-01
0.00000000e+00
-1.37705676e-01
1.11544047e-01
5.36580221e-01
1.96682153e-01
-4.30708833e-01
-3.87028870e-02
5.67404639e-01
-6.74173527e-01
-1.11459452e+00
-1.06376634e-01
5.77498023e-01
-5.95840439e-02
5.71240494e-01
0.00000000e+00
-4.96282857e-01
-7.13328360e-02
1.17336677e-01
-6.59865060e-01
1.06216614e-01
3.00027821e-01
0.00000000e+00
-3.41712500e-01
-1.06872477e+00
1.31805719e-01
3.15591936e-01
-6.28227848e-02
-8.75181496e-01
-5.37188841e-02
-3.12518048e-01
-7.09605717e-01
2.04466621e-01
-7.63955685e-01
-1.10959255e-01
-5.03497273e-01
9.24838406e-02
7.53250264e-04
-1.22696518e-01
-2.56230746e-01
-4.64249401e-01
-1.09735911e-01
-1.58581282e-01
0.00000000e+00
0.00000000e+00
0.00000000e+00
0.00000000e+00
0.00000000e+00
0.00000000e+00
0.00000000e+00
0.00000000e+00
0.00000000e+00
0.00000000e+00
0.00000000e+00
0.00000000e+00
0.00000000e+00
0.00000000e+00
0.00000000e+00
0.00000000e+00
0.00000000e+00
0.00000000e+00
0.00000000e+00
0.00000000e+00
0.00000000e+00
1.36945599e+00
9.87354742e-01
-1.45213455e+00
0.00000000e+00
0.00000000e+00
0.00000000e+00
-5.56312505e-02
-4.27166307e-01
1.70779777e-01
-1.24825782e-01
-5.75226354e-01
7.33099483e-01
1.81049223e-01
-2.13445947e-01
3.69420045e-01
0.00000000e+00
1.06789411e-01
3.34227673e-01
-1.15342376e+00
4.69459305e-01
-2.46595627e-01
-8.45690785e-02
4.76671522e-01
-5.40432633e-01
-4.28114658e-01
-4.44199587e-01
1.20741048e-01
0.00000000e+00
0.00000000e+00
0.00000000e+00
4.89510666e-01
-7.67553077e-01
6.83887485e-02
5.27791207e-01
-6.65383961e-01
-1.10758630e-01
2.28374688e-01
3.47160267e-01
-5.33806082e-01
0.00000000e+00
8.77681942e-01
-6.30962690e-01
-6.15184291e-01
-1.23746653e-01
2.20805296e-01
8.50306078e-02
-1.39653293e-01
-5.80922845e-01
3.64626291e-01
1.07934286e+00
-1.03635199e-01
0.00000000e+00
0.00000000e+00
0.00000000e+00
-2.39270268e-01
-1.18062356e+00
-2.03833721e-01
3.59173708e-01
-9.80126913e-01
8.20705176e-01
8.91518404e-01
-6.91876172e-01
1.42172665e-01
0.00000000e+00
9.57723402e-01
1.47911351e-01
-9.69747422e-01
7.94742794e-01
1.14888458e-01
-1.01840637e-01
-2.74844206e-02
-7.01730602e-01
2.95751474e-01
4.68311086e-01
-4.65758532e-01
0.00000000e+00
0.00000000e+00
0.00000000e+00
2.99450049e-01
-1.29693877e+00
1.24174802e-01
4.64200123e-03
-2.22716974e-01
1.05160427e-01
-1.71610619e-01
6.73305897e-01
-1.14351765e+00
0.00000000e+00
2.31312869e-02
-1.45232165e-01
-1.59157308e-01
1.77095198e-01
1.76033978e-01
4.95874420e-01
3.13349682e-01
-1.24746813e-01
1.65427570e-01
2.40516454e-01
136
3.41667390e-01
6.41095694e-01
-1.05581707e-02
7.33222962e-02
-3.64755723e-03
-2.45530128e-01
-1.44319360e-03
-1.27220472e-01
5.16005652e-02
0.00000000e+00
1.10307359e-01
3.79204677e-01
0.00000000e+00
0.00000000e+00
0.00000000e+00
0.00000000e+00
0.00000000e+00
0.00000000e+00
0.00000000e+00
0.00000000e+00
-4.18497954e-02
-1.63862189e-01
-9.03246018e-02
1.81332485e-01
4.61068737e-01
0.00000000e+00
0.00000000e+00
0.00000000e+00
2.78689224e-01
-3.45383993e-01
2.54176950e-01
0.00000000e+00
-3.26590376e-01
-1.42142392e-03
3.33098051e-01
0.00000000e+00
1.78709043e-01
-7.26992546e-01
1.49537618e-01
0.00000000e+00
-1.35363626e-01
2.76913088e-01
4.10992627e-01
0.00000000e+00
0.00000000e+00
0.00000000e+00
6.51608630e-03
-8.08098207e-01
3.34457096e-01
-1.00793844e-01
-8.57295930e-01
0.00000000e+00
5.08134809e-01
-1.10226874e-01
2.62487097e-01
-3.10017286e-01
0.00000000e+00
-2.15960948e-01
3.58635321e-01
-1.04629169e-02
-8.83724343e-01
-7.11407462e-01
-4.73154157e-01
4.54864623e-02
3.95105342e-02
-3.70920499e-01
1.29155567e-01
2.79806002e-02
-4.31290947e-01
9.63991598e-02
-3.02610881e-01
0.00000000e+00
0.00000000e+00
0.00000000e+00
0.00000000e+00
0.00000000e+00
0.00000000e+00
0.00000000e+00
0.00000000e+00
0.00000000e+00
0.00000000e+00
0.00000000e+00
0.00000000e+00
0.00000000e+00
0.00000000e+00
0.00000000e+00
1.51146490e+00
3.98656363e-01
-1.30924851e+00
0.00000000e+00
0.00000000e+00
0.00000000e+00
3.33450819e-01
-2.22329575e+00
-2.37292543e-02
3.32890674e-01
-1.34351672e+00
3.50919735e-01
4.72455958e-01
4.68523395e-01
-2.41602328e-01
0.00000000e+00
9.61662525e-01
-1.97389342e-01
-1.19854568e+00
4.78482548e-01
5.91175936e-01
4.64472679e-01
2.15952960e-01
-1.10605677e+00
-9.86948515e-02
4.53594961e-01
-8.75184127e-01
0.00000000e+00
0.00000000e+00
0.00000000e+00
2.31929019e-01
-2.38124023e+00
1.65703517e-01
7.96601372e-01
-1.10950741e+00
7.20344449e-01
8.13365135e-01
1.46317425e-01
-3.65312005e-01
0.00000000e+00
8.26948672e-01
-5.52793735e-01
-1.02937906e+00
7.61570952e-01
-4.58057992e-02
3.96616372e-01
3.25479110e-01
-1.11936676e+00
8.45213923e-02
4.58823454e-01
17 1
-5.3682e-01 3.8583e-01
6 0
0 1 4 2 5 7 
217
-1.96485978e-03
-3.98403980e-03
-2.41849609e-01
4.55662664e-02
1.06152802e-01
1.57894403e-02
1.17635189e-01
-1.84856371e-01
-5.90133689e-02
-4.26316061e-01
-4.69803891e-01
-8.16888539e-02
0.00000000e+00
0.00000000e+00
3.83921941e-01
-9.21366142e-03
-1.37050099e-01
1.43710493e-01
-3.69758238e-03
-1.28133985e-01
-2.17704311e-01
-2.56440406e-03
-2.06847670e-01
-3.11892983e-01
3.90957492e-03
-3.26524535e-01
-3.12551089e-01
1.01250333e-01
2.09335896e-01
0.00000000e+00
0.00000000e+00
0.00000000e+00
0.00000000e+00
0.00000000e+00
0.00000000e+00
0.00000000e+00
0.00000000e+00
-2.77200998e-01
-2.22755242e-01
-2.09602303e-01
1.41672914e-01
2.71993892e-01
2.93926877e-01
0.00000000e+00
0.00000000e+00
-1.80045257e-01
-3.30375335e-01
5.67238186e-02
0.00000000e+00
-4.48151295e-01
1.36372966e-01
1.78893620e-01
0.00000000e+00
7.00952701e-02
-4.23233768e-01
1.98347090e-01
0.00000000e+00
-3.20552882e-01
3.45302255e-01
7.14658658e-01
-4.29011868e-01
1.41382385e-01
2.85664622e-01
4.06823327e-01
-6.78757208e-01
-7.82383462e-01
1.61679048e-01
3.42043335e-01
1.08289974e-01
8.09245327e-02
-8.87385738e-01
8.73157434e-03
5.27290060e-03
4.41272745e-01
-8.57612954e-01
4.35416560e-01
-4.84327589e-02
0.00000000e+00
-6.08488181e-01
-1.71760444e+00
1.42749723e-02
3.14731249e-01
5.92248349e-01
4.19163596e-01
-3.56845983e-01
-2.29735500e-01
-6.53227167e-01
3.99782651e-01
-2.23063945e-02
1.84833972e-01
2.59720655e-01
0.00000000e+00
1.91454284e-01
-9.31044979e-02
-4.29410889e-02
-5.62372717e-01
-1.50478055e-01
-1.99108570e-01
-7.37855336e-02
-1.22504187e-01
-3.61674368e-01
8.76661936e-02
-4.82333852e-01
1.06658667e-01
8.22873070e-02
0.00000000e+00
0.00000000e+00
0.00000000e+00
0.00000000e+00
0.00000000e+00
0.00000000e+00
0.00000000e+00
0.00000000e+00
0.00000000e+00
0.00000000e+00
0.00000000e+00
0.00000000e+00
0.00000000e+00
0.00000000e+00
2.25745364e+00
5.13542747e-01
-1.42688097e-01
0.00000000e+00
0.00000000e+00
0.00000000e+00
-1.38457865e-02
-2.25657468e-01
-1.54485762e-01
-3.91260033e-01
-1.27016277e+00
1.89249841e-01
3.82032277e-01
-2.64817682e-01
8.52943548e-01
0.00000000e+00
1.43902113e+00
5.67535170e-01
-1.59949140e+00
2.16741348e-01
8.92003510e-01
-2.34431004e-01
-7.30391490e-02
-1.34220580e+00
2.80944300e-01
6.06237627e-01
-3.29639235e-02
0.00000000e+00
0.00000000e+00
0.00000000e+00
7.13539270e-02
2.40881429e-01
-3.15968680e-02
5.48964496e-01
-1.15853123e-01
2.35342183e-01
-1.92637247e-02
-2.89462177e-01
-9.43821120e-02
0.00000000e+00
-2.48132563e-01
-6.75727399e-02
3.15535906e-01
1.28966844e-01
-8.90555943e-01
1.80187633e-01
5.12907458e-02
-4.65323096e-02
-1.85676276e-01
1.83540750e-01
-6.14928107e-01
0.00000000e+00
0.00000000e+00
0.00000000e+00
-1.01086953e-01
-1.56181926e+00
1.31892629e-01
5.63873295e-01
-1.98682524e-01
2.05079259e-01
8.79828276e-01
-3.06536762e-01
-2.48269445e-02
0.00000000e+00
5.69920559e-01
5.75015946e-02
-1.55724232e+00
5.15084709e-01
1.11588235e-01
2.47814608e-02
1.53938643e-01
-6.91914388e-01
5.00260323e-01
1.13432057e-01
-2.15429447e-01
0.00000000e+00
0.00000000e+00
0.00000000e+00
1.33241458e-01
-1.16842067e+00
2.78879037e-01
-2.68175423e-03
-1.73086768e-01
8.39619920e-01
-1.15441110e-01
4.45560838e-01
-2.12944812e-01
0.00000000e+00
-2.26630978e-01
-6.62062641e-01
3.79693854e-01
-3.08609670e-02
5.75185151e-01
4.56933455e-01
1.73576187e-01
-3.80882655e-01
-5.31461601e-01
6.35460251e-03
136
3.72505710e-01
2.22491478e-01
-1.49766605e-03
3.26831942e-01
-2.99504799e-03
-6.24679403e-03
-1.63470399e-03
-1.70570916e-01
2.12040708e-03
-4.02450119e-02
1.83811218e-01
2.28939504e-01
0.00000000e+00
0.00000000e+00
0.00000000e+00
0.00000000e+00
0.00000000e+00
0.00000000e+00
0.00000000e+00
0.00000000e+00
2.10214723e-01
-4.60329819e-02
-1.97760263e-01
-9.93840148e-02
1.12438967e-01
4.25156283e-01
0.00000000e+00
0.00000000e+00
3.28622961e-01
-3.11389568e-01
1.30650504e-01
0.00000000e+00
1.66663081e-01
-2.91847111e-01
4.23285737e-01
0.00000000e+00
1.57524015e-01
-6.67225060e-01
1.51691273e-01
0.00000000e+00
4.08244573e-02
-1.87866346e-01
4.64113593e-01
0.00000000e+00
0.00000000e+00
0.00000000e+00
-3.46074268e-01
-1.14479564e+00
1.33642305e-01
-1.77053882e-01
-7.19055848e-01
1.38233625e-01
5.22859064e-01
-4.51598736e-02
3.19946011e-01
-6.86132802e-01
0.00000000e+00
-2.42667701e-01
3.76374350e-01
-4.10348108e-02
-8.75689844e-01
-1.20084213e+00
-5.46542005e-01
-1.51902406e-01
9.09443439e-02
-1.58628986e-01
0.00000000e+00
8.88346540e-02
-2.91787146e-01
8.06990358e-02
-2.54308946e-01
7.22333075e-01
-1.58011588e-01
-2.78170785e-01
7.02480421e-02
-2.97435677e-01
0.00000000e+00
0.00000000e+00
0.00000000e+00
0.00000000e+00
0.00000000e+00
0.00000000e+00
0.00000000e+00
0.00000000e+00
0.00000000e+00
0.00000000e+00
1.87490737e+00
2.98545865e-01
-6.31093629e-01
0.00000000e+00
0.00000000e+00
0.00000000e+00
2.70654054e-01
-1.15353284e+00
8.03616439e-02
1.38018493e-01
-1.38575705e+00
2.84689941e-01
2.27618249e-01
3.35743944e-01
-3.06964646e-02
0.00000000e+00
1.05430555e+00
-1.85871182e-01
-1.04992450e+00
5.63120297e-01
4.78501646e-01
2.34880952e-01
2.27654862e-01
-1.04206091e+00
-1.44612324e-01
4.65812000e-01
-9.02619146e-01
0.00000000e+00
0.00000000e+00
0.00000000e+00
2.81517659e-01
-2.35349075e+00
2.45555855e-02
7.27549098e-01
-1.10518610e+00
5.39693246e-01
8.49922523e-01
1.78159116e-01
-3.68363803e-01
0.00000000e+00
9.79653093e-01
-6.32713229e-01
-9.01417701e-01
7.41717431e-01
-1.76810818e-01
4.50547826e-01
4.01002528e-01
-1.08549046e+00
3.24691593e-02
5.14066448e-01
3 1
-5.2163e-01 3.8038e-01
7 0
0 1 4 2 5 7 17 
217
-7.86110207e-01
-3.24983840e-02
4.28216597e-01
-2.24127222e-01
-2.14815673e-01
-1.40730660e-01
-2.93283188e-01
-3.76639659e-02
-2.93475400e-01
1.67702029e-01
3.26416297e-02
2.30199415e-01
0.00000000e+00
0.00000000e+00
2.19638694e-01
-1.03766954e-02
-5.19276246e-02
2.01481564e-02
-4.73323028e-03
-8.67581401e-02
-5.18555746e-01
-6.79801931e-07
-1.07754622e-01
-5.07341311e-01
4.05425970e-03
-2.50002617e-01
-6.22288512e-01
-1.22723175e-01
-4.10985207e-02
0.00000000e+00
0.00000000e+00
0.00000000e+00
0.00000000e+00
0.00000000e+00
0.00000000e+00
0.00000000e+00
0.00000000e+00
-3.07127191e-01
-3.35700647e-01
-2.09820373e-01
-1.47528259e-01
-9.58416018e-02
1.47484047e-01
1.62423818e-01
0.00000000e+00
-2.17515139e-01
-1.99380219e-01
5.06585259e-02
0.00000000e+00
-6.23820528e-01
-2.57713435e-02
7.79911260e-02
0.00000000e+00
-1.84575932e-01
-4.50557785e-01
2.58053756e-01
0.00000000e+00
-2.02474042e-01
5.72405424e-02
6.74040831e-01
-6.13009576e-01
1.55512566e-01
-3.28613196e-01
6.11397651e-02
-6.79608570e-01
-8.46625306e-01
-8.56173745e-02
3.69535618e-01
-8.20240272e-02
-5.42556013e-01
-1.13448149e+00
-9.39041460e-02
-6.51928915e-01
1.95200855e-01
-8.03307496e-01
2.47074579e-01
1.62740489e-01
0.00000000e+00
-7.43316793e-01
-1.11872497e+00
1.58757341e-01
2.03906198e-01
-2.01550755e-01
-9.07784319e-01
-4.57243827e-01
-4.80593751e-01
-3.55998188e-01
1.29080417e-01
7.88423232e-02
2.26469536e-02
3.65449460e-01
-2.99378309e-01
-3.25626496e-02
-5.69712723e-02
-2.43194925e-01
2.26981135e-01
-2.10974323e-01
-1.25546892e-01
-8.09963225e-02
-3.12120489e-01
-9.55779905e-02
-3.00291279e-01
2.75970118e-02
-9.27021167e-02
-3.19794870e-03
-4.36780116e-01
-1.57485103e-01
-4.94518757e-02
-8.11870177e-02
-5.78250941e-01
-1.10657971e-01
1.03071996e-01
0.00000000e+00
0.00000000e+00
0.00000000e+00
0.00000000e+00
0.00000000e+00
0.00000000e+00
0.00000000e+00
2.11651778e+00
5.19828852e-01
-1.79484089e-01
0.00000000e+00
0.00000000e+00
0.00000000e+00
-2.51137190e-01
1.27987745e-01
-4.18008666e-01
-5.73496714e-01
-8.16437792e-01
6.73709641e-01
-1.83669257e-01
6.98604457e-01
3.84037057e-01
0.00000000e+00
9.16475450e-01
4.73573119e-01
-1.24727203e+00
6.47571180e-01
5.57096924e-01
-1.10899073e-01
-9.66154600e-02
-1.23590619e+00
-2.32986401e-01
5.07889107e-01
-5.64310252e-02
0.00000000e+00
0.00000000e+00
0.00000000e+00
2.74821703e-01
-1.14267656e-01
1.44206700e-01
7.88759044e-01
-2.14609787e-01
-4.33513320e-01
4.43323548e-01
-7.67836521e-01
3.47662840e-01
0.00000000e+00
1.28500972e-01
-5.69817325e-02
2.48646761e-01
-1.92999251e-01
-9.06803430e-01
-4.25631106e-02
1.43283171e-01
-1.79568754e-01
1.35385305e-01
1.98122495e-01
-5.32098109e-01
0.00000000e+00
0.00000000e+00
0.00000000e+00
-1.57484214e-01
-1.47748175e+00
-1.70431367e-01
9.20528843e-01
-3.40986411e-01
5.59338786e-01
4.30414766e-01
1.86901035e-01
2.87472195e-01
0.00000000e+00
5.79999733e-01
-4.59431443e-01
-9.46846040e-01
4.87078736e-01
1.54310899e-01
2.13733350e-01
4.05204301e-01
-8.92583553e-01
-2.25372107e-02
-2.89298762e-01
-2.32758920e-01
0.00000000e+00
0.00000000e+00
0.00000000e+00
2.52951949e-01
-5.57902399e-01
2.28628711e-01
-2.92880628e-01
-5.40932746e-01
2.75181189e-01
5.52076155e-01
1.95520226e-01
-7.31594058e-01
0.00000000e+00
1.96892000e-02
-2.51395948e-01
-1.93866301e-01
-5.60118439e-02
6.98082882e-01
2.90672605e-01
7.27571283e-02
-3.27411638e-01
-7.90135019e-02
2.12690098e-01
136
1.52069164e-01
2.18766196e-01
-7.63074929e-04
2.25122014e-01
-1.60495390e-03
-5.14592131e-02
-1.55737375e-03
-2.40359833e-01
2.18873996e-03
-8.77535046e-02
9.53819022e-02
1.44440767e-01
0.00000000e+00
0.00000000e+00
0.00000000e+00
0.00000000e+00
0.00000000e+00
0.00000000e+00
0.00000000e+00
0.00000000e+00
1.66639549e-01
-1.67310831e-02
-1.61641835e-01
-9.59195640e-02
-2.85507029e-02
2.02232885e-02
3.07861243e-01
0.00000000e+00
5.17721426e-01
-3.75399801e-01
2.06120347e-01
0.00000000e+00
1.23097456e-01
-3.90321530e-01
2.98063887e-01
0.00000000e+00
3.43525293e-01
-7.47428632e-01
1.14902443e-01
0.00000000e+00
-3.90508575e-02
-3.04660944e-01
4.47214801e-01
0.00000000e+00
0.00000000e+00
0.00000000e+00
-6.17720645e-01
-1.24180499e+00
2.25100376e-01
-2.24373466e-01
-6.72611732e-01
2.31295299e-01
6.72283293e-01
2.41844725e-02
3.47319287e-01
-2.55291181e-01
0.00000000e+00
1.77263515e-02
4.64057979e-01
3.00263934e-02
-7.96594599e-01
-1.00976325e+00
-4.36388785e-01
-2.39455623e-01
1.31125263e-01
-3.31288100e-01
-3.12059811e-01
2.20687832e-01
-2.40922487e-01
1.09624680e-01
-3.41987984e-01
6.53664962e-01
-2.32031208e-01
-3.50055510e-01
7.38078280e-02
-3.48041204e-01
2.70008774e-01
-3.35224303e-01
-2.83693866e-01
-1.03602929e-02
2.83094645e-02
0.00000000e+00
0.00000000e+00
0.00000000e+00
0.00000000e+00
0.00000000e+00
1.92665162e+00
2.52034447e-01
-6.33501811e-01
0.00000000e+00
0.00000000e+00
0.00000000e+00
1.91181904e-01
-1.25097584e+00
9.54544331e-02
8.50871364e-02
-1.46975604e+00
3.61865514e-01
2.85760112e-01
3.06860260e-01
-2.21786860e-02
0.00000000e+00
1.01896596e+00
-1.33492105e-01
-1.10631397e+00
5.66010771e-01
5.60659955e-01
3.02510519e-01
2.53074650e-01
-1.01812835e+00
-1.04894030e-01
4.44805992e-01
-9.35436260e-01
0.00000000e+00
0.00000000e+00
0.00000000e+00
2.28693161e-01
-2.48442022e+00
4.24803538e-02
7.42299051e-01
-9.62293347e-01
6.74862202e-01
6.91084695e-01
1.99064970e-01
-3.35688653e-01
0.00000000e+00
1.00407830e+00
-5.81125196e-01
-9.26918601e-01
6.27118814e-01
-3.24607313e-01
4.95859874e-01
3.71802557e-01
-1.02925844e+00
1.08949240e-01
5.22582294e-01
8 1
-8.0223e-01 3.9492e-01
8 1
0 1 4 2 5 7 17 3 
217
3.26839963e-01
-3.52436112e-01
-4.27622770e-02
-1.46826606e-01
-2.34511844e-01
1.38623054e-01
-1.14976742e-01
5.27196224e-01
9.70034174e-01
-1.87433040e+00
-2.69535404e-02
3.80939446e-01
0.00000000e+00
0.00000000e+00
2.28737198e-01
-2.18034713e-02
4.31619872e-01
2.87070174e-03
-3.00174429e-03
-3.29292365e-01
-4.29776367e-02
-6.77312753e-03
-4.66907678e-01
0.00000000e+00
0.00000000e+00
0.00000000e+00
0.00000000e+00
2.51243816e-02
3.01715581e-01
0.00000000e+00
0.00000000e+00
0.00000000e+00
0.00000000e+00
0.00000000e+00
0.00000000e+00
0.00000000e+00
0.00000000e+00
3.43909367e-01
1.40378563e-01
9.94713825e-02
1.84195500e-02
2.32348541e-01
-1.72873148e-01
-3.34814293e-01
0.00000000e+00
-5.49005862e-02
-1.87192077e-01
9.60726897e-02
0.00000000e+00
-4.70628525e-01
-1.55112798e-01
5.54571128e-01
0.00000000e+00
-6.45600720e-02
-2.87452018e-01
-5.02148600e-02
0.00000000e+00
2.60119871e-01
4.87253546e-01
1.98883663e-01
1.35044308e-01
-3.91290737e-01
5.83086392e-01
5.50529692e-01
-6.93033039e-01
-1.22622079e+00
3.00837177e-01
7.80619495e-01
1.68506133e-01
8.46543047e-01
0.00000000e+00
-3.29969311e-01
-1.44877289e+00
6.17919549e-01
-3.05484898e-01
3.88897249e-02
2.43483211e-01
0.00000000e+00
-5.48246924e-01
-1.26734000e+00
2.49637444e-01
7.40241616e-02
6.25449443e-01
-2.56613959e-03
0.00000000e+00
-2.17190168e-01
-1.30420300e-01
3.66771469e-01
-4.59355138e-01
1.77258662e-01
-2.66275468e-02
-9.72788405e-01
1.57991277e-01
2.37281837e-01
5.46685728e-01
-6.27670003e-01
5.94951362e-01
-1.55648215e-01
0.00000000e+00
-2.63780591e-01
2.68678830e-02
5.51877630e-01
-1.22836367e+00
3.87429237e-02
5.48181662e-01
-5.22408090e-02
-1.74767245e-02
1.02556547e-01
1.85776648e-01
-3.95022029e-01
2.10780848e-01
-6.53558742e-01
1.17860489e+00
-3.04476184e-01
-5.38410838e-01
-4.61626872e-01
-7.13652814e-01
-8.56618670e-02
3.02166428e-01
1.30911417e+00
2.58247069e-01
-1.56596324e+00
0.00000000e+00
0.00000000e+00
0.00000000e+00
7.52159558e-01
-8.87073185e-03
8.30202834e-01
-5.75085630e-01
-8.51781938e-01
6.53773101e-01
7.99899198e-01
-2.68056405e-01
8.34583123e-01
0.00000000e+00
1.70943109e+00
-1.31655691e-01
-6.44744294e-01
1.92600748e+00
1.23991588e+00
-1.06905128e-01
-5.91143620e-01
-7.89526481e-01
2.23754787e-01
7.89735243e-01
-5.08078810e-01
0.00000000e+00
0.00000000e+00
0.00000000e+00
6.21244637e-01
-6.21547476e-03
-3.15758107e-01
1.00535779e+00
1.91761160e-01
9.10077443e-02
3.51002254e-01
1.18502020e+00
4.84849234e-01
0.00000000e+00
4.67267628e-01
-2.12116407e-02
-2.07940966e-01
-9.88457104e-02
-2.97795632e-01
7.89009876e-01
8.47965806e-01
4.30213525e-02
8.09008365e-01
8.57073553e-01
-9.20735993e-01
0.00000000e+00
0.00000000e+00
0.00000000e+00
2.07168048e-01
-9.47216932e-01
8.84293169e-02
6.72718026e-01
-9.21597683e-01
6.34321131e-01
2.48712984e-01
3.52480956e-01
9.86250984e-01
0.00000000e+00
1.00254382e+00
-1.08154512e+00
-1.20437545e+00
6.79428447e-01
-9.95029564e-02
-7.26170757e-02
-1.64622212e-01
-1.99381339e+00
1.27062816e-01
5.65438291e-01
-1.23140587e-01
0.00000000e+00
0.00000000e+00
0.00000000e+00
1.87713856e-01
-1.50341128e+00
1.52396496e-01
-7.00254232e-03
-1.71918949e-01
2.54447625e-02
1.00422973e-01
-1.13685320e-01
-1.32437331e+00
0.00000000e+00
-1.78593296e-01
1.03014943e+00
1.60477524e-01
-1.76157583e-01
7.69134741e-01
1.92211118e-01
1.62097394e-01
4.62470937e-01
2.10808045e-01
-1.01325588e-01
136
1.04579199e-01
5.58448139e-01
-1.25192932e-02
-1.42594520e-01
-1.45981566e-03
-2.48164082e-01
1.69288864e-04
-6.31103378e-02
1.16697550e-01
0.00000000e+00
6.15586267e-03
2.11948974e-01
0.00000000e+00
0.00000000e+00
0.00000000e+00
0.00000000e+00
0.00000000e+00
0.00000000e+00
0.00000000e+00
0.00000000e+00
-2.90414400e-02
-1.16689096e-01
-1.38036001e-01
-2.06816422e-01
1.85734270e-02
9.65692837e-02
4.81385495e-01
0.00000000e+00
4.81386750e-01
-2.33402987e-01
1.08072084e-01
0.00000000e+00
-9.42223777e-02
-2.65060355e-01
2.18513022e-01
0.00000000e+00
2.06210380e-01
-7.10732957e-01
-2.21357682e-02
0.00000000e+00
4.87458807e-02
-5.17458090e-02
4.24085085e-01
0.00000000e+00
0.00000000e+00
0.00000000e+00
-1.94728259e-01
-1.07134760e+00
2.56172535e-01
-1.49239362e-01
-8.01683231e-01
0.00000000e+00
7.69281929e-01
-9.49161393e-02
3.99557901e-01
-3.04444712e-01
0.00000000e+00
-1.75736247e-01
3.63320137e-01
8.59875271e-03
-8.04281379e-01
-1.03041871e+00
-3.06137107e-01
3.83244173e-02
1.12453544e-01
-3.73421137e-01
-1.37029376e-01
-3.42961438e-01
-1.55766962e-01
-3.92841911e-02
-1.25837522e-01
0.00000000e+00
4.26894745e-01
-3.22217858e-02
1.64972845e-01
-2.72713593e-01
-3.03744221e-02
-9.24067113e-02
-1.77051634e-01
-1.29902969e-02
-1.24819749e-02
-2.44288440e-01
-1.39055206e-02
-4.69125763e-01
2.48950214e-02
-1.90956309e-01
1.45393909e+00
4.57132380e-01
-1.39216091e+00
0.00000000e+00
0.00000000e+00
0.00000000e+00
4.23684708e-01
-2.35959679e+00
1.38950977e-01
5.64288193e-01
-1.36003217e+00
6.71382746e-01
4.18318080e-01
5.33985441e-01
-5.63744857e-01
0.00000000e+00
9.10940191e-01
-6.70658357e-02
-1.27115717e+00
4.03686930e-01
5.23921281e-01
4.87388073e-01
4.10091406e-01
-1.33048937e+00
-2.50652740e-01
3.23939996e-01
-8.31514423e-01
0.00000000e+00
0.00000000e+00
0.00000000e+00
2.49795213e-01
-2.29304056e+00
1.12137448e-01
8.30485148e-01
-1.13258255e+00
8.61847755e-01
8.36792758e-01
1.50350896e-01
-4.49964958e-01
0.00000000e+00
8.25169162e-01
-6.61212796e-01
-1.01579302e+00
6.89676857e-01
-1.34122599e-01
4.23620433e-01
3.50600650e-01
-9.23212688e-01
6.45777119e-03
4.41480662e-01
11 1
-8.3038e-01 4.1230e-01
8 1
0 1 4 2 5 7 17 3 
217
-1.80588663e-02
-1.74895221e-01
1.08571692e-01
-9.05983915e-02
-4.82383468e-02
1.35037482e-01
4.32065905e-02
1.46990536e-02
7.42678497e-02
4.28129007e-01
0.00000000e+00
0.00000000e+00
0.00000000e+00
0.00000000e+00
-9.00898711e-04
-9.51781923e-03
4.83070978e-01
1.14597376e-01
-6.56886125e-03
-1.02983791e-01
-1.31755344e-01
-1.25484120e-02
9.71051017e-02
0.00000000e+00
0.00000000e+00
0.00000000e+00
0.00000000e+00
-2.10863830e-01
1.92804964e-01
0.00000000e+00
0.00000000e+00
0.00000000e+00
0.00000000e+00
0.00000000e+00
0.00000000e+00
0.00000000e+00
0.00000000e+00
2.55214748e-01
8.67664330e-02
4.65266508e-02
-2.89199289e-01
-1.83214471e-01
-7.68172439e-04
6.66152340e-02
0.00000000e+00
-5.59940991e-02
-1.83566237e-01
-2.06749391e-02
0.00000000e+00
-7.42445713e-01
1.37568414e-01
3.86639185e-01
0.00000000e+00
-3.75783517e-02
-4.88333039e-01
1.51930564e-02
0.00000000e+00
1.92853432e-01
2.18798037e-01
5.59481388e-01
-2.27004048e-01
-3.35129872e-01
5.44075054e-01
4.28238631e-01
-7.43771456e-01
-1.56038547e+00
2.29087309e-01
6.02095435e-01
6.83866506e-02
-3.37682129e-02
0.00000000e+00
-6.43164732e-01
-1.55259162e+00
4.88781815e-01
-2.12688077e-01
1.36324050e-01
2.11497053e-01
0.00000000e+00
-7.70953610e-01
-1.00606855e+00
-1.01200523e-01
3.32425728e-01
8.54095267e-01
-6.64426571e-01
0.00000000e+00
-4.78473389e-01
2.06048872e-01
2.10351714e-01
3.28170298e-01
2.50062809e-01
-3.40442776e-01
2.28116706e-01
-5.03489903e-01
-5.71926329e-03
-2.08339243e-01
-3.33987705e-01
4.65653574e-01
1.09866861e+00
0.00000000e+00
-4.50511911e-01
-2.56166403e-01
3.33943847e-01
-7.86440935e-01
9.85091984e-02
8.49465289e-02
-2.16852055e-01
1.65416144e-01
7.74540485e-02
1.05658044e-01
2.39589519e-01
-7.22809980e-02
-1.74225232e+00
-9.88672923e-02
2.65022251e-01
-1.78668218e-02
-4.39073454e-02
-5.27021363e-01
-1.40306480e-01
-1.28146821e+00
1.20096966e+00
6.78461346e-01
-2.02127209e+00
0.00000000e+00
0.00000000e+00
0.00000000e+00
7.38073736e-01
-3.56176993e-04
-9.43036374e-02
-1.74761549e-01
-8.78073687e-04
1.12550286e+00
7.42853536e-01
2.24356163e-01
1.51592713e+00
0.00000000e+00
1.42536242e+00
2.81990374e-01
-1.29216271e+00
1.53417538e+00
5.46527862e-01
1.04314335e+00
7.14813388e-01
-3.78775677e-01
5.99605661e-01
7.50213244e-01
-5.68777615e-01
0.00000000e+00
0.00000000e+00
0.00000000e+00
8.95485128e-01
-4.23211200e-04
1.15968845e+00
1.40672767e+00
-1.22025905e-03
4.70322983e-01
4.49979469e-01
1.21456007e+00
-5.33822831e-01
0.00000000e+00
1.10854352e+00
-3.25072805e-01
6.73216948e-01
5.66787316e-01
1.43846936e-01
-3.00168510e-02
1.87148256e-01
1.48805346e-01
1.05513545e+00
1.25972270e+00
-7.35345176e-01
0.00000000e+00
0.00000000e+00
0.00000000e+00
1.01014158e+00
-1.66918354e+00
-4.03579926e-01
3.15229151e-01
-1.22695798e+00
9.16685576e-01
8.06106035e-01
-9.69845176e-02
-6.43851511e-01
0.00000000e+00
1.24988806e+00
-6.02919475e-01
-5.13541382e-01
3.44536343e-01
-3.19493013e-02
5.62050742e-01
2.32681737e-01
-1.04324719e+00
-2.99452001e-01
3.59002420e-01
-2.40198796e-01
0.00000000e+00
0.00000000e+00
0.00000000e+00
-6.50830494e-01
-1.18810228e+00
4.99587600e-01
1.62315365e-01
3.67846998e-01
-3.18705201e-01
-3.37787674e-02
1.25442312e-02
-4.20119734e-01
0.00000000e+00
-8.34354105e-02
3.63864042e-01
-2.11588059e-01
5.44243373e-01
1.61429638e-01
-2.77809901e-01
-5.02079842e-02
-1.49117049e-01
7.09419739e-01
3.22245094e-01
136
2.90985919e-01
4.86867264e-01
-7.65868321e-03
1.35186430e-02
-1.77244954e-04
-1.67510905e-01
9.50774584e-03
0.00000000e+00
0.00000000e+00
0.00000000e+00
6.09894174e-02
2.31459406e-01
0.00000000e+00
0.00000000e+00
0.00000000e+00
0.00000000e+00
0.00000000e+00
0.00000000e+00
0.00000000e+00
0.00000000e+00
-8.41137668e-02
-7.53816715e-02
-3.60346672e-02
-3.07352618e-03
1.52844062e-01
1.82188472e-01
1.56093868e-01
0.00000000e+00
4.04266651e-01
-2.57920373e-01
1.47072217e-01
0.00000000e+00
-1.33571215e-01
-2.40783984e-01
3.60728318e-01
0.00000000e+00
1.63809541e-01
-7.11035006e-01
-1.16217273e-02
0.00000000e+00
-5.79281493e-02
1.03804773e-01
5.27405562e-01
0.00000000e+00
0.00000000e+00
0.00000000e+00
-1.41835512e-01
-9.67339767e-01
3.29787648e-01
-1.76121254e-01
-8.09963273e-01
0.00000000e+00
3.75240210e-01
-2.86892021e-02
2.67383813e-01
-4.06779072e-01
0.00000000e+00
-2.66965550e-01
3.34875196e-01
-4.91179767e-02
-8.47683654e-01
-1.13182829e+00
-4.14567167e-01
-1.00229240e-01
1.00989649e-01
-3.87103458e-01
3.15877684e-02
-1.41117541e-01
-2.18414335e-01
1.36516987e-02
-1.70190454e-01
0.00000000e+00
3.51859358e-01
-1.20915595e-01
1.44031151e-01
-1.48810745e-01
2.69635629e-02
-3.18717316e-03
-1.09919469e-01
6.12957396e-03
-1.29927396e-02
-8.04020782e-03
1.82711640e-01
-4.67794088e-01
5.98313699e-02
-2.51142603e-01
1.41989081e+00
4.13149167e-01
-1.32696388e+00
0.00000000e+00
0.00000000e+00
0.00000000e+00
3.31449353e-01
-2.10157289e+00
3.87011101e-02
4.61984523e-01
-1.35862461e+00
4.78886221e-01
4.03292810e-01
4.78951572e-01
-3.30091753e-01
0.00000000e+00
9.88288481e-01
-1.60069061e-01
-1.27998671e+00
3.74274165e-01
5.97407978e-01
4.54919011e-01
2.98775691e-01
-1.18046576e+00
-3.24609504e-01
5.01525498e-01
-8.23438481e-01
0.00000000e+00
0.00000000e+00
0.00000000e+00
1.97928331e-01
-2.18943890e+00
5.95624836e-02
7.99214917e-01
-1.09441937e+00
8.09715364e-01
8.03882051e-01
5.77110036e-02
-3.51025870e-01
0.00000000e+00
7.24202482e-01
-3.89918934e-01
-1.02332225e+00
6.65947184e-01
-9.89488281e-02
3.67647025e-01
2.89618806e-01
-8.03284537e-01
-5.78635397e-02
4.09354106e-01
9 1
-9.2894e-01 4.2974e-01
8 1
0 1 4 2 5 7 17 3 
217
1.56598810e-01
2.00314344e-01
-2.99122260e-01
-2.08349046e-01
-1.39263122e-01
1.50729044e-01
1.49998601e-01
7.40848181e-03
6.48817771e-01
-9.36345069e-01
0.00000000e+00
0.00000000e+00
0.00000000e+00
0.00000000e+00
5.71771527e-01
-8.75552049e-03
-1.56774651e-01
1.51700755e-01
-7.90031837e-03
-3.29486663e-01
-5.66873471e-01
1.47928858e-03
-9.71056825e-02
0.00000000e+00
0.00000000e+00
0.00000000e+00
0.00000000e+00
-2.27751207e-01
3.84350018e-01
0.00000000e+00
0.00000000e+00
0.00000000e+00
0.00000000e+00
0.00000000e+00
0.00000000e+00
0.00000000e+00
0.00000000e+00
-5.67924593e-01
-3.81740211e-01
-2.67141535e-01
-6.72660098e-02
3.73665834e-01
3.05409685e-01
7.72476856e-01
0.00000000e+00
3.11783590e-01
-1.67059025e-01
-2.59579220e-01
0.00000000e+00
-1.77181056e-01
4.21565083e-02
1.31869138e-02
0.00000000e+00
-1.13549280e-01
-2.71773138e-01
3.59553225e-01
0.00000000e+00
-2.83974536e-01
5.41291198e-01
1.72624845e-01
-1.14687841e-01
1.05170048e-01
1.76997820e-01
5.75017494e-01
-4.41283167e-01
-4.53238007e-01
6.22122061e-02
8.07447972e-01
-3.93477231e-02
2.21548409e-01
0.00000000e+00
-2.73802496e-01
1.13623721e-01
1.77816632e-01
-7.41357786e-01
2.52584675e-01
4.51407577e-01
0.00000000e+00
-1.51505063e-01
-9.37702105e-01
1.66034788e-01
4.89726286e-01
1.42069086e-01
-7.21094350e-01
0.00000000e+00
-2.47573504e-01
-5.16861350e-01
3.75501070e-01
-7.81197543e-01
2.86712444e-02
5.29570451e-01
-2.10944301e-01
1.91904298e-01
-2.34274304e-01
1.70765463e-01
-3.72052272e-01
4.87334990e-03
-6.09494284e-01
0.00000000e+00
6.09304832e-02
-1.63779688e-01
-5.96528961e-02
7.51613004e-04
1.55321223e-01
1.24800550e-01
4.21675094e-01
-1.89812050e-01
4.94869161e-03
-1.62366416e-01
-3.07031222e-01
8.71021827e-02
2.35102303e-01
1.34271950e-01
1.70853831e-01
1.76049529e-01
-1.32621306e-01
-9.82545673e-01
-1.59056637e-02
-1.73340363e-01
1.64145490e+00
4.42987798e-01
-2.04636616e+00
0.00000000e+00
0.00000000e+00
0.00000000e+00
4.56511602e-01
-4.62420484e-03
-3.88980194e-02
7.97896909e-01
-3.48972725e-01
-2.74681318e-01
1.75293063e+00
4.18891072e-01
7.42638698e-01
0.00000000e+00
9.88341632e-01
-3.29010979e-02
-6.08436648e-01
4.50284608e-01
1.30614127e+00
8.75040953e-01
1.00919041e+00
-5.87405045e-01
1.01942190e+00
3.46340661e-01
-1.92902166e-01
0.00000000e+00
0.00000000e+00
0.00000000e+00
7.93905157e-01
-3.45613225e-03
7.10671583e-01
7.48629025e-01
3.96149615e-01
1.42086656e+00
-8.34971052e-02
8.11456419e-01
-2.65692523e-01
0.00000000e+00
8.52289715e-01
8.46281337e-01
1.25236183e-02
4.65828505e-01
1.86890273e-01
7.92170436e-01
7.62118028e-01
-2.65962175e-01
-2.23211307e-01
1.31860641e+00
-7.58445014e-01
0.00000000e+00
0.00000000e+00
0.00000000e+00
-1.77497714e-01
-8.51548048e-01
-2.24655194e-01
-1.69361340e-01
-7.36748899e-01
6.12145045e-01
5.42499627e-01
-1.09722199e-01
9.27172345e-01
0.00000000e+00
5.96191791e-01
-8.75819346e-01
-9.30796462e-01
7.11084891e-01
-1.62343116e-01
-1.68518684e-02
6.12042736e-01
-2.47226685e-01
2.16225770e-02
-2.78633154e-01
-1.66768228e-01
0.00000000e+00
0.00000000e+00
0.00000000e+00
2.12672012e-01
-1.42829812e+00
2.45129874e-01
8.09963471e-01
-2.20079370e-01
-2.34936210e-01
3.29448846e-01
1.81095371e-01
-1.26692279e+00
0.00000000e+00
3.38846954e-01
6.43154611e-01
8.23130857e-02
1.95669979e-01
2.37639634e-01
3.98054901e-01
-2.45485777e-01
-1.01836452e+00
-8.60859371e-02
6.59415761e-01
136
2.00925697e-01
4.10374255e-01
-1.08636266e-02
-1.15479131e-01
-8.98577694e-04
-2.34338313e-01
-6.17066097e-04
0.00000000e+00
0.00000000e+00
0.00000000e+00
1.55217834e-02
1.89674160e-01
0.00000000e+00
0.00000000e+00
0.00000000e+00
0.00000000e+00
0.00000000e+00
0.00000000e+00
0.00000000e+00
0.00000000e+00
4.54679403e-02
-2.88683764e-02
-4.45047938e-02
-7.88593121e-02
4.34592581e-03
5.60582123e-02
2.65252719e-01
0.00000000e+00
3.00244083e-01
-1.64455820e-01
1.04640383e-01
0.00000000e+00
-2.23816064e-01
-8.77120803e-02
3.32334441e-01
0.00000000e+00
1.75119287e-01
-6.06611801e-01
-6.41211277e-02
0.00000000e+00
8.49794837e-02
3.95504086e-02
3.31534842e-01
0.00000000e+00
0.00000000e+00
0.00000000e+00
5.14668710e-03
-8.45136318e-01
3.78683930e-01
-1.11753800e-01
-7.81554582e-01
0.00000000e+00
3.29583602e-01
5.84314352e-03
2.74600005e-01
-6.58358327e-01
0.00000000e+00
-2.75945335e-01
3.20765743e-01
-7.38770640e-03
-8.24081936e-01
-1.06845320e+00
-3.42906969e-01
-8.87745270e-03
1.06247764e-01
-2.39655479e-01
1.76382331e-02
-2.45097586e-01
-2.43738956e-01
9.91926301e-04
-4.63163279e-02
0.00000000e+00
2.86274493e-01
-1.01889661e-01
1.45765807e-01
-1.31937702e-01
-1.54264533e-02
2.69977754e-02
-1.17065951e-01
3.12499012e-02
-2.39208759e-02
-3.38820011e-02
1.52955816e-01
-4.25261619e-01
4.07884332e-02
-2.12234756e-01
1.37334756e+00
3.96549723e-01
-1.38104461e+00
0.00000000e+00
0.00000000e+00
0.00000000e+00
4.45811290e-01
-2.15037120e+00
8.41878961e-02
4.00291379e-01
-1.49455651e+00
5.24110888e-01
3.43067616e-01
4.89643909e-01
-2.07666857e-01
0.00000000e+00
1.04645938e+00
-2.62425731e-01
-1.26867772e+00
5.25369986e-01
4.50312858e-01
3.49901605e-01
1.82162419e-01
-1.20745245e+00
-1.40622424e-01
5.09409045e-01
-8.47037233e-01
0.00000000e+00
0.00000000e+00
0.00000000e+00
2.20062320e-01
-2.18876337e+00
3.83004086e-02
7.39147330e-01
-1.15232932e+00
8.52048175e-01
7.55274470e-01
1.40627839e-01
-3.71612746e-01
0.00000000e+00
8.04350405e-01
-4.50153050e-01
-1.00404818e+00
7.27565321e-01
-4.32528817e-02
3.65399491e-01
2.99788711e-01
-9.59940096e-01
-3.57898651e-02
4.16287807e-01
15 2
-9.8631e-01 4.3026e-01
8 4
0 1 4 2 5 7 17 3 
217
-5.05798282e-01
-4.47409200e-02
-4.74784623e-02
-3.83461556e-01
-3.75900742e-01
3.42242604e-03
2.11605349e-02
1.26687782e-01
5.72546458e-02
6.22805405e-01
2.18555218e-01
-2.39993969e-01
-4.26867939e-01
-4.48605773e-03
0.00000000e+00
0.00000000e+00
0.00000000e+00
0.00000000e+00
0.00000000e+00
0.00000000e+00
0.00000000e+00
0.00000000e+00
0.00000000e+00
-5.05798282e-01
3.24772863e-03
-4.07700688e-01
2.16986150e-01
-2.40460500e-01
-4.82323933e-01
0.00000000e+00
0.00000000e+00
0.00000000e+00
0.00000000e+00
0.00000000e+00
0.00000000e+00
0.00000000e+00
0.00000000e+00
-2.23174656e-01
-1.32538647e-01
-1.46097331e-01
-2.86464236e-01
-7.52513862e-02
1.33239627e-01
2.24488347e-01
0.00000000e+00
-3.68744549e-03
-4.86840228e-01
-1.36669257e-01
0.00000000e+00
-5.38615787e-01
2.36062403e-01
2.86551026e-01
0.00000000e+00
6.85467703e-02
-9.76923507e-01
4.98379508e-01
0.00000000e+00
-5.36317660e-01
8.99747934e-01
1.83967963e-01
-3.56279489e-01
1.08939020e-01
-2.58457813e-01
1.91439397e-01
-5.19392796e-01
-1.23631010e+00
-2.04489383e-01
5.05076522e-01
2.66445001e-02
-1.42820501e-01
-1.06658766e+00
5.65135419e-02
-1.11067213e+00
2.22836479e-01
-2.10311502e-01
2.81439362e-01
-6.58205856e-02
0.00000000e+00
-1.03719416e+00
-1.39194665e+00
5.26054732e-01
-2.85368713e-03
5.34114586e-03
-3.37138703e-02
1.54234932e-01
-7.97434221e-01
-9.45056619e-01
7.04425101e-02
-5.18533819e-01
6.69584973e-02
3.43364673e-01
-6.36732960e-02
1.56663028e-01
3.71084366e-03
-3.36402640e-01
-1.89283108e-01
-2.62385374e-01
-2.02671473e-01
-3.91993023e-01
-1.54878561e-01
1.29139615e-01
-1.68258623e-01
-1.83478542e-01
2.09331925e-01
2.36006792e-01
2.07922469e-02
2.68573027e-02
-1.15589111e-01
-7.45813605e-01
2.91413976e-01
1.92365773e-01
6.17386842e-02
-1.37473412e-01
1.69749086e-01
-1.33104944e-01
-1.99157364e-01
-2.28441701e-01
-3.38916593e-01
-3.49804468e-02
2.73199326e+00
7.68091296e-01
-4.69400684e-01
0.00000000e+00
0.00000000e+00
0.00000000e+00
1.88423196e-01
-3.89552853e-01
-7.53122527e-02
3.65493410e-01
-2.16322626e-01
3.75339308e-01
-2.57323237e-01
-5.02654640e-02
-1.41194750e-02
0.00000000e+00
1.19397789e+00
-2.53386775e-01
-6.07580495e-01
3.07538061e-01
-3.37614756e-01
-5.99057206e-01
7.78297895e-02
-1.89999320e-01
-8.34001021e-02
9.59322238e-02
9.34840989e-02
0.00000000e+00
0.00000000e+00
0.00000000e+00
-5.83457128e-02
-7.39361165e-01
1.46972663e-01
2.58706144e-01
-3.86513949e-01
4.57934358e-02
2.13579374e-01
-4.35050042e-01
2.28774050e-01
0.00000000e+00
4.90296479e-02
2.40045614e-01
-1.14697968e-01
1.19106113e-01
6.81459311e-02
3.85918611e-01
1.31315175e-02
-2.62249747e-01
1.76068272e-01
1.44431310e-01
-3.79699320e-01
0.00000000e+00
0.00000000e+00
0.00000000e+00
5.06317586e-01
-2.71123934e-01
1.18233543e-01
9.52012125e-01
-2.20292390e-01
-8.01011619e-01
1.24991079e-01
7.28094429e-02
-4.12025367e-01
0.00000000e+00
3.37474669e-01
-3.23488856e-01
-4.19852279e-01
4.57726464e-01
-1.06249407e+00
-5.30321178e-02
8.73712016e-01
-1.84034965e-01
4.06238470e-02
-1.16244494e-01
-1.58370528e-01
0.00000000e+00
0.00000000e+00
0.00000000e+00
-1.92253117e-01
-7.38324345e-01
-7.36162052e-02
-3.24691343e-01
-4.80008670e-01
7.83619922e-01
2.26740098e-01
7.05820232e-02
3.02641000e-01
0.00000000e+00
5.87044483e-02
1.02036098e-01
-4.98093785e-01
-8.34587577e-02
1.02247662e+00
2.13460642e-01
-2.12385857e-01
-3.48776513e-01
-1.36803534e-02
2.66575647e-02
136
1.22032695e-01
0.00000000e+00
0.00000000e+00
0.00000000e+00
0.00000000e+00
0.00000000e+00
0.00000000e+00
1.22032695e-01
2.14927802e-03
-8.40823885e-02
9.51917563e-02
1.10923327e-01
0.00000000e+00
0.00000000e+00
0.00000000e+00
0.00000000e+00
0.00000000e+00
0.00000000e+00
0.00000000e+00
0.00000000e+00
8.52244388e-03
-1.12450207e-01
-1.43746629e-01
-8.29804413e-02
-5.32819968e-02
8.06754597e-02
4.27045912e-01
0.00000000e+00
1.53598336e-01
-2.65351981e-01
7.79695098e-02
0.00000000e+00
1.44574446e-02
-3.47576623e-01
3.39164482e-01
0.00000000e+00
7.64401009e-02
-5.84159005e-01
8.25507284e-02
0.00000000e+00
-4.10059217e-02
-6.16458701e-02
6.79343342e-01
0.00000000e+00
0.00000000e+00
0.00000000e+00
-2.79032386e-01
-9.81452941e-01
2.55984846e-01
-1.72320323e-01
-6.28150360e-01
-1.96235635e-01
3.97973748e-01
-5.12679922e-02
2.43608707e-01
-4.42280258e-01
0.00000000e+00
-4.60704158e-01
2.25208930e-01
-3.28096179e-02
-7.51954649e-01
-1.07494272e+00
-4.35259441e-01
-7.25337265e-02
6.03208985e-02
-2.92208542e-01
-4.42756358e-02
-9.77808468e-02
-1.06841229e-01
-5.36925155e-03
-1.16344705e-01
7.72395190e-01
-3.77679047e-01
-1.97270130e-01
1.05585372e-02
-2.04152804e-01
-9.77859871e-02
7.02458167e-03
-2.13299682e-01
3.16240005e-02
-7.67125358e-03
5.02120719e-02
6.80544862e-02
-4.20936802e-01
2.02717062e-02
-2.59474001e-01
2.04218862e+00
3.84230187e-01
-6.49876405e-01
0.00000000e+00
0.00000000e+00
0.00000000e+00
1.92626604e-01
-6.83799256e-01
1.88997285e-02
1.45744057e-01
-1.51286521e+00
4.04362075e-01
2.89823572e-01
2.38033270e-01
1.53027171e-01
0.00000000e+00
1.06018402e+00
8.65259745e-02
-1.18116261e+00
4.73819024e-01
4.26657583e-01
1.41445988e-01
1.34190599e-01
-1.29436089e+00
-1.78695494e-01
4.35667391e-01
-8.81001585e-01
0.00000000e+00
0.00000000e+00
0.00000000e+00
2.71623942e-01
-2.44332604e+00
1.02459056e-01
8.63692008e-01
-1.09507667e+00
6.26141384e-01
8.50971888e-01
1.58724563e-01
-5.88814519e-01
0.00000000e+00
9.82541758e-01
-6.10899613e-01
-9.77000308e-01
7.64310517e-01
-2.95908039e-01
4.14756817e-01
3.61008352e-01
-8.97974017e-01
1.01966102e-01
5.29801233e-01
10 1
-8.8466e-01 4.2723e-01
8 1
0 1 4 2 5 7 17 3 
217
-5.62388793e-01
-1.18636327e-01
5.34470340e-01
-5.16144185e-02
-2.26417039e-01
1.69864355e-01
6.78319467e-02
2.86308323e-01
3.04274377e-01
8.16943753e-01
0.00000000e+00
0.00000000e+00
0.00000000e+00
0.00000000e+00
5.55750404e-01
-1.76463215e-02
-1.90917392e-01
-3.30131395e-01
-4.80295159e-03
-1.00788523e-01
-7.87078785e-01
-5.10742210e-03
1.55491281e-01
0.00000000e+00
0.00000000e+00
0.00000000e+00
0.00000000e+00
-4.54869428e-01
-1.07519365e-01
0.00000000e+00
0.00000000e+00
0.00000000e+00
0.00000000e+00
0.00000000e+00
0.00000000e+00
0.00000000e+00
0.00000000e+00
-1.18906910e-01
5.62087068e-02
-9.87235855e-02
7.70482406e-02
1.41077524e-01
-4.41806561e-01
-1.77286208e-01
0.00000000e+00
8.97094156e-02
1.10378838e-01
-2.00544194e-01
0.00000000e+00
-6.89569341e-01
-8.39653065e-03
2.36988586e-02
0.00000000e+00
-1.01756849e-01
-5.31759005e-01
1.23918307e-01
0.00000000e+00
-3.79475762e-02
1.67217495e-01
5.50026762e-01
-3.87856095e-01
-5.93128471e-01
4.18595772e-01
1.38800924e-01
-4.58725100e-01
-3.11250757e-01
-5.47835723e-02
5.28460825e-01
-1.87681045e-01
4.54424452e-02
0.00000000e+00
-7.96929323e-01
4.78617376e-01
3.62593854e-01
-8.78562189e-01
-1.28053324e-01
3.70182263e-01
0.00000000e+00
-5.67418460e-01
-8.09712148e-01
5.53532372e-02
3.73944878e-01
-5.03235699e-02
-5.02205289e-01
0.00000000e+00
-6.74722953e-01
-4.97880574e-01
2.16877250e-01
-3.97257224e-01
-1.04543090e-01
-3.76776134e-01
-1.16600859e-02
-4.06130502e-01
-9.72970345e-04
-1.58246911e-01
-3.43613999e-01
1.36487057e-02
1.07184656e+00
0.00000000e+00
-3.16944158e-01
-6.33134720e-02
2.36894836e-01
-6.76542934e-01
-4.82339471e-01
-1.05865517e+00
-6.36160647e-02
-1.19239803e-01
2.08232207e-02
-1.78323921e-01
3.05968214e-01
-2.01209005e-01
-2.02185420e-01
3.45992926e-02
-8.05026779e-02
-3.54889746e-01
-2.69627577e-01
-2.12470614e-01
-2.46857831e-01
-9.94674073e-01
1.52525236e+00
5.71011176e-01
-1.71129041e+00
0.00000000e+00
0.00000000e+00
0.00000000e+00
3.88374897e-01
0.00000000e+00
1.80930973e-01
9.99432790e-01
-5.50652822e-01
2.80672755e+00
1.52793194e+00
6.13027895e-01
8.40490461e-01
0.00000000e+00
1.20994202e+00
9.96269541e-01
-1.07933531e+00
7.06929643e-01
3.77363533e-01
6.50456149e-01
7.85173926e-01
-4.94848709e-01
-8.52275211e-01
1.15263621e+00
-5.62841559e-01
0.00000000e+00
0.00000000e+00
0.00000000e+00
9.03016212e-01
0.00000000e+00
8.87840205e-01
5.04757342e-01
7.69557132e-01
-9.14827094e-01
1.71283721e-01
8.72207716e-01
-4.70624791e-01
0.00000000e+00
7.33780960e-01
5.59899802e-02
2.00056048e-01
2.17025740e-01
8.66309817e-01
7.88447057e-01
8.88056448e-01
-2.26827279e-01
1.17483788e+00
4.96979926e-01
-9.58354287e-01
0.00000000e+00
0.00000000e+00
0.00000000e+00
6.34015139e-02
-1.31913599e+00
4.67322663e-01
2.03724441e-01
-9.97093874e-01
2.69378934e-01
1.17798742e-01
1.82201274e-01
2.76381305e-01
0.00000000e+00
3.93815571e-01
-1.84844001e-01
-1.14256355e+00
5.80709387e-01
1.49553415e-01
-2.59517393e-01
2.03249615e-01
-8.97782808e-01
8.02551669e-01
1.32494803e-01
-5.37431993e-02
0.00000000e+00
0.00000000e+00
0.00000000e+00
1.74583653e-01
-1.44083099e+00
-3.31802014e-01
4.80432843e-01
-5.71132282e-01
3.37827775e-01
3.22162917e-01
3.63068595e-02
-5.98249210e-01
0.00000000e+00
4.59448773e-01
-2.73409810e-01
-8.74319295e-02
2.29979281e-01
2.12771507e-01
7.09801855e-01
5.04243759e-02
3.51320147e-01
-5.63444464e-01
4.47497510e-01
136
2.74431724e-01
4.77030106e-01
-1.01893899e-02
-9.08593959e-02
-3.56583182e-04
-2.02206469e-01
2.16096500e-03
0.00000000e+00
0.00000000e+00
0.00000000e+00
8.03068307e-02
2.26542656e-01
0.00000000e+00
0.00000000e+00
0.00000000e+00
0.00000000e+00
0.00000000e+00
0.00000000e+00
0.00000000e+00
0.00000000e+00
-2.03841929e-02
-6.19816769e-02
-3.80733279e-02
-4.47767960e-02
-1.48787389e-02
1.33405726e-01
3.24094810e-01
0.00000000e+00
3.54918736e-01
-1.83047516e-01
8.10650538e-02
0.00000000e+00
-1.04542891e-01
-2.41905449e-01
3.69088392e-01
0.00000000e+00
1.45287283e-01
-5.88835913e-01
-1.12273456e-01
0.00000000e+00
5.90684614e-03
3.85126111e-02
5.17543337e-01
0.00000000e+00
0.00000000e+00
0.00000000e+00
-7.45113862e-02
-9.08050190e-01
3.43313256e-01
-1.30668089e-01
-7.53962075e-01
0.00000000e+00
4.30626255e-01
2.45658629e-02
2.77772055e-01
-4.88813490e-01
0.00000000e+00
-3.07443917e-01
3.26510771e-01
-3.91517557e-02
-7.96590166e-01
-1.13307927e+00
-4.50954160e-01
2.88666443e-02
5.77872922e-02
-4.55266811e-01
-1.66500291e-02
-2.33601716e-01
-2.34226128e-01
1.14891463e-02
-1.42248265e-01
0.00000000e+00
4.20167537e-01
-1.27651797e-01
1.76012846e-01
-2.53911709e-01
5.41143306e-02
1.01383619e-01
-9.92640412e-02
3.67695679e-02
-2.87016965e-02
-1.88054366e-02
4.70351091e-02
-3.90190024e-01
1.89299599e-02
-1.66815949e-01
1.37978511e+00
3.56324815e-01
-1.37662131e+00
0.00000000e+00
0.00000000e+00
0.00000000e+00
4.10032739e-01
-2.15059329e+00
4.66685698e-02
4.34314235e-01
-1.50252826e+00
4.09062512e-01
3.78019113e-01
4.83154024e-01
-2.01756645e-01
0.00000000e+00
1.03327373e+00
-2.90199014e-01
-1.22551001e+00
5.23829742e-01
4.82867746e-01
3.06854155e-01
2.23124040e-01
-1.12165462e+00
-1.47061913e-01
5.31481835e-01
-8.82180043e-01
0.00000000e+00
0.00000000e+00
0.00000000e+00
1.94609706e-01
-2.32041122e+00
1.56393459e-01
8.30032830e-01
-1.06113995e+00
7.01146606e-01
7.81180423e-01
1.45282597e-01
-3.84211473e-01
0.00000000e+00
7.69327134e-01
-4.22593816e-01
-1.05291004e+00
7.18656769e-01
-1.01160675e-01
4.13846001e-01
2.59930606e-01
-9.43529978e-01
4.54381664e-02
3.87932817e-01
16 1
-1.0363e+00 4.5073e-01
8 1
0 1 4 2 5 7 17 3 
217
-2.23313260e-01
-9.88136424e-02
2.53518496e-01
3.92427793e-01
-4.27739794e-01
6.98440283e-02
-2.79005800e-01
-2.21749442e-03
1.03370248e-01
-3.59937649e-04
0.00000000e+00
0.00000000e+00
0.00000000e+00
0.00000000e+00
2.04869336e-01
-1.58908337e-02
5.73179179e-01
-4.42913579e-01
-5.69663655e-03
5.18578049e-01
1.47309830e-02
-1.07438460e-02
-5.71680614e-02
0.00000000e+00
0.00000000e+00
0.00000000e+00
0.00000000e+00
-2.79266516e-01
5.59532560e-02
0.00000000e+00
0.00000000e+00
0.00000000e+00
0.00000000e+00
0.00000000e+00
0.00000000e+00
0.00000000e+00
0.00000000e+00
7.01862594e-01
1.52799008e-01
-1.14040925e-01
-2.51574169e-01
-6.96708931e-01
-3.47643615e-01
3.31992779e-01
0.00000000e+00
-9.80341637e-02
-3.66828900e-01
8.69080846e-02
0.00000000e+00
-4.57965339e-01
-5.67881643e-01
7.47137430e-01
0.00000000e+00
-1.56444725e-01
-1.99534084e-01
2.18698415e-01
0.00000000e+00
3.56790069e-03
6.96669246e-01
-1.29605481e-01
2.72013488e-02
-5.93138881e-01
3.42624272e-01
6.32732949e-02
-5.00848676e-01
-1.02373762e+00
2.75643698e-02
5.62624228e-01
1.86697751e-01
-1.85202195e-02
0.00000000e+00
-7.08876327e-01
-8.62857563e-01
4.22856094e-01
-1.70061311e-01
6.27069730e-02
-2.71372748e-01
0.00000000e+00
-5.15235374e-01
-6.12412095e-01
-3.55763495e-02
5.74604955e-01
3.27498463e-01
3.06030294e-01
0.00000000e+00
-6.56664531e-01
-1.49539759e+00
1.46211885e-01
9.40682969e-02
2.87139386e-01
1.49991381e-01
-5.11519079e-01
-9.80810101e-02
4.12107548e-02
6.84315374e-02
4.99785161e-01
3.17855292e-01
-7.08626615e-01
0.00000000e+00
-5.53878847e-01
-2.27442394e-01
1.68431488e-01
-2.22163594e-01
1.62134099e-01
7.31892448e-01
1.22798095e-01
-3.28948481e-01
5.65614228e-02
-1.26363164e-01
-6.57366520e-01
1.09200290e-01
7.08100015e-01
1.78480378e-01
-1.20119159e-01
-2.74995841e-01
8.47505999e-02
-1.43613866e+00
-3.66425079e-01
-1.24921433e+00
1.30382038e+00
9.34144604e-01
-2.47484085e+00
0.00000000e+00
0.00000000e+00
0.00000000e+00
8.75344397e-01
-9.38267906e-04
-2.99663448e-02
9.23849484e-01
0.00000000e+00
9.28980355e-01
1.68340291e+00
1.24247640e+00
6.76732757e-01
0.00000000e+00
1.44198014e+00
1.73538156e+00
-5.59428848e-01
5.13484969e-01
1.42534898e+00
1.25664643e+00
2.16611626e-01
-4.84195040e-01
5.57135050e-01
5.75828779e-01
-5.29170467e-01
0.00000000e+00
0.00000000e+00
0.00000000e+00
9.55138741e-01
-1.12726854e-03
1.27493393e+00
1.21428896e+00
0.00000000e+00
4.97415363e-01
6.31791409e-01
5.99404150e-01
8.22919272e-01
0.00000000e+00
1.28956592e+00
-5.47113717e-01
1.47948307e-01
1.41516974e+00
5.38621750e-02
5.27162609e-01
1.33481767e+00
-1.85033716e-01
9.65122370e-01
1.54163494e+00
-2.53534280e-01
0.00000000e+00
0.00000000e+00
0.00000000e+00
3.34602260e-01
-8.11480355e-01
-1.34215300e-01
4.59177403e-01
-9.97395993e-01
8.19166628e-01
7.59326749e-01
4.26815442e-01
7.24069949e-01
0.00000000e+00
3.50703637e-01
-6.77992547e-01
-6.52485584e-01
8.73949929e-01
-4.54258976e-01
-2.01044438e-01
-1.83147786e-01
-1.12923429e+00
2.11622140e-01
2.82868523e-02
-6.18856156e-01
0.00000000e+00
0.00000000e+00
0.00000000e+00
2.28099752e-01
-8.88905869e-01
4.36920207e-01
-1.11380825e-01
7.43542463e-02
-2.28453531e-01
-1.96423446e-01
-3.88415472e-01
-1.91645123e+00
0.00000000e+00
4.10694247e-01
7.16157044e-01
-5.08204472e-01
-1.77793295e-01
2.40005782e-01
6.10167275e-01
5.19132378e-01
2.42020126e-01
-1.18073596e-01
4.37694521e-01
136
3.65629226e-01
3.76426890e-01
-5.28411367e-03
1.22465505e-02
-1.79749640e-04
-1.57667096e-02
3.23258460e-03
0.00000000e+00
0.00000000e+00
0.00000000e+00
1.08833894e-01
2.56795332e-01
0.00000000e+00
0.00000000e+00
0.00000000e+00
0.00000000e+00
0.00000000e+00
0.00000000e+00
0.00000000e+00
0.00000000e+00
-6.35306145e-02
-9.72361310e-02
-2.95063792e-02
-2.91015410e-02
-6.56114018e-02
2.27093201e-01
4.26550407e-01
0.00000000e+00
3.63977937e-01
-2.01260829e-01
2.44267274e-01
0.00000000e+00
-1.33239201e-01
-1.94781263e-01
5.02223079e-01
0.00000000e+00
4.15865695e-02
-6.68889111e-01
-4.28862696e-02
0.00000000e+00
-8.32719386e-02
-1.21035554e-02
5.53034849e-01
0.00000000e+00
0.00000000e+00
0.00000000e+00
-1.30425025e-01
-9.49638048e-01
3.36438738e-01
-1.76121612e-01
-6.84865961e-01
0.00000000e+00
2.33716273e-01
-7.28958871e-02
2.40195944e-01
-5.09834985e-01
0.00000000e+00
-2.66232744e-01
3.34149075e-01
-2.94539685e-02
-7.29478969e-01
-1.07196573e+00
-2.97768240e-01
3.65436192e-02
1.07019452e-01
-3.54576370e-01
-1.32404469e-01
-1.04444300e-01
-1.87805572e-01
2.07373410e-02
-9.52543789e-02
0.00000000e+00
3.91046687e-01
-5.65942564e-02
1.56602041e-01
-3.43684743e-01
-1.65654148e-01
-7.10266110e-03
-1.77216615e-01
2.89825540e-02
-2.02715820e-02
1.20353905e-01
-1.47282871e-01
-4.53708626e-01
-2.09279501e-02
-1.50910269e-01
1.40455688e+00
3.63452399e-01
-1.31391271e+00
0.00000000e+00
0.00000000e+00
0.00000000e+00
4.16802857e-01
-2.13273857e+00
1.85666053e-02
4.62940003e-01
-1.31272966e+00
4.60442895e-01
4.04756331e-01
4.72636471e-01
-2.85307537e-01
0.00000000e+00
9.95340805e-01
-3.01745055e-01
-1.25243109e+00
5.44392570e-01
4.47774989e-01
3.74452785e-01
2.37080620e-01
-1.14590457e+00
-2.17599327e-01
4.99356168e-01
-8.44137560e-01
0.00000000e+00
0.00000000e+00
0.00000000e+00
1.49992445e-01
-2.31103488e+00
6.06011109e-02
8.13727100e-01
-1.04042910e+00
7.66436931e-01
7.81923830e-01
1.32111175e-01
-4.16822070e-01
0.00000000e+00
8.01210124e-01
-4.38718421e-01
-1.01274028e+00
6.86934980e-01
-1.13137556e-01
4.25857959e-01
3.57222293e-01
-8.73617433e-01
-2.55206227e-02
4.11864841e-01
20 1
-1.1500e+00 4.5916e-01
8 1
0 1 4 2 5 7 17 3 
217
-2.69112128e-01
-1.41728465e-01
2.53011615e-01
-1.41665186e-02
-5.53883004e-01
-7.53514053e-02
-5.39880937e-01
1.75301865e-02
2.05507528e-01
-1.50781950e+00
0.00000000e+00
0.00000000e+00
0.00000000e+00
0.00000000e+00
5.08925326e-01
-9.42551123e-03
1.31323217e-01
1.37637377e-01
-3.57043099e-03
5.56915229e-02
-9.15674831e-01
3.28630933e-03
4.98797163e-01
0.00000000e+00
0.00000000e+00
0.00000000e+00
0.00000000e+00
-3.24609838e-01
5.54977101e-02
0.00000000e+00
0.00000000e+00
0.00000000e+00
0.00000000e+00
0.00000000e+00
0.00000000e+00
0.00000000e+00
0.00000000e+00
1.15480528e-01
5.23981167e-02
1.65680977e-02
-3.33907316e-01
-3.89753704e-01
-4.85904534e-02
3.18692604e-01
0.00000000e+00
9.92468133e-02
-1.10366711e-02
-2.16148775e-02
0.00000000e+00
-7.62216188e-01
1.87494842e-01
-5.56635756e-02
0.00000000e+00
-2.12528051e-01
-4.11412835e-01
-7.01130211e-02
0.00000000e+00
1.02485352e-01
-3.97279872e-01
1.28352596e+00
-2.11991657e-01
-2.87540516e-01
2.30420045e-01
2.98212121e-02
-6.62055748e-01
-1.12735329e+00
2.28413669e-01
3.72358005e-01
1.34708740e-01
6.11810351e-01
0.00000000e+00
-7.73012074e-01
-7.56169001e-01
3.85599558e-01
-2.97995894e-01
1.18300388e-01
1.96291192e-01
0.00000000e+00
-6.27458643e-01
-1.10050069e+00
-3.32200201e-01
4.94208455e-01
6.90546717e-01
-3.59111287e-01
0.00000000e+00
-5.63789656e-01
-6.21820063e-01
2.57671449e-01
2.02993959e-01
3.70060799e-02
-5.45976671e-01
-7.49394930e-02
-4.96803981e-01
-2.57328694e-01
-1.69972973e-01
9.35632840e-02
4.72604319e-01
4.75027974e-01
0.00000000e+00
-2.71034932e-01
-3.22193946e-01
6.04898628e-02
-2.14351547e-01
-5.85670586e-02
-1.36294600e+00
4.26983636e-01
-2.59105795e-01
-3.59406297e-01
-1.73463698e-01
-3.91012854e-02
-2.63526270e-01
-6.85812707e-01
-5.32276301e-01
2.46607285e-01
-2.95650159e-02
-4.91881075e-01
-2.25468328e-01
5.08437963e-01
5.02452707e-01
1.81601141e+00
9.17412263e-01
-1.88007588e+00
0.00000000e+00
0.00000000e+00
0.00000000e+00
3.51738953e-01
-5.83075326e-02
9.45219065e-01
9.53989978e-01
-2.41367387e-03
1.54476040e+00
9.48981572e-02
8.26370350e-01
8.44324298e-01
0.00000000e+00
3.33502116e-01
5.72053552e-01
-9.92110139e-01
1.07690278e+00
3.70878691e-01
1.60051427e+00
5.02280862e-01
-3.80777159e-01
6.38529002e-01
1.07422499e-01
-4.33625133e-01
0.00000000e+00
0.00000000e+00
0.00000000e+00
1.18243469e+00
-5.47041520e-02
5.06748712e-01
3.06325352e-01
-2.64912976e-03
9.25288529e-02
8.73864298e-01
5.73517930e-01
9.88163665e-02
0.00000000e+00
1.21010938e+00
3.09158874e-01
5.62215252e-01
9.79834380e-02
6.18218572e-01
-1.41890642e-01
9.10865301e-01
-2.06070520e-01
-2.56411584e-01
1.09277850e+00
-4.03779746e-01
0.00000000e+00
0.00000000e+00
0.00000000e+00
1.77804459e-02
-1.34471146e+00
-1.62537498e-02
1.83080690e-01
-2.12732486e-01
8.63781290e-01
4.68685195e-01
-2.40489506e-01
3.55809546e-02
0.00000000e+00
1.02037906e+00
-7.20576298e-01
-6.45325361e-01
4.87714847e-01
-4.88132537e-01
-2.67488903e-01
1.77237801e-01
-4.50787157e-02
-3.40860395e-02
3.56855026e-01
-4.44909016e-01
0.00000000e+00
0.00000000e+00
0.00000000e+00
3.29712472e-01
-1.15988402e+00
4.91882567e-01
7.49206047e-01
-1.36038009e+00
-4.52955660e-01
2.17981568e-01
5.22715655e-01
-1.61851963e-01
0.00000000e+00
-9.88280844e-02
4.53080036e-01
-6.68110535e-01
2.62422123e-01
3.18458456e-01
8.82905057e-01
-7.94145053e-02
-8.72261355e-01
-2.66182351e-02
2.07031453e-01
136
2.47310721e-01
4.75104536e-01
-1.18988621e-02
-1.25451498e-01
-4.67376789e-04
-1.77608900e-01
-4.11222082e-04
0.00000000e+00
0.00000000e+00
0.00000000e+00
6.52319953e-02
1.86447627e-01
0.00000000e+00
0.00000000e+00
0.00000000e+00
0.00000000e+00
0.00000000e+00
0.00000000e+00
0.00000000e+00
0.00000000e+00
-8.20982134e-02
-3.49913959e-02
-2.86988092e-02
-7.06459095e-02
1.18824397e-02
6.23312780e-05
4.72333028e-01
0.00000000e+00
3.93591341e-01
-2.19514528e-01
1.65422025e-01
0.00000000e+00
-2.22808189e-01
-2.61275057e-01
3.45620326e-01
0.00000000e+00
2.34652307e-01
-7.11454217e-01
2.15684724e-02
0.00000000e+00
-2.76405081e-02
4.08283770e-02
5.10159978e-01
0.00000000e+00
0.00000000e+00
0.00000000e+00
-1.66009638e-01
-1.00724539e+00
3.24711858e-01
-1.79499829e-01
-7.66879195e-01
0.00000000e+00
3.64513869e-01
-6.34165109e-03
2.65637649e-01
-5.69672243e-01
0.00000000e+00
-1.36592329e-01
3.63399513e-01
1.37420369e-02
-7.26787810e-01
-9.43713854e-01
-2.29825469e-01
3.56308569e-02
1.15161583e-01
-3.01347678e-01
-1.72188937e-01
-2.43577541e-01
-2.05039810e-01
5.58016338e-03
-1.01276725e-01
0.00000000e+00
2.35745398e-01
3.24170148e-02
9.67490400e-02
-2.01033255e-01
1.39859328e-02
-1.19157535e-02
-1.90314949e-01
2.57902813e-02
1.81011218e-02
-4.33920527e-02
1.02893551e-02
-4.39326768e-01
2.50395060e-02
-2.20375016e-01
1.41571679e+00
4.21034992e-01
-1.30787321e+00
0.00000000e+00
0.00000000e+00
0.00000000e+00
3.55953266e-01
-2.18135485e+00
-6.05481410e-02
4.01837340e-01
-1.36270200e+00
4.44516815e-01
4.28979224e-01
4.34462347e-01
-1.85935045e-01
0.00000000e+00
1.02269277e+00
-2.45763621e-01
-1.27839215e+00
5.71463882e-01
5.16462043e-01
3.46325112e-01
2.37562188e-01
-1.16762298e+00
-1.40216752e-01
5.54407336e-01
-8.11319009e-01
0.00000000e+00
0.00000000e+00
0.00000000e+00
1.88466083e-01
-2.18477329e+00
1.08327884e-01
7.73052983e-01
-1.09038561e+00
7.55506154e-01
7.71311883e-01
8.01612210e-02
-3.93510815e-01
0.00000000e+00
8.18695138e-01
-3.54922004e-01
-1.04049193e+00
6.03051869e-01
-7.53160266e-02
3.19074743e-01
3.67875058e-01
-9.67246519e-01
1.06916062e-01
4.02888108e-01
21 1
-1.1895e+00 4.7302e-01
8 0
0 1 4 2 5 7 17 3 
217
-2.56417059e-01
-5.31869921e-02
2.66299104e-02
-1.37727308e-01
-7.76073144e-02
2.50274694e-01
2.17381088e-01
2.58559096e-01
7.76300157e-01
-4.54749037e-01
-2.53941177e-02
8.07469501e-01
0.00000000e+00
0.00000000e+00
-1.32164496e-01
1.90256216e-02
-7.97013430e-01
1.45886578e-01
1.81614609e-03
-3.70333822e-01
1.55316447e-01
-1.30036658e-03
-5.94646186e-01
-4.25455587e-01
5.56710538e-03
-4.10602173e-01
-1.82935380e-01
-2.07175452e-02
-5.27641342e-02
0.00000000e+00
0.00000000e+00
0.00000000e+00
0.00000000e+00
0.00000000e+00
0.00000000e+00
0.00000000e+00
0.00000000e+00
1.45077784e-01
-4.24825879e-02
-2.09299102e-01
-3.73617840e-01
-8.99363009e-02
-8.14755283e-02
3.95316516e-01
0.00000000e+00
-4.48164089e-01
-1.25375697e-01
5.27356949e-02
0.00000000e+00
-8.02500148e-01
1.41565642e-01
3.95005138e-01
0.00000000e+00
1.26032633e-01
-7.52601071e-01
3.33117834e-01
0.00000000e+00
1.54252759e-01
1.77011442e-03
6.67744130e-01
-3.17944977e-01
-2.29372859e-01
2.90900777e-01
1.26221950e-01
-8.60862962e-01
-1.05981320e+00
1.78397593e-01
5.33317167e-01
2.99826359e-01
-8.17453477e-02
-6.22516724e-01
-3.47862121e-01
1.28047034e-01
4.54374770e-01
-1.00756141e+00
2.59587016e-01
-1.28237254e-01
0.00000000e+00
-8.14254695e-01
-1.33451010e+00
5.81499147e-02
2.07726442e-01
4.99687721e-01
6.49987988e-01
-5.38267524e-01
-2.48465934e-01
-3.11228772e-01
2.12308352e-01
1.25622896e-03
3.18008047e-01
-1.83218620e-01
1.22643940e-01
-3.93417795e-02
2.21261264e-02
-2.41419096e-01
-3.12626265e-01
-9.83001239e-02
-3.48055566e-01
-5.84666866e-02
-3.21979402e-01
-5.65296945e-02
1.20975066e-01
-2.22011542e-02
3.05396320e-03
-2.48972934e-01
5.20674289e-01
-4.55597787e-01
2.01117900e-01
-1.31802123e-01
-1.81263674e-01
-1.89691439e-01
1.28245606e-01
-5.43250215e-03
9.03345790e-02
-5.59792462e-02
-3.13845510e-01
3.44448767e-01
-2.74736264e-02
2.55861746e-02
2.25729881e+00
1.03928710e+00
-2.02245479e-01
0.00000000e+00
0.00000000e+00
0.00000000e+00
-4.88508903e-01
1.04575258e+00
-1.55562358e-01
-2.52662681e-01
-1.42320949e+00
-3.17124459e-01
1.75575972e-01
-1.42939949e-01
1.21699181e+00
0.00000000e+00
1.36331349e+00
-6.66967244e-01
-1.01069424e+00
3.26523861e-01
2.30873972e-01
-2.64005758e-01
-6.80418698e-02
-9.65859872e-01
5.53356518e-01
6.40943138e-01
-3.55256413e-01
0.00000000e+00
0.00000000e+00
0.00000000e+00
5.50653672e-01
-1.06079393e+00
4.54974847e-02
4.44284574e-01
2.48925851e-01
4.68772436e-01
5.33427946e-02
1.42879239e-01
-1.03085834e+00
0.00000000e+00
-2.86349343e-02
5.22279466e-01
-6.17014903e-01
2.91968725e-01
1.73368277e-01
3.39854428e-01
2.25025511e-01
-9.50248812e-02
-8.80046206e-01
-1.49735669e-01
-1.16278039e+00
0.00000000e+00
0.00000000e+00
0.00000000e+00
-2.61673499e-01
-7.50463146e-01
9.12033047e-02
9.30436794e-01
4.98958181e-01
8.44580325e-01
2.02028612e+00
4.34219187e-01
3.79946365e-02
0.00000000e+00
5.83774283e-01
7.77069323e-01
-1.07573484e+00
1.29463531e+00
1.17534541e+00
1.88252999e+00
1.17044939e+00
-1.52538975e+00
8.72304399e-01
1.03500743e+00
-6.74711566e-01
0.00000000e+00
0.00000000e+00
0.00000000e+00
1.30403961e+00
-5.63827999e-01
1.15519338e+00
9.53953488e-01
-1.92973318e-01
1.07440611e+00
9.54192553e-02
8.31871972e-01
5.65578244e-01
0.00000000e+00
1.21699791e+00
-2.60372759e-01
9.41830204e-01
4.39812709e-01
1.11696551e-01
2.19452481e-01
3.22255712e-01
8.02191598e-01
-6.94287395e-02
6.22702244e-01
136
4.37715096e-01
3.74700525e-01
-1.24648341e-03
2.69246584e-01
-1.49343852e-03
3.07717453e-02
-1.83808575e-03
-2.37003759e-01
1.91787435e-03
-4.36729678e-02
2.31627309e-01
2.49760754e-01
0.00000000e+00
0.00000000e+00
0.00000000e+00
0.00000000e+00
0.00000000e+00
0.00000000e+00
0.00000000e+00
0.00000000e+00
7.03642729e-02
3.92038549e-02
-1.74333790e-02
-5.17634081e-02
2.11542609e-02
6.38956435e-02
3.15064204e-01
0.00000000e+00
4.05064716e-01
-3.54771918e-01
2.73510944e-01
0.00000000e+00
2.00653417e-01
-4.52075537e-01
4.96384904e-01
0.00000000e+00
1.01762765e-01
-8.44131977e-01
1.03767156e-01
0.00000000e+00
1.85583683e-02
-2.56240766e-01
7.50876205e-01
0.00000000e+00
0.00000000e+00
0.00000000e+00
-7.43788101e-01
-1.16907528e+00
1.61870372e-01
-2.57400921e-01
-5.97966482e-01
1.92127176e-01
5.28268908e-01
-7.61250724e-02
2.97805849e-01
-4.46861636e-01
0.00000000e+00
-3.17568667e-01
3.37625009e-01
-4.92363205e-02
-8.82329134e-01
-1.14512803e+00
-6.04225680e-01
-1.06849373e-01
7.01010286e-02
-2.95394660e-01
2.14120351e-01
-3.76010249e-02
-1.07022315e-01
2.43791630e-02
-1.16341781e-01
8.01056020e-01
-1.25803576e-01
-2.19706084e-01
6.46990969e-02
-2.70531035e-01
6.03879834e-02
1.62993534e-01
-9.64402643e-02
5.51235204e-02
-6.31795898e-02
2.97106870e-01
1.89368293e-01
-3.68284629e-01
5.53415374e-02
-2.66218782e-01
1.93517559e+00
2.85615098e-01
-5.72503140e-01
0.00000000e+00
0.00000000e+00
0.00000000e+00
1.67750780e-01
-8.81982685e-01
3.61310503e-02
1.24182291e-01
-1.48495559e+00
2.99935476e-01
2.75465726e-01
2.10896462e-01
1.48472281e-01
0.00000000e+00
1.02772112e+00
8.99848671e-03
-1.08751904e+00
4.58717313e-01
4.54290313e-01
1.58628017e-01
2.03002940e-01
-1.06684749e+00
-9.09143059e-02
4.65523716e-01
-8.60652693e-01
0.00000000e+00
0.00000000e+00
0.00000000e+00
2.43543427e-01
-2.38843218e+00
5.11530131e-04
6.65025712e-01
-9.97650209e-01
7.81797449e-01
7.82658222e-01
1.65751521e-01
-3.45768786e-01
0.00000000e+00
8.35129155e-01
-5.95909263e-01
-9.79260898e-01
7.20721747e-01
-3.09428048e-02
4.48939128e-01
3.79300603e-01
-9.92157907e-01
4.98869868e-02
3.96203869e-01
