1 0 2 8
3 1 7 2
3 1 1 1
8 0.983 -1.989 -1.834 -0.106 -4.835 -1.665 -4.090 -1.210
8
5 0.001 -0.663 -0.663 -0.663 -0.663
5 0.483 0.180 -0.465 -0.770 -0.770
5 -0.119 -0.119 -0.119 -0.119 -0.744
5 0.749 0.462 -0.191 -0.191 -0.860
5 -0.197 -0.197 -0.197 -0.197 -0.197
5 -0.327 -0.327 -0.327 -0.327 -0.394
5 1.068 0.068 0.068 -0.515 -0.515
5 0.169 -0.135 -0.135 -0.135 -0.135
8 1.222 -4.575 -4.269 -3.143 -6.093 -3.910 -5.050 -3.217
8
5 0.013 -0.745 -0.745 -0.745 -0.745
5 -0.069 -0.320 -0.490 -0.490 -0.490
5 -0.116 -0.489 -0.489 -0.489 -0.489
5 -0.087 -0.087 -0.492 -0.492 -0.492
5 -0.203 -0.357 -0.521 -0.521 -0.521
5 0.087 0.087 0.087 -0.473 -0.473
5 1.030 0.085 -0.203 -0.283 -0.283
5 0.492 0.087 0.087 -0.201 -0.424
8
8 0.000 -3.794 -3.335 -2.120 -2.610 -1.745 -2.840 -1.352
8 0.000 -1.991 -3.773 -1.239 -2.585 -0.924 -3.237 -1.240
8 -0.760 -3.285 -2.287 -1.528 -3.583 -2.958 -3.543 -3.344
8 0.000 -0.839 -1.732 0.757 -0.960 -1.045 -1.702 0.348
8 0.000 -3.287 -4.247 -1.973 -3.236 -2.252 -3.861 -2.906
8 0.000 -0.768 -3.355 -0.562 -2.103 -0.875 -2.326 -0.959
8 0.000 -3.298 -3.922 -2.239 -3.203 -2.311 -4.069 -2.755
8 0.000 -1.392 -3.156 0.032 -2.372 -1.182 -3.110 -0.567
