1 1 1 8
3 0 1 2
3 1 1 1
8 -1.377 0.233 -0.099 3.375 -1.473 1.536 1.461 4.737
8
5 -0.003 -0.003 -0.003 -0.003 -0.003
5 0.029 0.029 -0.000 -0.770 -1.366
5 0.143 0.143 -0.071 -0.394 -0.394
5 -0.303 -0.303 -0.303 -0.303 -0.543
5 -0.019 -0.122 -0.122 -0.122 -0.122
5 -0.338 -0.338 -0.338 -0.338 -0.338
5 0.331 0.190 0.101 -0.116 -0.368
5 0.171 0.083 0.024 0.024 -0.281
8 -0.462 0.098 0.151 3.129 -1.096 1.539 1.780 4.770
8
5 -0.003 -0.003 -0.003 -0.003 -0.003
5 -0.109 -0.109 -0.109 -0.661 -0.858
5 0.184 0.146 -0.071 -0.341 -0.341
5 -0.288 -0.288 -0.288 -0.288 -0.386
5 -0.220 -0.220 -0.220 -0.220 -0.220
5 -0.319 -0.319 -0.319 -0.319 -0.477
5 0.591 0.481 0.151 -0.100 -0.611
5 0.362 0.326 0.147 0.073 -0.368
8
8 -1.650 -2.622 -2.502 -2.031 -3.409 -3.060 -2.590 -0.816
8 -1.621 -0.235 -1.734 0.593 -2.374 0.017 -0.945 1.839
8 -1.703 -3.173 -1.612 -0.560 -3.833 -2.822 -1.124 0.389
8 0.000 1.347 1.635 3.265 -0.433 1.572 2.110 4.244
8 -2.101 -3.525 -2.957 -2.152 -3.513 -2.268 -2.154 -0.262
8 -0.327 -0.203 -0.900 0.824 -0.875 1.077 0.513 2.968
8 -1.708 -3.104 -1.054 -0.335 -2.584 -1.587 0.450 2.054
8 0.000 1.618 2.451 3.505 0.698 2.580 3.639 5.495
