2 0 0 8
3 1 0 8
3 1 1 1
8 -0.450 -2.219 -0.058 3.247 -4.147 -1.807 1.039 3.353
8
5 -0.001 -0.001 -0.001 -0.001 -0.001
5 -0.185 -0.185 -0.185 -0.499 -0.499
5 0.451 0.269 -0.212 -0.944 -1.373
5 -0.205 -0.205 -0.205 -0.205 -1.285
5 -0.448 -0.448 -0.448 -0.448 -0.448
5 -0.435 -0.435 -0.435 -0.435 -0.435
5 0.472 0.374 -0.092 -0.477 -1.369
5 0.378 0.126 -0.142 -0.281 -0.432
8 -0.127 -2.162 0.191 3.679 -3.503 -0.974 0.876 4.235
8
5 -0.000 -0.000 -0.000 -0.000 -0.000
5 0.292 0.054 0.035 -0.249 -0.320
5 0.617 0.480 0.017 -1.121 -2.198
5 0.381 0.381 0.248 -0.372 -1.522
5 0.414 -0.361 -0.361 -0.678 -0.678
5 -1.073 -1.073 -1.073 -1.073 -1.103
5 1.134 0.687 0.311 -0.282 -1.401
5 -0.427 -0.427 -0.427 -0.427 -0.559
8
8 0.000 0.000 0.000 0.000 0.000 0.000 0.000 0.000
8 0.000 -4.635 -4.035 -1.078 -4.849 -2.392 -3.748 0.128
8 0.000 -4.804 -1.374 0.701 -3.754 -3.442 -2.165 1.528
8 0.000 -2.423 0.633 3.659 -2.682 -0.646 0.058 4.715
8 0.000 -6.331 -5.626 -2.815 -5.319 -4.956 -5.207 -1.488
8 0.000 -3.644 -3.594 -0.141 -4.085 -2.314 -3.445 0.321
8 0.000 -3.720 -1.070 1.754 -2.970 -2.498 -1.442 3.577
8 0.000 -2.226 0.370 3.668 -3.732 -1.075 0.535 4.665
