1 2 2 8
3 1 7 2
3 1 1 1
8 0.545 -0.784 -0.225 1.157 -3.588 -0.693 -3.169 -0.292
8
5 -0.000 -0.000 -0.000 -0.000 -0.000
5 0.318 0.142 -0.080 -0.353 -0.353
5 -0.338 -0.338 -0.338 -0.338 -0.338
5 0.339 0.245 0.245 -0.014 -0.428
5 -0.389 -0.397 -0.397 -0.397 -0.397
5 0.343 0.051 0.051 0.036 -0.166
5 0.208 0.014 -0.436 -0.436 -0.436
5 -0.014 -0.014 -0.023 -0.023 -0.023
8 0.525 -1.405 -0.807 0.698 -4.190 -1.398 -3.210 -0.754
8
5 -0.004 -0.004 -0.004 -0.004 -0.004
5 0.141 0.138 0.051 -0.336 -0.336
5 -0.422 -0.422 -0.422 -0.422 -0.422
5 1.577 0.708 0.120 -0.126 -0.273
5 -0.279 -0.279 -0.484 -0.484 -0.484
5 1.631 0.677 0.175 -0.391 -0.391
5 1.826 0.304 0.221 -0.383 -0.426
5 1.849 -0.060 -0.060 -0.137 -0.137
8
8 0.000 -0.204 -0.142 0.000 0.000 0.000 0.000 0.000
8 0.000 -0.828 -2.358 0.537 -3.024 -0.392 -2.846 -0.163
8 -0.428 -2.172 -0.994 -0.329 -2.937 -1.942 -2.519 -1.480
8 0.000 0.305 -0.247 2.276 -1.336 0.603 -0.949 1.258
8 -1.052 -3.494 -3.947 -2.125 -4.286 -2.475 -3.811 -2.325
8 0.000 -0.712 -2.945 0.342 -2.001 0.143 -2.679 0.129
8 -0.748 -3.528 -2.741 -1.386 -3.419 -2.323 -4.049 -2.389
8 0.000 -0.306 -1.765 1.438 -1.818 -0.358 -2.193 0.524
