1 0 1 8
3 0 1 2
3 1 1 1
8 -2.293 -0.324 -0.475 2.415 -1.304 1.487 2.300 4.159
8
5 -0.006 -0.006 -0.006 -0.006 -0.006
5 0.145 0.145 -0.472 -1.589 -1.763
5 0.137 0.083 -0.200 -0.687 -1.305
5 -0.106 -0.106 -0.106 -0.198 -1.092
5 -0.007 -0.007 -0.017 -0.095 -0.095
5 -0.116 -0.116 -0.116 -0.252 -1.204
5 0.209 0.195 -0.005 -0.345 -1.008
5 -0.006 -0.006 -0.006 -0.062 -0.866
8 -0.717 -0.511 -0.132 2.302 -0.761 1.295 2.698 4.225
8
5 -0.004 -0.004 -0.004 -0.004 -0.004
5 -0.016 -0.016 -0.308 -1.518 -1.518
5 0.257 0.089 -0.202 -0.776 -1.127
5 -0.040 -0.040 -0.040 -0.282 -0.932
5 0.069 0.069 -0.046 -0.219 -1.240
5 0.026 0.026 0.026 -0.242 -1.157
5 0.392 0.342 0.095 -0.437 -1.198
5 0.341 0.320 0.193 -0.204 -1.303
8
8 -3.080 -3.378 -3.276 -2.627 -3.337 -2.402 -2.028 -1.316
8 -2.637 -1.058 -2.539 -0.290 -2.882 -0.626 -0.442 1.236
8 -3.587 -4.226 -2.818 -1.783 -4.584 -3.732 -1.067 -0.462
8 0.000 0.347 0.632 2.194 -0.903 0.673 2.480 3.441
8 -4.211 -4.985 -4.553 -3.794 -3.883 -3.072 -1.665 -1.033
8 -0.923 -0.886 -1.631 -0.333 -0.755 0.659 1.390 2.583
8 -1.978 -3.469 -1.906 -1.083 -2.600 -2.335 1.113 1.372
8 0.000 0.537 1.582 2.320 1.136 1.987 4.495 4.725
