1 1 2 8
3 1 8 2
3 1 1 1
8 0.506 -0.877 -3.312 0.525 -1.439 1.565 -1.212 2.926
8
5 -0.000 -0.000 -0.000 -0.000 -0.000
5 0.356 0.157 -0.168 -0.878 -1.193
5 -0.191 -0.191 -0.191 -0.191 -0.191
5 0.394 0.365 0.213 -0.211 -0.834
5 0.202 0.131 0.018 -0.350 -0.840
5 0.130 0.130 0.130 -0.092 -0.871
5 -0.174 -0.174 -0.174 -0.174 -0.244
5 0.272 0.272 0.272 -0.099 -1.029
8 0.853 -2.836 -4.936 -0.692 -3.624 -0.743 -3.158 0.971
8
5 -0.003 -0.003 -0.003 -0.003 -0.003
5 0.290 -0.010 -0.038 -0.471 -0.471
5 0.109 -0.771 -0.771 -0.771 -0.771
5 1.669 0.662 -0.017 -0.671 -0.785
5 0.077 0.077 -0.432 -0.432 -0.432
5 0.415 0.107 0.107 -0.025 -0.899
5 1.040 0.214 -0.942 -0.942 -0.942
5 1.087 0.211 0.131 -0.123 -0.237
8
8 0.000 -2.293 -1.751 0.000 -1.306 0.000 -1.546 0.000
8 0.000 -1.995 -4.537 -1.326 -3.243 -0.508 -3.666 -0.383
8 -0.815 -3.786 -4.841 -2.786 -3.401 -2.436 -3.818 -1.927
8 0.000 -1.522 -2.851 -0.034 -1.622 -0.024 -2.294 0.746
8 0.000 -2.787 -4.343 -2.552 -2.568 -0.876 -2.566 -0.919
8 0.000 -0.822 -3.285 -0.756 -1.025 1.146 -1.867 1.486
8 0.000 -2.721 -4.031 -2.137 -2.288 -1.353 -3.048 -0.580
8 0.000 -0.010 -2.404 0.564 -0.493 1.616 -0.940 2.806
