1 2 2 8
3 1 8 2
3 1 1 1
8 0.300 -0.509 -2.222 1.328 -1.383 1.481 -0.778 2.916
8
5 -0.001 -0.001 -0.001 -0.001 -0.001
5 0.400 0.251 -0.014 -0.626 -0.952
5 0.093 -0.034 -0.102 -0.102 -0.102
5 0.703 0.551 0.309 0.021 -0.772
5 0.206 0.169 0.131 -0.496 -0.496
5 0.063 0.063 0.063 0.063 -0.630
5 -0.351 -0.351 -0.351 -0.351 -0.351
5 0.312 0.309 0.309 0.179 -0.702
8 0.517 -1.261 -3.038 0.809 -2.085 0.760 -1.448 2.315
8
5 -0.004 -0.004 -0.004 -0.004 -0.004
5 0.392 0.349 0.015 -0.587 -0.601
5 0.374 0.075 -0.158 -0.437 -0.437
5 1.494 0.708 0.595 -0.026 -0.788
5 0.245 0.127 -0.012 -0.122 -0.310
5 0.307 0.307 0.307 0.307 -0.897
5 0.782 0.206 0.196 -0.113 -0.301
5 0.659 0.659 0.457 0.338 -0.737
8
8 0.000 -0.298 -0.100 0.000 0.000 0.000 0.000 0.000
8 0.000 -1.547 -3.175 -0.410 -2.782 -0.435 -2.407 0.208
8 -0.536 -3.133 -3.218 -1.850 -2.961 -1.942 -2.693 -1.114
8 0.000 -0.397 -1.871 1.140 -1.628 0.528 -0.665 1.710
8 -0.236 -2.716 -3.281 -1.527 -2.534 -0.910 -2.474 -0.341
8 0.000 -0.414 -2.186 0.457 -1.134 1.224 -1.077 1.788
8 0.000 -2.426 -2.969 -0.980 -2.290 -1.028 -1.928 0.118
8 0.000 0.657 -1.566 1.627 -0.054 1.839 0.193 3.230
