1 1 1 8
3 0 1 2
3 1 1 1
8 -2.313 0.185 -0.422 2.504 -1.273 1.800 2.114 4.393
8
5 -0.004 -0.004 -0.004 -0.004 -0.004
5 0.071 0.071 -0.199 -1.232 -1.482
5 0.208 0.081 -0.111 -0.605 -1.211
5 -0.096 -0.096 -0.096 -0.096 -0.956
5 0.001 0.001 0.001 -0.128 -0.140
5 -0.249 -0.249 -0.249 -0.249 -0.837
5 0.196 0.196 0.056 -0.202 -0.845
5 0.185 0.088 0.084 0.084 -0.641
8 -1.256 0.081 -0.010 2.583 -0.724 1.858 2.808 4.752
8
5 -0.005 -0.005 -0.005 -0.005 -0.005
5 -0.067 -0.067 -0.067 -1.262 -2.465
5 0.297 0.165 -0.128 -0.793 -1.239
5 -0.156 -0.156 -0.156 -0.156 -1.151
5 0.192 0.041 -0.058 -0.255 -0.533
5 -0.224 -0.224 -0.224 -0.224 -0.850
5 0.500 0.393 0.156 -0.319 -1.078
5 0.336 0.132 0.132 0.074 -0.878
8
8 -3.416 -3.218 -3.649 -2.259 -4.176 -2.891 -2.386 -0.953
8 -2.462 -0.278 -2.220 0.234 -2.354 0.084 -0.522 1.736
8 -3.436 -3.611 -2.394 -1.218 -4.155 -2.932 -0.849 0.146
8 -0.555 0.621 0.609 2.294 -0.917 1.104 2.071 3.624
8 -4.104 -3.923 -3.805 -2.542 -3.653 -2.506 -1.709 -0.418
8 -1.102 0.008 -1.111 0.729 -0.607 1.335 1.222 3.074
8 -2.600 -3.156 -1.535 -0.565 -2.311 -1.582 1.239 1.916
8 0.000 1.172 1.832 2.863 0.994 2.311 4.181 5.113
