1 0 2 8
3 1 8 2
3 1 1 1
8 0.848 -1.846 -4.660 -0.541 -2.244 1.482 -2.129 2.329
8
5 0.000 -0.472 -0.472 -0.472 -0.472
5 0.205 0.170 -0.383 -0.752 -0.986
5 0.197 -0.292 -0.292 -0.292 -0.292
5 0.851 0.315 -0.123 -0.572 -0.815
5 0.148 -0.034 -0.154 -0.154 -0.236
5 0.285 0.285 -0.024 -0.491 -1.275
5 0.512 0.295 -0.041 -0.389 -0.599
5 0.158 0.158 0.158 -0.538 -0.857
8 1.036 -4.946 -7.730 -4.384 -6.488 -3.303 -6.140 -2.151
8
5 0.005 -0.557 -0.557 -0.557 -0.557
5 -0.151 -0.451 -0.451 -0.451 -0.451
5 -0.419 -0.580 -0.580 -0.580 -0.580
5 0.445 -0.143 -0.143 -0.248 -0.248
5 -0.228 -0.454 -0.454 -0.454 -0.454
5 0.405 0.182 -0.405 -0.405 -0.405
5 1.428 -0.289 -0.289 -0.289 -0.289
5 0.916 0.223 0.000 -0.182 -0.470
8
8 0.000 -3.844 -3.205 -1.062 -2.472 -1.062 -2.727 -0.320
8 0.000 -2.911 -4.990 -2.234 -2.923 -1.312 -3.512 -1.207
8 -0.937 -4.629 -5.765 -3.890 -3.968 -3.227 -4.883 -2.864
8 0.000 -2.200 -3.365 -0.916 -1.871 -1.109 -2.153 -0.296
8 0.000 -3.810 -4.693 -3.041 -2.975 -1.608 -3.188 -1.253
8 0.000 -1.147 -3.611 -1.175 -1.162 1.556 -1.753 0.833
8 0.000 -3.735 -4.939 -2.973 -3.380 -1.783 -3.415 -1.538
8 0.000 -0.857 -2.716 -0.642 -0.726 1.721 -1.185 2.171
