2 0 0 8
3 1 0 6
3 1 1 1
8 -0.474 -2.897 -0.301 2.422 -5.189 -1.923 1.203 3.832
8
5 -0.001 -0.001 -0.001 -0.001 -0.001
5 -0.077 -0.077 -0.077 -0.429 -0.577
5 0.511 0.265 -0.324 -1.318 -1.911
5 0.271 0.271 0.132 -0.433 -1.409
5 -0.578 -0.578 -0.578 -0.578 -0.578
5 -0.469 -0.469 -0.469 -0.469 -0.469
5 0.626 0.358 -0.091 -0.754 -1.574
5 0.531 0.222 -0.184 -0.423 -0.835
8 -0.093 -2.869 -0.061 2.975 -4.402 -1.418 0.709 4.659
8
5 -0.000 -0.000 -0.000 -0.000 -0.000
5 0.039 0.039 0.039 -0.294 -1.210
5 0.740 0.561 -0.110 -1.608 -2.760
5 0.736 0.587 0.069 -0.538 -1.708
5 0.098 -0.358 -0.358 -0.358 -0.358
5 0.253 0.253 0.253 -0.359 -1.287
5 1.200 0.707 0.451 -0.228 -1.467
5 -0.065 -0.065 -0.065 -0.065 -0.927
8
8 0.000 0.000 0.000 0.000 0.000 0.000 0.000 0.000
8 0.000 -5.403 -4.274 -2.283 -4.408 -3.837 -4.486 -0.249
8 0.000 -5.516 -1.797 -0.347 -4.031 -3.667 -2.700 1.014
8 0.000 -3.302 -0.009 2.166 -2.621 -1.860 -0.773 3.948
8 0.000 -6.844 -5.902 -3.846 -4.819 -5.117 -5.775 -1.947
8 0.000 -4.415 -3.828 -1.555 -3.914 -2.881 -4.122 0.097
8 0.000 -4.020 -1.305 0.968 -3.215 -2.904 -2.175 3.660
8 0.000 -2.409 0.651 3.196 -3.705 -1.221 0.470 5.024
