1 1 0 8
3 0 7 1
3 1 1 1
8 -1.003 0.685 -2.929 1.828 -2.011 1.985 -1.889 2.195
8
5 -0.002 -0.002 -0.002 -0.002 -0.002
5 0.344 0.129 -0.296 -1.272 -2.210
5 0.071 -0.001 -0.066 -0.295 -0.295
5 0.285 0.285 0.034 -0.367 -1.183
5 0.088 0.059 -0.199 -0.555 -0.587
5 0.280 0.145 -0.149 -0.627 -1.200
5 -0.019 -0.108 -0.108 -0.108 -0.108
5 0.259 0.132 0.018 -0.143 -0.423
8 -0.455 0.750 -2.462 2.335 -2.000 2.336 -1.430 2.828
8
5 -0.001 -0.001 -0.001 -0.001 -0.001
5 0.376 0.288 -0.296 -1.315 -2.015
5 -0.064 -0.180 -0.180 -0.180 -0.180
5 0.441 0.441 0.155 -0.427 -1.244
5 0.062 0.062 -0.295 -0.295 -0.420
5 0.321 0.253 -0.090 -0.638 -1.784
5 0.166 0.166 -0.321 -0.536 -0.536
5 0.263 0.112 0.112 -0.063 -0.604
8
8 -3.090 -2.293 -1.497 -0.976 -3.061 0.000 0.000 0.000
8 -3.691 -0.135 -2.217 1.009 -2.644 1.536 -2.381 1.862
8 -5.589 -3.731 -4.374 -2.312 -5.241 -2.069 -4.344 -1.618
8 -2.395 0.562 -1.078 2.335 -1.838 2.012 -0.886 2.804
8 -5.725 -3.670 -4.629 -2.607 -3.858 -0.931 -3.830 -0.941
8 -3.778 0.274 -2.753 1.229 -1.831 2.488 -1.182 2.555
8 -5.641 -3.284 -4.792 -2.221 -5.399 -0.656 -3.644 -0.263
8 -3.081 0.540 -2.217 2.005 -1.765 2.566 -1.132 3.014
