1 2 0 8
3 0 7 1
3 1 1 1
8 -0.795 0.741 -2.257 1.996 -2.115 1.374 -1.778 2.055
8
5 -0.002 -0.002 -0.002 -0.002 -0.002
5 0.435 0.279 -0.108 -0.994 -1.657
5 -0.045 -0.094 -0.094 -0.094 -0.094
5 0.386 0.330 0.131 -0.153 -0.687
5 0.101 -0.082 -0.166 -0.488 -0.631
5 0.410 0.307 -0.077 -0.708 -1.162
5 0.106 -0.072 -0.072 -0.120 -0.120
5 0.423 0.260 0.138 -0.097 -0.601
8 -0.172 0.665 -2.174 2.343 -2.263 1.574 -1.470 2.524
8
5 -0.001 -0.001 -0.001 -0.001 -0.001
5 0.531 0.356 -0.113 -0.988 -1.822
5 -0.229 -0.229 -0.229 -0.229 -0.229
5 0.817 0.562 0.238 -0.135 -1.020
5 0.028 0.028 -0.174 -0.259 -0.259
5 0.524 0.343 -0.007 -0.734 -1.454
5 0.225 -0.018 -0.288 -0.288 -0.288
5 0.655 0.374 0.224 -0.077 -0.728
8
8 -0.585 -2.487 -0.230 -1.084 -2.859 0.000 0.000 0.000
8 -2.819 -0.024 -1.249 1.158 -2.544 1.174 -1.942 1.653
8 -3.717 -2.985 -2.889 -1.483 -4.702 -1.800 -3.312 -1.347
8 -1.427 0.903 -0.282 2.448 -1.700 1.801 -1.092 2.675
8 -4.149 -3.354 -3.714 -2.157 -3.706 -1.260 -3.466 -1.359
8 -2.864 -0.109 -2.645 0.955 -2.529 1.519 -1.365 2.087
8 -4.029 -2.883 -4.487 -1.750 -5.121 -1.184 -3.479 -0.379
8 -1.606 0.570 -1.757 1.899 -2.004 2.064 -0.778 2.764
