0 1 -999999999 -1 -1
1 1 0 -1 -1
0.2827 -0.3401
356
7.59533576e-01
7.59533576e-01
0.00000000e+00
1.25885969e+00
-1.78565479e+00
-1.19425439e+00
3.18278211e-01
0.00000000e+00
0.00000000e+00
2.86995194e-01
-2.52135508e-02
-3.43062322e-02
-8.49996998e-02
6.59936728e-01
6.69899801e-01
-7.09768359e-02
0.00000000e+00
0.00000000e+00
0.00000000e+00
0.00000000e+00
0.00000000e+00
0.00000000e+00
0.00000000e+00
0.00000000e+00
0.00000000e+00
0.00000000e+00
0.00000000e+00
0.00000000e+00
0.00000000e+00
0.00000000e+00
0.00000000e+00
0.00000000e+00
0.00000000e+00
0.00000000e+00
0.00000000e+00
0.00000000e+00
0.00000000e+00
0.00000000e+00
0.00000000e+00
0.00000000e+00
0.00000000e+00
0.00000000e+00
0.00000000e+00
0.00000000e+00
0.00000000e+00
0.00000000e+00
0.00000000e+00
0.00000000e+00
0.00000000e+00
0.00000000e+00
0.00000000e+00
-9.71644215e-01
-6.96795688e-01
5.66190632e-01
0.00000000e+00
0.00000000e+00
0.00000000e+00
0.00000000e+00
5.67716193e-01
1.19457316e-02
4.77592819e-01
-3.10298698e-01
1.10117065e-01
-3.91158576e-01
-3.19304586e-01
2.13223468e-01
-7.65879149e-02
2.89311749e-01
4.30448986e-01
-1.33260885e-03
-6.49042155e-02
3.09435986e-01
-8.40015024e-03
-1.48915041e-01
-4.96825405e-01
4.28140531e-03
-2.24145689e-01
5.16474010e-01
2.31719181e-03
-3.15449848e-01
0.00000000e+00
0.00000000e+00
0.00000000e+00
4.42513767e-02
2.55782035e-01
-1.10225145e-01
1.20173703e-01
4.60318657e-01
0.00000000e+00
0.00000000e+00
-9.52441340e-01
-4.49490955e-01
-1.50740310e+00
-7.37691495e-01
-4.84239920e-01
-4.94798347e-01
4.53908299e-02
-2.13695404e-01
2.39323122e-01
-5.48454167e-02
1.24714158e-01
7.24448153e-02
0.00000000e+00
0.00000000e+00
2.41004301e+00
3.36544631e+00
0.00000000e+00
0.00000000e+00
0.00000000e+00
0.00000000e+00
0.00000000e+00
0.00000000e+00
6.01495335e-01
4.40731246e-01
2.06654611e-01
-2.67205056e-01
-5.84482719e-01
-2.04770285e+00
0.00000000e+00
0.00000000e+00
0.00000000e+00
0.00000000e+00
0.00000000e+00
0.00000000e+00
4.40010770e-01
-1.79009179e-01
-1.69789573e-01
-5.07061303e-01
-8.34776229e-01
-1.35528722e+00
5.15753291e+00
5.19367404e+00
5.09760355e+00
5.10801158e+00
5.16868142e+00
5.10756880e+00
-3.04279095e-01
-1.23250790e-01
-1.42998388e-01
-2.54695859e-01
9.32697808e-02
-6.61937896e-01
-2.12880223e-01
-4.64826803e-01
-5.49060076e-01
-4.52446907e-01
-4.26965552e-01
-8.42816557e-01
0.00000000e+00
0.00000000e+00
0.00000000e+00
0.00000000e+00
0.00000000e+00
0.00000000e+00
0.00000000e+00
0.00000000e+00
7.59533576e-01
-2.81001155e-01
0.00000000e+00
-1.56169090e+00
-3.23254984e-01
-2.74277867e-01
-1.32725445e+00
-7.69943968e-01
-1.65050944e+00
0.00000000e+00
0.00000000e+00
0.00000000e+00
3.97185828e-01
1.44073769e-02
9.43288956e-02
-1.39113929e-01
-7.92508714e-01
1.14100888e+00
1.51509003e-01
1.91013030e-01
-4.10365253e-01
0.00000000e+00
7.76326339e-01
-2.95408532e-01
-1.28914485e+00
-7.77037022e-02
-1.24948456e+00
3.95999639e-01
6.02031733e-01
-1.42020593e+00
-4.60794540e-01
7.20409850e-01
3.86293955e-01
0.00000000e+00
0.00000000e+00
0.00000000e+00
-8.44342450e-04
-5.21568340e-01
2.10508255e-01
-6.84983923e-02
2.05440515e-01
-3.13768501e-01
4.37001069e-02
9.29500742e-02
1.61780105e-01
0.00000000e+00
-2.98865533e-01
6.62076873e-02
1.52336174e-01
1.50288852e-01
2.08997165e-01
1.74877403e-01
6.61736044e-02
1.23668308e-01
1.58835903e-01
-2.25925091e-01
-1.00595965e+00
-3.86659441e-01
0.00000000e+00
-2.06420395e-01
-2.12127537e-02
1.61110997e-01
-2.87008585e-02
-5.19069580e-01
-7.45617030e-01
0.00000000e+00
0.00000000e+00
0.00000000e+00
-4.13675823e-01
1.70626935e-01
-2.70381546e-01
1.37953744e+00
-1.41769294e-02
6.99766092e-01
9.94692560e-01
-1.55810002e+00
-6.23707752e-02
0.00000000e+00
3.49601047e-01
3.27440963e-01
3.49192451e-02
8.11694993e-02
-1.61943725e+00
-7.62365486e-01
-2.79625940e-01
-2.38478519e-01
5.83923545e-02
3.76849124e-01
-6.19300207e-01
0.00000000e+00
5.93700555e-01
5.17393179e-01
-6.44549787e-01
6.34044576e-02
0.00000000e+00
9.53285233e-03
-2.64676712e-02
2.95514345e-01
9.13376704e-02
-3.23447557e-01
-7.07954244e-01
0.00000000e+00
0.00000000e+00
1.41692308e-01
-1.04422183e+00
0.00000000e+00
0.00000000e+00
0.00000000e+00
-6.57649421e-01
-7.88161967e-01
8.74794012e-02
-1.56479952e-01
-1.86140546e-01
6.26024106e-01
2.89277932e-01
-3.05947861e-02
2.03518772e-01
0.00000000e+00
1.54845874e-01
-5.19495592e-01
-6.05289010e-01
9.03546391e-01
-4.19696454e-01
-5.94857470e-02
1.12348816e-01
-3.26828815e-01
3.89181036e-01
-6.06218741e-02
3.70131131e-01
0.00000000e+00
0.00000000e+00
0.00000000e+00
6.70380836e-02
-3.78347290e-01
7.01339114e-02
1.10707854e-01
1.06409289e-01
7.37598992e-03
1.81395867e-01
-6.87294725e-02
1.95544848e-01
0.00000000e+00
-2.30584437e-01
1.98567270e-02
-8.41664948e-02
-1.16041553e-01
7.51570682e-03
1.24521716e-01
7.24283945e-02
7.34808894e-02
1.53603075e-01
5.79880257e-02
-6.53811437e-01
-4.94779633e-02
-3.24100946e-01
-3.01364041e-01
-5.78627324e-02
2.48359774e-01
5.84941867e-02
-3.56331924e-01
-5.91968170e-01
0.00000000e+00
0.00000000e+00
0.00000000e+00
-5.25655223e-02
5.60742495e-01
-4.32814926e-02
-1.18189121e+00
1.27074903e-01
-3.53940027e-01
-9.14923916e-01
7.18128282e-01
3.28954836e-01
0.00000000e+00
-2.27920533e-01
-1.49119082e-03
-2.17930487e-01
1.83100409e-01
4.43655695e-01
1.99799696e-01
4.48653918e-02
2.42613346e-01
1.04683928e-01
-5.51642769e-01
-6.04333474e-01
8.05240523e-01
6.60846108e-01
6.85035858e-01
-3.90410398e-01
-2.24799903e-01
-6.25819179e-01
-1.80012939e-01
-7.04570219e-02
1.89050744e-01
-4.83197834e-02
-3.65530864e-01
-1.65610494e-01
4.59789387e-01
9.77162664e-02
1.95339938e-03
247
-1.87375875e-01
-1.87375875e-01
0.00000000e+00
3.32722164e-01
-5.20098039e-01
3.65774296e-02
-1.54617053e+00
8.61986050e-01
0.00000000e+00
0.00000000e+00
3.29445071e-01
4.72297681e-01
1.93146541e-02
-1.82781179e-01
0.00000000e+00
0.00000000e+00
0.00000000e+00
0.00000000e+00
0.00000000e+00
0.00000000e+00
0.00000000e+00
0.00000000e+00
0.00000000e+00
0.00000000e+00
0.00000000e+00
0.00000000e+00
0.00000000e+00
0.00000000e+00
0.00000000e+00
0.00000000e+00
0.00000000e+00
0.00000000e+00
0.00000000e+00
0.00000000e+00
0.00000000e+00
0.00000000e+00
0.00000000e+00
0.00000000e+00
0.00000000e+00
0.00000000e+00
0.00000000e+00
1.17389205e+00
-1.94340621e-02
5.82406751e-02
-9.03920938e-03
-9.38431751e-01
-5.21306408e-04
-4.81076850e-01
2.43144643e-04
0.00000000e+00
0.00000000e+00
0.00000000e+00
-9.46947020e-02
5.82175093e-02
-1.17928234e-01
8.88334580e-04
-3.38587826e-02
0.00000000e+00
0.00000000e+00
1.83236112e+00
3.23749138e+00
0.00000000e+00
0.00000000e+00
0.00000000e+00
0.00000000e+00
0.00000000e+00
0.00000000e+00
2.79086466e-01
2.77283301e-01
1.10901738e-01
-5.04073717e-02
-6.30370051e-01
-2.00623108e+00
0.00000000e+00
0.00000000e+00
0.00000000e+00
0.00000000e+00
0.00000000e+00
0.00000000e+00
4.84678234e-01
-1.86508989e-01
-3.02215495e-01
-7.39959433e-01
-1.08100132e+00
-1.59148685e+00
6.12136048e+00
6.17363771e+00
6.12283297e+00
6.17163816e+00
6.08684917e+00
5.89315843e+00
-3.65216086e-01
-4.69395715e-01
-3.90529226e-01
-3.88689629e-01
-5.66451892e-01
-8.18155617e-01
-1.13793789e+00
-1.07935668e+00
-9.86803577e-01
-1.03737012e+00
-1.46402065e+00
-1.31974939e+00
0.00000000e+00
0.00000000e+00
0.00000000e+00
0.00000000e+00
-1.79002478e-01
-5.93198626e-01
0.00000000e+00
-2.19228923e+00
-7.13643721e-01
-1.30609328e+00
-5.30889803e-01
-7.01688223e-01
-2.01973700e+00
0.00000000e+00
0.00000000e+00
0.00000000e+00
6.60743794e-01
-3.37278348e-01
1.19139386e-01
-3.00316063e-01
-1.04920773e+00
7.57221966e-01
2.86964369e-02
6.76557084e-01
-5.40772297e-01
0.00000000e+00
7.16887016e-01
-2.55920278e-01
-1.03554330e+00
4.09035699e-02
-1.12112616e+00
4.73185808e-01
5.32844902e-01
-1.30779105e+00
-6.07312452e-01
5.29350718e-01
-1.32397207e+00
-7.39355759e-01
0.00000000e+00
3.92179584e-01
2.00406767e-01
4.30427801e-01
0.00000000e+00
0.00000000e+00
0.00000000e+00
7.77879070e-03
3.36265345e-01
-2.46032669e-02
-5.36741202e-01
4.21011202e-02
-1.23579281e-01
-3.71606478e-01
2.72152576e-01
2.81459984e-01
0.00000000e+00
9.20713212e-03
2.14755143e-01
-1.18712158e-01
-4.10961103e-02
7.91863183e-01
4.34440537e-02
-1.52888756e-01
1.44225199e-01
-1.35781739e-02
-3.30019300e-01
-5.84616314e-01
0.00000000e+00
6.01570254e-01
5.29909273e-01
-6.95764924e-01
2.57120381e-02
0.00000000e+00
0.00000000e+00
1.14630339e-01
-7.21476962e-01
0.00000000e+00
0.00000000e+00
1.03258392e-01
-1.23257803e+00
0.00000000e+00
0.00000000e+00
0.00000000e+00
-5.93455447e-01
-7.96364799e-01
5.09155980e-02
-1.74094882e-01
-6.09099391e-02
7.62772158e-01
4.83915250e-01
-1.23975315e-01
-3.31375532e-01
0.00000000e+00
-3.02897978e-02
-4.17463436e-01
-4.19851616e-01
6.49695795e-01
-9.60732662e-01
8.71155609e-03
2.34156030e-01
-1.92492100e-01
2.70204858e-01
4.08056253e-01
-8.58381964e-01
-5.06944327e-01
-2.65348967e-01
-1.84590414e-01
-1.49585081e-02
2.82237680e-01
0.00000000e+00
0.00000000e+00
0.00000000e+00
-2.34835657e-02
2.08073153e-01
-2.55139001e-02
6.66188993e-01
-1.97064616e-01
2.77997366e-01
4.65309870e-01
-4.71130174e-01
3.56143301e-02
0.00000000e+00
2.19087385e-01
-5.09655250e-02
-8.82514970e-02
-6.77623021e-02
-4.98899731e-01
-1.21024572e-01
-1.34957846e-01
-1.14794569e-01
8.91009333e-02
1.14713947e-01
-3.51437637e-01
2.20761050e-01
4.43103925e-01
2.24804938e-01
-3.74196062e-01
-2.39454760e-02
-8.23837043e-01
-4.30338052e-01
-3.19550430e-01
-3.50250586e-01
3.84248306e-01
3.78115352e-01
3.12009311e-01
1 -999999999 0 0 -1
1 0 1 1 -1
9.3354e-02 3.2704e-01
356
2.76897813e-02
0.00000000e+00
0.00000000e+00
0.00000000e+00
0.00000000e+00
0.00000000e+00
0.00000000e+00
0.00000000e+00
0.00000000e+00
0.00000000e+00
0.00000000e+00
0.00000000e+00
0.00000000e+00
0.00000000e+00
0.00000000e+00
0.00000000e+00
-4.34358845e-02
7.11256658e-02
4.95862913e-01
-1.61025001e-01
-8.94690000e-01
9.65413725e-01
0.00000000e+00
0.00000000e+00
3.21400973e-01
-1.50913079e-02
-4.76251673e-01
2.58445956e-01
3.95545360e-01
3.72260410e-01
-2.71942856e-01
-4.34358845e-02
7.11256658e-02
-5.39298798e-01
-1.61025001e-01
2.92974484e-01
1.30391498e-01
4.69633725e-01
8.89943414e-01
2.62291881e-02
5.77233738e-01
0.00000000e+00
0.00000000e+00
0.00000000e+00
0.00000000e+00
0.00000000e+00
0.00000000e+00
0.00000000e+00
0.00000000e+00
0.00000000e+00
0.00000000e+00
-1.95926201e-01
-1.29492966e-01
-2.23584524e-01
0.00000000e+00
0.00000000e+00
0.00000000e+00
0.00000000e+00
2.46251818e-02
-2.16842598e-01
-1.80172651e-01
1.27665417e-01
-1.80446475e-02
1.65047749e-01
1.22642604e-01
-4.50936599e-02
7.86392944e-02
-1.09287697e+00
0.00000000e+00
0.00000000e+00
0.00000000e+00
0.00000000e+00
0.00000000e+00
0.00000000e+00
4.30850390e-01
-4.92070963e-03
-4.07697110e-01
-4.03160608e-01
6.85764872e-04
-1.88179913e-01
0.00000000e+00
0.00000000e+00
0.00000000e+00
-5.99325076e-01
-2.55789923e-01
-8.20414930e-02
2.17102231e-01
7.64489900e-01
0.00000000e+00
0.00000000e+00
-3.45228621e-01
-2.10697633e-01
-1.03633692e+00
-5.59134256e-01
-4.28595623e-01
-3.93316275e-01
-3.89296062e-02
1.27682801e-01
-7.88615447e-02
3.09490370e-02
-8.10236902e-02
-4.69074571e-02
0.00000000e+00
0.00000000e+00
2.57229052e+00
1.35271259e+00
0.00000000e+00
0.00000000e+00
0.00000000e+00
0.00000000e+00
0.00000000e+00
0.00000000e+00
-1.10134407e-03
2.86961980e-01
2.56627013e-01
-4.85756393e-02
-7.28043050e-01
-2.31046970e+00
0.00000000e+00
0.00000000e+00
0.00000000e+00
0.00000000e+00
0.00000000e+00
0.00000000e+00
1.20473941e+00
-1.91994976e-02
-1.82218101e-01
-4.65225713e-01
-4.75648823e-01
-1.12293946e+00
3.81338315e+00
3.66848835e+00
3.57092580e+00
3.51339522e+00
3.58880674e+00
3.50176795e+00
6.75797086e-02
2.11297381e-01
8.61651570e-02
2.02208548e-01
3.50774165e-01
-1.27283708e-01
4.09622509e-02
2.12115361e-01
4.21152367e-02
7.56804164e-02
9.80741815e-02
-1.69153277e-01
0.00000000e+00
0.00000000e+00
0.00000000e+00
0.00000000e+00
0.00000000e+00
0.00000000e+00
0.00000000e+00
0.00000000e+00
2.92220407e-01
-3.83934110e-01
-1.85248614e+00
0.00000000e+00
-4.00686109e-01
-5.22604613e-01
-2.91428489e-01
-8.02418195e-01
-6.92114597e-01
0.00000000e+00
0.00000000e+00
0.00000000e+00
6.99326918e-01
1.71529772e-01
-1.14243689e-01
-3.21103681e-01
-5.27612431e-01
4.08272786e-01
1.12536601e-01
1.45281264e-01
5.42711205e-01
0.00000000e+00
8.73782569e-01
-5.72282691e-01
-1.29289935e+00
2.74624865e-01
-1.06866028e+00
2.41704556e-02
6.42330806e-02
-3.39379307e-01
-5.94268935e-02
2.87024215e-01
3.53775648e-01
0.00000000e+00
0.00000000e+00
0.00000000e+00
-6.53853928e-02
-1.08300139e-01
-1.35741164e-03
-1.57223791e-02
2.56287357e-01
3.77634905e-02
-8.55776190e-02
1.24960015e-01
-3.94673125e-01
0.00000000e+00
-1.61075908e-01
2.71370213e-01
1.91358762e-01
4.97849603e-02
7.82232364e-02
7.58380312e-02
7.63825901e-02
-3.46840834e-02
9.00108189e-02
-3.14277682e-02
-3.34798525e-01
-1.92415307e-01
-2.11268372e+00
-9.51434364e-01
-4.67567652e-01
4.15251347e-02
-4.65915250e-02
-1.87348917e-01
1.61666491e-02
0.00000000e+00
0.00000000e+00
0.00000000e+00
1.67161152e-01
9.15753069e-01
-1.40607817e-01
1.09190688e+00
-5.80249176e-01
-2.06863196e-01
7.01327221e-01
-1.30637188e+00
8.50456432e-01
0.00000000e+00
6.27200215e-01
-4.49284557e-01
-2.58150362e-01
1.14671577e-01
-1.24513520e+00
-1.01941541e+00
-3.01422766e-01
2.57845716e-01
8.52069281e-03
7.88824061e-01
-1.42383218e-01
-8.78987913e-01
-2.33543477e-01
1.97792118e-01
-3.57316073e-01
-2.08270802e-01
-1.11579970e+00
-9.24909277e-01
-3.96133951e-01
1.70805800e-02
-8.25718254e-03
-2.17094199e-01
-1.49045271e-01
-7.94172419e-02
-2.33999706e-01
4.38256335e-02
-1.32502281e+00
0.00000000e+00
0.00000000e+00
0.00000000e+00
-9.88228767e-01
-1.08153458e+00
7.22592455e-01
3.11618994e-01
-1.47234469e-01
9.95277104e-01
5.51995141e-01
4.50968133e-01
-1.51403911e+00
0.00000000e+00
-6.97312713e-01
-5.69391960e-01
-1.24402654e+00
5.08479092e-01
4.27071206e-01
6.51197024e-01
8.32956953e-01
-7.38059109e-01
2.25858838e-01
-2.32105073e-02
2.97056636e-01
0.00000000e+00
0.00000000e+00
0.00000000e+00
4.86217275e-02
-2.84086476e-01
-1.70101372e-01
-1.04700212e-01
-8.15956214e-03
-5.11174041e-03
-7.46912495e-02
-6.69826630e-02
5.07762000e-01
0.00000000e+00
-3.60536840e-02
1.90931046e-01
3.55140449e-01
1.50686524e-01
-1.07361719e-01
-1.58857468e-01
-2.20622155e-01
7.54266384e-02
1.09896043e-01
9.53205090e-02
-5.50978292e-01
-1.69224559e-01
0.00000000e+00
0.00000000e+00
-2.39614101e-01
5.15532931e-02
-9.26723492e-03
-2.11510617e-01
-3.50652015e-01
0.00000000e+00
0.00000000e+00
0.00000000e+00
-6.96720520e-02
-8.27712776e-01
3.74741688e-01
-1.14556865e+00
3.65354098e-01
1.20964334e-01
-6.82644311e-01
1.13252400e+00
-7.52166596e-01
0.00000000e+00
-3.33172264e-01
4.09444370e-01
-8.17978246e-02
-1.14465021e-01
6.27248680e-01
9.86078940e-01
5.15517723e-01
-2.32118630e-01
4.10369550e-02
-6.84244683e-01
-3.81753733e-01
0.00000000e+00
0.00000000e+00
5.86368011e-01
-7.74044515e-01
-3.53380054e-01
0.00000000e+00
8.42241682e-02
3.58212505e-01
-1.22691011e-02
-1.04246503e-01
-2.36864450e-01
-4.20664462e-01
0.00000000e+00
1.88447533e-01
2.31885048e-01
247
-1.10194308e-01
0.00000000e+00
0.00000000e+00
0.00000000e+00
0.00000000e+00
0.00000000e+00
0.00000000e+00
0.00000000e+00
0.00000000e+00
8.79298518e-01
0.00000000e+00
0.00000000e+00
0.00000000e+00
0.00000000e+00
7.24107830e-02
-1.82605091e-01
1.34668134e+00
-1.27427056e+00
-5.57305204e-01
-1.61176241e+00
0.00000000e+00
0.00000000e+00
0.00000000e+00
4.60478046e-01
1.82047388e-01
-7.08758400e-01
6.76352444e-01
7.24107830e-02
-1.82605091e-01
1.34668134e+00
-1.27427056e+00
-5.57305204e-01
-1.91450529e-02
-1.09012047e+00
0.00000000e+00
0.00000000e+00
0.00000000e+00
0.00000000e+00
0.00000000e+00
0.00000000e+00
0.00000000e+00
0.00000000e+00
0.00000000e+00
0.00000000e+00
0.00000000e+00
1.66569957e-01
-6.73606385e-04
-2.76764265e-01
1.71408775e-03
0.00000000e+00
0.00000000e+00
0.00000000e+00
6.10822238e-01
3.08912899e-01
-1.04038965e-01
-3.68878444e-01
-5.45804881e-01
0.00000000e+00
0.00000000e+00
3.15911517e+00
1.66398440e+00
0.00000000e+00
0.00000000e+00
0.00000000e+00
0.00000000e+00
0.00000000e+00
0.00000000e+00
1.42002491e-01
3.93700530e-01
1.94620287e-01
-4.57502531e-01
-1.02601903e+00
-2.51611123e+00
0.00000000e+00
0.00000000e+00
0.00000000e+00
0.00000000e+00
0.00000000e+00
0.00000000e+00
6.66078769e-01
6.79351948e-02
-1.06322975e-01
-6.40088645e-01
-6.64866244e-01
-1.07076772e+00
5.96612244e+00
6.00747186e+00
5.99415302e+00
5.95215960e+00
5.91455425e+00
5.89616696e+00
-3.68795305e-01
-1.14411409e-01
-1.92200595e-01
-9.77483147e-02
-2.89884949e-03
-7.47603206e-01
2.21915730e-02
-2.32755343e-01
-2.55068966e-01
-1.92296330e-01
-1.36034821e-01
-6.18373793e-01
0.00000000e+00
0.00000000e+00
0.00000000e+00
0.00000000e+00
-8.40472196e-02
-8.77556008e-01
-2.52996467e+00
0.00000000e+00
-3.19382952e-01
-4.19961863e-01
-6.86632799e-01
-1.08754591e+00
-7.39344815e-01
0.00000000e+00
0.00000000e+00
0.00000000e+00
3.37090419e-01
-5.30999708e-01
3.06398268e-01
-6.35918738e-01
2.98786328e-01
2.96004416e-01
-5.67683767e-02
4.65628263e-01
-9.01673425e-01
0.00000000e+00
3.19381758e-01
-1.39729487e-01
-9.89004718e-01
2.65197993e-01
-4.49024346e-01
4.86722235e-01
6.31764062e-01
-2.37651086e-01
1.71349977e-01
-3.76898650e-01
-4.03658828e-01
1.54148146e-01
-2.40339137e+00
-1.37154330e+00
-5.94674809e-01
-4.80042298e-01
0.00000000e+00
0.00000000e+00
0.00000000e+00
-1.36544146e-01
-1.20520794e-01
4.15258425e-02
-9.95503851e-02
-1.97667448e-02
-7.63263861e-02
-4.42104296e-02
9.31188040e-02
-6.41492919e-01
0.00000000e+00
6.73925061e-02
2.35749031e-01
-5.27274138e-02
-1.61600661e-01
7.16612395e-01
1.71304748e-01
-8.52707791e-02
-1.09587301e-01
-1.65796463e-01
-9.23512029e-02
-5.57806974e-01
-1.12920183e+00
-4.57050303e-01
-1.25837320e-01
-3.35685987e-01
-4.73531098e-01
-1.45481436e+00
-1.01184727e+00
-4.95030162e-01
1.37845111e-01
-7.39193191e-01
-5.50747944e-01
-3.12408158e-03
-1.77417871e+00
0.00000000e+00
0.00000000e+00
0.00000000e+00
-3.15289733e-01
-2.16534354e+00
4.80605248e-01
6.10939034e-01
-1.16045394e-01
4.21721673e-01
4.38652674e-01
4.66887951e-01
-6.21711035e-01
0.00000000e+00
-3.41404330e-01
-8.82909899e-01
-8.06320940e-01
6.81324438e-01
-2.31264809e-01
4.47073984e-01
6.28341629e-01
-6.53686012e-01
4.08206600e-01
-2.23956248e-01
-5.78883262e-01
5.41688061e-02
0.00000000e+00
0.00000000e+00
-2.03274227e-01
-2.86315968e-01
0.00000000e+00
0.00000000e+00
0.00000000e+00
1.17391508e-01
3.08235648e-01
-2.24376795e-01
2.06960008e-01
-3.95900214e-01
1.14570072e-01
1.62258549e-01
-4.20434619e-01
7.23942043e-01
0.00000000e+00
3.26305096e-01
1.03647862e-01
1.02498385e-01
-9.40437835e-02
-9.39257330e-01
-4.17387294e-01
-3.64843873e-01
9.26172615e-02
-3.33736036e-02
3.44875113e-01
-6.33052068e-01
0.00000000e+00
0.00000000e+00
3.70420845e-01
-1.19529545e+00
-7.40801605e-01
0.00000000e+00
0.00000000e+00
6.35238235e-02
-4.54493842e-01
0.00000000e+00
0.00000000e+00
0.00000000e+00
2 1
4.6301e-01 -5.2371e-02
2 1
0 1 
217
9.33669743e-02
-1.23743586e-01
-2.26873618e-01
-7.55833806e-01
-1.61700108e-01
6.58578110e-03
-1.04618022e-01
4.05281278e-01
3.73404844e-01
2.30331588e-02
2.41624131e-01
-3.12633262e-01
-2.55343870e-01
-1.32325845e-01
0.00000000e+00
0.00000000e+00
0.00000000e+00
-3.13875730e-02
7.14239742e-04
3.36439550e-02
1.01016528e-01
2.86079713e-03
3.65971690e-02
2.37380196e-02
1.14646870e-03
2.65388566e-01
0.00000000e+00
0.00000000e+00
0.00000000e+00
-5.36061389e-01
-4.82655736e-01
-9.04921936e-02
4.08591574e-01
7.94705940e-01
0.00000000e+00
0.00000000e+00
-4.49583734e-01
1.08273049e-01
4.34677660e-01
0.00000000e+00
0.00000000e+00
0.00000000e+00
0.00000000e+00
0.00000000e+00
-4.49583734e-01
1.73995238e-01
-6.57221893e-02
4.34677660e-01
0.00000000e+00
0.00000000e+00
0.00000000e+00
0.00000000e+00
0.00000000e+00
0.00000000e+00
0.00000000e+00
0.00000000e+00
0.00000000e+00
0.00000000e+00
0.00000000e+00
0.00000000e+00
4.34677660e-01
-6.57221893e-02
1.73995238e-01
-1.67179842e-01
-3.48126082e-01
-1.33423293e+00
4.46124450e-01
9.67412310e-01
1.62548448e-01
7.43759839e-01
0.00000000e+00
-2.75588496e-01
-7.59132573e-01
1.35829250e-01
-5.13322113e-01
2.33126221e-01
4.46355413e-01
0.00000000e+00
0.00000000e+00
0.00000000e+00
0.00000000e+00
0.00000000e+00
0.00000000e+00
0.00000000e+00
0.00000000e+00
0.00000000e+00
0.00000000e+00
0.00000000e+00
0.00000000e+00
0.00000000e+00
0.00000000e+00
0.00000000e+00
0.00000000e+00
0.00000000e+00
0.00000000e+00
0.00000000e+00
0.00000000e+00
0.00000000e+00
0.00000000e+00
0.00000000e+00
0.00000000e+00
0.00000000e+00
0.00000000e+00
0.00000000e+00
0.00000000e+00
0.00000000e+00
0.00000000e+00
0.00000000e+00
0.00000000e+00
0.00000000e+00
0.00000000e+00
0.00000000e+00
0.00000000e+00
0.00000000e+00
0.00000000e+00
0.00000000e+00
0.00000000e+00
0.00000000e+00
0.00000000e+00
-6.54677544e-01
-1.11781708e+00
-8.77848185e-01
0.00000000e+00
0.00000000e+00
0.00000000e+00
3.46449249e-01
-7.96063021e-01
1.18407769e-01
-4.75222433e-01
-5.08297098e-01
4.76787318e-01
1.61202307e-01
7.10517643e-01
-6.24128160e-02
0.00000000e+00
4.82525857e-01
-3.05056710e-01
-8.82860462e-01
5.22307363e-02
4.38096840e-01
2.95128229e-01
2.14726939e-01
-7.73912843e-01
-4.84410431e-01
1.14314738e-01
-1.42890599e-01
0.00000000e+00
0.00000000e+00
0.00000000e+00
3.35506132e-01
-1.30009990e+00
-6.78365005e-02
4.12159111e-01
-4.81836227e-01
3.83887416e-02
1.89734383e-01
3.13851669e-05
1.88794501e-01
0.00000000e+00
3.84387053e-01
-5.36606056e-01
-2.46548783e-01
2.43633643e-01
-2.00106096e-01
1.84687525e-01
2.65660081e-01
-2.04770608e-01
2.43801268e-01
4.08129744e-01
-5.28751657e-01
0.00000000e+00
0.00000000e+00
0.00000000e+00
-7.80172328e-02
-6.32646858e-01
1.21283399e-01
6.51845095e-01
-2.75149995e-01
3.80583881e-01
5.35170849e-01
1.32444269e-03
-9.16097012e-02
0.00000000e+00
4.96855504e-01
-4.48250910e-01
-6.15910607e-01
2.73058014e-01
-5.61749163e-01
7.73816157e-02
1.69897507e-01
-3.85295868e-01
-9.30589465e-02
-5.44626834e-02
-3.77931005e-01
0.00000000e+00
0.00000000e+00
0.00000000e+00
2.67303404e-01
-1.09121841e+00
4.88706887e-02
-1.64948830e-01
-2.67205858e-01
6.31422333e-02
1.59373238e-02
2.19735888e-01
-1.56370492e-01
0.00000000e+00
1.28489021e-01
-2.21572081e-01
-2.40738005e-01
2.25680253e-01
4.16303112e-01
1.86348703e-01
6.38725740e-02
-2.71468291e-01
1.28027546e-01
2.71880218e-01
136
1.12441933e+00
0.00000000e+00
0.00000000e+00
-3.41434503e-02
6.42659966e-03
5.83523229e-01
3.71143064e-04
5.75039547e-01
1.59929334e-03
0.00000000e+00
0.00000000e+00
0.00000000e+00
4.75147315e-01
2.87140167e-01
1.65224169e-01
1.14562046e-01
8.61704738e-02
0.00000000e+00
0.00000000e+00
-7.01229320e-01
4.77509921e-01
1.34813873e+00
0.00000000e+00
0.00000000e+00
0.00000000e+00
0.00000000e+00
0.00000000e+00
-7.01229320e-01
1.36616245e+00
-8.88652532e-01
1.34813873e+00
0.00000000e+00
0.00000000e+00
0.00000000e+00
0.00000000e+00
0.00000000e+00
0.00000000e+00
0.00000000e+00
0.00000000e+00
0.00000000e+00
0.00000000e+00
0.00000000e+00
0.00000000e+00
0.00000000e+00
0.00000000e+00
0.00000000e+00
-6.78536604e-01
-9.11345248e-01
-1.21303299e-01
-1.14007258e+00
-1.30851405e+00
0.00000000e+00
6.64933133e-01
1.90781680e-01
7.92499651e-02
-5.05948744e-01
0.00000000e+00
0.00000000e+00
0.00000000e+00
0.00000000e+00
1.34813873e+00
-8.88652532e-01
1.36616245e+00
0.00000000e+00
0.00000000e+00
0.00000000e+00
0.00000000e+00
0.00000000e+00
0.00000000e+00
0.00000000e+00
0.00000000e+00
0.00000000e+00
0.00000000e+00
0.00000000e+00
0.00000000e+00
0.00000000e+00
0.00000000e+00
0.00000000e+00
0.00000000e+00
0.00000000e+00
0.00000000e+00
0.00000000e+00
0.00000000e+00
0.00000000e+00
0.00000000e+00
0.00000000e+00
-4.20490047e-01
-8.44368027e-01
-9.46905726e-01
0.00000000e+00
0.00000000e+00
0.00000000e+00
6.82968715e-01
-2.42433287e+00
6.15199290e-01
-8.53848636e-03
-1.02236231e+00
5.98519833e-01
3.69926181e-01
1.24271610e+00
-5.31629119e-01
0.00000000e+00
6.98621495e-01
-7.32781262e-01
-1.42552919e+00
3.33848971e-01
1.21671002e+00
9.11520713e-01
5.79905376e-01
-1.80614471e+00
-5.50339627e-01
3.04815160e-01
-1.25125607e+00
0.00000000e+00
0.00000000e+00
0.00000000e+00
3.71335142e-01
-2.27289613e+00
3.38539207e-01
9.88633328e-01
-9.80529582e-01
7.30746592e-01
9.98329575e-01
2.80849643e-01
-2.48886444e-01
0.00000000e+00
8.73440245e-01
-1.13816619e+00
-1.33954058e+00
5.66286123e-01
-4.33767604e-01
3.24140042e-01
4.85165884e-01
-1.22822612e+00
-5.27916227e-02
4.86082427e-01
7 1
2.9189e-01 5.9960e-02
3 1
0 1 2 
217
-2.81075853e-02
-7.05695028e-02
-6.01734782e-02
3.65728721e-02
-1.41280141e-01
-5.28552002e-02
-8.49357699e-02
1.76722513e-01
1.47962033e-01
1.18282714e-01
1.30686814e-01
-1.80512186e-01
-8.05405212e-02
9.13934319e-02
0.00000000e+00
0.00000000e+00
0.00000000e+00
-2.72106557e-02
1.48650215e-04
9.97415491e-02
-8.44959258e-02
3.53760292e-03
1.09822391e-01
8.35989962e-02
8.70096774e-04
2.24353985e-01
0.00000000e+00
0.00000000e+00
0.00000000e+00
-5.46184336e-01
-4.61606616e-01
-1.46064695e-01
3.66500362e-01
7.59247700e-01
0.00000000e+00
0.00000000e+00
-2.68843679e-01
-1.26337335e-01
-9.64058964e-02
4.63479326e-01
0.00000000e+00
0.00000000e+00
0.00000000e+00
0.00000000e+00
-2.68843679e-01
2.41529494e-01
-2.82717408e-01
1.35942025e-01
-8.51494212e-02
-3.50182616e-01
1.17834694e-01
4.63479326e-01
0.00000000e+00
0.00000000e+00
0.00000000e+00
0.00000000e+00
0.00000000e+00
0.00000000e+00
0.00000000e+00
0.00000000e+00
2.49238735e-01
-2.50032135e-01
2.41529494e-01
-3.96849462e-02
-4.79190869e-01
-1.47821861e+00
3.63196146e-01
9.74133975e-01
1.27572084e-01
7.68999679e-01
0.00000000e+00
-4.62646222e-01
-7.40277203e-01
2.67645102e-01
-4.24045992e-01
1.66893534e-01
3.78694112e-01
0.00000000e+00
-1.74089568e-01
-4.41912857e-01
1.20714409e-01
-5.53709049e-01
2.52675733e-02
2.41274393e-01
0.00000000e+00
0.00000000e+00
0.00000000e+00
0.00000000e+00
0.00000000e+00
0.00000000e+00
0.00000000e+00
0.00000000e+00
0.00000000e+00
0.00000000e+00
0.00000000e+00
0.00000000e+00
0.00000000e+00
0.00000000e+00
0.00000000e+00
0.00000000e+00
0.00000000e+00
0.00000000e+00
0.00000000e+00
0.00000000e+00
0.00000000e+00
0.00000000e+00
0.00000000e+00
0.00000000e+00
0.00000000e+00
0.00000000e+00
0.00000000e+00
0.00000000e+00
0.00000000e+00
0.00000000e+00
0.00000000e+00
0.00000000e+00
0.00000000e+00
0.00000000e+00
0.00000000e+00
-5.55278239e-01
-9.04666934e-01
-9.90771351e-01
0.00000000e+00
0.00000000e+00
0.00000000e+00
3.47802188e-01
-6.97900893e-01
3.51937609e-01
-6.79287778e-01
-5.85112058e-01
6.20043753e-01
5.51665369e-02
5.21570897e-01
2.87373205e-02
0.00000000e+00
5.22412923e-01
-3.23491239e-01
-9.28955278e-01
9.93087172e-03
3.71956804e-01
2.67664373e-01
2.41135799e-01
-8.28200423e-01
-4.62013730e-01
1.75830973e-01
-6.47987304e-02
0.00000000e+00
0.00000000e+00
0.00000000e+00
3.49633265e-01
-1.03238253e+00
1.71347355e-02
4.71276767e-01
-4.63242249e-01
-4.99835766e-02
2.35845031e-01
4.95462855e-02
8.78813046e-02
0.00000000e+00
3.24664100e-01
-6.43019606e-01
-2.07212931e-01
2.70483858e-01
-1.63665373e-01
7.62904484e-02
1.74587848e-01
-1.64102050e-01
1.90984755e-01
4.10481185e-01
-6.05212745e-01
0.00000000e+00
0.00000000e+00
0.00000000e+00
-1.12973344e-01
-6.83592244e-01
2.56689361e-01
6.16293233e-01
-3.55894151e-01
2.26232501e-01
6.70836825e-01
-5.34729921e-03
-1.16607611e-01
0.00000000e+00
6.05127791e-01
-4.08187697e-01
-6.75186172e-01
3.31802090e-01
-6.28784518e-01
1.73244388e-02
1.34787663e-01
-4.91665584e-01
-1.31651070e-01
1.45583044e-01
-3.00205494e-01
0.00000000e+00
0.00000000e+00
0.00000000e+00
2.88064658e-01
-1.11010112e+00
-5.60810634e-02
-1.97853884e-01
-2.18346941e-01
1.91711980e-01
-4.46517187e-02
2.09737746e-01
-1.40798610e-01
0.00000000e+00
1.29151630e-01
-2.48877635e-01
-2.71017998e-01
2.07584691e-01
4.16597802e-01
2.33334213e-01
7.02114742e-02
-1.45248449e-01
2.00734291e-01
1.85643438e-01
136
1.58860893e+00
0.00000000e+00
0.00000000e+00
-5.95993080e-02
9.24273288e-03
7.98122878e-01
7.14304366e-04
8.50085364e-01
1.55922598e-03
0.00000000e+00
0.00000000e+00
0.00000000e+00
5.49405743e-01
3.78795296e-01
2.41502062e-01
1.91170823e-01
2.34621589e-01
0.00000000e+00
0.00000000e+00
-1.06230768e+00
-2.94016921e-02
1.12985169e+00
1.55046662e+00
0.00000000e+00
0.00000000e+00
0.00000000e+00
0.00000000e+00
-1.06230768e+00
6.83480836e-01
-3.43114531e-01
1.02256747e+00
-3.69767997e-01
1.12507694e+00
-1.01779272e+00
1.55046662e+00
0.00000000e+00
0.00000000e+00
0.00000000e+00
0.00000000e+00
0.00000000e+00
0.00000000e+00
0.00000000e+00
0.00000000e+00
0.00000000e+00
0.00000000e+00
0.00000000e+00
-1.23147530e+00
-1.56150762e+00
4.40247720e-02
-9.57516923e-01
-1.10598928e+00
0.00000000e+00
3.76482100e-01
1.95261526e-01
1.12388415e-01
-5.40727360e-01
0.00000000e+00
3.00626088e-01
8.61992381e-02
6.24401265e-02
-5.53364505e-01
-1.73067525e+00
6.83480836e-01
0.00000000e+00
0.00000000e+00
0.00000000e+00
0.00000000e+00
0.00000000e+00
0.00000000e+00
0.00000000e+00
0.00000000e+00
0.00000000e+00
0.00000000e+00
0.00000000e+00
0.00000000e+00
0.00000000e+00
0.00000000e+00
0.00000000e+00
0.00000000e+00
0.00000000e+00
0.00000000e+00
0.00000000e+00
0.00000000e+00
0.00000000e+00
0.00000000e+00
0.00000000e+00
-4.02709941e-01
-9.06633297e-01
-9.94172680e-01
0.00000000e+00
0.00000000e+00
0.00000000e+00
7.39136562e-01
-2.89807737e+00
3.54786703e-01
8.38913414e-02
-1.04405235e+00
5.73616747e-01
3.84585355e-01
1.31223599e+00
-4.43382146e-01
0.00000000e+00
7.08154148e-01
-7.17234587e-01
-1.46150193e+00
3.53254562e-01
1.20553879e+00
1.04485092e+00
7.14280854e-01
-1.75747578e+00
-4.61534765e-01
3.14754280e-01
-1.25880612e+00
0.00000000e+00
0.00000000e+00
0.00000000e+00
4.20917927e-01
-2.22975522e+00
3.38328097e-01
1.00119145e+00
-9.62725190e-01
7.56079450e-01
9.88750376e-01
2.98878338e-01
-2.78833577e-01
0.00000000e+00
8.28883438e-01
-1.17845850e+00
-1.33668807e+00
5.74206108e-01
-4.35263450e-01
3.43299916e-01
4.79136202e-01
-1.26322057e+00
-9.03165813e-02
4.86783734e-01
5 1
1.1233e-02 1.0149e-01
4 0
0 1 2 7 
217
5.39162598e-01
-8.80024373e-01
-1.28437240e-01
-3.94907409e-01
2.30158148e-01
1.57047364e-01
3.21911775e-01
-4.51955810e-03
2.76683849e-01
-1.47828179e-01
-1.12193712e-02
-7.42953909e-02
-2.78371804e-01
-1.70489024e-01
2.54652812e-01
-2.57127006e-03
-9.14035031e-02
2.04820095e-01
-2.27730045e-03
-2.10875002e-01
-7.45999992e-02
1.59897825e-03
-8.54491668e-02
1.54289689e-01
1.18336458e-03
-1.24222971e-01
0.00000000e+00
0.00000000e+00
0.00000000e+00
-1.05705050e-01
1.42741636e-02
1.50069075e-01
2.93761592e-01
1.90676769e-01
0.00000000e+00
0.00000000e+00
-8.89290235e-02
6.42174980e-02
-4.38813664e-02
1.54168026e-01
4.53587464e-01
0.00000000e+00
0.00000000e+00
0.00000000e+00
-8.89290235e-02
2.20133575e-01
-3.21356023e-01
-1.56831933e-01
6.93579763e-02
1.47084498e-01
-7.56545315e-02
3.84372299e-01
9.60819700e-02
2.23619756e-02
7.39915826e-03
1.95606961e-01
1.17594657e-02
-4.46901067e-01
2.10898338e-02
4.53587464e-01
5.99280197e-01
-1.91322151e-01
2.20133575e-01
0.00000000e+00
-2.80251174e-01
-1.45242301e+00
5.37648827e-01
1.17026308e+00
2.81764945e-01
1.27835034e+00
0.00000000e+00
3.09493700e-02
-5.28607676e-01
2.42773867e-01
-2.17613394e-01
2.65439360e-01
6.16205916e-02
0.00000000e+00
-2.55333401e-02
-4.39731438e-01
3.79255622e-01
-1.98676359e-01
1.85440316e-01
1.97835164e-01
0.00000000e+00
1.78176838e-01
-6.48633659e-02
2.38350286e-01
-1.20064307e-01
1.22635474e-01
5.95389742e-02
0.00000000e+00
0.00000000e+00
0.00000000e+00
0.00000000e+00
0.00000000e+00
0.00000000e+00
0.00000000e+00
0.00000000e+00
0.00000000e+00
0.00000000e+00
0.00000000e+00
0.00000000e+00
0.00000000e+00
0.00000000e+00
0.00000000e+00
0.00000000e+00
0.00000000e+00
0.00000000e+00
0.00000000e+00
0.00000000e+00
0.00000000e+00
0.00000000e+00
0.00000000e+00
0.00000000e+00
0.00000000e+00
0.00000000e+00
0.00000000e+00
0.00000000e+00
-5.59764540e-01
-1.13945055e+00
-4.02382754e-01
0.00000000e+00
0.00000000e+00
0.00000000e+00
4.34811750e-01
-9.85659745e-01
6.64973202e-03
-9.21762917e-01
-7.18742398e-01
2.45274047e-01
4.48241014e-02
5.87251424e-01
-1.06563961e-01
0.00000000e+00
8.66908384e-01
-4.24180813e-01
-9.96003711e-01
3.47676833e-01
6.04146143e-01
5.10757520e-01
5.76304518e-01
-8.11377095e-01
-2.41582382e-01
5.78885816e-01
-4.00695362e-01
0.00000000e+00
0.00000000e+00
0.00000000e+00
3.07327844e-01
-1.36432106e+00
1.03417697e-01
8.62278276e-01
-3.90462848e-01
1.71410881e-01
3.72862643e-01
1.21511171e-01
-1.61865503e-01
0.00000000e+00
5.81033745e-02
-2.49437988e-01
-2.37941768e-01
8.96113470e-02
-1.32541156e-01
2.32666922e-01
8.51907232e-02
-4.01902854e-01
-3.72477304e-02
1.70644661e-01
-1.24852979e+00
0.00000000e+00
0.00000000e+00
0.00000000e+00
4.41460441e-02
-7.70691422e-01
-2.44598016e-02
1.02236589e+00
-5.42553887e-01
-1.60267333e-01
4.56707504e-01
8.94306359e-02
-1.31231231e-01
0.00000000e+00
6.26922681e-01
-5.56067521e-01
-8.49271265e-01
4.29008244e-01
-8.44592960e-01
2.63572724e-01
2.20112905e-01
-5.62797421e-01
-1.05430829e-01
1.46567249e-01
-3.11581749e-02
0.00000000e+00
0.00000000e+00
0.00000000e+00
2.52857174e-02
-9.20849061e-01
4.46236850e-01
-1.77393460e-02
8.95837411e-02
8.64034266e-01
1.16744079e-01
1.62317211e-01
-5.83307032e-02
0.00000000e+00
-1.86579439e-01
-2.98685491e-01
-5.27890655e-01
-8.74697774e-02
8.71436021e-01
1.10702707e-01
5.40187105e-02
-3.75648207e-01
-1.54612185e-01
-1.43712613e-01
136
1.06999267e+00
7.04639452e-01
-6.22851854e-03
3.62705763e-01
-2.80024758e-03
1.66231684e-01
-2.66369541e-03
-1.63584226e-01
1.45067606e-03
0.00000000e+00
0.00000000e+00
0.00000000e+00
-6.10570814e-02
8.36457661e-02
3.46490093e-01
3.87877970e-01
3.15210617e-01
0.00000000e+00
0.00000000e+00
0.00000000e+00
-1.02297112e-01
2.04001989e-01
3.24668028e-01
6.43619768e-01
0.00000000e+00
0.00000000e+00
0.00000000e+00
0.00000000e+00
-1.09619607e-01
-1.06554856e-01
4.09215847e-01
-2.25959876e-01
5.24014487e-01
-5.46073553e-01
8.62825289e-01
3.39837227e-01
3.09499902e-01
-4.96567104e-01
4.82206780e-01
3.91240985e-03
-3.52668160e-01
-6.67695881e-01
6.43619768e-01
0.00000000e+00
0.00000000e+00
0.00000000e+00
0.00000000e+00
-1.69910163e+00
2.56740203e-01
-7.39111284e-01
-1.13910818e+00
0.00000000e+00
4.89016383e-01
3.13494540e-01
2.34191641e-01
-6.76744020e-01
0.00000000e+00
8.28018189e-01
1.07381781e-01
2.85825542e-01
-2.84662480e-01
-1.69910163e+00
6.98228125e-01
2.08977490e-02
2.78273882e-01
-3.96797323e-02
0.00000000e+00
0.00000000e+00
0.00000000e+00
0.00000000e+00
0.00000000e+00
0.00000000e+00
0.00000000e+00
0.00000000e+00
0.00000000e+00
0.00000000e+00
0.00000000e+00
0.00000000e+00
0.00000000e+00
0.00000000e+00
0.00000000e+00
0.00000000e+00
0.00000000e+00
0.00000000e+00
0.00000000e+00
0.00000000e+00
-4.27828201e-01
-1.09185592e+00
-1.04977290e+00
0.00000000e+00
0.00000000e+00
0.00000000e+00
8.01532437e-01
-2.60201272e+00
5.21684129e-01
-3.09892836e-01
-1.14242068e+00
5.47384388e-01
2.52779178e-01
1.31251425e+00
-2.52408858e-01
0.00000000e+00
8.23645562e-01
-1.09750819e+00
-1.45367798e+00
3.19129990e-01
1.19409041e+00
9.56981403e-01
7.77258628e-01
-1.65458289e+00
-4.72805187e-01
4.28536077e-01
-1.50888137e+00
0.00000000e+00
0.00000000e+00
0.00000000e+00
6.02631534e-01
-2.56027695e+00
-1.81614582e-01
7.73553069e-01
-1.25766467e+00
1.83751645e-01
1.01012987e+00
4.46936063e-01
-3.47382986e-01
0.00000000e+00
1.10453482e+00
-1.05014427e+00
-1.09312074e+00
6.95711035e-01
-6.08476212e-01
4.85526878e-01
5.93637246e-01
-1.15046660e+00
9.40114874e-02
7.49841995e-01
3 1
-4.5341e-03 1.1187e-01
5 0
0 1 2 7 5 
217
-5.71265438e-02
-6.26858812e-01
3.60796297e-01
-4.68992494e-02
7.71058221e-02
-1.50835376e-01
-1.56954185e-01
1.34274880e-01
4.45781320e-02
2.20161005e-01
1.89806421e-01
4.71645246e-03
-2.11662734e-01
-1.37477247e-01
7.69369592e-02
-3.94885292e-03
-2.60791812e-03
8.82289086e-02
-8.62521994e-04
-1.58041093e-01
-1.35339461e-01
-8.25233475e-04
-2.41129446e-02
-8.69529503e-02
8.51157761e-04
-8.94279250e-02
0.00000000e+00
0.00000000e+00
0.00000000e+00
-1.51723097e-01
-1.09384664e-01
5.49375406e-02
9.91328539e-02
5.15293700e-02
0.00000000e+00
0.00000000e+00
0.00000000e+00
-4.46804758e-01
-9.14188324e-02
1.23186335e-01
2.43946769e-01
1.13963942e-01
0.00000000e+00
0.00000000e+00
8.48835988e-02
-2.20100583e-01
-9.67174969e-02
-9.92411806e-02
8.62661080e-02
2.48192849e-01
-4.98085191e-01
4.83266203e-01
1.99367552e-01
-3.89501497e-03
-3.52621435e-01
2.76182318e-01
0.00000000e+00
-5.66158908e-01
-4.39008033e-01
8.49743129e-01
-5.20981857e-01
5.99072297e-01
-1.35216984e-01
0.00000000e+00
-1.02511536e+00
-1.27814154e+00
5.73494068e-01
1.24712716e+00
3.94494744e-01
1.24475657e+00
0.00000000e+00
-1.80644857e-01
-3.01656922e-01
4.68737308e-02
-2.56296857e-01
7.66445827e-02
8.53119298e-02
0.00000000e+00
-2.12142242e-01
-3.30246460e-01
1.36763481e-01
-7.50353006e-02
1.82522174e-02
1.62236898e-01
0.00000000e+00
-1.15356924e-02
-7.80380627e-03
1.35301832e-02
-5.03184063e-02
-5.91210347e-02
1.36847144e-01
0.00000000e+00
-1.41717941e-01
-1.74755543e-01
5.71055258e-02
2.78342468e-01
2.74858710e-02
1.85117173e-01
0.00000000e+00
0.00000000e+00
0.00000000e+00
0.00000000e+00
0.00000000e+00
0.00000000e+00
0.00000000e+00
0.00000000e+00
0.00000000e+00
0.00000000e+00
0.00000000e+00
0.00000000e+00
0.00000000e+00
0.00000000e+00
0.00000000e+00
0.00000000e+00
0.00000000e+00
0.00000000e+00
0.00000000e+00
0.00000000e+00
0.00000000e+00
-4.03739415e-01
-1.15749260e+00
-5.04001799e-01
0.00000000e+00
0.00000000e+00
0.00000000e+00
4.81258187e-01
-9.01201171e-01
2.91074322e-01
-1.23577269e+00
-5.47703479e-01
2.35082780e-01
1.73161448e-01
6.59474598e-01
6.31341911e-02
0.00000000e+00
6.32284804e-01
-9.80270603e-01
-9.29655925e-01
3.57621926e-01
7.29442610e-01
5.79786648e-01
5.73023115e-01
-7.41267261e-01
-3.82261061e-01
4.38785764e-01
-2.42489900e-01
0.00000000e+00
0.00000000e+00
0.00000000e+00
1.71843219e-01
-1.18581558e+00
3.74333429e-02
1.14620795e+00
-4.00520121e-01
1.21163020e-01
2.98062935e-01
9.76565332e-02
-2.07096489e-01
0.00000000e+00
5.75019031e-02
3.22343025e-01
-3.40817367e-01
5.89224332e-02
-1.81733302e-01
9.89621113e-02
5.50125379e-02
-4.88267359e-01
-2.15393736e-02
1.18190684e-01
-1.39780372e+00
0.00000000e+00
0.00000000e+00
0.00000000e+00
-4.41160039e-02
-9.05310988e-01
-4.30336953e-01
1.17251049e+00
-6.73433710e-01
3.28259914e-01
7.67257692e-01
-7.06754625e-02
-5.62393752e-01
0.00000000e+00
4.88676740e-01
-6.36600043e-01
-8.54539003e-01
1.71853991e-01
-8.15848414e-01
6.75355173e-01
9.96787433e-01
-6.71179034e-01
-3.72214232e-01
3.81424410e-02
3.77413835e-02
0.00000000e+00
0.00000000e+00
0.00000000e+00
1.13290593e-01
-8.91939117e-01
1.61338612e-01
-2.43599215e-01
-2.15625503e-01
4.95620824e-01
1.92903343e-01
2.90813254e-01
4.03505784e-01
0.00000000e+00
-1.40929512e-01
7.99327703e-02
-5.13532242e-01
-1.29273854e-02
9.01424990e-01
7.69256656e-02
-2.29982343e-01
-3.53398582e-01
-6.65873838e-03
-6.94218148e-02
136
1.41737750e+00
6.80462830e-01
-2.72655314e-03
4.33874060e-01
-1.78690324e-03
2.39257671e-01
-1.00721035e-03
6.37829432e-02
1.31113036e-03
0.00000000e+00
0.00000000e+00
0.00000000e+00
1.43736085e-03
1.78605471e-01
3.83267177e-01
4.50575444e-01
4.07540496e-01
0.00000000e+00
0.00000000e+00
0.00000000e+00
-6.34598881e-01
-5.62788723e-02
4.47487156e-01
8.37104838e-01
8.23663265e-01
0.00000000e+00
0.00000000e+00
-4.53536323e-01
1.24670910e-01
-2.42493743e-01
6.45705379e-01
-3.17612719e-01
7.36258326e-01
-6.05832776e-01
9.94052427e-01
2.09020448e-01
5.36011802e-01
-6.33125024e-01
6.05878886e-01
-9.89154691e-02
-1.84994258e-01
-9.13321448e-01
1.01561109e+00
0.00000000e+00
0.00000000e+00
0.00000000e+00
0.00000000e+00
-3.05581705e+00
3.06563197e-01
-7.54405644e-01
-1.02617683e+00
0.00000000e+00
5.50902717e-01
3.18657305e-01
1.75960886e-01
-8.43307286e-01
0.00000000e+00
7.92132335e-01
1.24740504e-02
2.46462895e-01
-3.88564661e-01
2.36364401e-01
5.52346069e-01
-4.14058207e-02
2.20652758e-01
-5.91347909e-02
-1.39622023e-02
-1.29620269e-01
-3.30059560e-01
7.21290080e-02
-8.16483194e-02
0.00000000e+00
0.00000000e+00
0.00000000e+00
0.00000000e+00
0.00000000e+00
0.00000000e+00
0.00000000e+00
0.00000000e+00
0.00000000e+00
0.00000000e+00
0.00000000e+00
0.00000000e+00
0.00000000e+00
0.00000000e+00
0.00000000e+00
-4.22599934e-01
-1.08834634e+00
-1.05365636e+00
0.00000000e+00
0.00000000e+00
0.00000000e+00
8.99593084e-01
-2.86407394e+00
4.54595011e-01
-4.98258190e-01
-1.14119332e+00
6.02457837e-01
2.40662676e-01
1.31097238e+00
-2.84069597e-01
0.00000000e+00
9.56712193e-01
-1.18882053e+00
-1.42434309e+00
3.17660935e-01
1.19690689e+00
1.03718246e+00
8.35289368e-01
-1.58593623e+00
-4.38742075e-01
5.19747778e-01
-1.46583728e+00
0.00000000e+00
0.00000000e+00
0.00000000e+00
5.52029525e-01
-2.45726704e+00
3.05091821e-01
7.95170743e-01
-9.03650209e-01
4.86803567e-01
7.82698286e-01
3.60783414e-01
-4.82168910e-01
0.00000000e+00
1.02944471e+00
-1.32927260e+00
-1.04876865e+00
7.25145446e-01
-6.39050863e-01
2.72128821e-01
4.11519038e-01
-1.09153539e+00
3.20225270e-02
7.33038487e-01
10 1
-4.9931e-01 3.2767e-01
6 1
0 1 2 7 5 3 
217
-6.02036235e-03
-1.25966664e-02
-1.94720279e-01
-1.00951290e-02
-1.19183973e-01
-1.00285953e-01
-1.85514803e-01
6.77293884e-02
-2.33581111e-02
-2.27192494e-01
-1.68450219e-01
1.68588061e-01
4.90486743e-01
3.82530486e-01
0.00000000e+00
0.00000000e+00
0.00000000e+00
-1.14640514e-01
9.60823863e-04
4.32239685e-01
-1.17863977e-01
-4.45538061e-04
6.13580802e-01
2.26484129e-01
1.73772035e-03
4.69914293e-01
0.00000000e+00
0.00000000e+00
0.00000000e+00
-2.50192106e-01
-2.47346175e-01
-2.00322777e-01
1.30811262e-01
5.61029434e-01
0.00000000e+00
0.00000000e+00
0.00000000e+00
-4.97203076e-01
-1.61780446e-01
7.92122016e-02
3.10050147e-01
3.05447028e-01
-4.17462155e-02
0.00000000e+00
1.01609350e-02
4.12175669e-02
-3.32963514e-01
1.31498374e-01
0.00000000e+00
2.64186290e-02
-5.12091344e-01
4.91632451e-01
0.00000000e+00
-9.26064006e-02
-3.27551728e-01
2.62778252e-01
0.00000000e+00
-4.75409829e-01
-6.68006274e-02
9.03206103e-01
-4.28364710e-01
3.70965846e-01
5.13785019e-02
-5.42345647e-01
-7.52409862e-01
-1.28553586e+00
7.19980615e-01
1.26882127e+00
5.68754531e-01
9.80241340e-01
0.00000000e+00
-5.55728328e-01
-8.17774117e-01
3.58908417e-01
-2.42350392e-01
1.90799549e-01
5.83119038e-01
0.00000000e+00
-2.91311055e-01
-4.60853899e-01
1.94169560e-01
-3.63245670e-01
9.11211327e-02
-1.20759003e-02
0.00000000e+00
-2.23800255e-01
-6.26533724e-03
1.97504571e-01
-4.69546049e-01
2.02753214e-02
3.55469430e-01
1.46776333e-01
-1.00113900e-01
-5.25653487e-02
1.82488428e-02
1.73761047e-01
-7.09316385e-02
-7.78822162e-02
1.18363127e-01
2.30616346e-01
-2.35518888e-01
-1.38072377e-01
-8.04927817e-01
-2.16927458e-01
-3.92146003e-01
0.00000000e+00
0.00000000e+00
0.00000000e+00
0.00000000e+00
0.00000000e+00
0.00000000e+00
0.00000000e+00
0.00000000e+00
0.00000000e+00
0.00000000e+00
0.00000000e+00
0.00000000e+00
0.00000000e+00
0.00000000e+00
-5.31513983e-01
-9.68650821e-01
-8.63663661e-01
0.00000000e+00
0.00000000e+00
0.00000000e+00
4.40430638e-01
-9.91637740e-01
2.86461434e-01
-4.50128133e-01
-7.52530614e-01
3.65374662e-01
4.94492781e-02
6.30940248e-01
-2.18329923e-02
0.00000000e+00
6.52620095e-01
-4.46555752e-01
-1.21956026e+00
1.86503811e-01
2.32770775e-01
4.76961508e-01
8.26499061e-01
-8.69567245e-01
-5.99862047e-01
3.39999614e-01
-1.64875760e-01
0.00000000e+00
0.00000000e+00
0.00000000e+00
2.65108683e-01
-1.40790513e+00
1.76060002e-01
3.24240495e-01
-4.44214654e-01
1.69919473e-01
2.85650665e-01
1.52498529e-01
-3.05929895e-01
0.00000000e+00
3.04852787e-01
-6.36414493e-01
-1.19336672e-01
1.80954920e-01
2.30254351e-02
2.68844402e-01
1.00703019e-01
-8.03568432e-02
2.27520318e-01
3.49903203e-01
-5.68693285e-01
0.00000000e+00
0.00000000e+00
0.00000000e+00
-5.45307245e-02
-8.38185262e-01
-3.68726912e-02
5.36604902e-02
-3.66469954e-01
4.69215976e-01
5.51992928e-01
8.66762788e-02
8.61160297e-02
0.00000000e+00
8.10696049e-01
-6.12525317e-01
-5.88756409e-01
5.02803612e-01
-5.92808276e-01
1.48745115e-02
2.48512763e-01
-5.40678166e-01
-7.36193426e-03
2.44946810e-01
-3.58971587e-01
0.00000000e+00
0.00000000e+00
0.00000000e+00
2.59573660e-01
-1.32307291e+00
2.41367266e-02
2.69973570e-01
-2.04429620e-01
3.77474384e-02
-1.18802992e-02
1.63878123e-01
-2.45300591e-01
0.00000000e+00
7.08284958e-02
-1.99485557e-01
-2.52919314e-01
1.53263435e-01
3.53376127e-01
2.69609208e-01
4.67843593e-02
-1.32218863e-01
1.52035213e-01
2.09129214e-01
136
9.60894639e-01
0.00000000e+00
0.00000000e+00
3.85098495e-02
4.51073775e-03
4.24292609e-01
5.12741864e-04
4.98092181e-01
1.10582347e-03
0.00000000e+00
0.00000000e+00
0.00000000e+00
2.96179855e-01
1.93287758e-01
9.25408150e-02
1.62337480e-01
2.19747613e-01
0.00000000e+00
0.00000000e+00
0.00000000e+00
-8.21599954e-01
-1.92269045e-01
3.45487329e-01
6.29897262e-01
6.54435927e-01
3.44943120e-01
0.00000000e+00
-3.92528701e-01
1.00135231e-01
-3.93715916e-01
4.39352053e-01
-2.48679870e-01
7.13108075e-01
-5.65195023e-01
9.27148542e-01
8.75085418e-02
5.27747854e-01
-5.53976446e-01
5.00613054e-01
-2.74997548e-01
-2.67549793e-01
-6.55299927e-01
1.01722451e+00
0.00000000e+00
0.00000000e+00
0.00000000e+00
-1.33529634e+00
-1.66158855e+00
5.63713407e-01
-5.18866203e-01
-9.61126080e-01
0.00000000e+00
2.44743790e-01
1.93476783e-01
1.06419632e-01
-6.57445193e-01
0.00000000e+00
3.15135671e-01
4.24476306e-02
1.05867637e-01
-4.91880031e-01
9.43347611e-02
2.87230922e-01
-4.31346359e-02
1.17930565e-01
5.62135551e-02
-5.32063865e-02
-4.73498103e-01
-2.24787187e-01
-5.10461284e-02
-7.21003863e-02
5.90314264e-02
3.98670588e-01
-5.55845192e-01
1.56243963e-01
-1.42598429e-01
0.00000000e+00
0.00000000e+00
0.00000000e+00
0.00000000e+00
0.00000000e+00
0.00000000e+00
0.00000000e+00
0.00000000e+00
0.00000000e+00
0.00000000e+00
-3.42646177e-01
-8.35788593e-01
-9.87304472e-01
0.00000000e+00
0.00000000e+00
0.00000000e+00
7.99729290e-01
-2.54395793e+00
3.09924698e-01
6.08909375e-02
-1.13909947e+00
5.34120768e-01
3.69644536e-01
1.17672420e+00
-2.37518873e-01
0.00000000e+00
8.07895748e-01
-8.13738304e-01
-1.42594200e+00
3.50399591e-01
1.02519533e+00
8.75421854e-01
5.98706307e-01
-1.67595775e+00
-4.81776246e-01
4.22032834e-01
-1.22340817e+00
0.00000000e+00
0.00000000e+00
0.00000000e+00
3.91232701e-01
-2.14478672e+00
2.23178745e-01
8.00297444e-01
-9.46177301e-01
7.19161595e-01
9.47049042e-01
3.17266140e-01
-2.82674455e-01
0.00000000e+00
7.87974631e-01
-1.12057111e+00
-1.29012372e+00
5.80240196e-01
-2.58232787e-01
3.63725003e-01
4.62048945e-01
-1.16769079e+00
-8.73276256e-02
4.82001908e-01
9 1
-6.9078e-01 3.6379e-01
7 1
0 1 2 7 5 3 10 
217
1.96447303e-01
-7.13792789e-02
-3.18084054e-01
-2.59929405e-01
-8.47544739e-02
8.32403031e-03
-3.05800475e-02
1.24699816e-01
1.91961012e-02
-6.07583767e-02
5.07625299e-03
-2.35475826e-01
2.87509470e-01
4.22150656e-01
0.00000000e+00
0.00000000e+00
0.00000000e+00
-3.24666640e-02
-8.51052553e-04
4.44090706e-01
-1.62524542e-01
2.45199324e-03
5.72777361e-01
3.91438508e-01
8.26893416e-04
4.15151027e-01
0.00000000e+00
0.00000000e+00
0.00000000e+00
-4.03451763e-01
-4.08205267e-01
-1.88624597e-01
3.18719304e-01
8.78009626e-01
0.00000000e+00
0.00000000e+00
0.00000000e+00
-4.41534439e-01
-1.18132176e-01
4.30030902e-02
1.73732916e-01
2.43270114e-01
1.95108267e-01
1.00999532e-01
0.00000000e+00
1.69921973e-01
-4.28271792e-01
-7.51316195e-02
0.00000000e+00
1.39000293e-01
-3.54149722e-01
6.94965795e-01
-8.11405551e-02
3.47602263e-01
-2.41489660e-01
1.71153861e-01
-4.25905164e-02
-8.25409076e-01
7.25610341e-02
8.60796701e-01
-2.74642354e-01
2.89026885e-01
1.82062772e-01
-5.23101100e-01
-7.63351786e-01
-1.01415132e+00
7.97903651e-01
1.28684632e+00
6.84996538e-01
1.02622048e+00
0.00000000e+00
-5.03987295e-01
-8.01641327e-01
5.66689754e-01
-2.71008568e-01
1.33744843e-01
4.39711283e-01
0.00000000e+00
-2.99582636e-01
-6.38373661e-01
2.70362140e-01
-5.07663789e-01
2.25667799e-01
3.15906214e-02
0.00000000e+00
-6.50367483e-02
8.45044747e-02
2.26810675e-01
-5.65418638e-02
3.46733761e-02
-1.23730677e-01
5.84517453e-02
-7.56143372e-02
-1.82404934e-01
9.28586117e-02
1.66345825e-01
1.20751283e-01
3.94359144e-02
1.23212605e-01
1.31512144e-01
-1.84823172e-01
2.80047467e-02
-8.17089842e-01
-8.62821936e-02
-3.29760512e-01
0.00000000e+00
5.24894937e-02
-1.16007466e-01
1.34368013e-01
-5.93211664e-01
9.58979551e-03
1.95807503e-02
0.00000000e+00
0.00000000e+00
0.00000000e+00
0.00000000e+00
0.00000000e+00
0.00000000e+00
0.00000000e+00
-5.46943912e-01
-1.08213493e+00
-9.75082948e-01
0.00000000e+00
0.00000000e+00
0.00000000e+00
5.43961211e-01
-1.26991460e+00
-2.16542755e-01
-3.39717672e-01
-7.55997653e-01
5.60927118e-02
2.21481490e-01
5.23986110e-01
-1.43564450e-01
0.00000000e+00
8.32191400e-01
-6.72370307e-01
-1.08163999e+00
1.13797586e-01
2.21936755e-01
9.38582955e-01
1.11320277e+00
-7.07863568e-01
-5.59087160e-01
2.06382215e-01
-1.52640694e-01
0.00000000e+00
0.00000000e+00
0.00000000e+00
2.90128783e-01
-1.72405065e+00
4.66391398e-02
3.56736453e-01
-2.98053184e-01
3.05028849e-01
2.63787473e-01
2.90509073e-01
-1.41096231e-01
0.00000000e+00
2.81933949e-01
-4.73963482e-01
-2.68759905e-01
1.94903913e-01
4.46709961e-02
1.95856271e-01
1.40288038e-01
-3.28023594e-01
2.64354700e-01
4.06468710e-01
-5.82179515e-01
0.00000000e+00
0.00000000e+00
0.00000000e+00
8.64120530e-02
-9.28403767e-01
2.68974313e-02
1.15995619e-01
-4.10327106e-01
2.66835622e-01
8.22346656e-01
1.54149084e-01
1.35336371e-01
0.00000000e+00
8.47319856e-01
-6.33427585e-01
-7.17481263e-01
2.77802331e-01
-7.53678950e-01
1.58992314e-01
3.86709195e-01
-4.57898622e-01
-1.26618174e-01
1.66859420e-01
-4.35576378e-01
0.00000000e+00
0.00000000e+00
0.00000000e+00
2.01383694e-01
-1.39924492e+00
9.98230068e-02
2.81146288e-01
-1.95174145e-01
3.26863007e-02
-3.02090239e-02
1.27584380e-01
-2.61141348e-01
0.00000000e+00
5.54140673e-02
-3.18576055e-01
-2.09530971e-01
2.89979736e-01
5.01825230e-01
2.33349621e-01
1.94297569e-03
-2.76221543e-01
1.82331990e-01
2.47054336e-01
136
8.71883485e-01
0.00000000e+00
0.00000000e+00
2.22539470e-02
4.05287146e-03
4.26599977e-01
-5.35241849e-04
4.23029560e-01
1.11361250e-03
0.00000000e+00
0.00000000e+00
0.00000000e+00
2.54665962e-01
1.56927806e-01
7.71098600e-02
1.60307339e-01
2.25620961e-01
0.00000000e+00
0.00000000e+00
0.00000000e+00
-7.61191787e-01
-2.00955338e-01
2.00624597e-01
4.61772915e-01
5.17727358e-01
4.35953553e-01
2.17952187e-01
-3.14991830e-01
4.48708764e-01
-4.91639300e-01
5.01790070e-01
-4.55017527e-01
6.09185478e-01
-6.92067797e-01
9.29989227e-01
7.75611870e-03
3.19540375e-01
-6.33746719e-01
5.99164671e-01
-3.28399155e-01
-9.51798212e-02
-6.11673607e-01
1.07846454e+00
0.00000000e+00
0.00000000e+00
0.00000000e+00
-1.60909761e+00
-1.91068221e+00
4.81959160e-01
-5.64608876e-01
-1.05432932e+00
0.00000000e+00
1.91602401e-01
1.63945230e-01
1.09808586e-01
-6.69034375e-01
0.00000000e+00
4.36582149e-01
1.05935804e-01
1.26031643e-01
-4.58937644e-01
8.08247788e-02
-6.41716352e-02
-6.89250033e-02
5.96736846e-02
-1.36304883e-02
-1.71732406e-01
-6.97959995e-01
-2.28520317e-01
-7.91796357e-02
-6.80925918e-02
3.82120036e-02
3.97525033e-01
-5.09372866e-01
1.57348025e-01
-1.60509345e-01
0.00000000e+00
8.76891533e-01
-7.54820887e-02
2.20249940e-01
-7.41560885e-02
0.00000000e+00
0.00000000e+00
0.00000000e+00
0.00000000e+00
0.00000000e+00
-3.65913049e-01
-7.85783339e-01
-9.93752373e-01
0.00000000e+00
0.00000000e+00
0.00000000e+00
7.69095469e-01
-2.56248958e+00
4.16174264e-01
6.32771821e-02
-1.15506473e+00
5.41257585e-01
3.75856933e-01
1.14755372e+00
-2.43320684e-01
0.00000000e+00
8.55891564e-01
-8.45452000e-01
-1.41364995e+00
3.35746776e-01
9.89848685e-01
7.93273958e-01
5.29776854e-01
-1.58863001e+00
-4.79310481e-01
4.76412075e-01
-1.18716215e+00
0.00000000e+00
0.00000000e+00
0.00000000e+00
3.89700739e-01
-2.28568717e+00
2.26826806e-01
7.76375295e-01
-9.38648465e-01
7.38938722e-01
8.95112129e-01
3.26356906e-01
-2.83971747e-01
0.00000000e+00
8.30482780e-01
-1.09108805e+00
-1.27700741e+00
5.93452311e-01
-2.60655349e-01
3.57189645e-01
4.64061529e-01
-1.11461268e+00
-3.22213537e-02
4.98233210e-01
12 1
-8.6009e-01 3.4213e-01
8 0
0 1 2 7 5 3 10 9 
217
2.08010076e-01
-4.50564345e-01
4.42007031e-02
-2.52155280e-01
2.37705315e-01
-1.68204339e-01
-1.24341949e-02
-4.09490578e-02
7.22786766e-02
2.13293521e-01
3.14637625e-02
-7.76517061e-02
-1.21003483e-01
-1.04228595e-01
-7.74199015e-02
8.69508279e-03
5.73113449e-02
3.46847693e-01
-2.17953131e-04
-2.17172369e-01
-3.06098398e-02
-2.16420785e-04
-1.19553150e-01
-3.08078751e-02
7.40663158e-04
-1.55825488e-01
0.00000000e+00
0.00000000e+00
0.00000000e+00
7.75922344e-02
1.54643692e-01
1.17830739e-01
1.37903646e-02
-1.46781960e-01
0.00000000e+00
0.00000000e+00
0.00000000e+00
-2.82955179e-01
5.23933336e-03
9.10141623e-02
1.24951392e-01
2.55491080e-02
2.39520498e-02
2.20259209e-01
0.00000000e+00
2.61216083e-02
-3.03698067e-01
-1.05202859e-01
-4.39011530e-02
1.32852115e-01
-3.15745629e-01
5.32367638e-01
2.53113767e-01
-1.41967093e-01
-2.51495261e-01
3.33891078e-01
0.00000000e+00
-5.11893058e-01
-2.79265932e-01
7.40686435e-01
-1.84777496e-01
6.17330678e-01
-2.24543106e-01
0.00000000e+00
-7.98845787e-01
-1.77413130e+00
6.69770335e-01
1.51281199e+00
3.37085529e-01
6.82981258e-01
0.00000000e+00
-1.43527327e-01
-5.19637802e-01
1.61321769e-01
-2.59837051e-01
1.90215635e-01
3.60920152e-01
0.00000000e+00
-1.78613625e-01
-4.48554675e-01
2.78266142e-01
-3.28888263e-02
1.08357559e-01
2.72602505e-02
0.00000000e+00
-6.65831455e-02
-1.72392022e-04
1.87307390e-01
-1.16085082e-03
8.72858316e-02
3.32611155e-01
0.00000000e+00
1.32403249e-01
-2.35511842e-01
3.78268537e-02
4.75388125e-02
3.77799733e-02
-3.50539030e-01
0.00000000e+00
2.25669401e-01
-3.51178423e-02
-6.54547671e-03
-5.43440632e-01
-1.11138477e-02
-3.50315193e-01
0.00000000e+00
2.36280786e-02
-1.79931563e-01
1.47134258e-01
-3.76459349e-01
3.72477393e-02
1.15538571e-01
0.00000000e+00
1.13491544e-02
-7.81180849e-02
1.77054064e-01
-1.76219260e-01
1.96068580e-02
1.50771225e-01
-5.25754594e-01
-1.25995305e+00
-7.41474068e-01
0.00000000e+00
0.00000000e+00
0.00000000e+00
5.46590354e-01
-9.51028321e-01
-1.06266245e-02
-1.83358134e-01
-9.21985063e-01
5.02343443e-01
1.32816530e-01
6.52182601e-01
-4.84233411e-02
0.00000000e+00
7.04571040e-01
-6.25600625e-01
-1.28047528e+00
3.57002955e-01
4.51118797e-01
5.99391797e-01
6.24855366e-01
-1.07672767e+00
-6.33525831e-01
4.19403937e-01
-1.90755640e-01
0.00000000e+00
0.00000000e+00
0.00000000e+00
2.69132600e-01
-1.33348328e+00
1.95502802e-01
2.94682432e-01
-3.40739512e-01
1.97221402e-01
3.18249765e-01
2.47179077e-01
-2.59689719e-01
0.00000000e+00
1.24662503e-01
-2.00922556e-01
-7.15677467e-02
1.52280099e-03
1.25617166e-01
1.69948733e-01
8.47589140e-02
-2.39944401e-01
7.26842333e-02
1.54429148e-01
-1.41919510e+00
0.00000000e+00
0.00000000e+00
0.00000000e+00
2.27320025e-01
-9.63674833e-01
3.48768965e-02
1.00898455e+00
-7.81235692e-01
6.72391048e-01
7.91753913e-01
6.50903604e-02
-2.43946540e-01
0.00000000e+00
5.67783161e-01
-9.23494237e-01
-9.81931791e-01
1.77246873e-01
-3.23119668e-01
4.57297157e-01
3.60067718e-01
-9.67309376e-01
-3.65240876e-01
-2.32053791e-01
1.72858956e-02
0.00000000e+00
0.00000000e+00
0.00000000e+00
6.26398146e-02
-1.06494485e+00
1.31528701e-01
-7.27182668e-02
-2.27559415e-01
3.42868213e-01
8.68219035e-02
2.69545286e-01
7.65738827e-02
0.00000000e+00
6.91745516e-02
-1.49748372e-01
-3.17550967e-01
2.45557465e-02
3.26470772e-01
1.96507765e-01
2.63775651e-02
-1.58331864e-01
5.10644238e-02
3.44011004e-01
136
1.02661375e+00
6.00150856e-01
-4.91854850e-03
2.98161740e-01
-1.76841911e-03
1.52174182e-01
-1.57381553e-03
-2.38730313e-02
1.33127969e-03
0.00000000e+00
0.00000000e+00
0.00000000e+00
-3.25195907e-02
8.41106147e-02
3.35840336e-01
3.92877014e-01
2.46819262e-01
0.00000000e+00
0.00000000e+00
0.00000000e+00
-4.15067300e-01
-9.51786460e-02
1.33208160e-01
2.38853659e-01
2.89600564e-01
3.27901244e-01
5.47296067e-01
-3.21509805e-01
5.30667244e-01
-3.78371089e-01
4.37287867e-01
-4.89098148e-01
6.50175054e-01
-5.91098892e-01
1.00345096e+00
1.67826901e-01
3.40839372e-01
-6.73901788e-01
4.59262516e-01
-1.94432854e-01
-9.53391926e-02
-8.53059698e-01
1.03391530e+00
0.00000000e+00
0.00000000e+00
0.00000000e+00
0.00000000e+00
-3.33364537e+00
2.67398429e-01
-8.28480916e-01
-8.63974412e-01
0.00000000e+00
5.89128573e-01
2.44118705e-01
2.51260414e-01
-7.74111377e-01
0.00000000e+00
5.62101219e-01
2.49117896e-02
1.99438880e-01
-2.77661141e-01
1.08991654e-01
-5.46353050e-02
-8.71688540e-02
1.17962644e-01
-2.78270248e-02
0.00000000e+00
-1.03819157e+00
-1.60302397e-01
-1.44693196e-01
-9.94847438e-02
0.00000000e+00
6.02644974e-01
-3.98077656e-01
2.16490281e-01
-1.96510552e-01
0.00000000e+00
1.04057313e+00
-1.10636000e-02
2.34240004e-01
-1.10339295e-01
0.00000000e+00
8.46110461e-01
6.84159276e-03
2.04361120e-01
-1.11060550e-01
-4.61343186e-01
-1.06655943e+00
-1.05235131e+00
0.00000000e+00
0.00000000e+00
0.00000000e+00
8.05597990e-01
-2.76699577e+00
4.50705550e-01
-2.01439042e-01
-1.15688856e+00
5.26993070e-01
2.57964904e-01
1.21897638e+00
-2.52046057e-01
0.00000000e+00
8.52976240e-01
-9.43147200e-01
-1.52389493e+00
3.47838408e-01
1.11619975e+00
9.66744225e-01
7.81483588e-01
-1.59468139e+00
-4.40253082e-01
5.01514613e-01
-1.44748598e+00
0.00000000e+00
0.00000000e+00
0.00000000e+00
4.54275748e-01
-2.57736196e+00
1.26130355e-01
8.02331409e-01
-9.53414530e-01
6.34380791e-01
9.22211771e-01
3.51384329e-01
-3.32670257e-01
0.00000000e+00
8.95401555e-01
-1.07243127e+00
-1.22020678e+00
6.13590505e-01
-3.01741139e-01
3.78220977e-01
5.06735073e-01
-1.19106901e+00
-3.84343212e-02
5.55180788e-01
17 1
-8.5602e-01 3.5725e-01
8 0
0 1 2 7 5 3 10 9 
217
1.59519631e-01
-8.30779840e-01
1.67063108e-01
1.43892988e-02
1.35527879e-01
7.97086127e-02
1.92327500e-01
-1.70057472e-01
1.41153828e-01
-4.36940988e-02
-1.10238118e-01
-8.64396273e-02
-1.99251457e-01
-9.75170825e-02
1.05247801e-01
-3.64445937e-03
-2.54807801e-01
2.34597760e-01
-1.63863573e-03
-4.03814862e-01
-1.29365002e-01
1.30982729e-03
-1.71602151e-01
-5.09609281e-02
1.64193939e-03
-1.40859883e-01
0.00000000e+00
0.00000000e+00
0.00000000e+00
-9.87396971e-02
-1.51802993e-02
6.84146509e-02
5.55484339e-02
1.49476542e-01
0.00000000e+00
0.00000000e+00
0.00000000e+00
-3.75888142e-01
-1.85807397e-01
1.95875098e-01
1.53161311e-01
1.53868327e-01
-5.17964273e-03
2.23490076e-01
0.00000000e+00
1.28410301e-01
-2.38278932e-01
-1.29949455e-01
0.00000000e+00
1.32427035e-01
-2.65955889e-01
4.34707031e-01
4.94719018e-02
4.17491000e-02
-1.02873103e-01
1.91412579e-01
0.00000000e+00
-4.12822858e-01
-1.82894817e-01
7.01552740e-01
-2.46401155e-01
6.30055439e-01
-2.24134653e-01
0.00000000e+00
-9.27966842e-01
-1.34319986e+00
7.16077914e-01
1.33176779e+00
3.71408559e-01
1.25524702e+00
0.00000000e+00
-2.48200524e-01
-5.16089563e-01
8.53669656e-02
-8.63458148e-02
3.22353189e-01
4.08544264e-01
0.00000000e+00
-1.76108704e-01
-4.25725156e-01
2.69505182e-01
-8.48423247e-02
6.61231525e-02
2.33223478e-01
0.00000000e+00
-5.34722618e-02
-9.90992204e-02
1.81206084e-01
-1.51903358e-02
3.17858088e-02
-8.61608327e-02
-3.12674755e-01
2.13443677e-02
-2.32065250e-01
3.49035176e-01
-3.98482085e-02
1.01814842e-01
1.13026966e-01
8.03875311e-02
1.09468728e-01
-4.91077561e-01
-2.53757618e-02
-2.71113444e-01
-4.96086635e-03
-4.33595527e-01
0.00000000e+00
-1.32712887e-02
-1.20210720e-01
6.81795740e-02
-2.72567248e-01
1.04611346e-01
-1.05854791e-01
0.00000000e+00
3.42813595e-02
-1.17576925e-01
1.34007399e-01
-1.28162820e-01
-8.76912755e-03
-1.83040467e-01
-5.62490818e-01
-1.07402386e+00
-5.16749193e-01
0.00000000e+00
0.00000000e+00
0.00000000e+00
5.04744528e-01
-1.27854939e+00
5.09457498e-02
-8.41562208e-01
-6.29951600e-01
4.00799310e-01
5.55035693e-02
5.84311946e-01
-1.70460322e-01
0.00000000e+00
6.95847798e-01
-3.66032009e-01
-9.76038432e-01
3.74784119e-01
3.05014684e-01
1.63865619e-01
6.86722702e-01
-7.93981227e-01
-1.15993205e-01
8.33279177e-01
-3.10214080e-01
0.00000000e+00
0.00000000e+00
0.00000000e+00
2.94106118e-01
-1.53432981e+00
7.29724883e-02
7.11013840e-01
-2.54370963e-01
2.33699005e-01
3.84639028e-01
2.91853358e-01
-1.13261304e-01
0.00000000e+00
1.65987077e-01
-2.56410646e-01
-5.31541723e-01
7.00613327e-02
-1.06926292e-01
4.97833561e-01
1.03979772e-01
-3.22100706e-01
-4.60055064e-03
-1.28176607e-02
-1.18782452e+00
0.00000000e+00
0.00000000e+00
0.00000000e+00
-9.76847477e-02
-8.26325859e-01
2.12079197e-01
9.54915616e-01
-5.25000566e-01
4.71859740e-01
4.94138668e-01
-1.73569681e-01
-2.55345788e-01
0.00000000e+00
3.48895781e-01
-5.64878256e-01
-9.37860780e-01
4.76207826e-01
-2.95208421e-01
-8.75943031e-02
2.44611962e-01
-5.06348818e-01
-2.10365597e-01
8.96495082e-02
-8.62085281e-03
0.00000000e+00
0.00000000e+00
0.00000000e+00
2.63394289e-01
-1.08762224e+00
3.63683255e-01
-1.03864735e-01
9.59159219e-02
6.82305160e-01
-1.15290924e-01
3.31048420e-01
-6.84501825e-02
0.00000000e+00
2.80791337e-02
-2.92443852e-01
-4.13746508e-01
-2.36578563e-03
5.59898443e-01
2.07338300e-01
6.57204035e-02
-3.84304578e-01
-1.44927526e-01
7.01215057e-03
136
8.38075460e-01
5.89300788e-01
-5.79510588e-03
2.83932548e-01
-2.38582239e-03
7.20545067e-02
-1.40764286e-03
-1.07212382e-01
9.24015116e-04
0.00000000e+00
0.00000000e+00
0.00000000e+00
-8.57962230e-02
6.68493145e-02
2.70483219e-01
3.39998223e-01
2.53081888e-01
0.00000000e+00
0.00000000e+00
0.00000000e+00
-3.54893032e-01
-6.59418793e-02
1.15071442e-01
2.40929373e-01
2.53489407e-01
2.75835597e-01
3.73584552e-01
-2.75855483e-01
4.13302205e-01
-3.83338478e-01
3.74446700e-01
-2.46040224e-01
4.95953535e-01
-6.20554240e-01
8.96902984e-01
1.73813803e-01
2.75983966e-01
-6.19476418e-01
5.14380295e-01
-1.36873901e-01
-2.43562854e-01
-7.90279770e-01
1.00927334e+00
0.00000000e+00
0.00000000e+00
0.00000000e+00
0.00000000e+00
-2.89860471e+00
3.56102967e-01
-7.27207511e-01
-8.68023210e-01
0.00000000e+00
4.56721048e-01
2.12595024e-01
2.17550748e-01
-7.47840647e-01
0.00000000e+00
4.73256590e-01
5.06261384e-02
1.89531613e-01
-2.70795513e-01
1.10960728e-01
-6.45190993e-02
-6.66978726e-02
9.64151989e-02
-1.78996314e-02
3.54267046e-02
-5.85508296e-01
-1.81919515e-01
-2.76879662e-02
-1.15794826e-01
3.89991294e-02
5.47158153e-01
-4.21521885e-01
2.14633497e-01
-1.10413175e-01
0.00000000e+00
8.68140239e-01
-1.72824920e-02
2.01395006e-01
-1.10668714e-01
0.00000000e+00
6.94243138e-01
-1.37597096e-02
1.70077682e-01
-1.49994416e-01
-3.68922149e-01
-1.09537664e+00
-1.04031362e+00
0.00000000e+00
0.00000000e+00
0.00000000e+00
8.21611312e-01
-2.64723260e+00
4.40330579e-01
-1.68412974e-01
-1.18420662e+00
5.11555062e-01
2.72388663e-01
1.19617850e+00
-2.40317608e-01
0.00000000e+00
8.36732985e-01
-9.73452986e-01
-1.41793990e+00
3.40625033e-01
1.09469588e+00
9.43150041e-01
7.50449900e-01
-1.61245769e+00
-4.83696341e-01
4.79685133e-01
-1.44682428e+00
0.00000000e+00
0.00000000e+00
0.00000000e+00
4.59216541e-01
-2.50652379e+00
4.75645615e-02
8.39433736e-01
-1.10186867e+00
4.88307701e-01
9.90514152e-01
3.65478475e-01
-2.48744116e-01
0.00000000e+00
9.05983568e-01
-1.07164787e+00
-1.20023845e+00
6.26138777e-01
-3.70358386e-01
4.63667210e-01
5.06631285e-01
-1.23618090e+00
-1.78209815e-02
6.13622875e-01
8 1
-8.9399e-01 3.9821e-01
8 1
0 1 2 7 5 3 10 9 
217
3.61123012e-01
-3.40155512e-01
-4.23864985e-01
-2.36600980e-01
-3.31772318e-02
2.49643341e-01
1.49247409e-01
9.32220783e-02
3.57596068e-01
-3.24685430e-01
-7.51521164e-02
4.28194214e-02
-3.73911157e-02
6.87159864e-02
0.00000000e+00
0.00000000e+00
0.00000000e+00
-1.33575030e-01
-2.77231364e-04
3.02304011e-01
-8.79714474e-02
4.34596316e-03
2.57724125e-01
5.82669489e-01
7.81779344e-04
5.91059918e-02
0.00000000e+00
0.00000000e+00
0.00000000e+00
-4.87992360e-02
-2.00760471e-01
-3.08646187e-02
3.18776475e-01
3.22770864e-01
0.00000000e+00
0.00000000e+00
0.00000000e+00
-4.81472320e-01
-5.83385070e-02
2.26018031e-01
2.96899606e-01
1.07270679e-01
1.79488576e-01
9.12569477e-02
-4.24675814e-02
-1.40897580e-01
-3.04440587e-01
-3.06032257e-02
-1.73870444e-01
4.07080334e-01
-3.31208403e-01
5.75536758e-01
1.32255941e-01
1.23425843e-01
-7.77713977e-02
3.46341097e-01
0.00000000e+00
-6.04652235e-01
-1.04938942e-01
8.16694263e-01
-1.91687560e-01
4.06874716e-01
1.45935857e-01
-5.15557627e-01
-6.16244614e-01
-1.17599159e+00
7.75553584e-01
1.29240857e+00
7.17371669e-01
5.97342013e-01
0.00000000e+00
-5.28486550e-01
-1.02484687e+00
6.12648490e-01
5.53865035e-01
2.76961072e-01
3.27420115e-01
0.00000000e+00
5.84250826e-03
-4.57702922e-01
1.87809278e-01
9.51527380e-02
1.67471226e-01
-4.40515404e-02
0.00000000e+00
-4.08707299e-02
9.35060704e-02
3.12039834e-01
-2.72752273e-01
8.99539078e-02
-1.87551142e-02
2.47130778e-01
4.54982393e-02
-2.72226257e-02
5.89452207e-02
-1.35461179e-01
9.54877442e-03
-1.97293609e-02
2.62451447e-01
1.88211045e-01
2.10181061e-01
5.88614631e-03
-7.33582219e-01
-9.54256258e-02
-2.76834582e-01
0.00000000e+00
7.01267847e-02
-3.21501192e-02
-6.50273152e-02
-1.20750447e-02
3.56023543e-01
-1.80188614e-02
0.00000000e+00
-1.82370616e-02
-3.20961654e-01
2.46018045e-01
-4.50248244e-01
1.33342029e-01
-1.25215193e-01
-4.20581973e-01
-1.12649446e+00
-8.45126924e-01
0.00000000e+00
0.00000000e+00
0.00000000e+00
5.20387531e-01
-5.17501838e-01
-1.32228879e-01
-7.75669227e-01
-7.15421866e-01
9.62333272e-03
1.21890107e-01
4.10968114e-01
4.52441581e-01
0.00000000e+00
9.08918957e-01
-5.07658472e-01
-1.16756903e+00
3.25571541e-01
3.12271236e-01
2.51225005e-01
3.40693889e-01
-1.01839234e+00
-5.60210460e-01
8.95533894e-01
-1.46377688e-01
0.00000000e+00
0.00000000e+00
0.00000000e+00
1.53254541e-01
-9.04492732e-01
1.56019993e-01
3.03104707e-01
-5.20234982e-01
1.79320463e-01
2.07282216e-01
2.29977795e-01
2.04238761e-01
0.00000000e+00
8.68379591e-02
-7.00143825e-01
-1.42393230e-01
1.75629902e-01
5.44184053e-02
1.37769520e-01
5.20820922e-02
-6.74050280e-02
2.72892528e-01
-2.45367747e-02
-8.71758627e-01
0.00000000e+00
0.00000000e+00
0.00000000e+00
2.67367089e-02
-8.74571151e-01
-2.28984813e-01
3.43510356e-01
-2.83036862e-01
3.67822133e-01
4.54824927e-01
1.63070222e-01
-1.77893658e-01
0.00000000e+00
3.63044123e-01
-4.30273276e-01
-9.08030078e-01
3.68629787e-01
-2.05351281e-01
2.65314630e-01
3.99182899e-01
-4.96810710e-01
-1.16900935e-01
9.79583518e-02
-2.59585887e-01
0.00000000e+00
0.00000000e+00
0.00000000e+00
2.44080693e-01
-1.21884314e+00
1.78829155e-01
1.25193068e-01
-2.53205066e-01
1.09837786e-01
1.09285439e-01
2.02352475e-01
-1.16264553e-01
0.00000000e+00
2.36118934e-01
-1.37871628e-01
-1.32512555e-01
1.70070669e-01
3.12104673e-01
5.12300699e-02
-1.23923590e-01
-3.10933610e-01
3.29228132e-02
2.61942484e-01
136
6.38057672e-01
0.00000000e+00
0.00000000e+00
-4.94787044e-02
4.10780331e-03
3.27085329e-01
6.90875782e-04
3.60451048e-01
1.23445023e-03
0.00000000e+00
0.00000000e+00
0.00000000e+00
1.93305747e-01
1.03546234e-01
4.71067643e-02
9.91585138e-02
1.99928084e-01
0.00000000e+00
0.00000000e+00
0.00000000e+00
-6.53421531e-01
-1.59259922e-01
1.07324684e-01
2.82860009e-01
3.59255836e-01
2.95657634e-01
4.05640962e-01
-1.34433788e-01
3.98360666e-01
-5.83561950e-01
4.28375441e-01
-3.66105239e-01
4.89065389e-01
-6.70066079e-01
9.42720292e-01
-1.54205024e-02
3.48363456e-01
-6.71264791e-01
4.74109076e-01
-2.62410416e-01
-2.58568462e-01
-5.01620822e-01
1.02051540e+00
0.00000000e+00
0.00000000e+00
0.00000000e+00
-1.44110494e+00
-1.76377865e+00
5.05258276e-01
-5.52263411e-01
-8.18840989e-01
0.00000000e+00
1.98851104e-01
6.29455031e-02
1.72160537e-01
-6.44839814e-01
0.00000000e+00
2.44527607e-01
3.47555218e-02
1.12999755e-01
-3.73469524e-01
-9.49912954e-03
-3.36526962e-03
2.84100958e-03
5.87810338e-02
1.57873109e-02
-2.68576097e-01
-6.66241688e-01
-1.75192518e-01
-7.08842868e-02
-1.15297283e-01
-5.35468039e-03
2.49480905e-01
-4.42906401e-01
1.29125120e-01
-1.71801426e-01
0.00000000e+00
6.55999408e-01
1.14458580e-02
1.41611624e-01
-7.07855217e-02
0.00000000e+00
4.93023920e-01
-3.92960365e-02
1.37778110e-01
-1.64174045e-01
-3.48071714e-01
-6.86502146e-01
-1.00116674e+00
0.00000000e+00
0.00000000e+00
0.00000000e+00
8.15598684e-01
-2.85148832e+00
4.48383816e-01
1.60026121e-01
-1.11166092e+00
6.68111601e-01
4.01346858e-01
1.16917443e+00
-7.21080913e-01
0.00000000e+00
7.90473567e-01
-7.87698562e-01
-1.43349855e+00
3.19865993e-01
1.03334196e+00
9.25764270e-01
7.90630480e-01
-1.63013055e+00
-4.57321370e-01
4.68994656e-01
-1.17329852e+00
0.00000000e+00
0.00000000e+00
0.00000000e+00
4.09100194e-01
-2.18901546e+00
2.50115864e-01
7.76121905e-01
-8.97041591e-01
6.73854911e-01
8.43483696e-01
3.49016313e-01
-2.98395262e-01
0.00000000e+00
7.87801850e-01
-1.18781452e+00
-1.26770319e+00
6.41534843e-01
-3.61902192e-01
4.17001776e-01
4.84842851e-01
-1.11627369e+00
-9.99129331e-03
5.21964473e-01
20 1
-8.7273e-01 4.1642e-01
8 1
0 1 2 7 5 3 10 9 
217
-6.67930203e-03
-9.63816014e-02
-5.32968479e-02
-6.11876297e-02
-4.29203817e-02
-3.01254696e-01
-3.18195281e-01
3.11762285e-01
-1.55064044e-02
-6.94059429e-02
5.67859375e-02
1.48416352e-01
3.13156828e-01
1.06092837e-01
0.00000000e+00
0.00000000e+00
0.00000000e+00
-9.85307729e-02
-1.94916887e-03
4.75287999e-01
-5.53803224e-02
-1.71472848e-03
4.96760738e-01
1.47231793e-01
9.06022776e-04
2.97339132e-01
0.00000000e+00
0.00000000e+00
0.00000000e+00
-2.45312133e-01
-1.67462417e-01
-1.68396916e-02
1.69118084e-01
2.59811375e-01
0.00000000e+00
0.00000000e+00
0.00000000e+00
-3.71671815e-01
-5.27822867e-02
-3.75971834e-02
1.03232191e-01
1.43373236e-01
3.15867394e-02
1.77179817e-01
2.54236977e-01
-7.43890903e-02
-3.48585169e-01
6.22910723e-04
-1.05753439e-01
7.21234582e-02
-4.53078807e-01
4.69095052e-01
0.00000000e+00
-2.00792648e-01
-2.19146326e-01
2.26489264e-01
-3.56382647e-01
-2.58270177e-01
1.36161474e-01
7.85022074e-01
-2.98692029e-01
1.85748972e-01
1.06263755e-01
-3.07845590e-01
-7.18734557e-01
-1.15497902e+00
6.00398207e-01
1.30365085e+00
4.19502638e-01
5.58537539e-01
0.00000000e+00
-6.03259777e-01
-8.09877806e-01
3.98340489e-01
-3.14983220e-01
1.98239985e-01
2.66739860e-01
0.00000000e+00
-2.95596292e-01
-5.20763134e-01
2.81843814e-01
-2.56888746e-01
7.07317656e-03
-8.27140826e-02
0.00000000e+00
-1.85728107e-01
4.31501212e-02
2.49404264e-01
-3.24448726e-01
-7.03554595e-02
1.83881589e-01
1.19030677e-01
-1.85447690e-01
-1.86732712e-02
9.22842229e-02
8.56559282e-02
-3.25465123e-02
-2.11419608e-01
6.67623212e-02
1.20339326e-01
-2.48491609e-01
-1.05232331e-01
-8.93019382e-01
-8.85486189e-02
-3.03998050e-01
0.00000000e+00
-1.08110354e-01
-1.30255682e-01
8.36360274e-03
-6.28835852e-01
9.30674492e-02
3.32384553e-01
0.00000000e+00
-2.87820524e-02
3.35343412e-03
2.74705363e-02
1.01899014e-01
-5.36778592e-03
-2.98148824e-01
-4.01000145e-01
-6.97919292e-01
-8.21064799e-01
0.00000000e+00
0.00000000e+00
0.00000000e+00
5.21895794e-01
-7.61201363e-01
6.47777771e-02
-4.58442740e-01
-7.34175351e-01
2.85327711e-01
4.33186431e-01
5.94386908e-01
-1.39245749e-02
0.00000000e+00
6.24726126e-01
-4.84787274e-01
-1.20820529e+00
2.10760326e-01
2.13252460e-01
5.77799247e-01
5.29725029e-01
-8.80365150e-01
-6.74704910e-01
3.38904043e-01
-9.30860649e-02
0.00000000e+00
0.00000000e+00
0.00000000e+00
2.61220647e-01
-1.09465196e+00
3.52587669e-01
3.66414604e-01
-2.37005035e-01
1.79121465e-01
6.86911587e-02
1.25327366e-01
-2.31967008e-01
0.00000000e+00
2.36790836e-01
-6.70481526e-01
-1.26260685e-01
8.54488673e-02
1.69519332e-01
9.66871737e-02
1.82881307e-01
-1.75193718e-01
1.47022982e-01
1.70760454e-01
-5.67350726e-01
0.00000000e+00
0.00000000e+00
0.00000000e+00
-2.65267094e-01
-7.31843323e-01
-2.61194162e-01
3.26013989e-01
-2.07009606e-01
4.59855201e-01
4.16009502e-01
1.74428465e-01
1.21580364e-01
0.00000000e+00
8.62891478e-01
-4.29404037e-01
-6.50729542e-01
4.06168866e-01
-4.80545675e-01
6.05396389e-02
1.98639028e-01
-4.56768279e-01
-3.10156675e-01
1.99441136e-01
-3.12760917e-01
0.00000000e+00
0.00000000e+00
0.00000000e+00
3.48392788e-01
-1.20144191e+00
1.88058377e-01
1.22916633e-01
-2.47464493e-01
7.64807011e-02
1.28853285e-01
1.01604185e-01
-2.64990166e-01
0.00000000e+00
3.01541384e-02
-3.61229626e-01
-2.82518743e-01
2.05955121e-01
1.71714007e-01
2.40358240e-01
1.34915405e-01
-2.24610326e-01
3.01326395e-01
2.18765075e-01
136
9.74548498e-01
0.00000000e+00
0.00000000e+00
2.71911954e-02
4.31748157e-03
4.33117911e-01
7.57205234e-04
5.14239391e-01
1.13646735e-03
0.00000000e+00
0.00000000e+00
0.00000000e+00
3.17885483e-01
1.66973638e-01
8.58465148e-02
1.68155454e-01
2.36314456e-01
0.00000000e+00
0.00000000e+00
0.00000000e+00
-7.69000329e-01
-2.62610567e-01
1.39044798e-01
3.63098705e-01
4.64633829e-01
4.68951579e-01
5.70430483e-01
-1.21918779e-01
4.42074264e-01
-7.77629348e-01
4.96095423e-01
-4.27744879e-01
6.03920807e-01
-7.46064562e-01
1.10986350e+00
-1.91231656e-01
5.39594646e-01
-7.52576851e-01
6.95546238e-01
-3.57192794e-01
-2.01642885e-01
-5.84828772e-01
1.24828414e+00
0.00000000e+00
0.00000000e+00
0.00000000e+00
-1.83875514e+00
-2.12043250e+00
3.85556897e-01
-6.64493793e-01
-6.79596728e-01
0.00000000e+00
2.85858726e-01
2.00365343e-01
1.06865496e-01
-7.04600798e-01
0.00000000e+00
3.29953938e-01
4.79504031e-02
9.17002808e-02
-4.24656711e-01
2.27953724e-02
-1.19081023e-01
-7.25906144e-02
2.28136308e-02
4.40853337e-02
-2.88902806e-01
-7.91694434e-01
-2.03414217e-01
-1.07048519e-01
-9.44552993e-02
-5.51459819e-02
3.39619188e-01
-4.24486384e-01
1.36534322e-01
-1.12132694e-01
0.00000000e+00
8.09186439e-01
7.03317678e-02
1.57889538e-01
-9.23933098e-02
0.00000000e+00
6.89727354e-01
-8.44098951e-02
1.81707675e-01
-1.68370839e-01
-3.80376617e-01
-7.82852851e-01
-1.04420682e+00
0.00000000e+00
0.00000000e+00
0.00000000e+00
7.71551820e-01
-2.70370779e+00
3.10899927e-01
8.58326401e-02
-1.15805461e+00
5.75880432e-01
3.64397424e-01
1.12174013e+00
-2.76191262e-01
0.00000000e+00
8.52540107e-01
-8.90970109e-01
-1.45549084e+00
3.90399677e-01
9.53691721e-01
8.93256213e-01
6.72658057e-01
-1.61414413e+00
-4.01227916e-01
4.62731692e-01
-1.23240534e+00
0.00000000e+00
0.00000000e+00
0.00000000e+00
4.20910212e-01
-2.26084854e+00
2.26185313e-01
7.79535118e-01
-9.26105323e-01
6.78725972e-01
9.01175613e-01
3.19816900e-01
-2.93248450e-01
0.00000000e+00
8.39454039e-01
-1.13621683e+00
-1.29575152e+00
6.19939920e-01
-2.28296137e-01
3.77454315e-01
4.55838916e-01
-1.14785868e+00
-5.87142454e-02
4.95598070e-01
21 1
-1.0480e+00 3.9468e-01
8 0
0 1 2 7 5 3 10 9 
217
1.87748882e-01
-5.71474232e-01
9.53232230e-02
-8.56664614e-02
2.12396846e-01
-1.09812853e-01
-4.24178714e-02
-1.19439764e-01
-1.19146211e-01
1.17070157e-01
4.63965688e-03
-1.81736092e-01
1.32276461e-01
-4.06000223e-02
-1.61967640e-01
5.85633458e-03
1.20373203e-01
1.48119613e-01
-1.53740300e-03
-3.44354273e-02
3.06085814e-02
2.03641709e-04
-4.76470857e-02
1.70988327e-01
-1.96143702e-05
-1.10494742e-01
0.00000000e+00
0.00000000e+00
0.00000000e+00
1.85446282e-01
1.01781046e-01
7.91828074e-02
2.60378760e-02
-2.04699130e-01
0.00000000e+00
0.00000000e+00
0.00000000e+00
-2.74681461e-01
-1.16914650e-01
1.18053604e-01
1.85595251e-01
9.36429423e-02
-3.85148136e-02
2.20568009e-01
0.00000000e+00
-5.76921330e-02
-1.63182757e-01
-8.20319495e-02
1.12170005e-01
2.56086439e-02
-3.35583642e-01
4.91441605e-01
3.62834745e-01
-9.75576503e-02
-4.14917903e-01
2.90409490e-01
0.00000000e+00
-3.72020585e-01
-2.51348351e-01
7.51412941e-01
-9.99558487e-02
4.75097059e-01
-1.87392329e-01
0.00000000e+00
-7.61821480e-01
-1.05807714e+00
6.17824649e-01
1.48569936e+00
3.31745713e-01
7.68340764e-01
0.00000000e+00
-9.84505506e-02
-6.85445819e-01
1.61267345e-01
-1.72156850e-01
1.24932087e-01
3.20046973e-01
0.00000000e+00
-1.62138158e-01
-4.62952707e-01
2.55632667e-01
-3.06841934e-02
9.42543737e-02
2.72445536e-01
0.00000000e+00
-9.27022786e-03
8.58056830e-04
1.13252167e-01
-5.55190208e-02
8.37669426e-02
1.17753177e-01
0.00000000e+00
-8.27224632e-02
-1.62706468e-01
2.41806080e-01
-1.46873205e-01
2.86652654e-02
-2.73066614e-01
0.00000000e+00
1.84050980e-01
-6.52890392e-02
-5.82950094e-02
-5.22394036e-01
6.19929109e-02
-2.84225731e-01
0.00000000e+00
1.54309718e-02
-6.98680889e-02
1.72611916e-02
-1.26003315e-01
1.55056718e-01
-3.53557290e-02
0.00000000e+00
2.42702118e-02
-1.54679138e-01
1.40935891e-01
-5.48912066e-02
2.25427794e-02
-1.02237146e-01
-3.96735505e-01
-1.30533052e+00
-6.18261374e-01
0.00000000e+00
0.00000000e+00
0.00000000e+00
6.37969099e-01
-1.14854344e+00
1.30082694e-01
-6.04734053e-01
-6.94618907e-01
2.46343510e-01
8.61773292e-02
6.53753843e-01
-1.94283470e-01
0.00000000e+00
6.47875417e-01
-6.72951529e-01
-1.18296478e+00
3.70017231e-01
2.98071983e-01
4.29975846e-01
7.26371306e-01
-8.83313043e-01
-3.73093535e-02
5.73818943e-01
-2.22962158e-01
0.00000000e+00
0.00000000e+00
0.00000000e+00
2.37774219e-01
-1.36612469e+00
8.85721201e-02
4.56366777e-01
-1.80679772e-01
3.94191152e-01
3.03826293e-01
2.84751131e-01
-1.95212808e-01
0.00000000e+00
1.21274934e-01
-2.74116660e-02
-2.36050113e-01
5.39085925e-02
1.99057091e-02
2.83764587e-01
9.08020736e-02
-4.48994391e-01
-2.08431105e-01
1.04804797e-01
-1.37260314e+00
0.00000000e+00
0.00000000e+00
0.00000000e+00
-1.33829902e-01
-7.33802682e-01
4.71747670e-01
3.32777762e-01
-4.62348160e-01
6.00380234e-01
4.38267367e-01
-1.63019530e-01
-3.85682461e-01
0.00000000e+00
4.91629954e-01
-4.85433829e-01
-1.08126997e+00
4.15215210e-01
-3.00511722e-01
3.31576897e-01
1.81537202e-01
-3.83346794e-01
-1.67563264e-01
-3.38927123e-01
8.86189554e-03
0.00000000e+00
0.00000000e+00
0.00000000e+00
3.36070308e-01
-1.07663631e+00
6.94856594e-02
1.61471771e-01
-4.02809523e-01
2.97560318e-01
1.09852259e-01
3.92015773e-01
1.58041295e-02
0.00000000e+00
1.14067288e-01
-7.71822560e-02
-3.29516588e-01
-1.37070932e-01
3.55973711e-01
9.42007853e-02
2.07055027e-01
-3.90234584e-01
-1.95665366e-01
4.64420424e-01
136
9.42851942e-01
5.95283479e-01
-6.74190365e-03
3.01096815e-01
-2.61985828e-03
1.03830546e-01
-1.47047646e-03
-5.73588985e-02
1.27770046e-03
0.00000000e+00
0.00000000e+00
0.00000000e+00
-7.22656313e-02
9.88476762e-02
3.30634866e-01
3.82773224e-01
2.05452813e-01
0.00000000e+00
0.00000000e+00
0.00000000e+00
-3.74349834e-01
-5.56015914e-02
1.73403276e-01
2.38725011e-01
2.70720580e-01
2.61777089e-01
4.28177412e-01
1.52885233e-01
2.98654541e-01
-4.88037780e-01
3.70281758e-01
-1.49542610e-01
4.02900351e-01
-7.72423759e-01
9.82483347e-01
1.01606852e-01
2.49752769e-01
-6.64898886e-01
5.55053319e-01
-1.91735022e-01
-1.78457258e-01
-8.74616676e-01
1.14894576e+00
0.00000000e+00
0.00000000e+00
0.00000000e+00
0.00000000e+00
-2.88676265e+00
3.13430491e-01
-7.75308935e-01
-6.68896419e-01
0.00000000e+00
6.86064857e-01
2.09136470e-01
2.37544419e-01
-6.89946221e-01
0.00000000e+00
5.75297806e-01
4.85559851e-02
1.98099963e-01
-2.56347947e-01
6.99408068e-02
-4.68145281e-02
-7.02820827e-02
8.34996170e-02
-4.98524384e-02
0.00000000e+00
-9.13031133e-01
-1.69083417e-01
-1.18642107e-01
-1.06516170e-01
0.00000000e+00
5.40485863e-01
-3.73911413e-01
2.05988450e-01
-1.25037168e-01
0.00000000e+00
9.78257084e-01
8.32349317e-03
2.13947909e-01
-9.76940111e-02
0.00000000e+00
7.22892908e-01
-2.06777511e-02
1.87424112e-01
-1.25947878e-01
-4.77250182e-01
-1.06950490e+00
-1.08690329e+00
0.00000000e+00
0.00000000e+00
0.00000000e+00
7.58904208e-01
-2.68101540e+00
4.33195199e-01
-1.52871124e-01
-1.15514269e+00
5.47542183e-01
3.02918097e-01
1.16755214e+00
-2.56937353e-01
0.00000000e+00
8.41162834e-01
-9.51440142e-01
-1.50052977e+00
3.45115759e-01
1.09284333e+00
9.53789154e-01
7.84824590e-01
-1.61382142e+00
-5.04164569e-01
5.01171679e-01
-1.45058253e+00
0.00000000e+00
0.00000000e+00
0.00000000e+00
4.57519712e-01
-2.55986497e+00
8.63258065e-02
8.53237554e-01
-9.74781317e-01
6.62540261e-01
9.14405657e-01
3.79913867e-01
-2.98857115e-01
0.00000000e+00
8.65257781e-01
-1.14694629e+00
-1.25388272e+00
6.06026491e-01
-3.12968098e-01
4.50867096e-01
5.11799822e-01
-1.23976176e+00
-4.45980102e-02
5.93183700e-01
11 1
-1.0394e+00 4.3827e-01
8 1
0 1 2 7 5 3 10 9 
217
2.00797638e-01
-1.54721973e-01
-1.55605678e-01
-2.17828584e-01
-4.57385763e-02
-1.66803400e-01
-6.82688986e-02
1.86513472e-01
3.31680271e-01
-4.13356257e-01
-2.77573024e-01
3.20939330e-01
2.60697865e-01
2.57909144e-01
0.00000000e+00
0.00000000e+00
0.00000000e+00
-2.52305267e-01
8.80414775e-04
3.68782856e-01
-1.10161677e-01
1.84396334e-03
4.81330204e-01
5.63264581e-01
5.01661325e-04
1.40253263e-01
0.00000000e+00
0.00000000e+00
0.00000000e+00
1.89025447e-02
-1.64561366e-01
-9.37901825e-02
9.49091014e-02
3.45337539e-01
0.00000000e+00
0.00000000e+00
0.00000000e+00
-4.66341804e-01
-1.49468520e-01
1.36264567e-01
2.02884754e-01
2.15683368e-01
1.27275516e-01
1.34499758e-01
3.63626706e-03
4.39646947e-02
-3.70289159e-01
-7.44939987e-02
-3.19737150e-01
2.27341084e-01
-2.85326818e-01
5.60814995e-01
2.13172653e-01
-2.08259701e-02
-1.08130520e-01
1.68336578e-01
0.00000000e+00
-4.37441019e-01
7.06093409e-02
7.53064373e-01
-9.08954533e-02
2.09770510e-01
8.19225811e-02
-3.49464840e-01
-6.70498258e-01
-1.00065614e+00
7.44869265e-01
1.23289355e+00
4.75891471e-01
6.79028169e-01
0.00000000e+00
-5.13787154e-01
-8.21391559e-01
4.54554660e-01
9.62603972e-02
2.60030131e-01
6.56782882e-02
0.00000000e+00
-1.44629455e-01
-6.56818584e-01
2.49624410e-01
-5.92776521e-02
9.58026827e-02
1.23037016e-01
0.00000000e+00
-2.14090085e-01
-9.01065936e-02
3.83989075e-01
-3.88232302e-01
3.08986475e-02
6.96230693e-03
1.74733318e-01
-1.56504744e-02
-9.81887458e-02
5.53872311e-02
-4.32193340e-02
-1.36724368e-02
-6.74569896e-02
8.29248598e-02
2.56488992e-01
-1.67355817e-01
-7.36673769e-02
-8.03464656e-01
-6.49488376e-02
-2.53870428e-01
0.00000000e+00
1.39250784e-03
-1.67319813e-01
1.97051791e-01
-6.05755894e-01
2.35333873e-03
-8.15712558e-02
0.00000000e+00
-1.71075057e-01
-1.67494705e-01
2.73696902e-01
-3.75764114e-01
9.81757923e-02
-8.57546177e-02
-7.16848032e-01
-1.00239282e+00
-1.10073509e+00
0.00000000e+00
0.00000000e+00
0.00000000e+00
3.83946909e-01
-8.65342884e-01
2.73535113e-01
-9.35354735e-01
-9.12102446e-01
2.05829832e-01
-1.43881539e-01
6.28382411e-01
5.99032709e-01
0.00000000e+00
8.88321164e-01
-5.37902139e-01
-1.19351415e+00
3.32139070e-01
3.46665496e-02
2.63412422e-01
3.74017718e-01
-8.82668603e-01
-4.18294533e-01
8.05042047e-01
-8.73897929e-02
0.00000000e+00
0.00000000e+00
0.00000000e+00
2.14502350e-01
-1.14873700e+00
1.23591259e-01
4.72447162e-01
-4.76965078e-01
1.74584652e-01
3.80742595e-01
1.28771056e-01
-1.65152763e-01
0.00000000e+00
1.68145812e-01
-6.39856541e-01
-2.07946367e-01
1.22005414e-01
3.39300224e-01
2.15172630e-01
1.16505432e-01
-1.19527926e-01
2.08213714e-01
6.81357672e-03
-8.90694147e-01
0.00000000e+00
0.00000000e+00
0.00000000e+00
6.37855183e-02
-6.73553770e-01
-1.44883602e-01
1.79758721e-01
-5.67225065e-01
2.26873092e-01
3.92792348e-01
1.73583406e-02
-1.79077578e-01
0.00000000e+00
1.01606780e+00
-4.31726051e-01
-9.61399690e-01
2.66074650e-01
-3.73578948e-01
3.53640228e-01
9.65907396e-02
-5.34927951e-01
-6.79150868e-02
4.30652159e-01
-2.41834921e-01
0.00000000e+00
0.00000000e+00
0.00000000e+00
2.46984009e-01
-1.17953622e+00
1.75265275e-01
2.37477871e-01
-1.47964809e-01
1.83466902e-01
1.45660968e-01
2.96054235e-01
-1.85955853e-01
0.00000000e+00
-6.57452415e-02
-3.92921311e-01
6.07920144e-02
1.33463322e-01
3.59089668e-01
5.73939598e-02
-2.86306881e-02
-2.75964252e-01
6.02695170e-02
7.89657094e-02
136
7.66581064e-01
0.00000000e+00
0.00000000e+00
-1.38096569e-02
4.56597110e-03
3.38379692e-01
1.38700599e-03
4.42011029e-01
1.08478711e-03
0.00000000e+00
0.00000000e+00
0.00000000e+00
2.29614065e-01
1.27288534e-01
6.41617930e-02
1.31765532e-01
2.16044756e-01
0.00000000e+00
0.00000000e+00
0.00000000e+00
-6.52531957e-01
-1.70176596e-01
1.27793774e-01
3.12686008e-01
3.70368597e-01
3.46782617e-01
4.32392005e-01
6.77371501e-02
2.58191674e-01
-6.87140963e-01
4.66753390e-01
-1.92599730e-01
4.34802288e-01
-7.44656380e-01
9.90450425e-01
-7.70731407e-02
3.40005968e-01
-6.56539998e-01
5.86663485e-01
-4.17544921e-01
-2.45916327e-01
-5.06647205e-01
1.15009535e+00
0.00000000e+00
0.00000000e+00
0.00000000e+00
-1.47687497e+00
-1.73759022e+00
4.49318393e-01
-5.79066685e-01
-6.69684924e-01
0.00000000e+00
1.67602961e-01
1.21513910e-01
1.00202619e-01
-6.73644205e-01
0.00000000e+00
2.98597566e-01
5.33373122e-02
1.08781172e-01
-3.77315803e-01
-1.63097205e-02
-6.81403874e-04
-4.26624173e-02
4.85876769e-02
4.48847675e-02
-1.91682739e-01
-6.74875112e-01
-1.89055422e-01
-7.26547627e-02
-7.03117898e-02
-1.04423600e-02
2.97078183e-01
-4.45006548e-01
1.44858964e-01
-8.17666210e-02
0.00000000e+00
6.99408196e-01
-1.14831112e-03
1.49565011e-01
-3.60935166e-02
0.00000000e+00
5.04081985e-01
-4.66078927e-02
1.38961048e-01
-1.27892500e-01
-3.64976241e-01
-6.70807296e-01
-1.02577872e+00
0.00000000e+00
0.00000000e+00
0.00000000e+00
7.23242687e-01
-2.63583087e+00
3.57170179e-01
1.21851157e-01
-1.14237922e+00
6.00096240e-01
3.91726977e-01
1.03490292e+00
-3.51139570e-01
0.00000000e+00
8.02409466e-01
-8.96810266e-01
-1.42362235e+00
3.55315109e-01
9.40760314e-01
8.95073977e-01
7.42022352e-01
-1.59711992e+00
-4.47922220e-01
5.04474311e-01
-1.17086075e+00
0.00000000e+00
0.00000000e+00
0.00000000e+00
4.03848638e-01
-2.23205105e+00
2.30472917e-01
7.65969739e-01
-8.95440815e-01
6.58112401e-01
8.41909698e-01
3.40495157e-01
-2.35643208e-01
0.00000000e+00
7.76388020e-01
-1.14403977e+00
-1.26885576e+00
6.08273933e-01
-2.61416579e-01
3.92509479e-01
4.82808439e-01
-1.12781509e+00
-3.61153618e-02
5.29728454e-01
16 1
-1.2459e+00 4.6788e-01
8 1
0 1 2 7 5 3 10 9 
217
5.57950638e-02
-1.91381213e-01
-1.19775822e-01
-7.43542875e-02
-1.58927439e-01
1.01273517e-01
-6.88027986e-02
-3.54965912e-02
-7.21924775e-03
9.95998684e-02
4.27974343e-02
2.28353618e-01
2.47947115e-01
3.09630441e-01
0.00000000e+00
0.00000000e+00
0.00000000e+00
-4.17999397e-01
-2.70436580e-04
7.85125499e-01
-1.10282245e-02
2.79957461e-03
5.51218491e-01
4.84822685e-01
5.74626100e-04
4.03956333e-01
0.00000000e+00
0.00000000e+00
0.00000000e+00
3.05646178e-02
-4.10293792e-04
-1.06806732e-01
1.56143417e-01
-1.14032727e-02
0.00000000e+00
0.00000000e+00
0.00000000e+00
-3.74130830e-01
-1.33565406e-01
1.08568301e-01
1.67812975e-01
3.96072262e-02
8.53716058e-02
1.62131193e-01
1.81386900e-01
-1.97170677e-02
-4.25779560e-01
-1.61391390e-01
-1.53667755e-01
2.16194863e-01
-3.83929559e-01
6.98255716e-01
5.47455648e-02
2.11728808e-01
-8.86317728e-02
6.17678552e-02
0.00000000e+00
-6.79600553e-01
1.56884955e-02
7.37471439e-01
-1.08918036e-01
1.92702216e-01
-2.79891156e-02
-3.53184701e-01
-6.55729906e-01
-8.22966808e-01
5.77009581e-01
1.23227791e+00
4.87700091e-01
7.46139839e-01
0.00000000e+00
-3.97656160e-01
-1.02831675e+00
4.43636592e-01
1.10985219e-02
9.81463178e-03
-1.12080246e-02
0.00000000e+00
-1.85890662e-01
-9.49614579e-01
1.98664599e-01
-1.19036348e-01
4.30211271e-02
1.19124508e-01
0.00000000e+00
-4.86478515e-02
3.18416702e-02
1.50159108e-01
-1.13464677e-01
-4.57161927e-02
-1.27089564e-02
1.67827733e-01
-1.55474601e-01
-1.92945688e-01
1.43376731e-03
6.36921109e-02
4.20081653e-02
4.33494968e-02
1.55158469e-01
1.24119998e-01
-2.66273184e-02
-7.54565704e-02
-6.04425308e-01
-1.48026833e-01
-2.78289152e-01
0.00000000e+00
-1.61782068e-02
-1.18783885e-01
7.59326801e-02
-4.82895822e-01
-3.95940955e-03
-1.28756765e-01
0.00000000e+00
-7.30918301e-02
-6.57749938e-02
1.34000065e-01
-6.23173113e-01
-5.11317103e-03
8.03221507e-02
-6.99247075e-01
-1.02187698e+00
-8.39292249e-01
0.00000000e+00
0.00000000e+00
0.00000000e+00
3.15237357e-01
-9.76179446e-01
3.46488245e-01
-5.40009456e-01
-6.72786899e-01
-3.71607794e-02
7.84511173e-02
4.93323032e-01
2.81947166e-01
0.00000000e+00
9.12445017e-01
-4.73062416e-01
-1.09297667e+00
4.80734830e-01
3.59134492e-01
2.80453810e-01
4.89041971e-01
-8.83179741e-01
-5.68449812e-01
3.67255933e-01
-2.00810071e-01
0.00000000e+00
0.00000000e+00
0.00000000e+00
3.34786408e-01
-1.43601972e+00
2.60352938e-02
4.33874391e-01
-4.35335113e-01
2.72834636e-01
2.89722765e-01
2.68682348e-01
2.03869900e-02
0.00000000e+00
6.63945210e-02
-6.10235045e-01
-2.50848915e-01
3.26800917e-02
2.38973676e-01
3.15776860e-01
1.74499889e-01
-2.70067519e-01
2.08142678e-01
1.18905688e-01
-8.12592861e-01
0.00000000e+00
0.00000000e+00
0.00000000e+00
1.71622981e-01
-9.84787425e-01
-4.43130048e-02
6.21986497e-01
-5.79844607e-01
-1.52385005e-01
6.16268566e-01
3.55232441e-02
-1.11171647e-01
0.00000000e+00
8.59055109e-01
-4.86657674e-01
-9.73040830e-01
4.66601049e-01
-2.41827713e-01
2.46879543e-01
4.25808184e-01
-6.65543988e-01
-2.95699257e-01
2.78933116e-01
-3.47342965e-01
0.00000000e+00
0.00000000e+00
0.00000000e+00
2.73282349e-01
-1.40680999e+00
1.70535302e-01
3.76264188e-02
-1.47650339e-01
3.13375682e-01
1.42703784e-01
2.68001860e-01
-9.03821470e-02
0.00000000e+00
-6.85923964e-03
-3.79603536e-01
6.91175772e-03
1.76190111e-01
2.28643995e-01
1.09570024e-01
-3.70923732e-02
-2.73376844e-01
1.97958559e-01
6.96316579e-02
136
7.98303664e-01
0.00000000e+00
0.00000000e+00
1.40333529e-02
4.07350148e-03
3.56916986e-01
1.23787504e-03
4.27353325e-01
1.10256978e-03
0.00000000e+00
0.00000000e+00
0.00000000e+00
2.28274524e-01
1.52205989e-01
8.08030796e-02
1.31965238e-01
2.07596387e-01
0.00000000e+00
0.00000000e+00
0.00000000e+00
-6.51168216e-01
-1.85453078e-01
1.21703295e-01
3.15179709e-01
3.84584981e-01
3.60789878e-01
4.52667094e-01
1.65937520e-01
2.12240614e-01
-7.11519856e-01
4.21800903e-01
-2.77411029e-01
4.42377723e-01
-7.43914010e-01
1.00496947e+00
-9.69574677e-02
2.95356375e-01
-6.75414219e-01
6.81723858e-01
-3.35478860e-01
-2.51493583e-01
-5.23414801e-01
1.18950103e+00
0.00000000e+00
0.00000000e+00
0.00000000e+00
-1.43794418e+00
-1.76022855e+00
4.32882231e-01
-5.87478000e-01
-6.46510035e-01
0.00000000e+00
1.54571293e-01
1.32828255e-01
9.06271908e-02
-7.04986886e-01
0.00000000e+00
2.93167728e-01
5.51294378e-02
9.68710236e-02
-3.75559009e-01
-5.55698303e-02
-2.92060092e-02
-3.59323990e-02
3.28470448e-02
3.77228787e-02
-2.24857955e-01
-6.29416014e-01
-1.71053731e-01
-6.92482382e-02
-6.53516078e-02
-6.31782110e-04
2.71087596e-01
-4.29860818e-01
1.37103461e-01
-3.90245539e-02
0.00000000e+00
7.53243619e-01
3.05466236e-02
1.58583388e-01
-3.71617128e-02
0.00000000e+00
5.83987833e-01
-3.03190765e-02
1.47101260e-01
-1.35738271e-01
-4.05696773e-01
-7.00840426e-01
-1.06164788e+00
0.00000000e+00
0.00000000e+00
0.00000000e+00
7.31263384e-01
-2.59830464e+00
3.45307024e-01
7.35717668e-02
-1.14437994e+00
5.55612281e-01
4.08510965e-01
1.05953568e+00
-3.29538787e-01
0.00000000e+00
8.73221197e-01
-9.07483266e-01
-1.43609253e+00
3.17304604e-01
9.41165558e-01
8.89774668e-01
6.99229541e-01
-1.58353403e+00
-4.71332500e-01
5.14521137e-01
-1.18319183e+00
0.00000000e+00
0.00000000e+00
0.00000000e+00
3.97493149e-01
-2.20337486e+00
2.00158198e-01
7.79248640e-01
-9.18286591e-01
6.67533504e-01
8.61236166e-01
3.30499211e-01
-2.77676597e-01
0.00000000e+00
8.34425187e-01
-1.12777633e+00
-1.29295313e+00
5.68089445e-01
-2.56938802e-01
4.03323566e-01
4.79536351e-01
-1.12806231e+00
-3.20422987e-02
5.32375674e-01
