1 -999999999 -999999999 -1 -1
1 0 0 -1 -1
0.4252 -0.6031
356
3.81342981e-01
0.00000000e+00
0.00000000e+00
0.00000000e+00
0.00000000e+00
0.00000000e+00
0.00000000e+00
0.00000000e+00
0.00000000e+00
0.00000000e+00
0.00000000e+00
0.00000000e+00
0.00000000e+00
0.00000000e+00
0.00000000e+00
0.00000000e+00
0.00000000e+00
0.00000000e+00
0.00000000e+00
0.00000000e+00
0.00000000e+00
0.00000000e+00
0.00000000e+00
0.00000000e+00
0.00000000e+00
0.00000000e+00
0.00000000e+00
0.00000000e+00
0.00000000e+00
0.00000000e+00
0.00000000e+00
0.00000000e+00
0.00000000e+00
0.00000000e+00
0.00000000e+00
0.00000000e+00
0.00000000e+00
0.00000000e+00
0.00000000e+00
0.00000000e+00
0.00000000e+00
0.00000000e+00
0.00000000e+00
0.00000000e+00
0.00000000e+00
0.00000000e+00
0.00000000e+00
0.00000000e+00
0.00000000e+00
0.00000000e+00
0.00000000e+00
-7.87334179e-02
-3.55663967e-02
-1.13170196e+00
0.00000000e+00
0.00000000e+00
0.00000000e+00
0.00000000e+00
8.89340970e-03
4.34816336e-01
2.92973985e-01
-3.40051302e-01
-7.83111805e-02
7.06798362e-02
1.55581850e-01
-5.14395484e-02
2.20491776e-03
-4.94397444e-01
0.00000000e+00
0.00000000e+00
0.00000000e+00
2.58700056e-01
-4.13055574e-03
1.81269569e-01
-4.98683881e-01
2.82802182e-03
1.57041026e-01
6.21326806e-01
-6.77364384e-04
-1.06785874e-01
0.00000000e+00
0.00000000e+00
0.00000000e+00
0.00000000e+00
0.00000000e+00
0.00000000e+00
0.00000000e+00
-1.42119150e-01
2.52869538e-01
2.70592593e-01
-8.12062573e-01
-3.43608997e-01
-5.81333566e-01
-3.41733670e-01
-1.17591166e+00
-1.21723875e+00
-8.43433482e-02
9.70554554e-02
-4.82942279e-01
-1.34191248e-01
-8.33228698e-02
-5.04987895e-03
0.00000000e+00
0.00000000e+00
1.92472718e+00
1.86780495e+00
0.00000000e+00
0.00000000e+00
0.00000000e+00
0.00000000e+00
0.00000000e+00
0.00000000e+00
4.74853855e-01
3.38722862e-01
2.46852104e-01
-7.35223926e-02
-5.02301188e-01
-2.02798944e+00
1.76008236e+00
1.33138649e+00
5.61638922e-01
1.45865028e-01
-1.15587415e+00
-2.51054625e+00
7.19143460e-01
1.18143204e-01
4.82825079e-01
-5.16030275e-01
-1.31397185e+00
-1.10912398e+00
4.17164956e+00
4.12333285e+00
3.96375863e+00
4.03208628e+00
4.32877620e+00
4.11171475e+00
7.26733024e-01
8.22507306e-01
7.82313085e-01
7.41866039e-01
7.77201944e-01
-1.19510665e-01
7.28695845e-01
6.51940853e-01
5.09021751e-01
6.56059554e-01
5.42799663e-01
1.69455795e-02
0.00000000e+00
0.00000000e+00
0.00000000e+00
0.00000000e+00
1.32552394e-01
2.18653790e+00
0.00000000e+00
0.00000000e+00
2.48790587e-01
-5.78746959e-01
0.00000000e+00
0.00000000e+00
-7.87491516e-01
-6.37119467e-01
-7.55892684e-01
-8.49342502e-01
-1.54338420e+00
0.00000000e+00
0.00000000e+00
0.00000000e+00
4.76600868e-01
-1.92167588e-01
1.42152573e-01
1.63924873e-01
-1.10850163e+00
6.27712737e-01
7.64434320e-02
3.62139995e-01
-6.10563740e-01
0.00000000e+00
8.02794216e-01
-3.86579371e-01
-9.50999282e-01
1.70382687e-01
-4.95000866e-01
1.80726755e-01
2.33237721e-01
-8.12760343e-01
-5.41093354e-01
3.18166120e-01
3.64843237e-01
0.00000000e+00
0.00000000e+00
0.00000000e+00
4.06588938e-02
-2.35192722e-02
8.46089774e-02
-2.15563694e-01
3.77311071e-01
3.01817142e-02
-4.33518421e-02
1.36399255e-01
9.88039945e-02
0.00000000e+00
-1.22250490e-01
2.84453545e-01
-1.32937280e-01
1.78899627e-03
-1.99936657e-01
1.78684581e-02
-6.54656740e-02
-7.97747804e-02
1.61528254e-01
1.40397678e-02
-9.08601032e-01
-4.29764744e-01
0.00000000e+00
0.00000000e+00
2.27608139e-01
2.33570911e-02
-1.19350605e-01
-3.33771230e-01
-2.46051658e-01
0.00000000e+00
0.00000000e+00
0.00000000e+00
2.14591054e-01
8.98645900e-01
-1.28475215e-01
7.99617894e-01
-3.30250442e-01
-1.21963573e-01
3.64673712e-01
-7.10305090e-01
4.27678328e-01
0.00000000e+00
3.76161363e-02
-1.73391953e-01
-1.36278863e-01
-1.56420418e-01
-8.87556683e-01
-4.77421844e-01
-9.30436234e-02
4.99819568e-02
-1.28022684e-01
3.04273751e-01
-4.78836288e-01
0.00000000e+00
0.00000000e+00
2.22312187e-01
-6.34783167e-01
-3.57726771e-01
0.00000000e+00
0.00000000e+00
0.00000000e+00
1.06988372e-01
-3.77568411e-02
-4.26958302e-01
-2.77056396e-01
0.00000000e+00
0.00000000e+00
0.00000000e+00
-1.48646197e+00
0.00000000e+00
0.00000000e+00
0.00000000e+00
-5.26601122e-01
5.65626597e-01
-5.90033905e-01
-5.56741483e-01
1.08748124e+00
-8.84599801e-01
8.45428914e-02
1.68951593e-01
-7.06187147e-03
0.00000000e+00
-4.22110434e-01
-6.94064303e-01
-2.59898054e-01
4.20886768e-01
-2.53273912e-02
7.77359128e-02
-8.99147326e-02
6.76158741e-01
-4.42240110e-01
-6.92525087e-02
1.76471496e-01
0.00000000e+00
0.00000000e+00
0.00000000e+00
2.17488462e-02
-2.17713096e-01
7.75061523e-02
8.39514568e-03
4.98783319e-02
3.60272691e-01
5.46216824e-02
2.91264319e-02
-5.71105464e-02
0.00000000e+00
-1.22413714e-01
2.35595683e-01
-1.46233811e-01
-1.46998124e-02
-4.09946810e-01
-7.37234866e-02
-1.34893263e-01
-2.31417690e-02
4.72123183e-01
6.70796567e-02
-5.22311612e-01
-3.10204257e-01
0.00000000e+00
2.74750135e-01
5.97813182e-02
-5.66779869e-03
-7.96562991e-02
-2.24880159e-01
-1.96834709e-01
0.00000000e+00
0.00000000e+00
0.00000000e+00
-2.18162819e-01
-7.53354778e-01
-4.50162375e-02
-9.42470859e-01
4.92937789e-01
-3.39938926e-02
-2.82924759e-01
4.53687568e-01
-4.18425219e-01
0.00000000e+00
1.50836773e-01
-5.43651119e-01
2.68960686e-01
2.92386032e-01
6.77965189e-01
3.56721192e-01
2.70879432e-01
1.88684223e-01
1.49735026e-01
-2.61628937e-01
-2.12107355e-01
-4.13838841e-01
-1.54518197e-01
-2.58959985e-01
-9.64150358e-01
-3.26915210e-01
0.00000000e+00
-2.57896488e-01
8.47208788e-01
1.45524158e-03
-5.15437819e-02
-2.76826670e-01
-6.37235147e-01
-1.22441357e-01
-1.64897858e-01
6.06091155e-01
247
-5.28563368e-01
0.00000000e+00
0.00000000e+00
0.00000000e+00
0.00000000e+00
0.00000000e+00
0.00000000e+00
0.00000000e+00
0.00000000e+00
0.00000000e+00
0.00000000e+00
0.00000000e+00
0.00000000e+00
0.00000000e+00
0.00000000e+00
0.00000000e+00
0.00000000e+00
0.00000000e+00
0.00000000e+00
0.00000000e+00
0.00000000e+00
0.00000000e+00
0.00000000e+00
0.00000000e+00
0.00000000e+00
0.00000000e+00
0.00000000e+00
0.00000000e+00
0.00000000e+00
0.00000000e+00
0.00000000e+00
0.00000000e+00
0.00000000e+00
0.00000000e+00
0.00000000e+00
0.00000000e+00
0.00000000e+00
0.00000000e+00
0.00000000e+00
0.00000000e+00
0.00000000e+00
0.00000000e+00
0.00000000e+00
-1.27171827e-01
9.63149973e-03
-4.64646358e-01
6.37967868e-03
6.32548181e-02
1.17363126e-03
0.00000000e+00
0.00000000e+00
0.00000000e+00
0.00000000e+00
0.00000000e+00
0.00000000e+00
0.00000000e+00
-9.70446966e-01
-1.74990502e-01
6.16874100e-01
1.16926873e+00
1.06035256e+00
0.00000000e+00
0.00000000e+00
0.00000000e+00
0.00000000e+00
0.00000000e+00
0.00000000e+00
8.65634156e-01
5.70246198e-01
1.95274215e-01
-1.06222957e-01
-8.93943240e-01
-2.32882047e+00
2.16480774e+00
-6.67562733e-01
0.00000000e+00
-9.81496190e-01
0.00000000e+00
-1.91211257e+00
8.95931962e-01
2.77508317e-01
6.76661299e-01
3.64214808e-02
-1.28615070e-01
-1.11940029e+00
2.99257547e+00
3.26456568e+00
3.24161338e+00
2.98274807e+00
3.02169756e+00
2.35467151e+00
1.13275319e+00
9.01493228e-01
1.24861874e+00
1.20845997e+00
1.52020531e+00
9.75396825e-01
1.27323179e-02
1.60902220e-02
-4.12659958e-02
-4.01458819e-02
8.87267219e-03
-3.42977423e-01
0.00000000e+00
-2.22742363e+00
2.63804267e+00
0.00000000e+00
1.69886027e+00
-3.60066942e-01
0.00000000e+00
0.00000000e+00
-9.08043304e-01
-7.89788796e-01
-8.27388702e-01
-7.61527228e-01
-1.69783210e+00
0.00000000e+00
0.00000000e+00
0.00000000e+00
3.15301801e-01
-8.68990601e-01
-7.50544040e-02
-3.89297158e-01
-5.80815267e-01
4.88858233e-01
1.44035066e-01
-2.02095400e-01
-6.71496251e-01
0.00000000e+00
6.79966139e-01
5.08923659e-01
-5.46102947e-01
5.11405712e-01
-1.15382513e+00
1.58810108e-01
4.64471442e-01
-9.46287443e-01
-2.57315174e-03
4.66933498e-01
-7.90058171e-01
-3.98830750e-01
0.00000000e+00
0.00000000e+00
2.94513086e-01
-3.16135617e-01
0.00000000e+00
0.00000000e+00
0.00000000e+00
-1.61752017e-01
-7.66596784e-02
8.37348783e-02
-1.96279133e-01
2.59039636e-01
1.33572800e-01
2.94200038e-02
4.83416095e-01
-3.93263733e-01
0.00000000e+00
5.80844212e-02
-1.47090781e-01
-3.12695221e-01
-2.54564376e-01
8.64769094e-01
-2.71890692e-02
-1.06919874e-01
1.58186782e-01
-2.18509784e-01
-4.91435661e-01
-3.91227421e-01
0.00000000e+00
0.00000000e+00
-9.95486433e-02
-9.07773929e-01
-5.09212554e-01
0.00000000e+00
0.00000000e+00
0.00000000e+00
-3.98561375e-01
0.00000000e+00
0.00000000e+00
0.00000000e+00
-1.58891593e+00
0.00000000e+00
0.00000000e+00
0.00000000e+00
-6.73767628e-01
-5.38962250e-02
-9.76733595e-01
-1.57000935e-01
-1.02531975e-01
-1.02292707e-01
3.93461510e-01
-4.79069416e-01
-7.61179109e-01
0.00000000e+00
1.04469337e-01
-7.76632723e-02
-2.13100803e-01
1.13624801e+00
-1.04066081e+00
-4.71321361e-02
-3.30957704e-02
2.64919024e-01
1.09720071e+00
1.32909864e-01
-5.70934613e-01
2.98817123e-02
0.00000000e+00
2.85874365e-01
5.41925167e-02
-6.53805928e-01
0.00000000e+00
0.00000000e+00
0.00000000e+00
-5.53868572e-02
0.00000000e+00
1.43388004e-01
3.56820543e-01
0.00000000e+00
3.16192240e-02
-8.60655129e-03
9.51775890e-02
3.83255190e-01
0.00000000e+00
-1.12700000e-01
-1.66669639e-01
-2.35940011e-02
-9.80588882e-02
-3.14468197e-01
-1.30587919e-01
-1.44624964e-01
4.51613674e-01
-1.42196101e-01
6.63355327e-02
-6.00816325e-01
1.42503325e-01
3.48166454e-02
-3.04753540e-01
-1.01798132e+00
-8.57270415e-01
0.00000000e+00
1.04249462e-01
3.07578360e-02
-1.60710903e-01
0.00000000e+00
2.71291782e-01
2.38198035e-02
7 -999999999 -999999999 1 -1
1 0 0 1 -1
1.2506e-01 -9.9144e-02
356
-4.80798721e-02
0.00000000e+00
0.00000000e+00
0.00000000e+00
0.00000000e+00
0.00000000e+00
0.00000000e+00
0.00000000e+00
0.00000000e+00
0.00000000e+00
0.00000000e+00
0.00000000e+00
0.00000000e+00
0.00000000e+00
0.00000000e+00
0.00000000e+00
0.00000000e+00
0.00000000e+00
0.00000000e+00
0.00000000e+00
0.00000000e+00
0.00000000e+00
0.00000000e+00
0.00000000e+00
0.00000000e+00
0.00000000e+00
0.00000000e+00
0.00000000e+00
0.00000000e+00
0.00000000e+00
0.00000000e+00
-4.80798721e-02
0.00000000e+00
-1.30459480e+00
-1.80220460e+00
-1.54476174e-02
1.41682365e-01
5.51706388e-01
4.57919697e-01
7.04808535e-01
1.46117654e+00
0.00000000e+00
0.00000000e+00
0.00000000e+00
0.00000000e+00
0.00000000e+00
0.00000000e+00
0.00000000e+00
0.00000000e+00
0.00000000e+00
0.00000000e+00
-1.91339559e-01
1.83775543e-01
3.61500458e-01
0.00000000e+00
0.00000000e+00
0.00000000e+00
0.00000000e+00
-7.83227094e-02
-3.11455291e-01
-2.63926626e-01
3.53631367e-01
1.77861972e-01
2.92165802e-01
4.13059172e-01
-3.53954462e-01
-2.96751680e-01
-3.97673147e-01
0.00000000e+00
0.00000000e+00
0.00000000e+00
-4.91266074e-02
5.04968063e-03
-6.94773994e-02
-4.55246469e-02
2.33476065e-03
-1.63811967e-01
4.65713822e-02
-6.86792308e-04
-4.00282523e-02
0.00000000e+00
0.00000000e+00
0.00000000e+00
0.00000000e+00
0.00000000e+00
0.00000000e+00
0.00000000e+00
-1.65886564e-01
-4.09822906e-02
1.58788983e-01
4.32863138e-01
-2.07273241e-01
2.96395285e-01
-3.80965721e-01
-5.96677834e-01
-3.69000571e-01
-3.15293059e-01
-3.42463518e-01
-3.33041699e-01
1.21507685e-01
1.45700284e-01
1.52097587e-01
0.00000000e+00
0.00000000e+00
1.32936467e+00
1.15141913e+00
0.00000000e+00
0.00000000e+00
0.00000000e+00
0.00000000e+00
0.00000000e+00
0.00000000e+00
6.59189404e-01
5.66799062e-01
2.22778467e-01
7.86459782e-02
-6.53105415e-01
-2.25175204e+00
2.40741859e+00
1.31782519e+00
-2.09469739e-01
3.20586334e-01
-2.22866529e+00
-2.18770808e+00
8.78177037e-01
2.11195895e-01
4.18140970e-01
-6.27303291e-01
-5.34725347e-01
-9.64971274e-01
3.67330378e+00
3.84113111e+00
3.75444566e+00
3.93762948e+00
4.16577976e+00
4.23408948e+00
2.90407226e-01
5.96571109e-01
6.85570055e-01
5.59478391e-01
6.53843898e-01
-5.20181472e-01
1.48170566e-01
4.55898556e-01
5.19657164e-01
5.62324277e-01
8.59633282e-02
-6.17560421e-01
0.00000000e+00
0.00000000e+00
0.00000000e+00
0.00000000e+00
-5.80012992e-01
2.46847225e+00
0.00000000e+00
0.00000000e+00
5.31933119e-01
-3.69673292e-01
0.00000000e+00
0.00000000e+00
-4.48720987e-01
-1.90862737e-01
-9.28723554e-01
-1.00863626e+00
-1.37744454e+00
0.00000000e+00
0.00000000e+00
0.00000000e+00
7.98375675e-01
1.42675556e-02
1.62211678e-01
4.40985529e-01
-4.97138814e-01
4.71558550e-01
7.99429891e-02
-1.59659667e-01
-2.06786266e-01
0.00000000e+00
8.07226137e-01
-3.83940847e-01
-1.56707495e+00
-1.63918294e-01
-1.36009709e+00
2.75402627e-01
5.79251983e-01
-1.12212977e+00
-2.90293366e-01
7.44371799e-01
1.99386690e-01
0.00000000e+00
0.00000000e+00
0.00000000e+00
-2.08690924e-01
-1.02039847e-01
-7.78964386e-02
-4.68858133e-01
1.75385229e-01
2.02670897e-02
-9.07864718e-02
-9.34949706e-04
7.91502960e-02
0.00000000e+00
-5.56976102e-02
2.28369185e-02
3.13982671e-01
2.67449944e-01
-2.44931540e-01
-4.91832029e-02
1.19094991e-02
4.17724547e-01
3.45413811e-01
-1.55714197e-01
-8.54180020e-01
-3.75839727e-01
0.00000000e+00
0.00000000e+00
-1.19479403e-01
-4.07285798e-02
-9.80229916e-02
-2.37088155e-01
-3.08467346e-02
0.00000000e+00
0.00000000e+00
0.00000000e+00
2.92381887e-01
4.40864564e-01
-1.31708299e-01
1.20075867e+00
-1.91565610e-01
-4.36837581e-01
3.72718065e-01
-5.47868237e-01
3.73998974e-01
0.00000000e+00
2.03518880e-01
-3.18414286e-01
-4.24849936e-01
-2.10900695e-01
-1.06544121e+00
-5.11776591e-02
1.59941088e-02
9.25897865e-02
-2.90518527e-01
6.45610373e-01
-4.78340293e-01
0.00000000e+00
0.00000000e+00
1.32587010e-01
-5.23264522e-01
-7.28812608e-02
0.00000000e+00
0.00000000e+00
0.00000000e+00
1.84738809e-01
-4.34226070e-03
-2.53277810e-01
-4.50383261e-01
0.00000000e+00
0.00000000e+00
0.00000000e+00
-1.19949900e+00
0.00000000e+00
0.00000000e+00
0.00000000e+00
-3.90694620e-01
2.48310367e-01
-4.72992330e-01
-6.71830800e-01
3.46367644e-01
3.47830975e-02
-5.74952782e-01
7.73913256e-01
-4.13840965e-01
0.00000000e+00
-4.58027904e-01
6.08425240e-01
-7.16375002e-01
4.85256308e-01
1.38237191e-01
2.05856677e-01
5.12115760e-02
-2.72944289e-01
-3.97939916e-02
-8.04076752e-02
-5.07715461e-01
0.00000000e+00
0.00000000e+00
0.00000000e+00
7.62364040e-02
-1.01684429e+00
-1.23074772e-01
9.02623195e-02
-1.12393160e-01
6.35896222e-02
1.97729996e-01
-2.06168950e-01
3.80850997e-01
0.00000000e+00
1.86816988e-01
-1.67060376e-01
3.38229377e-02
-3.91253591e-02
-6.33036326e-01
1.45542976e-03
4.68910129e-02
5.09097449e-02
4.44559278e-01
2.16863043e-01
-3.36617499e-01
1.03565031e-01
0.00000000e+00
-3.63428265e-02
-2.11668465e-01
9.31917415e-02
4.04343527e-02
-3.00610637e-02
4.29331997e-01
0.00000000e+00
0.00000000e+00
0.00000000e+00
-1.20598061e-01
-1.33471407e-01
2.72611129e-01
-1.07255243e+00
2.02985492e-01
3.10308767e-01
-4.95147570e-01
5.31402875e-01
-1.05487073e+00
0.00000000e+00
-2.78570125e-01
5.21738227e-01
4.03500662e-01
3.21016732e-01
9.78235963e-01
1.60945374e-01
-7.95858869e-02
1.30155831e-02
2.79440933e-01
-3.31073530e-01
-4.40182530e-01
-2.44944398e-01
2.23066304e-01
1.27271678e-01
-8.62881503e-01
-2.94427768e-01
0.00000000e+00
1.12227411e-01
2.95645047e-01
2.07579901e-02
-4.14424745e-01
9.92389872e-02
-5.68453735e-01
-2.48903960e-01
1.30264167e-01
1.73110752e-01
247
-1.56752398e-01
0.00000000e+00
0.00000000e+00
0.00000000e+00
0.00000000e+00
0.00000000e+00
0.00000000e+00
0.00000000e+00
0.00000000e+00
0.00000000e+00
0.00000000e+00
0.00000000e+00
0.00000000e+00
0.00000000e+00
0.00000000e+00
0.00000000e+00
0.00000000e+00
0.00000000e+00
0.00000000e+00
0.00000000e+00
0.00000000e+00
0.00000000e+00
0.00000000e+00
0.00000000e+00
0.00000000e+00
0.00000000e+00
0.00000000e+00
-1.56752398e-01
0.00000000e+00
1.49629860e+00
-1.65305100e+00
-6.42525937e-01
1.58984640e-01
-5.24550142e-01
0.00000000e+00
0.00000000e+00
0.00000000e+00
0.00000000e+00
0.00000000e+00
0.00000000e+00
0.00000000e+00
0.00000000e+00
0.00000000e+00
-9.24692039e-03
3.07604492e-03
-1.51706473e-01
1.47639137e-03
4.20099543e-03
-5.32160205e-04
0.00000000e+00
0.00000000e+00
0.00000000e+00
0.00000000e+00
0.00000000e+00
0.00000000e+00
0.00000000e+00
-1.61477098e-01
-1.23852491e-01
1.28577191e-01
1.06283325e+00
1.08391169e+00
0.00000000e+00
0.00000000e+00
0.00000000e+00
0.00000000e+00
0.00000000e+00
0.00000000e+00
5.61076325e-01
3.27065003e-01
1.36444558e-01
-2.01520679e-01
-4.62797359e-01
-1.57985350e+00
2.10974569e+00
7.21435250e-01
-1.93477412e-01
-4.06367739e-02
-1.37049114e+00
-2.03390419e+00
7.77808197e-01
3.38173171e-01
9.01219901e-02
-2.70932036e-01
-7.81311097e-01
-5.87195738e-01
3.81298599e+00
3.72437614e+00
3.57622908e+00
3.79906815e+00
4.09096789e+00
3.81281475e+00
4.10609054e-01
4.13168642e-01
5.73156529e-01
4.27120319e-01
9.70048825e-02
-7.41734280e-01
4.52589981e-02
1.42236369e-01
1.26703623e-01
-8.97652106e-02
1.73050203e-01
-4.46648643e-01
0.00000000e+00
-8.07328577e-01
2.59164576e+00
0.00000000e+00
6.50576179e-01
-6.77684388e-01
0.00000000e+00
0.00000000e+00
-3.20408763e-01
-8.99176886e-01
-4.37581191e-01
-8.03082899e-01
-1.21958565e+00
0.00000000e+00
0.00000000e+00
0.00000000e+00
2.06448617e-01
-7.91343962e-01
1.82244444e-01
2.05142600e-02
-6.99662101e-01
5.35439773e-01
1.90555803e-01
6.12450588e-01
-7.17694746e-01
0.00000000e+00
4.10022516e-01
1.13659573e-01
-6.15523730e-01
3.79577411e-01
-5.37270072e-01
3.94058926e-01
3.51371570e-01
-1.23010346e+00
-2.14448425e-01
1.90117364e-01
-6.24490477e-01
-1.11203982e-01
0.00000000e+00
0.00000000e+00
-5.48713541e-02
-2.96096734e-01
0.00000000e+00
0.00000000e+00
0.00000000e+00
-1.74072380e-01
-2.38242759e-01
6.25339360e-02
-3.08781854e-01
1.35796257e-01
-6.41031510e-02
-1.05772810e-01
3.06195282e-01
-8.80058356e-04
0.00000000e+00
-4.56932843e-02
2.02697994e-01
-2.57541173e-01
2.87342243e-02
7.76819516e-01
-4.57910203e-02
-2.70197384e-01
-3.11884353e-02
-6.39017580e-02
-2.02707877e-01
-5.13286496e-01
0.00000000e+00
0.00000000e+00
4.58790748e-01
-5.95095171e-01
-2.09204781e-01
0.00000000e+00
0.00000000e+00
0.00000000e+00
-3.85890390e-01
0.00000000e+00
0.00000000e+00
0.00000000e+00
-1.24066409e+00
0.00000000e+00
0.00000000e+00
0.00000000e+00
-1.96204311e-01
-5.67659438e-01
-6.42518460e-02
-4.27644340e-01
2.10236294e-01
5.02791456e-01
2.82397711e-01
2.89002419e-01
-3.95606843e-01
0.00000000e+00
-3.50801512e-01
7.05425543e-02
-6.41222998e-01
5.05065013e-01
-4.62485510e-01
9.27378603e-02
3.44487018e-01
-1.31701715e-01
-2.15894814e-01
-8.44510881e-02
-1.04933130e-01
4.98923181e-01
0.00000000e+00
4.42549417e-03
1.18299935e-01
-6.55100802e-01
0.00000000e+00
0.00000000e+00
0.00000000e+00
8.50383845e-02
2.87129271e-01
1.00262436e-01
3.29938910e-01
-2.02304074e-01
5.50370235e-02
3.86616069e-02
-2.41197688e-01
3.50766017e-01
0.00000000e+00
1.97016437e-01
-2.16666322e-01
-3.32248992e-01
-1.72041814e-01
-1.17901723e+00
-1.10761218e-01
1.77760436e-01
-1.09008481e-01
6.62654487e-02
2.20269045e-01
-6.03856312e-01
5.80044699e-02
9.60444067e-02
-1.04362442e-02
-1.13573096e+00
-9.36504373e-01
0.00000000e+00
2.67244639e-01
8.14819540e-01
-1.99226587e-01
1.75990190e-02
6.48018940e-01
4.93694848e-01
2 -999999999 -999999999 1 7
1 0 0 1 1
-1.5944e-02 -3.7313e-02
356
2.98582045e-02
0.00000000e+00
0.00000000e+00
0.00000000e+00
0.00000000e+00
0.00000000e+00
0.00000000e+00
0.00000000e+00
0.00000000e+00
0.00000000e+00
0.00000000e+00
0.00000000e+00
0.00000000e+00
0.00000000e+00
0.00000000e+00
0.00000000e+00
0.00000000e+00
0.00000000e+00
0.00000000e+00
0.00000000e+00
0.00000000e+00
0.00000000e+00
0.00000000e+00
0.00000000e+00
0.00000000e+00
0.00000000e+00
0.00000000e+00
0.00000000e+00
0.00000000e+00
0.00000000e+00
0.00000000e+00
2.98582045e-02
0.00000000e+00
-1.55408478e+00
-7.17714307e-01
-9.92011015e-02
-1.36085718e-01
7.21834927e-01
1.29510701e-01
8.62108053e-01
1.23912668e+00
2.98582045e-02
0.00000000e+00
-4.73550111e-01
-4.22331136e-02
0.00000000e+00
2.74978485e-02
3.65569563e-01
-3.61706980e-01
1.37838752e-01
3.58530942e-01
-9.51877549e-02
1.46625050e-02
-8.62934525e-01
0.00000000e+00
0.00000000e+00
0.00000000e+00
0.00000000e+00
-7.65699633e-02
-4.03145637e-02
-1.28388100e-01
3.47372441e-01
1.26999203e-01
1.25421442e-01
2.49761394e-01
-5.09113918e-01
-1.41944330e-01
-4.87593490e-01
0.00000000e+00
0.00000000e+00
0.00000000e+00
-5.94929237e-02
7.33788645e-03
-1.04908465e-01
1.04288639e-02
2.45939188e-03
-7.83073360e-02
7.89222643e-02
-2.73832642e-05
-7.38951177e-02
0.00000000e+00
0.00000000e+00
0.00000000e+00
0.00000000e+00
0.00000000e+00
0.00000000e+00
0.00000000e+00
-1.59681149e-01
6.52818611e-02
1.24257492e-01
-1.16708252e+00
-8.08329687e-01
4.84166230e-01
-1.45859882e-01
-1.10888255e+00
-4.77804731e-01
-1.41044181e-01
1.71762544e-01
-4.12022403e-01
-3.68985026e-01
-4.64117637e-03
7.09959710e-02
0.00000000e+00
0.00000000e+00
6.51393981e-01
6.58427710e-01
0.00000000e+00
0.00000000e+00
0.00000000e+00
0.00000000e+00
0.00000000e+00
0.00000000e+00
9.48168882e-01
6.10764610e-01
4.26727720e-01
8.52619258e-02
-6.79785075e-01
-2.01267384e+00
2.52042018e+00
1.14547274e+00
1.70329060e-01
3.80650503e-01
-2.24072902e+00
-2.22590541e+00
7.18342704e-01
1.70868251e-01
3.05971456e-01
-2.96953021e-01
-3.73039008e-01
-9.03997937e-01
1.01308580e+00
1.03464662e+00
8.70901225e-01
9.56349334e-01
1.12390387e+00
1.05178291e+00
3.07857315e-01
5.42753500e-01
2.18667994e-01
3.65082352e-01
4.76988142e-01
-7.65622186e-01
9.42422543e-02
2.81283816e-01
3.58046364e-01
5.71619425e-02
-1.32003523e-01
-6.73640510e-01
0.00000000e+00
0.00000000e+00
0.00000000e+00
0.00000000e+00
-2.49761950e-01
2.30505710e+00
0.00000000e+00
0.00000000e+00
2.79620155e-01
-3.86785127e-01
0.00000000e+00
0.00000000e+00
-1.37646341e-01
2.24931356e-02
-4.83889436e-01
-6.51062641e-01
-6.21535777e-01
0.00000000e+00
0.00000000e+00
0.00000000e+00
5.29215834e-01
-3.21774411e-01
-3.58484111e-01
6.61749806e-01
-4.85014843e-01
4.84904582e-01
2.08956750e-01
2.71765733e-02
-2.13181672e-01
0.00000000e+00
3.74533880e-01
-6.50107161e-02
-1.31407549e+00
1.63208701e-01
-1.24360655e+00
3.29941594e-01
7.07719997e-01
-7.62623038e-01
-1.67496475e-02
6.71576986e-01
3.88513307e-01
0.00000000e+00
0.00000000e+00
0.00000000e+00
-9.44379503e-02
-1.00209506e-01
5.96926653e-02
-5.06302640e-01
3.01950385e-01
-1.19043803e-01
-7.75260259e-02
-4.07619695e-02
1.71437752e-01
0.00000000e+00
1.48276111e-01
-1.01845811e-01
2.43843380e-01
1.30245614e-01
-1.52397912e-01
8.14586183e-02
-1.05658075e-02
3.29082451e-01
1.85527818e-01
-5.99100609e-02
-4.80556408e-01
-1.55483431e-01
0.00000000e+00
0.00000000e+00
-4.25848702e-02
1.04471012e-01
-4.22620243e-02
-2.17692420e-01
-2.16189580e-01
0.00000000e+00
0.00000000e+00
0.00000000e+00
2.08624160e-01
4.15992901e-01
-3.18045874e-01
1.03685387e+00
-1.06520633e-01
-1.63003031e-01
1.77161235e-01
-5.28526706e-01
9.49338569e-02
0.00000000e+00
8.20841726e-02
-5.61350984e-01
-4.46458994e-01
-3.09079389e-01
-5.35246928e-01
-9.81699947e-02
7.13891289e-01
-1.53244935e-01
-1.08947538e-01
3.82863939e-01
-3.25072976e-01
0.00000000e+00
0.00000000e+00
5.39014039e-02
-1.40979369e-01
1.78370907e-02
0.00000000e+00
0.00000000e+00
0.00000000e+00
9.10966888e-02
4.35930850e-02
-1.16852683e-01
-1.58816460e-01
0.00000000e+00
0.00000000e+00
0.00000000e+00
-6.28569506e-01
0.00000000e+00
0.00000000e+00
0.00000000e+00
-2.93262449e-01
8.09925454e-02
1.71096669e-01
-9.31387064e-01
3.89394878e-01
2.41076854e-01
-4.46686535e-01
6.52219989e-01
-4.09723812e-01
0.00000000e+00
-1.67039924e-01
2.66671423e-01
-5.25759794e-01
5.94507145e-01
1.59923021e-01
2.25821132e-01
-8.44037104e-02
-1.26178597e-01
-1.52738527e-01
-2.73092749e-01
-3.93010862e-02
0.00000000e+00
0.00000000e+00
0.00000000e+00
2.87405620e-02
-7.95497357e-01
-3.90072453e-01
3.20106565e-01
-1.15568495e-01
-2.00488944e-02
2.31455529e-01
-2.57877923e-01
2.77986765e-01
0.00000000e+00
6.29618645e-02
-1.38291417e-01
-1.93067396e-01
1.04144437e-01
-5.46648578e-01
8.23652753e-02
2.16665347e-01
2.02166187e-01
5.50071338e-01
3.41107556e-01
-1.05150661e-01
7.84231555e-02
0.00000000e+00
-4.44848334e-02
1.96261112e-02
1.02058597e-01
7.21661173e-02
-9.58015592e-02
1.40192914e-01
0.00000000e+00
0.00000000e+00
0.00000000e+00
-2.77987835e-02
-3.50808867e-01
6.98452509e-01
-1.31542874e+00
2.11537909e-01
5.03727621e-03
-3.90237130e-01
6.73749804e-01
-6.87615440e-01
0.00000000e+00
-2.35257778e-01
3.45904522e-01
7.56246534e-01
3.59642344e-01
6.94489072e-01
1.38344586e-01
-2.89138801e-01
1.61214552e-01
-3.60799336e-02
-5.72060721e-01
-1.83573816e-01
-1.52828595e-01
2.01016421e-01
-2.58614510e-02
-5.23418845e-01
-5.59300198e-02
0.00000000e+00
-3.60775015e-02
2.12466144e-01
2.71169844e-01
-3.81152772e-02
-2.88984587e-01
-4.67488825e-01
-2.85997705e-01
5.73325832e-03
5.21849838e-01
247
-1.08468847e-01
0.00000000e+00
0.00000000e+00
0.00000000e+00
0.00000000e+00
0.00000000e+00
0.00000000e+00
0.00000000e+00
0.00000000e+00
0.00000000e+00
0.00000000e+00
0.00000000e+00
0.00000000e+00
0.00000000e+00
0.00000000e+00
0.00000000e+00
0.00000000e+00
0.00000000e+00
0.00000000e+00
0.00000000e+00
0.00000000e+00
0.00000000e+00
0.00000000e+00
0.00000000e+00
0.00000000e+00
0.00000000e+00
0.00000000e+00
-1.08468847e-01
0.00000000e+00
8.11495548e-01
-9.19964395e-01
-8.93183092e-01
2.79935398e-01
-2.92572312e-01
-1.08468847e-01
0.00000000e+00
3.42353343e-01
-4.50822191e-01
2.19456433e-01
-4.15271707e-01
2.23829737e-01
0.00000000e+00
0.00000000e+00
8.89043156e-02
1.78515106e-03
-2.61847221e-01
2.09682177e-03
6.44740585e-02
-1.24741491e-03
0.00000000e+00
0.00000000e+00
0.00000000e+00
0.00000000e+00
0.00000000e+00
0.00000000e+00
0.00000000e+00
-1.59441114e-01
-6.90835838e-02
1.20055851e-01
1.13438817e+00
1.04223167e+00
0.00000000e+00
0.00000000e+00
0.00000000e+00
0.00000000e+00
0.00000000e+00
0.00000000e+00
4.08734388e-01
4.16910252e-01
1.66271122e-01
-1.15031054e-01
-3.98186336e-01
-1.72155539e+00
2.11176662e+00
6.51208199e-01
-6.01586940e-01
1.32854643e-01
-1.08670934e+00
-1.82140367e+00
6.01942453e-01
2.49379770e-01
1.73734460e-01
-4.89741295e-01
-4.82905197e-01
-5.89240219e-01
3.88913086e+00
3.84062749e+00
3.64308721e+00
3.76612517e+00
3.89058677e+00
3.74511037e+00
5.63362809e-01
5.90671360e-01
6.59343602e-01
4.09222742e-01
4.92233211e-01
-4.03383710e-01
1.32748228e-01
1.19495943e-01
3.18862852e-01
3.56108801e-01
3.22647771e-01
-4.56982688e-01
0.00000000e+00
-6.13870489e-01
2.11201922e+00
0.00000000e+00
5.05401642e-01
-6.34896848e-01
0.00000000e+00
0.00000000e+00
-3.12043934e-01
-9.30813080e-01
-3.27567685e-01
-8.23132831e-01
-1.24285701e+00
0.00000000e+00
0.00000000e+00
0.00000000e+00
1.78044358e-01
-2.60533665e-01
4.49022956e-01
-1.00346688e-01
-3.44829675e-01
4.77169057e-01
3.56059324e-03
3.37091676e-01
-6.61151944e-01
0.00000000e+00
3.87868742e-01
-3.74363183e-01
-6.75512775e-01
4.19601786e-01
-2.31178882e-01
-1.70335493e-03
1.78707205e-01
-9.35345067e-01
-2.06440512e-01
1.17482360e-01
-6.27632509e-01
-7.26326258e-02
0.00000000e+00
0.00000000e+00
1.74087377e-01
-1.93025492e-01
0.00000000e+00
0.00000000e+00
0.00000000e+00
-1.04254407e-01
3.22793306e-03
-4.80305577e-02
-3.25118198e-01
1.26437010e-01
-1.33153665e-01
-1.12367756e-01
1.46187056e-01
-4.60369554e-02
0.00000000e+00
3.44007704e-02
2.40198287e-01
-5.88079906e-02
1.70935926e-01
4.81812640e-01
-2.71877162e-02
-4.83014189e-01
1.97798564e-01
-8.12090158e-02
-1.74843227e-01
-5.54999884e-01
0.00000000e+00
0.00000000e+00
3.66846800e-01
-6.15224504e-01
-2.39411308e-01
0.00000000e+00
0.00000000e+00
0.00000000e+00
-3.75813196e-01
0.00000000e+00
0.00000000e+00
0.00000000e+00
-1.15070052e+00
0.00000000e+00
0.00000000e+00
0.00000000e+00
-2.22105031e-01
-2.90108823e-01
2.01751512e-02
-6.38357230e-01
2.39669254e-01
4.56657881e-01
8.30405558e-02
1.94509500e-01
-2.38221012e-03
0.00000000e+00
-1.65223985e-01
2.46672857e-01
-4.37817703e-01
2.57142489e-01
-3.24677311e-01
-9.32610369e-02
1.10761954e-01
-3.59711828e-01
-1.61676812e-01
-6.40081881e-02
-2.68547815e-01
1.10119043e-01
0.00000000e+00
7.17913924e-02
-1.68740461e-01
-3.42341484e-01
0.00000000e+00
0.00000000e+00
0.00000000e+00
1.83985851e-01
-2.57990129e-01
-3.14605296e-01
5.34905212e-01
-3.81898117e-01
1.32028177e-01
1.30831596e-01
-5.29328162e-02
2.03300525e-01
0.00000000e+00
7.46975629e-02
8.94141523e-02
-2.98330998e-01
-4.37487983e-02
-1.06781049e+00
1.57537942e-01
2.21604320e-01
-1.73319243e-01
3.12714416e-01
2.07274645e-01
-3.78666858e-01
-1.43880658e-01
-6.79697297e-03
-3.65364403e-02
-8.82152701e-01
-4.37686729e-01
0.00000000e+00
1.47412744e-01
3.69600735e-01
-4.44465973e-01
-5.78882725e-02
-1.79321331e-01
3.80972282e-01
10 1
-8.5113e-01 1.9804e-01
3 1
1 7 2 
217
-1.37564683e-01
-2.38203188e-01
6.02878030e-01
1.60645944e-01
-1.24908061e-01
-2.10007309e-01
-2.39844773e-01
3.35327110e-01
8.92039959e-02
8.39821098e-02
1.55542510e-02
-1.58978803e-01
1.22429905e-01
-1.09471157e-02
0.00000000e+00
0.00000000e+00
0.00000000e+00
1.36007239e-02
-1.32935651e-02
1.26523419e-01
2.27946310e-01
-9.92247821e-03
2.19994683e-01
-3.79111717e-01
4.46422150e-04
1.67803481e-01
0.00000000e+00
0.00000000e+00
0.00000000e+00
0.00000000e+00
0.00000000e+00
0.00000000e+00
0.00000000e+00
-2.77079864e-01
-6.20394216e-02
2.01554603e-01
0.00000000e+00
-4.49761565e-01
-2.83335185e-01
5.95532067e-01
0.00000000e+00
0.00000000e+00
0.00000000e+00
0.00000000e+00
0.00000000e+00
-2.54962415e-01
3.52127565e-02
4.29638435e-02
-2.30011906e-01
4.57699340e-01
-7.83998368e-01
5.95532067e-01
0.00000000e+00
0.00000000e+00
0.00000000e+00
0.00000000e+00
0.00000000e+00
0.00000000e+00
0.00000000e+00
0.00000000e+00
0.00000000e+00
-1.37564683e-01
0.00000000e+00
0.00000000e+00
-9.78797518e-01
-1.82051066e+00
5.44212274e-01
1.62568128e-01
2.97020562e-01
9.60511009e-01
0.00000000e+00
-2.72749818e-02
2.11939298e-01
5.11304015e-02
-5.68531580e-01
-1.61420102e-01
1.34289073e-01
0.00000000e+00
-1.76785815e-01
-1.09536548e+00
6.27019247e-02
-3.14980053e-01
-2.34807920e-02
3.16293063e-02
0.00000000e+00
0.00000000e+00
0.00000000e+00
0.00000000e+00
0.00000000e+00
0.00000000e+00
0.00000000e+00
0.00000000e+00
0.00000000e+00
0.00000000e+00
0.00000000e+00
0.00000000e+00
0.00000000e+00
0.00000000e+00
0.00000000e+00
0.00000000e+00
0.00000000e+00
0.00000000e+00
0.00000000e+00
0.00000000e+00
0.00000000e+00
0.00000000e+00
0.00000000e+00
0.00000000e+00
0.00000000e+00
0.00000000e+00
0.00000000e+00
0.00000000e+00
0.00000000e+00
0.00000000e+00
0.00000000e+00
0.00000000e+00
0.00000000e+00
0.00000000e+00
0.00000000e+00
-1.73598200e-01
-1.37801433e+00
-4.48972526e-01
0.00000000e+00
0.00000000e+00
0.00000000e+00
4.39026069e-01
-8.55876969e-01
1.26682282e-01
1.16961051e-01
-5.54556253e-01
2.07669727e-01
4.50590826e-01
3.12487730e-01
-3.78573588e-01
0.00000000e+00
7.14540368e-01
-1.75230879e-01
-9.17235271e-01
1.18991020e-01
4.40237878e-01
4.23238232e-01
3.17209414e-01
-1.04543977e+00
-3.25802800e-01
1.36108403e-01
-2.03276926e-01
0.00000000e+00
0.00000000e+00
0.00000000e+00
3.48886763e-01
-1.40463483e+00
2.16311293e-01
1.64667617e-01
-5.42744207e-01
2.77565410e-01
6.98578756e-02
2.54130349e-01
-2.89228000e-01
0.00000000e+00
4.42441700e-01
-6.05729056e-01
-2.72164216e-01
1.79748334e-01
-2.33911849e-01
3.31628048e-01
4.39619960e-01
-1.59584793e-01
9.58893305e-02
4.83973348e-01
-1.90725841e+00
0.00000000e+00
0.00000000e+00
0.00000000e+00
1.08732685e-01
1.99184407e+00
-2.35308588e-01
-3.92820462e-01
-3.72751254e-01
-1.83629049e-01
-5.41476774e-01
3.42351179e-02
-5.73390657e-01
0.00000000e+00
1.40280787e-01
1.28910428e+00
-8.15071454e-01
1.54405522e-02
-1.51797104e+00
-2.48786640e-01
-5.99430674e-02
-3.69249165e-01
-1.82688034e-01
6.19028244e-03
-3.00320785e-02
0.00000000e+00
0.00000000e+00
0.00000000e+00
8.38843772e-02
8.31119485e-02
-2.55546932e-01
-2.55081523e-01
-2.66241992e-01
6.67280334e-02
-1.57119569e-01
2.04898524e-01
-1.41539660e-01
0.00000000e+00
5.17300200e-02
3.32859731e-01
-3.59707417e-01
3.09511398e-01
4.94810918e-01
1.91809043e-01
2.22617977e-02
-5.11587586e-01
3.73670697e-03
7.14501035e-02
136
7.02363091e-01
0.00000000e+00
0.00000000e+00
1.03269747e-02
-9.37198450e-03
2.52448227e-01
-9.48208728e-05
4.39587889e-01
-1.07283625e-03
0.00000000e+00
0.00000000e+00
0.00000000e+00
0.00000000e+00
0.00000000e+00
0.00000000e+00
0.00000000e+00
3.92072483e-01
3.20432520e-01
-1.01419124e-02
-9.23486083e-02
-1.87152166e-01
1.98067491e-01
7.83796374e-01
0.00000000e+00
0.00000000e+00
0.00000000e+00
0.00000000e+00
-9.23486083e-02
2.34771303e-01
-6.61958271e-02
3.12096742e-01
-3.55727642e-01
8.44429672e-01
-9.58458923e-01
7.83796374e-01
0.00000000e+00
0.00000000e+00
0.00000000e+00
0.00000000e+00
0.00000000e+00
0.00000000e+00
0.00000000e+00
0.00000000e+00
0.00000000e+00
0.00000000e+00
0.00000000e+00
0.00000000e+00
-1.47273100e+00
4.49458059e-03
-3.74004960e-01
-1.52114918e+00
0.00000000e+00
6.31124725e-01
4.06289421e-03
2.55252688e-01
7.01108726e-02
0.00000000e+00
3.88323609e-01
6.58492431e-02
5.46352151e-02
-1.05294615e+00
7.94711699e-01
0.00000000e+00
0.00000000e+00
0.00000000e+00
0.00000000e+00
0.00000000e+00
0.00000000e+00
0.00000000e+00
0.00000000e+00
0.00000000e+00
0.00000000e+00
0.00000000e+00
0.00000000e+00
0.00000000e+00
0.00000000e+00
0.00000000e+00
0.00000000e+00
0.00000000e+00
0.00000000e+00
0.00000000e+00
0.00000000e+00
0.00000000e+00
0.00000000e+00
0.00000000e+00
0.00000000e+00
4.18647703e-02
-1.50329379e+00
-5.83808500e-01
0.00000000e+00
0.00000000e+00
0.00000000e+00
8.74839510e-01
-2.79917422e+00
4.78708836e-01
2.99008845e-01
-1.20641533e+00
6.22837011e-01
4.67422081e-01
1.16057160e+00
-7.06182860e-01
0.00000000e+00
1.14000657e+00
-9.21288698e-01
-1.12934688e+00
3.88847622e-01
1.14873874e+00
7.86416321e-01
5.31160575e-01
-1.93019927e+00
-4.87358077e-01
6.97599130e-01
-2.09590289e+00
0.00000000e+00
0.00000000e+00
0.00000000e+00
3.15079887e-01
2.01517240e+00
-2.69563371e-01
-3.32415186e-01
-1.34522249e+00
-4.13828474e-03
-3.15585312e-01
3.66814998e-01
-8.13243799e-01
0.00000000e+00
3.18992453e-01
2.71865575e+00
-1.67272817e+00
1.18014066e-01
-1.19189988e+00
-6.42867605e-02
3.01095890e-01
-1.60935096e+00
-7.48161706e-01
1.16867579e-01
13 1
-1.1596e+00 2.3396e-01
4 1
1 7 2 10 
217
2.16795117e-01
7.11026791e-02
-1.73538228e-01
-1.40606847e-01
4.89455872e-02
2.37567549e-01
1.69453984e-01
1.21180134e-01
1.39174606e-01
-3.51485103e-02
-3.72871191e-02
2.34695999e-01
-1.03491941e-01
2.67294122e-01
0.00000000e+00
0.00000000e+00
0.00000000e+00
-4.76498682e-02
-1.79785719e-03
3.60981946e-01
-2.51009629e-01
8.01192369e-03
2.60510869e-01
5.15454614e-01
-5.73848246e-05
1.26070553e-01
0.00000000e+00
0.00000000e+00
0.00000000e+00
0.00000000e+00
0.00000000e+00
0.00000000e+00
0.00000000e+00
-6.29765159e-01
1.83846648e-01
6.62713628e-01
0.00000000e+00
-1.43459465e-01
-7.29496659e-02
9.08874003e-02
3.42316848e-01
0.00000000e+00
0.00000000e+00
0.00000000e+00
0.00000000e+00
-3.43441526e-01
4.78632691e-01
8.28301279e-02
-2.78650631e-01
6.94293289e-02
-2.52085864e-01
2.26941931e-01
0.00000000e+00
-2.20214324e-01
1.20601592e-01
-1.31380477e-01
1.26489473e-01
5.45070691e-01
-5.49744745e-01
3.42316848e-01
0.00000000e+00
2.16795117e-01
0.00000000e+00
0.00000000e+00
-3.54757484e-01
-8.12624522e-01
4.15342032e-01
8.84737168e-01
1.56210568e-01
4.47300370e-01
0.00000000e+00
-1.01316988e-01
2.53394722e-01
2.45187679e-01
-4.13050315e-01
7.29244259e-02
-6.05312608e-02
0.00000000e+00
-1.29719148e-02
-7.24477431e-01
3.79443530e-02
4.19636472e-02
1.91822679e-01
9.08623957e-02
0.00000000e+00
-1.63439415e-02
6.63955999e-02
3.59141150e-02
-1.91380091e-01
1.97224944e-01
1.52380235e-02
0.00000000e+00
0.00000000e+00
0.00000000e+00
0.00000000e+00
0.00000000e+00
0.00000000e+00
0.00000000e+00
0.00000000e+00
0.00000000e+00
0.00000000e+00
0.00000000e+00
0.00000000e+00
0.00000000e+00
0.00000000e+00
0.00000000e+00
0.00000000e+00
0.00000000e+00
0.00000000e+00
0.00000000e+00
0.00000000e+00
0.00000000e+00
0.00000000e+00
0.00000000e+00
0.00000000e+00
0.00000000e+00
0.00000000e+00
0.00000000e+00
0.00000000e+00
1.11540659e-02
-1.82721499e+00
-4.55125050e-01
0.00000000e+00
0.00000000e+00
0.00000000e+00
5.01788852e-01
-9.67257816e-01
-1.53246471e-01
1.20156200e-02
-5.09035797e-01
4.65844727e-01
-1.95513175e-01
6.10498278e-01
-3.11062124e-01
0.00000000e+00
7.22666396e-01
-3.57144630e-01
-7.56710260e-01
-2.07021899e-02
8.38164577e-01
6.26021410e-01
1.58603247e-01
-7.62458863e-01
-4.99990700e-01
1.42393870e-01
-1.21458013e-01
0.00000000e+00
0.00000000e+00
0.00000000e+00
1.30544311e-01
-2.13374383e-01
1.36156638e-01
-6.83389812e-02
-1.55544454e-01
-2.96136004e-02
7.82857255e-02
2.52647560e-01
-3.61272618e-02
0.00000000e+00
-3.34476757e-02
4.63153824e-02
-2.06031524e-01
1.47472589e-01
2.23732447e-02
7.76709185e-02
1.60683833e-01
-4.66587912e-01
-8.64845152e-02
1.21942091e-01
-2.04662472e+00
0.00000000e+00
0.00000000e+00
0.00000000e+00
-5.45458015e-01
1.18485392e+00
-3.69042060e-02
4.23873576e-01
-3.84078594e-01
4.97646807e-01
-7.12184331e-01
-4.39748890e-01
-7.84005645e-01
0.00000000e+00
-3.47592053e-01
9.35791856e-01
-5.14948058e-01
1.02320427e-02
-5.63623060e-01
-1.30753723e-01
-8.80417190e-02
-2.53749268e-01
-2.19727732e-01
-7.82076282e-02
-3.14189749e-01
0.00000000e+00
0.00000000e+00
0.00000000e+00
2.83743594e-01
7.80079343e-01
-2.62175226e-01
-3.08989135e-01
-8.06681536e-01
-2.90978007e-01
-8.37499163e-02
2.80460931e-01
4.92678899e-01
0.00000000e+00
2.88856500e-01
9.56610059e-01
-6.49777571e-01
-4.65115284e-02
-8.35338362e-02
-8.30719628e-02
1.19525591e-01
-5.51054568e-01
-5.31403048e-01
1.81781671e-01
136
3.18209815e-01
0.00000000e+00
0.00000000e+00
-1.33568178e-01
5.74488853e-03
1.17162012e-01
3.40740687e-03
3.06220334e-01
-5.83655510e-04
0.00000000e+00
0.00000000e+00
0.00000000e+00
0.00000000e+00
0.00000000e+00
0.00000000e+00
0.00000000e+00
3.02517533e-01
1.75565565e-01
-1.59873282e-01
1.04260919e-01
-5.33915341e-02
-2.15785446e-01
-7.14141437e-02
5.54540020e-01
0.00000000e+00
0.00000000e+00
0.00000000e+00
1.04260919e-01
-2.75152494e-01
4.68764836e-01
1.78019180e-01
-2.47003876e-01
2.06570799e-01
-4.02167278e-01
5.85850122e-01
0.00000000e+00
1.27325932e-01
-2.47830682e-01
-1.37408368e-01
-7.77033987e-02
4.80627717e-01
-1.00048361e+00
5.54540020e-01
0.00000000e+00
0.00000000e+00
0.00000000e+00
0.00000000e+00
-1.40216309e+00
2.25034305e-01
-1.08640634e-01
-1.60320561e+00
0.00000000e+00
3.18925600e-01
-1.07982565e-01
2.38579500e-01
9.74903602e-02
0.00000000e+00
2.17979324e-01
7.33086425e-02
1.37991562e-01
-1.11449250e+00
2.13948896e-01
6.19142210e-01
8.23161232e-02
1.87380145e-01
8.38433803e-02
0.00000000e+00
0.00000000e+00
0.00000000e+00
0.00000000e+00
0.00000000e+00
0.00000000e+00
0.00000000e+00
0.00000000e+00
0.00000000e+00
0.00000000e+00
0.00000000e+00
0.00000000e+00
0.00000000e+00
0.00000000e+00
0.00000000e+00
0.00000000e+00
0.00000000e+00
0.00000000e+00
0.00000000e+00
0.00000000e+00
1.16446235e-01
-1.38250693e+00
-6.11717476e-01
0.00000000e+00
0.00000000e+00
0.00000000e+00
9.30600439e-01
-3.19459727e+00
5.17289672e-01
3.38307081e-01
-1.23918650e+00
6.61892354e-01
6.39011699e-01
1.05695816e+00
-8.73831342e-01
0.00000000e+00
1.34030797e+00
-1.13371530e+00
-1.18468496e+00
4.47576174e-01
1.06284015e+00
8.30472115e-01
6.31199243e-01
-1.82075635e+00
-4.01957950e-01
7.80557117e-01
-1.89392987e+00
0.00000000e+00
0.00000000e+00
0.00000000e+00
2.91931461e-01
1.62948543e+00
-3.35659896e-01
-2.46764681e-01
-9.74848790e-01
-2.51448386e-01
-4.26923968e-01
3.59379018e-01
-1.13416604e+00
0.00000000e+00
2.57220267e-01
2.30909032e+00
-1.33797674e+00
3.47630167e-01
-1.08685374e+00
1.25694383e-01
1.23882956e-01
-1.39351113e+00
-2.00502241e-01
5.04117403e-02
9 1
-1.2056e+00 2.5163e-01
5 1
1 7 2 10 13 
217
5.06470314e-02
-4.68577784e-01
3.84438503e-01
-4.54004942e-01
-1.07558863e-01
1.10175285e-01
-9.06078979e-02
2.87183287e-01
1.80303157e-01
-2.02207816e-01
-1.48757046e-01
-1.55031126e-01
2.17267681e-01
1.21587133e-01
0.00000000e+00
0.00000000e+00
0.00000000e+00
3.86231815e-02
-1.14848174e-02
2.02273766e-01
2.85273288e-01
-9.73562474e-03
3.57312966e-01
-2.73249438e-01
7.58233039e-04
2.94918034e-01
0.00000000e+00
0.00000000e+00
0.00000000e+00
0.00000000e+00
0.00000000e+00
0.00000000e+00
0.00000000e+00
-2.24365619e-01
2.25555729e-02
2.52457077e-01
0.00000000e+00
-1.48456201e-01
-1.61434240e-01
-8.00575414e-02
2.18009186e-01
2.22585829e-01
0.00000000e+00
0.00000000e+00
0.00000000e+00
-4.16434289e-01
8.77618918e-01
-2.52510919e-01
-3.41640680e-01
2.92366237e-01
-5.70175103e-01
4.71595917e-01
0.00000000e+00
-2.90369498e-01
1.92890224e-01
-4.00651657e-02
1.81505626e-03
4.62974685e-01
-1.30523744e+00
9.67819087e-01
0.00000000e+00
5.06470314e-02
0.00000000e+00
0.00000000e+00
-1.14472902e+00
-1.64421026e+00
7.25359831e-01
3.44206504e-01
4.70016223e-01
1.11430858e+00
0.00000000e+00
-2.91288489e-01
2.02673591e-01
3.29485066e-01
-3.56843246e-01
1.24504544e-02
2.68475323e-02
0.00000000e+00
7.11292714e-02
-1.24798278e+00
2.21411669e-01
-4.33889496e-01
-2.41893909e-01
-3.53563401e-01
0.00000000e+00
6.08200817e-02
-2.57620935e-02
1.12467364e-01
-2.39901670e-01
-1.22640414e-01
-5.37544331e-02
0.00000000e+00
2.83834735e-01
-1.76677170e-01
-1.42886835e-01
-2.31506488e-01
-9.03008688e-02
-9.81801935e-02
0.00000000e+00
0.00000000e+00
0.00000000e+00
0.00000000e+00
0.00000000e+00
0.00000000e+00
0.00000000e+00
0.00000000e+00
0.00000000e+00
0.00000000e+00
0.00000000e+00
0.00000000e+00
0.00000000e+00
0.00000000e+00
0.00000000e+00
0.00000000e+00
0.00000000e+00
0.00000000e+00
0.00000000e+00
0.00000000e+00
0.00000000e+00
-2.28629328e-01
-1.85842839e+00
-3.76975548e-01
0.00000000e+00
0.00000000e+00
0.00000000e+00
5.58297672e-01
-9.32443876e-01
-1.73155044e-01
2.28661867e-01
-9.23193308e-01
2.08866652e-01
9.93912558e-02
6.08503994e-01
-5.05841196e-01
0.00000000e+00
5.75073591e-01
-1.54534545e-01
-7.02322268e-01
1.00661858e-01
5.57429229e-01
4.36131787e-01
9.83535658e-01
-9.78543296e-01
-5.90318346e-01
2.26822766e-01
-2.28849160e-01
0.00000000e+00
0.00000000e+00
0.00000000e+00
2.66769350e-01
-1.29039027e+00
8.26266526e-02
9.34698144e-02
-3.18899531e-01
1.81171483e-01
3.39229575e-01
1.87540860e-01
-2.83312887e-01
0.00000000e+00
5.40530876e-01
-5.39275794e-01
-4.18513167e-01
7.49816859e-02
-2.91529891e-01
5.30510452e-01
2.60658698e-01
-3.04792796e-01
1.83270315e-01
4.77105414e-01
-1.97004890e+00
0.00000000e+00
0.00000000e+00
0.00000000e+00
-4.90784728e-01
1.72054826e+00
-5.05474046e-01
-5.71745935e-01
-4.09299793e-01
6.08002082e-02
-9.03753223e-02
2.26809778e-01
-1.06962739e+00
0.00000000e+00
-1.50956567e-01
1.77539658e+00
-8.70502840e-01
3.18243595e-01
-1.81329353e+00
4.27714317e-02
1.65357234e-01
-3.12641736e-01
-1.43056253e-01
1.47782156e-01
-5.16323469e-02
0.00000000e+00
0.00000000e+00
0.00000000e+00
3.01382062e-01
2.35504104e-01
-1.01591838e-01
-1.10313771e-01
-2.31035208e-01
-2.47801529e-01
-2.11839955e-01
1.51916438e-01
2.89763746e-03
0.00000000e+00
1.78962601e-01
1.03861833e-01
-1.87687451e-01
1.54578193e-01
5.37412025e-01
4.81630918e-02
-7.26369370e-02
-4.24232381e-01
-1.85708246e-01
6.53698435e-03
136
3.46099878e-01
0.00000000e+00
0.00000000e+00
1.71890791e-02
-1.25943246e-02
1.58489312e-01
-1.53063903e-03
1.70421486e-01
-7.62167836e-04
0.00000000e+00
0.00000000e+00
0.00000000e+00
0.00000000e+00
0.00000000e+00
0.00000000e+00
0.00000000e+00
2.19531170e-01
1.88318726e-01
-6.17500182e-02
-1.70370549e-02
-6.39328652e-02
-8.04484531e-02
4.77009485e-02
3.06732167e-01
1.53085136e-01
0.00000000e+00
0.00000000e+00
-1.70370549e-02
-1.24419015e-01
4.85143178e-01
2.39596032e-01
-2.27504381e-01
1.25752769e-01
-5.32166939e-01
5.03982364e-01
0.00000000e+00
4.43159677e-02
-2.30093668e-01
-1.87909102e-01
-3.95127138e-02
3.34486595e-01
-6.78162587e-01
6.49628433e-01
0.00000000e+00
0.00000000e+00
0.00000000e+00
0.00000000e+00
-1.23933416e+00
2.92581383e-01
-1.48542556e-01
-1.51661315e+00
0.00000000e+00
9.60821664e-02
-1.23788297e-01
1.83131605e-01
2.25877965e-02
0.00000000e+00
2.09596338e-01
1.46243334e-01
1.26194025e-01
-9.92038904e-01
3.63136933e-01
4.53346954e-01
-6.65228259e-04
1.86866685e-01
3.30421823e-02
0.00000000e+00
3.00180677e-01
-2.97909498e-01
1.41159459e-01
-2.40871821e-01
0.00000000e+00
0.00000000e+00
0.00000000e+00
0.00000000e+00
0.00000000e+00
0.00000000e+00
0.00000000e+00
0.00000000e+00
0.00000000e+00
0.00000000e+00
0.00000000e+00
0.00000000e+00
0.00000000e+00
0.00000000e+00
0.00000000e+00
6.33005687e-02
-1.27610869e+00
-5.97984095e-01
0.00000000e+00
0.00000000e+00
0.00000000e+00
8.58164492e-01
-2.65095638e+00
5.19910291e-01
2.36249517e-01
-1.20580964e+00
6.71116678e-01
4.84451478e-01
1.12967870e+00
-7.42771476e-01
0.00000000e+00
1.16984117e+00
-8.14272639e-01
-1.17789306e+00
3.93066695e-01
1.14113031e+00
7.32327368e-01
4.43845720e-01
-1.91366304e+00
-5.21477706e-01
6.49077438e-01
-1.98697516e+00
0.00000000e+00
0.00000000e+00
0.00000000e+00
2.59922358e-01
2.09765255e+00
-3.60880610e-01
-3.20302931e-01
-1.20462158e+00
-1.04777551e-02
-4.16910283e-01
3.04810582e-01
-8.17232921e-01
0.00000000e+00
2.16017644e-01
2.87401152e+00
-1.63687817e+00
1.18738522e-01
-1.24229709e+00
-7.65813479e-02
1.50712312e-01
-1.35916126e+00
-6.22944778e-01
5.94480822e-02
8 1
-1.1855e+00 2.5002e-01
6 1
1 7 2 10 13 9 
217
1.94357952e-01
-1.23861746e-01
-2.02153793e-02
-4.44991596e-01
-7.31951434e-02
1.28565743e-01
1.60214960e-01
1.31238938e-01
2.01085658e-01
2.82235871e-01
-1.25853981e-01
-3.07712078e-01
3.21064588e-02
3.60605434e-01
0.00000000e+00
0.00000000e+00
0.00000000e+00
3.41455223e-02
-7.21508920e-03
5.19555975e-01
1.28021354e-01
6.67131579e-03
7.67291610e-02
3.21910755e-02
-2.03621267e-04
3.11898938e-01
0.00000000e+00
0.00000000e+00
0.00000000e+00
0.00000000e+00
0.00000000e+00
0.00000000e+00
0.00000000e+00
1.11553085e-01
7.33457433e-02
9.45912299e-03
0.00000000e+00
-2.34046516e-01
-1.32247201e-01
3.51574930e-02
-1.27507676e-01
5.86043892e-01
6.73640323e-02
0.00000000e+00
0.00000000e+00
-4.52928133e-01
4.02804918e-01
3.26984317e-01
6.96905029e-02
-7.14559752e-02
-6.29179023e-01
4.97878191e-01
0.00000000e+00
1.32996272e-03
-3.85878179e-01
-3.39671263e-02
2.34184626e-01
1.87929354e-01
-8.16121625e-01
8.63492214e-01
0.00000000e+00
1.94764023e-01
0.00000000e+00
0.00000000e+00
-1.12490485e+00
-2.46728830e+00
9.66451675e-01
6.64239219e-01
3.52811128e-01
4.21025927e-01
0.00000000e+00
-3.16557347e-02
2.21330013e-01
1.62221074e-01
-1.42132325e-01
6.37926128e-02
-8.64477018e-02
0.00000000e+00
-1.42060313e-01
-8.45479370e-01
2.48658999e-01
-1.80788738e-01
8.77592661e-02
-2.75568428e-01
0.00000000e+00
1.43388725e-01
-1.88928310e-01
7.40950034e-02
-2.90617912e-02
-2.31257769e-02
-1.19700249e-01
0.00000000e+00
8.75053017e-02
-5.27575154e-01
-3.81367646e-02
-3.01399314e-01
1.44989415e-01
-4.92506982e-01
0.00000000e+00
-1.97429925e-01
-3.76017260e-01
1.27871296e-01
3.46406519e-01
2.63916582e-01
-1.44892089e-01
0.00000000e+00
0.00000000e+00
0.00000000e+00
0.00000000e+00
0.00000000e+00
0.00000000e+00
0.00000000e+00
0.00000000e+00
0.00000000e+00
0.00000000e+00
0.00000000e+00
0.00000000e+00
0.00000000e+00
0.00000000e+00
-4.47563266e-01
-2.10673544e+00
-8.45030042e-01
0.00000000e+00
0.00000000e+00
0.00000000e+00
3.21629958e-01
-5.74680591e-01
-1.24092527e-01
-1.94398730e-01
-5.90791944e-01
1.45157007e-01
4.50073002e-02
1.76711842e-01
-6.86189984e-01
0.00000000e+00
1.01988762e+00
-3.45912099e-01
-5.44317822e-01
4.22435692e-01
5.94622215e-01
8.97962435e-02
3.44456532e-01
-8.32459051e-01
-5.10030695e-01
3.98138988e-01
-3.83150744e-02
0.00000000e+00
0.00000000e+00
0.00000000e+00
3.53640079e-01
-8.12197255e-01
7.39025965e-02
-1.44676568e-01
-5.09950543e-01
1.80538134e-01
1.50566112e-01
2.51440343e-01
5.78383032e-01
0.00000000e+00
1.96829684e-01
-7.34480145e-01
-2.29577977e-01
2.37230540e-01
4.56207303e-02
1.24929095e-01
-9.86220727e-02
-1.33054453e-01
9.42813334e-02
3.36882259e-01
-2.01701089e+00
0.00000000e+00
0.00000000e+00
0.00000000e+00
-6.54959545e-02
1.82371739e+00
-2.06968509e-01
-5.64893544e-01
-3.43087769e-01
-1.91254364e-01
-4.79318310e-01
2.57240424e-01
-6.38116663e-01
0.00000000e+00
1.39777096e-01
1.21428895e+00
-9.08392839e-01
-2.17011339e-01
-7.66411822e-01
-5.61067580e-01
9.74361286e-02
-2.34377766e-01
-4.26421859e-01
5.33474511e-02
-2.19633383e-01
0.00000000e+00
0.00000000e+00
0.00000000e+00
2.17516436e-01
-4.37668298e-02
-5.80417541e-02
-5.47700628e-02
-3.49174726e-01
-2.89328503e-01
9.23046731e-02
-2.52957480e-02
9.58894336e-03
0.00000000e+00
7.36962571e-02
1.75152017e-01
-3.69599338e-01
1.94364218e-01
1.98483480e-01
1.46534268e-01
-1.43547418e-02
-1.99097967e-01
9.86825585e-02
-2.25265648e-02
136
3.15036631e-01
0.00000000e+00
0.00000000e+00
1.95786854e-02
-1.34147674e-02
2.23673613e-01
-4.46993144e-03
7.17843330e-02
-8.24055300e-04
0.00000000e+00
0.00000000e+00
0.00000000e+00
0.00000000e+00
0.00000000e+00
0.00000000e+00
0.00000000e+00
2.04254387e-01
1.67564061e-01
-5.67818163e-02
-1.08219235e-02
-6.24657292e-02
-4.21303026e-02
-2.29257672e-02
8.27796770e-02
3.62593381e-01
8.00729595e-03
0.00000000e+00
-1.08219235e-02
-8.29132836e-02
5.59392062e-01
1.71585465e-01
-2.26916797e-01
2.16530317e-01
-5.48091890e-01
6.07634207e-01
0.00000000e+00
-6.31858657e-02
-3.05037337e-01
-9.35529801e-02
-2.45975738e-01
5.83383475e-01
-1.16006908e+00
9.13075997e-01
0.00000000e+00
0.00000000e+00
0.00000000e+00
0.00000000e+00
-1.93752070e+00
6.66166625e-02
-2.27351458e-01
-1.36329634e+00
0.00000000e+00
1.70100184e-01
-7.76957964e-02
2.03984511e-01
1.05165012e-01
0.00000000e+00
1.75466137e-01
2.61680174e-02
1.57522779e-01
-1.01535374e+00
3.25858555e-01
6.86398156e-01
9.59223647e-02
2.30737621e-01
-1.90380936e-01
0.00000000e+00
3.52335084e-01
-2.71888618e-01
1.36536536e-01
-1.68365027e-01
0.00000000e+00
4.66815176e-01
1.54834174e-01
1.32493046e-01
-5.27083220e-01
0.00000000e+00
0.00000000e+00
0.00000000e+00
0.00000000e+00
0.00000000e+00
0.00000000e+00
0.00000000e+00
0.00000000e+00
0.00000000e+00
0.00000000e+00
1.45567931e-01
-1.32666755e+00
-5.66839784e-01
0.00000000e+00
0.00000000e+00
0.00000000e+00
9.38108487e-01
-2.95168441e+00
5.39084980e-01
4.32163246e-01
-1.12989111e+00
7.35126869e-01
5.48514238e-01
1.20446364e+00
-1.43989612e+00
0.00000000e+00
1.21114421e+00
-6.35190224e-01
-1.29835027e+00
3.25888960e-01
1.13590711e+00
9.12794545e-01
6.86397711e-01
-1.99776798e+00
-4.82047049e-01
6.98393385e-01
-2.00717164e+00
0.00000000e+00
0.00000000e+00
0.00000000e+00
2.55616717e-01
2.13181490e+00
-3.21765818e-01
-2.71090408e-01
-1.24590370e+00
-9.49663517e-02
-4.67738412e-01
3.86473371e-01
-8.62633479e-01
0.00000000e+00
2.54290263e-01
2.85357139e+00
-1.57910214e+00
2.12927887e-01
-1.16058899e+00
4.41140617e-02
1.76561890e-01
-1.72104034e+00
-6.31865256e-01
3.41527805e-02
20 1
-1.2459e+00 2.7142e-01
7 1
1 7 2 10 13 9 8 
217
-4.74108183e-02
-3.02514824e-01
5.35688867e-01
-2.67832017e-01
-3.53388055e-02
9.49152961e-02
3.80568144e-02
8.70219004e-03
-1.27162304e-01
2.08598964e-01
-1.27164758e-01
-4.39532220e-01
2.04198234e-01
2.13083075e-02
0.00000000e+00
0.00000000e+00
0.00000000e+00
0.00000000e+00
0.00000000e+00
0.00000000e+00
2.86981173e-01
-5.25857486e-03
4.85668488e-01
1.62531572e-01
-3.61887339e-04
5.59930532e-01
0.00000000e+00
0.00000000e+00
0.00000000e+00
0.00000000e+00
0.00000000e+00
0.00000000e+00
0.00000000e+00
-1.12521254e-01
-1.18140792e-01
1.83251228e-01
0.00000000e+00
-1.24749400e-01
-2.69227836e-01
-2.22186246e-01
-2.26890661e-01
-1.19485216e-02
5.00623309e-01
0.00000000e+00
0.00000000e+00
-3.59555557e-01
3.15093309e-01
-3.48616934e-02
5.37198817e-02
-1.51144707e-01
-2.82823657e-01
2.52246450e-01
0.00000000e+00
-1.62511903e-01
-1.56216323e-01
-1.50429202e-01
-3.76322414e-01
5.11086651e-01
-7.29284930e-01
1.22359328e+00
0.00000000e+00
-4.74108183e-02
0.00000000e+00
0.00000000e+00
-1.17583413e+00
-1.50737284e+00
8.02791646e-01
8.98672945e-02
3.25631669e-01
6.98866327e-01
0.00000000e+00
-4.84728049e-01
4.25357429e-02
1.68814285e-01
-4.74432370e-01
2.68502946e-01
6.72558970e-01
0.00000000e+00
-5.48481369e-01
-6.87646306e-01
3.44420626e-01
-3.95123990e-01
1.56649925e-01
3.14539666e-01
0.00000000e+00
-2.07325975e-01
-4.02847118e-01
5.66995713e-02
-5.07875823e-01
1.03215585e-01
6.55529539e-01
0.00000000e+00
1.67325704e-01
-1.42866760e-02
2.33381979e-02
-2.46140650e-01
-2.38074720e-01
-2.29997471e-01
0.00000000e+00
-1.87120432e-01
-5.95467468e-02
3.33840360e-01
-1.06308618e-01
-1.94130747e-01
-2.46872958e-02
0.00000000e+00
-7.51162029e-01
-9.05613181e-01
3.89990759e-01
1.99780397e-01
3.13760451e-01
4.87452675e-02
0.00000000e+00
0.00000000e+00
0.00000000e+00
0.00000000e+00
0.00000000e+00
0.00000000e+00
0.00000000e+00
3.10170628e-01
-1.14219641e+00
-4.98051517e-01
0.00000000e+00
0.00000000e+00
0.00000000e+00
5.00745010e-01
-2.34810233e-01
4.60752650e-01
5.25665987e-01
-4.06181436e-02
1.08621020e+00
7.86142418e-01
5.25665974e-01
-2.80231477e-01
0.00000000e+00
1.01957984e+00
4.84499901e-01
-5.97869263e-01
8.01490114e-01
1.11888028e+00
4.92301260e-01
5.76922434e-01
-1.02191807e+00
-1.25922357e-01
7.65056253e-01
-8.22178981e-01
0.00000000e+00
0.00000000e+00
0.00000000e+00
1.16081552e+00
-3.55306139e-01
8.14329200e-01
6.79903655e-01
1.08806426e-01
6.18302495e-01
5.74699502e-01
7.94589814e-01
3.80067324e-01
0.00000000e+00
9.54108760e-01
1.76430529e-02
3.03868708e-01
5.96455121e-01
4.41437392e-01
9.49429191e-01
9.17609581e-01
5.84097054e-01
6.07166755e-01
9.38135417e-01
-1.81684453e+00
0.00000000e+00
0.00000000e+00
0.00000000e+00
3.11730410e-01
2.31849023e+00
-4.41941608e-01
-4.46808531e-01
-3.94147114e-01
-2.21175455e-01
-8.00483205e-01
7.89531339e-02
-9.01243165e-01
0.00000000e+00
-5.74953850e-02
1.38851532e+00
-4.89247554e-01
2.60629817e-02
-1.26730800e+00
-1.47264273e-01
-2.65298661e-01
-1.89136693e-01
1.02655038e-02
-3.29312461e-01
1.33209256e-02
0.00000000e+00
0.00000000e+00
0.00000000e+00
-7.04697808e-02
-3.51401968e-01
-6.49987259e-02
-1.05216473e-01
-1.05905145e-01
5.53291715e-02
-1.37005573e-01
9.80360267e-02
-1.46161160e-02
0.00000000e+00
1.01580476e-01
4.26585317e-01
-5.06818592e-01
3.59973231e-01
2.38975212e-01
1.80977234e-01
2.15616433e-01
-5.81399730e-01
2.53004544e-02
2.48779473e-01
136
4.84703043e-01
0.00000000e+00
0.00000000e+00
5.68151773e-02
-1.32293201e-02
2.60387694e-01
-3.68660975e-03
1.67500171e-01
-8.03397456e-04
0.00000000e+00
0.00000000e+00
0.00000000e+00
0.00000000e+00
0.00000000e+00
0.00000000e+00
0.00000000e+00
2.40850818e-01
2.28877026e-01
1.49751984e-02
-2.39939846e-02
2.79193678e-02
-1.42298589e-01
-1.77401568e-01
4.13072030e-03
2.79943076e-01
4.40183428e-01
7.62205917e-02
-2.39939846e-02
-1.76396124e-01
2.46705841e-01
2.60742072e-01
-3.53508286e-01
4.96470827e-01
-6.40568208e-01
8.41513223e-01
0.00000000e+00
-9.34458921e-02
-7.48235793e-02
2.21157710e-02
-2.74609687e-01
7.09894878e-01
-1.35740121e+00
9.02018793e-01
0.00000000e+00
0.00000000e+00
0.00000000e+00
0.00000000e+00
-2.47821050e+00
-2.80151893e-02
-3.86460496e-01
-1.45902474e+00
0.00000000e+00
2.84400343e-01
7.25435389e-03
1.88214646e-01
1.09113585e-01
0.00000000e+00
1.60892717e-01
2.04583323e-03
1.05477406e-01
-1.02702370e+00
5.08697027e-01
6.50965360e-01
1.59394014e-01
2.14173868e-01
-1.81281307e-01
0.00000000e+00
4.28825284e-01
-2.34655015e-01
1.75848414e-01
-2.81678178e-01
0.00000000e+00
5.17419727e-01
8.34459270e-02
2.02599530e-01
-5.91301783e-01
0.00000000e+00
2.66279139e-02
2.07002077e-01
2.27846744e-01
-6.02184679e-01
0.00000000e+00
0.00000000e+00
0.00000000e+00
0.00000000e+00
0.00000000e+00
9.00502022e-02
-1.35590235e+00
-5.85118164e-01
0.00000000e+00
0.00000000e+00
0.00000000e+00
8.63831165e-01
-2.81885490e+00
4.88292488e-01
3.16127422e-01
-1.20082450e+00
6.82563758e-01
5.23651503e-01
1.17474034e+00
-9.51000531e-01
0.00000000e+00
1.18339815e+00
-7.57249870e-01
-1.20951027e+00
3.57863661e-01
1.14357566e+00
8.44563445e-01
6.33633859e-01
-1.95226623e+00
-5.14380078e-01
6.06726773e-01
-2.05276753e+00
0.00000000e+00
0.00000000e+00
0.00000000e+00
2.60302468e-01
2.10974180e+00
-2.37887182e-01
-2.68368932e-01
-1.38990787e+00
-9.63949204e-02
-3.32549297e-01
3.77108479e-01
-7.78942776e-01
0.00000000e+00
2.82350170e-01
2.81635432e+00
-1.54636629e+00
1.97918811e-01
-1.17637999e+00
-4.10074449e-03
1.76069772e-01
-1.81434818e+00
-6.85931272e-01
5.85641071e-02
