1 4 -999999999 -1 -1
1 2 0 -1 -1
0.143 0.07162
356
1.62730597e-01
1.62730597e-01
0.00000000e+00
1.69847507e+00
-1.30699022e+00
-9.44713201e-01
1.42511753e-01
0.00000000e+00
0.00000000e+00
7.71552564e-01
3.16504231e-01
0.00000000e+00
0.00000000e+00
4.46964953e-01
4.95276733e-01
7.56233381e-01
0.00000000e+00
0.00000000e+00
0.00000000e+00
0.00000000e+00
0.00000000e+00
0.00000000e+00
0.00000000e+00
0.00000000e+00
0.00000000e+00
0.00000000e+00
0.00000000e+00
0.00000000e+00
0.00000000e+00
0.00000000e+00
0.00000000e+00
0.00000000e+00
0.00000000e+00
0.00000000e+00
0.00000000e+00
0.00000000e+00
0.00000000e+00
0.00000000e+00
0.00000000e+00
0.00000000e+00
0.00000000e+00
0.00000000e+00
0.00000000e+00
0.00000000e+00
0.00000000e+00
0.00000000e+00
0.00000000e+00
0.00000000e+00
0.00000000e+00
0.00000000e+00
0.00000000e+00
-2.56944992e-01
3.32260008e-04
-1.67232058e+00
0.00000000e+00
0.00000000e+00
0.00000000e+00
0.00000000e+00
-3.09977958e-01
4.05471249e-01
4.71501125e-02
3.27162538e-01
3.12491391e-01
1.72123846e-01
5.51662275e-01
-8.49578750e-01
-4.38595223e-01
-8.18922173e-01
-1.09200865e+00
9.87108088e-03
1.63502965e-01
4.01084012e-01
8.05141090e-03
-2.44527792e-01
8.53655232e-01
-2.73708759e-01
-1.09979636e-01
0.00000000e+00
0.00000000e+00
0.00000000e+00
0.00000000e+00
1.51820653e-01
2.73872600e-01
0.00000000e+00
0.00000000e+00
0.00000000e+00
0.00000000e+00
0.00000000e+00
0.00000000e+00
0.00000000e+00
-3.41589011e-01
-4.02453597e-01
-7.99463608e-01
-3.32147918e-01
-5.52357118e-01
-4.00002477e-01
-5.53022111e-02
-1.32132393e-01
-1.74829541e-01
-7.78555168e-02
0.00000000e+00
0.00000000e+00
0.00000000e+00
0.00000000e+00
4.54602771e+00
2.20879155e+00
1.47557121e+00
1.08274643e+00
3.48605649e-01
5.24866787e-02
-4.34246601e-01
-1.22457416e+00
3.05493638e-01
-3.26592301e-02
-2.87644241e-01
-1.08185872e+00
-1.87114570e+00
-2.71607207e+00
0.00000000e+00
0.00000000e+00
0.00000000e+00
0.00000000e+00
0.00000000e+00
0.00000000e+00
8.82993989e-01
-3.61594546e-01
-5.73050202e-02
-4.01982165e-01
-7.93580121e-01
-1.31459309e+00
6.95361636e+00
7.08162354e+00
7.04991936e+00
7.08953450e+00
7.30839993e+00
7.20595170e+00
-6.63208030e-01
-6.98562363e-01
-6.06471532e-01
-5.00020964e-01
-5.10952474e-01
-1.04884458e+00
6.60308043e-02
-1.76549300e-01
-3.67578557e-01
-2.88871479e-01
-4.32728385e-01
-6.05668422e-01
1.30058921e+00
0.00000000e+00
0.00000000e+00
0.00000000e+00
0.00000000e+00
0.00000000e+00
0.00000000e+00
0.00000000e+00
-1.13785861e+00
6.11631412e-01
-2.33492372e+00
0.00000000e+00
-2.09542721e+00
-9.92360352e-01
4.70538142e-02
-1.05370060e+00
-2.04837340e+00
0.00000000e+00
0.00000000e+00
0.00000000e+00
-2.76853881e-01
-3.46727699e-01
-1.38867853e-01
-4.81832567e-02
-5.23771671e-02
3.80189232e-01
-9.67861333e-02
1.47349777e-01
2.82026196e-01
0.00000000e+00
-1.52840673e-01
-5.36072905e-02
-7.61075885e-01
2.65837929e-01
-3.55967227e-01
-1.18405137e-01
-1.26700705e-01
-2.83202854e-01
-7.14242527e-02
-2.40756519e-01
4.99915792e-01
0.00000000e+00
0.00000000e+00
0.00000000e+00
6.16127244e-02
0.00000000e+00
7.64111054e-02
-1.74292046e-01
0.00000000e+00
2.17115989e-01
2.61676453e-01
1.72896244e-02
-4.71120603e-01
0.00000000e+00
2.16419153e-01
-3.65144826e-01
7.75667137e-02
-8.61576805e-02
-6.15329219e-02
2.76511267e-01
2.32505772e-01
0.00000000e+00
0.00000000e+00
2.21055069e-01
-7.58916926e-02
4.00961011e-01
2.86294646e-01
1.14666365e-01
0.00000000e+00
2.38892003e-01
1.85599297e-01
-2.35302886e-02
-6.82108329e-01
0.00000000e+00
0.00000000e+00
0.00000000e+00
7.96125554e-02
0.00000000e+00
-2.35798154e-02
4.12267279e-01
0.00000000e+00
-1.09168548e-02
-2.31122793e-01
-2.22513306e-01
9.31123059e-01
0.00000000e+00
1.56131102e-01
-2.45972058e-02
-3.77618969e-01
2.40102628e-01
-9.42729929e-01
-6.46698809e-01
-2.25889811e-01
0.00000000e+00
0.00000000e+00
2.04322541e-01
-4.76852704e-01
-3.54688393e-01
-1.22164311e-01
0.00000000e+00
-1.97248171e+00
0.00000000e+00
0.00000000e+00
0.00000000e+00
0.00000000e+00
0.00000000e+00
0.00000000e+00
0.00000000e+00
5.23906518e-01
5.23906518e-01
0.00000000e+00
0.00000000e+00
-2.04606095e+00
0.00000000e+00
0.00000000e+00
0.00000000e+00
-8.47235028e-01
-2.19161307e+00
2.24040740e-02
3.66410038e-01
-8.01142974e-01
7.30480754e-01
7.50600618e-01
5.71915654e-01
-6.65612987e-01
0.00000000e+00
-1.90440542e-01
-6.05354944e-01
-8.53721043e-01
5.32660204e-01
5.13289555e-01
1.00151425e+00
4.45186184e-01
-7.14122109e-01
-3.13674662e-03
-1.08142833e-01
2.10853532e-01
0.00000000e+00
0.00000000e+00
0.00000000e+00
-4.39258542e-02
1.11907712e-01
-5.35871558e-02
1.24704847e-01
2.11617184e-01
-1.04940516e-01
5.72863147e-02
-1.68529678e-01
-8.77984824e-02
0.00000000e+00
-3.86943357e-02
-3.24961003e-02
1.93288586e-01
1.09534363e-01
-5.13432967e-01
-2.93971478e-01
-1.83164266e-01
2.77255236e-01
2.49990421e-01
3.95809702e-01
-8.48142951e-01
-3.92685207e-01
0.00000000e+00
-2.23856758e-01
2.25948647e-02
3.10534258e-02
-8.21169995e-02
-3.41621633e-01
-1.18490795e-01
0.00000000e+00
0.00000000e+00
0.00000000e+00
-1.12921615e-01
-1.08935325e+00
1.61931459e-01
-8.44618448e-01
1.25648472e-01
1.27777778e-01
-4.17181707e-01
6.81976723e-01
-4.22069936e-01
0.00000000e+00
-5.97178903e-02
6.43416255e-02
3.09901831e-01
2.31573618e-02
9.84351928e-01
7.94909783e-01
3.57456969e-01
-8.36851012e-02
1.43123536e-02
-7.34709129e-01
-4.55457744e-01
0.00000000e+00
1.72805542e-01
3.31975023e-01
-1.19791800e+00
-5.99675145e-01
0.00000000e+00
0.00000000e+00
-3.58859252e-01
2.94111709e-02
-2.55504667e-01
-3.73581649e-01
-5.98242858e-01
0.00000000e+00
-7.76702053e-01
-9.83992218e-03
247
-1.62568107e+00
-1.62568107e+00
0.00000000e+00
-2.12876124e-01
-1.41280494e+00
-1.64242369e+00
-1.47037153e+00
5.16241658e-01
0.00000000e+00
0.00000000e+00
6.07479422e-01
3.94614039e-01
0.00000000e+00
0.00000000e+00
0.00000000e+00
0.00000000e+00
0.00000000e+00
0.00000000e+00
0.00000000e+00
0.00000000e+00
0.00000000e+00
0.00000000e+00
0.00000000e+00
0.00000000e+00
0.00000000e+00
0.00000000e+00
0.00000000e+00
0.00000000e+00
0.00000000e+00
0.00000000e+00
0.00000000e+00
0.00000000e+00
0.00000000e+00
0.00000000e+00
0.00000000e+00
0.00000000e+00
0.00000000e+00
0.00000000e+00
0.00000000e+00
0.00000000e+00
0.00000000e+00
-1.67118578e+00
2.32736234e-02
9.50002507e-02
1.07197840e-03
-4.94955344e-02
-1.66955857e-03
0.00000000e+00
0.00000000e+00
0.00000000e+00
4.24624214e+00
4.38986229e+00
0.00000000e+00
0.00000000e+00
0.00000000e+00
0.00000000e+00
0.00000000e+00
0.00000000e+00
0.00000000e+00
4.44313734e+00
5.02513731e+00
2.06750899e+00
8.78817156e-01
3.41820472e-01
1.90673111e-01
-9.79337989e-01
-1.86855725e+00
3.98322406e-01
9.53632751e-02
-3.84452110e-01
-1.71263897e+00
-2.45013534e+00
-2.64620217e+00
0.00000000e+00
0.00000000e+00
0.00000000e+00
0.00000000e+00
0.00000000e+00
0.00000000e+00
8.18796967e-02
-8.58706170e-01
-9.06862849e-01
-1.33715803e+00
-1.53884862e+00
-2.09112241e+00
8.24883550e+00
8.60410836e+00
8.66499016e+00
8.63420478e+00
8.68450488e+00
8.73439139e+00
-4.43203133e-01
-6.94152684e-01
-6.80980461e-01
-4.96202617e-01
-5.68690987e-01
-9.36820319e-01
-1.44495042e-01
-4.39133137e-01
-6.09441252e-01
-4.39792764e-01
-5.15948636e-01
-8.00858982e-01
6.30924495e-01
0.00000000e+00
0.00000000e+00
0.00000000e+00
-2.25660556e+00
6.47879723e-02
-4.09663258e+00
0.00000000e+00
-1.27174282e+00
-7.00443016e-01
-6.39077702e-01
-5.17258176e-01
-1.97218583e+00
0.00000000e+00
0.00000000e+00
0.00000000e+00
-2.21855594e-01
-1.05434673e+00
1.05045761e-01
-3.73545865e-01
-2.80478544e-01
1.48098781e-01
-2.50463387e-01
3.85885934e-01
-1.34242189e+00
0.00000000e+00
2.52423514e-01
9.69292431e-01
-1.44789751e-01
-6.30094246e-02
8.29513589e-01
3.28772992e-01
4.23740680e-01
-9.71309785e-01
-4.90843815e-01
-2.21894723e-01
-9.23837008e-01
-5.44495268e-01
-3.61229666e-01
-1.83265602e-01
0.00000000e+00
2.96161042e-01
0.00000000e+00
0.00000000e+00
0.00000000e+00
-6.14832141e-03
0.00000000e+00
-1.02887505e-01
-2.25984379e-02
0.00000000e+00
3.31883000e-01
4.08651552e-02
7.26793380e-02
9.69615580e-01
0.00000000e+00
3.21745664e-01
-1.30404614e+00
-3.20316103e-01
-2.40442350e-01
1.22395826e-01
2.94683482e-01
1.39297690e-01
0.00000000e+00
0.00000000e+00
-5.65835934e-04
-3.79341740e-01
-5.42744065e-01
1.63402325e-01
0.00000000e+00
-1.04834882e+00
-7.27247548e-01
-7.27247548e-01
0.00000000e+00
0.00000000e+00
-3.21101276e-01
-3.21101276e-01
0.00000000e+00
0.00000000e+00
-1.15633588e+00
0.00000000e+00
0.00000000e+00
0.00000000e+00
-7.47461603e-01
-2.78954044e+00
4.39189628e-01
5.27250016e-01
-2.03110840e-01
3.69398452e-01
6.19957260e-01
8.48399515e-01
6.69978621e-02
0.00000000e+00
-6.48384195e-01
-3.52452185e-01
-8.29521927e-01
7.94346795e-01
3.02252164e-01
8.52577068e-01
4.17713053e-01
-7.41043068e-01
5.42247820e-01
-6.25151256e-01
-4.50215780e-01
-1.41828964e-01
0.00000000e+00
6.53860536e-02
2.38206453e-01
-1.30201205e-01
0.00000000e+00
0.00000000e+00
0.00000000e+00
6.03172527e-02
8.79664704e-01
-7.06201862e-02
2.91294321e-01
2.70672076e-02
2.43766804e-01
2.82572552e-01
-6.86026361e-01
5.58899989e-01
0.00000000e+00
1.99595458e-01
-1.15116096e-01
-1.43308850e-01
-3.64771192e-02
-1.22795798e+00
-4.99649454e-01
-2.37858273e-01
2.06030813e-01
-2.11144031e-01
3.48748040e-01
-3.08386817e-01
0.00000000e+00
1.16796190e-01
1.97685433e-01
-7.06120097e-01
-4.97248738e-01
0.00000000e+00
-1.26663570e+00
-4.11461153e-01
-2.08871359e-01
0.00000000e+00
-9.66508765e-01
-1.15253096e-01
0 -999999999 1 1 -1
1 0 1 1 -1
-3.0101e-02 3.6540e-01
356
3.40228672e-01
0.00000000e+00
0.00000000e+00
0.00000000e+00
0.00000000e+00
0.00000000e+00
0.00000000e+00
0.00000000e+00
0.00000000e+00
0.00000000e+00
0.00000000e+00
0.00000000e+00
0.00000000e+00
0.00000000e+00
0.00000000e+00
0.00000000e+00
1.50565687e-01
1.89662985e-01
-3.07566129e-02
-2.98924659e-01
-2.85520901e-02
-1.29822987e-01
0.00000000e+00
0.00000000e+00
-1.00807682e-01
-2.23286871e-01
-3.11882645e-01
1.22183468e-01
2.62873309e-02
7.46751269e-02
-1.31719071e-01
1.50565687e-01
1.89662985e-01
1.81322300e-01
-2.98924659e-01
-2.59148872e-03
-2.81651242e-02
-1.25628530e-01
2.19365831e-01
9.48719174e-02
-6.37520633e-01
0.00000000e+00
0.00000000e+00
0.00000000e+00
0.00000000e+00
0.00000000e+00
0.00000000e+00
0.00000000e+00
0.00000000e+00
0.00000000e+00
0.00000000e+00
-6.80153856e-01
1.26850982e-01
-9.22290670e-01
0.00000000e+00
0.00000000e+00
0.00000000e+00
0.00000000e+00
1.46276716e-01
-4.74557283e-03
1.51060953e-01
-2.51194757e-02
1.35572296e-01
-6.73426169e-02
6.74350467e-02
-1.31306069e-01
-1.60116339e-01
-4.01110961e-02
3.47044117e-01
-9.33143630e-03
-1.61041434e-01
5.33969721e-02
-2.22957444e-03
-6.98690877e-02
-9.14110837e-02
6.38176237e-04
-3.24291905e-02
3.11986669e-02
-8.97175457e-05
-2.12397916e-02
-7.17715737e-01
3.70897051e-01
6.93890419e-01
0.00000000e+00
0.00000000e+00
0.00000000e+00
0.00000000e+00
0.00000000e+00
0.00000000e+00
0.00000000e+00
-6.56958520e-01
-2.13119157e-01
-1.30040029e+00
-6.31739646e-01
-1.12759684e-02
8.14233396e-02
-1.43515085e-01
-2.36952173e-01
2.90852365e-01
3.55956639e-02
5.76902939e-01
3.26562406e-01
0.00000000e+00
0.00000000e+00
1.99480093e+00
1.93646704e+00
2.13924332e+00
4.89701307e-01
1.46950675e-01
2.94574722e-01
-2.59585968e-01
-1.11052677e+00
4.65186634e-01
4.10073437e-01
-4.20263022e-01
-1.47745709e+00
-1.23170251e+00
-1.10076699e+00
0.00000000e+00
0.00000000e+00
0.00000000e+00
0.00000000e+00
0.00000000e+00
0.00000000e+00
9.61782576e-01
-1.72675350e-01
-1.57125890e-01
-5.10785384e-01
-5.94037363e-01
-1.12339696e+00
3.78884565e+00
3.80892302e+00
3.73861909e+00
3.80569561e+00
3.75510824e+00
3.80598487e+00
1.24483029e+00
1.23149271e+00
1.10951959e+00
1.09703806e+00
9.33495051e-01
2.84024272e-01
2.90094154e-01
7.76428458e-02
-1.62442125e-01
-5.53874767e-03
-6.00559512e-02
-6.48477043e-01
1.70035728e+00
0.00000000e+00
0.00000000e+00
0.00000000e+00
0.00000000e+00
0.00000000e+00
0.00000000e+00
0.00000000e+00
-1.36012861e+00
4.01247546e-01
0.00000000e+00
0.00000000e+00
-5.12429172e-01
-2.55799913e-01
-1.15068884e+00
-1.34043846e+00
-1.66311801e+00
0.00000000e+00
0.00000000e+00
0.00000000e+00
-2.40409302e-01
2.47176698e-01
-2.11934901e-01
-2.48544982e-01
-5.23876227e-01
2.28703978e-01
1.28648002e-01
-1.01380350e+00
6.93141411e-01
0.00000000e+00
3.27389383e-01
1.54380537e-01
-5.22167660e-01
3.72082011e-01
3.19025462e-01
-1.48124559e+00
1.21441392e-01
-3.02630865e-01
-5.31804229e-03
2.94824183e-01
1.43039847e-01
0.00000000e+00
0.00000000e+00
0.00000000e+00
1.69414772e-02
-7.17944527e-01
2.31762083e-01
8.67604173e-03
1.19957304e-02
-4.64473817e-02
-8.44769999e-02
3.96468680e-01
-1.95983052e-01
0.00000000e+00
-3.65142632e-01
-3.01426916e-01
1.86822623e-01
1.51307109e-01
-4.23398083e-03
6.98988062e-01
1.29521313e-01
-9.60678829e-02
4.87209228e-01
-3.64929129e-01
-3.38763920e-01
4.56092459e-02
1.53244460e-02
9.89332156e-02
7.52572077e-02
1.32478667e-01
-2.64574429e-02
-6.04119786e-02
3.42111610e-02
0.00000000e+00
0.00000000e+00
0.00000000e+00
-1.28261862e-01
3.00357544e-01
-4.60850649e-01
-5.34053275e-01
3.08269458e-01
5.96588861e-01
2.09799914e-01
-1.59057625e+00
1.02416322e+00
0.00000000e+00
6.48466003e-01
9.34060052e-01
-1.32751621e-01
-1.17869873e-01
-6.59315223e-01
-1.09383791e+00
-5.83179594e-01
3.33253657e-01
3.13697651e-01
6.66251060e-01
-3.84373166e-01
7.42983969e-02
2.99558250e-01
9.20232655e-02
-1.32435409e+00
-5.58038418e-01
8.12040392e-02
-1.50190186e-01
-5.03040558e-02
-1.89437038e-01
-5.80928932e-02
-3.10508487e-01
-7.66315676e-01
5.25486578e-02
-2.60475943e-01
-1.69300326e-01
-1.59623837e+00
0.00000000e+00
0.00000000e+00
0.00000000e+00
-2.52613720e-01
-6.48064329e-01
4.15974539e-01
1.00852717e+00
-8.15523031e-01
-5.32605705e-02
1.62977266e-01
1.53567524e+00
-3.71131524e-01
0.00000000e+00
-6.69439335e-01
-5.18143135e-01
-1.08027784e+00
1.03916263e-01
5.60051812e-01
8.78394410e-01
-3.67270170e-02
-7.62098031e-01
-1.45432827e-01
-9.09043711e-01
4.31198051e-01
0.00000000e+00
0.00000000e+00
0.00000000e+00
-1.32841542e-01
-7.20129097e-01
-1.31074544e-02
-2.10990422e-01
2.98569715e-01
8.34898194e-02
1.29919474e-01
-3.81671144e-01
2.49314636e-01
0.00000000e+00
-1.74723512e-01
-3.05493964e-01
1.38437303e-01
3.06995599e-01
8.53730416e-02
1.06583724e-01
2.97406114e-01
1.35574571e-01
2.45527507e-01
2.92963681e-01
-5.53365864e-01
-1.52508896e-01
0.00000000e+00
1.81453901e-01
2.64358034e-02
2.36500041e-01
-1.90403113e-02
-3.69968626e-01
-8.69350237e-01
0.00000000e+00
0.00000000e+00
0.00000000e+00
-1.89551954e-01
-3.65011545e-02
4.24665788e-01
4.30993253e-01
-9.07271182e-02
-5.02565320e-01
-5.34458546e-01
1.71637847e+00
-5.48382966e-01
0.00000000e+00
-5.66905566e-01
-6.31876881e-01
-2.06290579e-01
-3.94556172e-01
8.97232912e-01
5.48956108e-01
2.14356862e-01
4.97197824e-02
-2.45374584e-01
-1.20446257e+00
-4.00856968e-01
0.00000000e+00
4.21420304e-01
1.72953783e-01
-1.04287251e+00
-1.03291016e-01
0.00000000e+00
-1.09105787e-01
-1.80401899e-01
1.77526091e-01
2.46823488e-02
-3.05499456e-01
-9.39581490e-01
0.00000000e+00
0.00000000e+00
1.56609407e-01
247
3.48553791e-02
0.00000000e+00
0.00000000e+00
0.00000000e+00
0.00000000e+00
0.00000000e+00
0.00000000e+00
0.00000000e+00
0.00000000e+00
3.03025797e-01
0.00000000e+00
0.00000000e+00
0.00000000e+00
0.00000000e+00
1.35679900e-02
0.00000000e+00
2.09207684e-02
0.00000000e+00
0.00000000e+00
-6.26695161e-01
0.00000000e+00
3.98650391e-01
1.57751799e-01
-8.69128557e-02
2.17259675e-01
-6.09298237e-03
-1.00788096e-02
1.35679900e-02
0.00000000e+00
2.09207684e-02
0.00000000e+00
0.00000000e+00
4.53324974e-01
-3.08632711e-02
0.00000000e+00
0.00000000e+00
0.00000000e+00
0.00000000e+00
0.00000000e+00
0.00000000e+00
0.00000000e+00
1.48995619e-01
6.39949768e-03
-1.41986490e-01
-1.88558215e-04
-1.24566817e-01
1.20011018e-03
1.52413067e-01
-8.89005784e-04
0.00000000e+00
2.02043924e-01
-1.40941384e-01
0.00000000e+00
0.00000000e+00
0.00000000e+00
0.00000000e+00
0.00000000e+00
0.00000000e+00
0.00000000e+00
1.98943774e+00
1.69090225e+00
8.76243708e-01
9.82600201e-01
4.22488919e-01
1.82121036e-01
-4.38688742e-01
-9.81239710e-01
8.21006213e-01
-1.51530591e-02
-1.79820911e-01
-9.23409813e-01
-1.55290883e+00
-1.14782138e+00
0.00000000e+00
0.00000000e+00
0.00000000e+00
0.00000000e+00
0.00000000e+00
0.00000000e+00
9.83785034e-01
5.18878169e-02
-3.03083668e-01
-4.53220170e-01
-8.20149776e-01
-1.11526611e+00
4.14568884e+00
4.41076626e+00
4.36482495e+00
4.39335799e+00
4.49844150e+00
4.52825600e+00
1.51480541e+00
8.53072126e-01
9.03957325e-01
9.58972585e-01
5.24504078e-01
-3.83947225e-02
-4.04313800e-01
-4.60677329e-01
-2.05275282e-01
-3.49173193e-01
-2.25780363e-01
-4.62413291e-01
1.04352541e+00
0.00000000e+00
0.00000000e+00
0.00000000e+00
-1.00867003e+00
-5.46842248e-01
0.00000000e+00
0.00000000e+00
-8.96655220e-01
-8.81965840e-01
-5.48390515e-01
-1.10765636e+00
-1.77862106e+00
0.00000000e+00
0.00000000e+00
0.00000000e+00
-3.39277103e-01
-4.97339103e-01
1.14646420e-01
6.77565159e-01
-6.98137319e-01
1.35264291e-02
3.04788301e-01
2.08119723e-01
-7.09555397e-01
0.00000000e+00
8.67767568e-02
-4.59986626e-02
-7.27057686e-01
7.59040261e-01
-8.75394862e-01
-2.20177448e-01
-2.80373428e-01
-1.52252264e-01
4.91794438e-01
1.10684725e-01
-4.92925741e-01
-4.55656465e-02
6.08155913e-02
-2.08692015e-01
-1.20250650e-01
-3.07863037e-01
0.00000000e+00
0.00000000e+00
0.00000000e+00
9.99482141e-02
0.00000000e+00
2.58462525e-01
4.04538815e-01
0.00000000e+00
3.37361196e-01
-6.39267133e-02
8.08041589e-01
5.69483365e-01
0.00000000e+00
-2.07051363e-01
0.00000000e+00
0.00000000e+00
2.80406769e-01
9.71200152e-01
5.61552216e-01
8.55480012e-02
0.00000000e+00
2.87776083e-01
6.84783045e-03
-4.47360094e-01
0.00000000e+00
-1.15113768e-01
-1.37529517e-01
-1.28569532e+00
-8.51089574e-01
2.15104386e-01
6.08874909e-02
-3.04267673e-01
-4.34605746e-01
-1.35307572e-01
-5.60533171e-01
-3.60680928e-01
-1.65604687e+00
0.00000000e+00
0.00000000e+00
0.00000000e+00
-3.87447247e-01
-1.66072837e+00
3.26420780e-01
4.57181564e-01
-8.86153906e-01
8.62922213e-01
6.17846506e-01
1.76386242e-01
-6.56501215e-01
0.00000000e+00
-2.35223434e-03
-1.24088038e+00
-3.31684467e-01
8.59947360e-01
-1.23451113e-01
2.98769962e-01
1.81355550e-01
-4.23216112e-01
1.18453491e-01
1.57084498e-01
-8.18262832e-01
-5.42573963e-01
0.00000000e+00
0.00000000e+00
3.32092872e-01
4.94935617e-01
0.00000000e+00
0.00000000e+00
0.00000000e+00
1.07267221e-02
5.75462549e-01
-6.56734968e-02
-1.74737417e-01
8.67564967e-02
2.11330713e-01
1.76039311e-02
-5.22679060e-01
8.77678459e-02
0.00000000e+00
1.96673560e-01
5.88743760e-01
-1.22217290e-01
-6.00228157e-02
-5.43278029e-01
-2.07163750e-01
3.90238093e-02
1.69270476e-02
4.08568144e-02
3.18834226e-01
-2.75688869e-01
0.00000000e+00
0.00000000e+00
-1.56578791e-01
-8.37784041e-01
-5.81655195e-03
0.00000000e+00
0.00000000e+00
0.00000000e+00
-8.31967489e-01
0.00000000e+00
0.00000000e+00
0.00000000e+00
2 1
2.6411e-01 1.3638e-01
2 1
1 0 
217
7.27447675e-01
7.66938845e-02
-7.43350700e-01
-7.06293993e-01
-1.52167273e-01
6.54731391e-01
5.80184992e-01
3.35344744e-01
8.88649317e-01
-6.89955308e-01
2.72615539e-01
-1.70505062e-01
-8.61834901e-01
-2.78769255e-01
1.22882952e-01
6.98855308e-03
-4.75528172e-01
6.04564723e-01
-8.58655399e-03
5.43653221e-02
0.00000000e+00
0.00000000e+00
0.00000000e+00
0.00000000e+00
0.00000000e+00
0.00000000e+00
0.00000000e+00
3.34841371e-01
3.92606304e-01
0.00000000e+00
0.00000000e+00
0.00000000e+00
0.00000000e+00
0.00000000e+00
0.00000000e+00
0.00000000e+00
0.00000000e+00
2.52795076e-01
4.74652599e-01
0.00000000e+00
0.00000000e+00
0.00000000e+00
0.00000000e+00
0.00000000e+00
0.00000000e+00
-7.69711463e-03
2.60492191e-01
4.74652599e-01
0.00000000e+00
0.00000000e+00
0.00000000e+00
0.00000000e+00
0.00000000e+00
0.00000000e+00
0.00000000e+00
0.00000000e+00
0.00000000e+00
0.00000000e+00
0.00000000e+00
0.00000000e+00
4.74652599e-01
-7.69711463e-03
2.60492191e-01
0.00000000e+00
2.60492191e-01
-1.12592286e+00
1.80002913e-01
-9.12596656e-01
2.86952571e-01
-4.94401542e-01
0.00000000e+00
-7.69711463e-03
-1.04710133e+00
5.45723987e-01
6.24415339e-01
1.89420802e-01
1.19444934e+00
0.00000000e+00
0.00000000e+00
0.00000000e+00
0.00000000e+00
0.00000000e+00
0.00000000e+00
0.00000000e+00
0.00000000e+00
0.00000000e+00
0.00000000e+00
0.00000000e+00
0.00000000e+00
0.00000000e+00
0.00000000e+00
0.00000000e+00
0.00000000e+00
0.00000000e+00
0.00000000e+00
0.00000000e+00
0.00000000e+00
0.00000000e+00
0.00000000e+00
0.00000000e+00
0.00000000e+00
0.00000000e+00
0.00000000e+00
0.00000000e+00
0.00000000e+00
0.00000000e+00
0.00000000e+00
0.00000000e+00
0.00000000e+00
0.00000000e+00
0.00000000e+00
0.00000000e+00
0.00000000e+00
0.00000000e+00
0.00000000e+00
0.00000000e+00
0.00000000e+00
0.00000000e+00
0.00000000e+00
-1.01056605e-01
-1.19786513e+00
-3.57407652e-01
0.00000000e+00
0.00000000e+00
0.00000000e+00
7.17409294e-02
-6.86515829e-01
-2.97622549e-02
3.93924227e-01
-1.49275672e+00
4.59204722e-01
1.13354651e+00
2.46537077e-01
-3.58455213e-01
0.00000000e+00
8.81350011e-01
9.53740607e-03
-1.01012184e+00
4.05597773e-01
5.45779535e-01
1.65898585e-01
6.78402066e-02
-9.67448492e-01
-1.09524386e-01
-8.37798979e-02
-2.58829546e-01
0.00000000e+00
0.00000000e+00
0.00000000e+00
1.08895406e-01
-7.00184428e-01
-1.31867248e-03
3.78792640e-02
4.58359439e-02
5.35795903e-02
-7.74738261e-02
-9.34965687e-02
3.41033804e-01
0.00000000e+00
1.59627625e-01
-2.14461940e-02
-4.44601181e-01
-1.26084919e-01
-5.33329096e-01
2.98779475e-01
3.53602328e-01
-2.06206843e-02
9.79968352e-03
3.50692903e-01
-1.17211166e+00
0.00000000e+00
0.00000000e+00
0.00000000e+00
-1.63704205e-02
-1.27768044e+00
2.89636530e-02
6.82050801e-01
-8.00654329e-01
5.67121138e-01
8.00547651e-01
3.32988528e-01
1.07023733e-01
0.00000000e+00
5.04943113e-01
-8.25637663e-01
-1.11423774e+00
4.66530954e-01
-1.69799516e-01
3.53109704e-01
6.63521649e-02
-1.03341637e+00
3.11116378e-01
-1.55062991e-01
-2.49005282e-01
0.00000000e+00
0.00000000e+00
0.00000000e+00
2.47717717e-02
-1.29415827e+00
5.89262151e-02
-2.72696829e-01
-1.34512571e-01
2.62770890e-02
-4.97634412e-02
-1.54873397e-01
-1.44931184e-01
0.00000000e+00
1.50833829e-01
2.80260906e-01
1.93245679e-01
3.54487486e-01
1.10458013e-01
3.91663416e-02
1.37039673e-02
8.45788141e-02
9.15187986e-02
3.73701504e-01
136
-1.16774168e-01
-2.54576008e-01
4.57766917e-03
1.37801841e-01
-9.78044320e-03
0.00000000e+00
0.00000000e+00
0.00000000e+00
0.00000000e+00
0.00000000e+00
6.32256602e-01
6.68342812e-01
0.00000000e+00
0.00000000e+00
0.00000000e+00
0.00000000e+00
0.00000000e+00
0.00000000e+00
0.00000000e+00
0.00000000e+00
-7.20825124e-01
6.04050956e-01
0.00000000e+00
0.00000000e+00
0.00000000e+00
0.00000000e+00
0.00000000e+00
0.00000000e+00
-6.66025336e-01
-5.47997880e-02
6.04050956e-01
0.00000000e+00
0.00000000e+00
0.00000000e+00
0.00000000e+00
0.00000000e+00
0.00000000e+00
0.00000000e+00
0.00000000e+00
0.00000000e+00
0.00000000e+00
0.00000000e+00
0.00000000e+00
0.00000000e+00
0.00000000e+00
0.00000000e+00
0.00000000e+00
4.29794979e+00
1.91676802e-01
4.35968703e-01
-7.09379624e-01
0.00000000e+00
-5.71543318e-01
1.48962212e-01
-6.71729292e-01
-1.13915930e+00
0.00000000e+00
0.00000000e+00
0.00000000e+00
0.00000000e+00
6.04050956e-01
-6.66025336e-01
-5.47997880e-02
0.00000000e+00
0.00000000e+00
0.00000000e+00
0.00000000e+00
0.00000000e+00
0.00000000e+00
0.00000000e+00
0.00000000e+00
0.00000000e+00
0.00000000e+00
0.00000000e+00
0.00000000e+00
0.00000000e+00
0.00000000e+00
0.00000000e+00
0.00000000e+00
0.00000000e+00
0.00000000e+00
0.00000000e+00
0.00000000e+00
0.00000000e+00
0.00000000e+00
0.00000000e+00
6.99872609e-01
-1.07235809e+00
-4.65197297e-01
0.00000000e+00
0.00000000e+00
0.00000000e+00
1.88389274e-01
-1.06275184e+00
5.13683529e-02
6.35892084e-01
-9.79987971e-01
-2.83606111e-02
4.54409640e-01
4.60723016e-01
-6.60634484e-01
0.00000000e+00
8.36041415e-01
-6.98652030e-01
-8.68538446e-01
9.48052887e-01
2.66987343e-01
5.50751551e-02
-1.79425921e-01
-6.90032609e-01
5.55213951e-01
2.51033498e-01
-1.34026309e+00
0.00000000e+00
0.00000000e+00
0.00000000e+00
1.80873881e-01
-2.07674342e+00
6.79306832e-02
5.69026139e-01
-9.29473890e-01
8.08820286e-01
7.31028976e-01
1.25886908e-01
7.25839795e-03
0.00000000e+00
8.29539045e-01
-6.11840308e-01
-1.00911939e+00
6.05514684e-01
-3.17486868e-01
3.58324843e-01
2.51142085e-01
-1.14962656e+00
-8.06050232e-02
2.99286446e-01
4 2
2.4549e-01 2.3817e-01
3 -1
1 0 2 
217
-3.94726481e-02
-4.95463505e-01
1.33499967e-01
-1.43606883e+00
-1.83610039e-02
-1.41272088e-02
-6.28370357e-02
-7.42801857e-03
-2.32300565e-02
2.03555022e-01
1.04374667e-01
-7.92078670e-02
-3.94192191e-02
-4.84026258e-03
0.00000000e+00
0.00000000e+00
0.00000000e+00
0.00000000e+00
0.00000000e+00
0.00000000e+00
0.00000000e+00
0.00000000e+00
0.00000000e+00
-4.44833250e-02
1.33236078e-03
1.36162705e-01
-1.50544988e-01
8.16734532e-02
3.00680319e-02
0.00000000e+00
0.00000000e+00
0.00000000e+00
0.00000000e+00
0.00000000e+00
0.00000000e+00
0.00000000e+00
0.00000000e+00
-2.25162912e-01
-5.29551938e-02
2.42094931e-01
0.00000000e+00
0.00000000e+00
0.00000000e+00
0.00000000e+00
0.00000000e+00
-1.76652685e-01
-4.85102269e-02
2.23400779e-01
0.00000000e+00
-4.78120440e-02
-2.28543929e-01
2.42094931e-01
0.00000000e+00
0.00000000e+00
0.00000000e+00
0.00000000e+00
0.00000000e+00
0.00000000e+00
0.00000000e+00
0.00000000e+00
2.36951781e-01
-2.24464729e-01
-4.85102269e-02
3.00567887e-01
-5.81071516e-01
-6.04602255e-01
1.52905475e-01
-1.38911226e-01
8.81255063e-02
1.06357421e-01
0.00000000e+00
-2.31175185e-01
-1.40485270e+00
-3.59849881e-03
1.33844259e-01
1.92040053e-01
2.23463486e-01
-2.35071439e-02
1.82955375e-02
-1.76226671e-01
-3.24674183e-02
6.13154120e-03
-1.79362339e-03
3.80442124e-02
0.00000000e+00
0.00000000e+00
0.00000000e+00
0.00000000e+00
0.00000000e+00
0.00000000e+00
0.00000000e+00
0.00000000e+00
0.00000000e+00
0.00000000e+00
0.00000000e+00
0.00000000e+00
0.00000000e+00
0.00000000e+00
0.00000000e+00
0.00000000e+00
0.00000000e+00
0.00000000e+00
0.00000000e+00
0.00000000e+00
0.00000000e+00
0.00000000e+00
0.00000000e+00
0.00000000e+00
0.00000000e+00
0.00000000e+00
0.00000000e+00
0.00000000e+00
0.00000000e+00
0.00000000e+00
0.00000000e+00
0.00000000e+00
0.00000000e+00
0.00000000e+00
0.00000000e+00
2.79695140e-01
-1.38880606e+00
-4.38723372e-01
0.00000000e+00
0.00000000e+00
0.00000000e+00
1.04727353e-01
-1.80269090e-01
-5.38331380e-02
-1.32731703e-01
-2.32670132e-01
2.05417012e-01
1.27169428e-01
1.41737640e-01
-4.68842410e-02
0.00000000e+00
4.90370740e-01
-2.49551486e-01
-3.55909771e-01
4.69420936e-02
-5.84485230e-03
-8.45391096e-02
-8.38611517e-03
-1.66129301e-01
-8.56884475e-02
4.73497479e-02
5.60003406e-02
0.00000000e+00
0.00000000e+00
0.00000000e+00
1.46968825e-01
-5.63441489e-01
3.57703713e-02
1.63168930e-01
-4.56904162e-01
-1.67131019e-01
1.92940744e-01
-1.35231680e-01
-5.37149771e-02
0.00000000e+00
3.22424584e-01
9.16250772e-02
-1.65155616e-01
2.72337613e-01
-1.15876000e-01
1.12943352e-01
1.41688511e-01
-1.92136322e-01
1.69146721e-01
2.56576877e-01
-1.21544691e+00
0.00000000e+00
0.00000000e+00
0.00000000e+00
4.90339962e-02
-2.62412152e-01
-5.63984068e-02
1.92285227e-01
-1.34143125e-01
2.30446254e-01
2.86320645e-01
-1.06825219e-02
-3.98964083e-01
0.00000000e+00
3.60922024e-01
-1.83401816e-01
-2.03827973e-01
1.52907135e-01
-1.22886012e+00
9.91051024e-02
4.27595149e-02
-2.15598645e-01
-5.87938236e-02
1.23855864e-01
-1.04670441e-01
0.00000000e+00
0.00000000e+00
0.00000000e+00
2.84943731e-02
-6.60456671e-01
-3.15471838e-02
-5.36478404e-03
-2.50817019e-01
4.74202977e-02
-2.86559318e-02
9.22311699e-02
2.61206208e-01
0.00000000e+00
7.78744875e-02
-3.15497703e-04
-2.89682104e-01
1.69299479e-01
5.65872466e-01
9.33628844e-02
6.45352587e-02
-2.78499115e-01
7.57903704e-02
-3.54191277e-02
136
2.23938698e-01
0.00000000e+00
0.00000000e+00
0.00000000e+00
0.00000000e+00
-1.56279231e-03
7.59803731e-03
2.25501491e-01
1.81063645e-03
1.09038523e-02
5.02956636e-02
1.72430048e-01
0.00000000e+00
0.00000000e+00
0.00000000e+00
0.00000000e+00
0.00000000e+00
0.00000000e+00
0.00000000e+00
0.00000000e+00
2.49958114e-01
9.60803255e-02
-1.19882266e-01
0.00000000e+00
0.00000000e+00
0.00000000e+00
0.00000000e+00
0.00000000e+00
-5.17218556e-01
7.67176670e-01
2.55836166e-01
0.00000000e+00
-1.02585463e+00
8.66098794e-01
-1.19882266e-01
0.00000000e+00
0.00000000e+00
0.00000000e+00
0.00000000e+00
0.00000000e+00
0.00000000e+00
0.00000000e+00
0.00000000e+00
0.00000000e+00
0.00000000e+00
0.00000000e+00
8.95840744e-01
7.35217245e-01
9.80155787e-02
6.25008992e-01
-7.48758492e-01
0.00000000e+00
-1.68042897e+00
2.85166056e-01
-5.29932056e-01
-9.77564955e-01
1.75509242e-01
3.28067563e-01
3.45237010e-02
2.98518623e-01
-3.30061873e-01
-1.54307319e+00
7.67176670e-01
0.00000000e+00
0.00000000e+00
0.00000000e+00
0.00000000e+00
0.00000000e+00
0.00000000e+00
0.00000000e+00
0.00000000e+00
0.00000000e+00
0.00000000e+00
0.00000000e+00
0.00000000e+00
0.00000000e+00
0.00000000e+00
0.00000000e+00
0.00000000e+00
0.00000000e+00
0.00000000e+00
0.00000000e+00
0.00000000e+00
0.00000000e+00
0.00000000e+00
0.00000000e+00
-2.60100377e-01
-1.07962602e+00
-8.18109934e-01
0.00000000e+00
0.00000000e+00
0.00000000e+00
1.65484557e-01
-4.23143507e-01
1.61841086e-01
1.89876053e-01
-1.32599740e+00
6.66923249e-02
3.12966036e-01
1.56429070e-01
1.59019703e-01
0.00000000e+00
9.35184723e-01
-1.26230197e-01
-1.09556325e+00
3.70434184e-01
5.09766342e-01
-3.68198586e-01
1.19764343e-01
-8.58671373e-01
-1.02559977e-01
3.34795929e-01
-1.42268764e+00
0.00000000e+00
0.00000000e+00
0.00000000e+00
3.79547839e-01
-2.07165370e+00
2.43372425e-01
7.23030367e-01
-1.09500697e+00
7.80024266e-01
9.38249862e-01
3.23128418e-01
-7.57991169e-01
0.00000000e+00
9.73862692e-01
-9.71964333e-01
-1.02365315e+00
7.11221448e-01
-7.57782196e-01
4.55196315e-01
3.08452839e-01
-1.11431307e+00
1.39841023e-02
5.19606369e-01
7 1
-1.3445e-01 2.6706e-01
4 1
1 0 2 4 
217
5.78192850e-01
2.33677165e-01
-9.25601596e-01
2.64753150e-01
-1.56589176e-01
7.66850617e-01
6.15864416e-01
2.39211709e-01
6.57669644e-01
-6.41410183e-01
-3.58886795e-01
-2.00534026e-01
0.00000000e+00
0.00000000e+00
1.09514108e-01
-4.56724470e-03
1.17572436e-01
4.77147091e-01
-3.55519289e-03
1.24650605e-01
0.00000000e+00
0.00000000e+00
0.00000000e+00
0.00000000e+00
0.00000000e+00
0.00000000e+00
0.00000000e+00
2.65412004e-01
3.16696578e-01
0.00000000e+00
0.00000000e+00
0.00000000e+00
0.00000000e+00
0.00000000e+00
0.00000000e+00
0.00000000e+00
0.00000000e+00
3.96346451e-02
-1.11111872e-01
2.06695481e-01
4.42974596e-01
0.00000000e+00
0.00000000e+00
0.00000000e+00
0.00000000e+00
-3.63467635e-01
4.03102280e-01
-1.41081386e-02
0.00000000e+00
3.28200556e-02
-1.47091248e-01
1.90610027e-01
0.00000000e+00
1.92106431e-01
-1.74838973e-01
2.79936987e-01
0.00000000e+00
2.15708378e-01
-4.79559912e-01
4.42974596e-01
6.80577122e-01
-3.30647580e-01
2.28263308e-01
0.00000000e+00
-3.98387851e-01
-1.13680535e+00
6.41503618e-01
-7.46631643e-01
3.35077084e-01
3.38953345e-01
0.00000000e+00
8.61247136e-02
-1.46371841e+00
4.23501039e-01
5.98652729e-01
7.75245808e-02
8.07409399e-01
1.65186075e-01
1.57544878e-01
-1.85536769e-01
3.74266560e-01
-7.73593523e-01
-1.18804663e-01
-1.63085539e-01
0.00000000e+00
1.01865342e-01
-8.21740417e-01
1.12587893e-01
3.99425976e-01
3.63739615e-01
2.88047521e-01
0.00000000e+00
0.00000000e+00
0.00000000e+00
0.00000000e+00
0.00000000e+00
0.00000000e+00
0.00000000e+00
0.00000000e+00
0.00000000e+00
0.00000000e+00
0.00000000e+00
0.00000000e+00
0.00000000e+00
0.00000000e+00
0.00000000e+00
0.00000000e+00
0.00000000e+00
0.00000000e+00
0.00000000e+00
0.00000000e+00
0.00000000e+00
0.00000000e+00
0.00000000e+00
0.00000000e+00
0.00000000e+00
0.00000000e+00
0.00000000e+00
0.00000000e+00
9.45043673e-02
-1.00177460e+00
-1.94360023e-01
0.00000000e+00
0.00000000e+00
0.00000000e+00
5.99373511e-02
-9.12388230e-01
8.72772782e-02
5.07198995e-02
-9.15702896e-01
1.96208298e-01
9.35653344e-01
4.23726453e-01
1.67527141e-01
0.00000000e+00
9.49104268e-01
1.20758642e-01
-1.39089319e+00
2.54654356e-01
8.37953124e-01
3.07486877e-01
-1.65406237e-01
-1.19982025e+00
-4.77959176e-01
4.76802929e-01
-1.10724487e-01
0.00000000e+00
0.00000000e+00
0.00000000e+00
-4.61079821e-02
6.53423710e-01
3.81891034e-02
6.00045927e-02
-4.28105383e-02
3.59669265e-01
-3.07834780e-01
-4.16725463e-01
6.35600789e-02
0.00000000e+00
-1.33935867e-01
-3.10409093e-01
1.44948227e-01
2.09608158e-01
-9.81179278e-01
-2.86440296e-01
1.30262730e-01
5.56591563e-01
3.63457066e-01
-1.64995683e-01
-1.21277584e+00
0.00000000e+00
0.00000000e+00
0.00000000e+00
-1.14855750e-01
-1.04471524e+00
2.12394989e-01
6.61905604e-01
-8.80880225e-01
3.03561625e-01
7.33389821e-01
3.82650747e-01
8.78521862e-04
0.00000000e+00
6.84744252e-01
-6.16979392e-01
-1.15396030e+00
1.05291393e+00
-6.54727318e-01
9.45148188e-02
6.52290804e-02
-6.96695438e-01
-5.02827864e-01
2.60682297e-01
-1.12500555e-01
0.00000000e+00
0.00000000e+00
0.00000000e+00
2.14539564e-01
-1.15426263e+00
-1.07924411e-01
-1.45856047e-01
1.16148902e-01
2.44594272e-01
-1.92656785e-02
-8.89065887e-02
-2.77079552e-01
0.00000000e+00
2.20483701e-02
-5.31754191e-02
1.14530723e-01
-2.29640740e-01
3.98202575e-01
2.58133576e-01
1.50208715e-01
-1.74854505e-01
5.08381243e-01
1.11677078e-01
136
-8.35361668e-02
-3.10854129e-01
5.23212639e-03
2.36491148e-01
-5.78522369e-03
0.00000000e+00
0.00000000e+00
0.00000000e+00
0.00000000e+00
0.00000000e+00
5.52835179e-01
5.54356010e-01
0.00000000e+00
0.00000000e+00
0.00000000e+00
0.00000000e+00
0.00000000e+00
0.00000000e+00
0.00000000e+00
0.00000000e+00
-5.23385904e-01
-3.67776529e-01
2.47671928e-01
5.59954338e-01
0.00000000e+00
0.00000000e+00
0.00000000e+00
0.00000000e+00
-6.72287075e-01
1.48901171e-01
2.04070718e-01
0.00000000e+00
-3.68860335e-01
2.05356322e-01
1.38256409e-01
0.00000000e+00
-2.00410092e-01
-2.07933142e-01
4.78651074e-01
0.00000000e+00
-1.29161148e-01
-2.40074406e-01
5.59954338e-01
0.00000000e+00
0.00000000e+00
0.00000000e+00
0.00000000e+00
3.00029351e+00
1.71776950e-01
6.86560300e-01
-9.12104738e-01
0.00000000e+00
-1.36761573e+00
3.02108336e-01
-4.27887576e-01
-1.05374345e+00
-4.21827436e-01
1.72820090e-01
-9.73921735e-02
3.05001101e-02
-3.33749388e-01
-1.04114741e+00
-4.03594762e-01
3.32909282e-01
-1.93516044e-01
-1.19541920e+00
0.00000000e+00
0.00000000e+00
0.00000000e+00
0.00000000e+00
0.00000000e+00
0.00000000e+00
0.00000000e+00
0.00000000e+00
0.00000000e+00
0.00000000e+00
0.00000000e+00
0.00000000e+00
0.00000000e+00
0.00000000e+00
0.00000000e+00
0.00000000e+00
0.00000000e+00
0.00000000e+00
0.00000000e+00
0.00000000e+00
4.46245006e-01
-9.40267848e-01
-7.47565373e-01
0.00000000e+00
0.00000000e+00
0.00000000e+00
2.48055167e-01
-2.11312836e+00
-1.80170608e-01
5.49930621e-01
-1.10040967e+00
9.06357861e-02
7.07608856e-01
6.14840830e-01
-6.03281105e-01
0.00000000e+00
8.59269983e-01
-4.73405491e-01
-1.00168513e+00
8.11368737e-01
4.78727271e-01
3.84068977e-01
1.40894051e-01
-8.03075215e-01
4.51858294e-01
1.90331633e-01
-1.35558717e+00
0.00000000e+00
0.00000000e+00
0.00000000e+00
2.23392937e-01
-2.13442932e+00
1.94801367e-01
6.11661978e-01
-9.24541753e-01
7.64336213e-01
8.15308925e-01
2.51436035e-01
-1.59359046e-01
0.00000000e+00
8.15531286e-01
-7.59828028e-01
-9.98891536e-01
7.36628509e-01
-7.96555055e-01
4.33917968e-01
2.89804280e-01
-1.03522676e+00
-2.79836589e-02
3.44408484e-01
5 1
-3.2808e-01 3.3971e-01
5 0
1 0 2 4 7 
217
1.14943981e-01
-1.28143800e-01
-7.95219463e-02
-2.46907973e-01
-1.37957356e-01
2.13663020e-01
5.05053110e-02
1.01090281e-01
1.50798867e-01
2.81808830e-02
1.32179263e-01
8.48422216e-02
-8.05821035e-02
3.69042048e-04
1.56819420e-01
-7.93756912e-03
3.30059495e-01
-3.66716981e-01
5.93685870e-03
2.65800496e-01
1.67747173e-03
3.43700860e-03
1.99976181e-01
3.23164070e-01
-2.36500521e-04
5.86216944e-02
-2.21094873e-01
-4.84157192e-02
3.86399991e-01
0.00000000e+00
0.00000000e+00
0.00000000e+00
0.00000000e+00
0.00000000e+00
0.00000000e+00
0.00000000e+00
0.00000000e+00
-3.97185905e-01
-9.84332568e-02
1.91260078e-02
1.86301336e-01
4.05135798e-01
0.00000000e+00
0.00000000e+00
0.00000000e+00
-3.35547722e-01
-1.50071881e-01
6.45757079e-02
0.00000000e+00
-3.31298826e-01
2.15585993e-01
1.60190539e-01
0.00000000e+00
4.98432099e-02
-4.10279709e-01
4.53743645e-01
0.00000000e+00
3.29017416e-01
-1.54350675e-01
2.23536285e-01
2.92122081e-03
-6.66846548e-01
7.78869308e-01
-8.89761275e-02
-4.10140145e-01
-7.32866952e-01
2.65051118e-01
-7.13902723e-01
3.49009135e-01
1.22399611e-01
0.00000000e+00
-2.86060255e-01
-1.36110420e+00
2.40572272e-01
6.72367468e-01
1.62357631e-01
4.57370623e-01
-1.84630582e-01
-1.43106168e-01
-3.11026090e-01
3.21114447e-01
-2.12228433e-01
1.21566283e-01
3.80672283e-01
0.00000000e+00
-3.76566190e-01
-1.09563991e+00
3.06463985e-01
3.24895100e-01
1.85046186e-01
1.07327694e-01
1.28561523e-02
-1.80941054e-01
-2.14818774e-01
2.17597722e-01
-1.94567980e-01
6.54311610e-02
2.41303465e-01
0.00000000e+00
0.00000000e+00
0.00000000e+00
0.00000000e+00
0.00000000e+00
0.00000000e+00
0.00000000e+00
0.00000000e+00
0.00000000e+00
0.00000000e+00
0.00000000e+00
0.00000000e+00
0.00000000e+00
0.00000000e+00
0.00000000e+00
0.00000000e+00
0.00000000e+00
0.00000000e+00
0.00000000e+00
0.00000000e+00
0.00000000e+00
5.28813054e-02
-1.28540628e+00
-1.62383235e-01
0.00000000e+00
0.00000000e+00
0.00000000e+00
1.64641364e-01
-4.96239707e-01
5.36269699e-02
-1.42589350e-02
-7.37696334e-01
-7.81030424e-02
4.58479245e-01
-5.05156433e-01
2.57410235e-01
0.00000000e+00
1.33316502e+00
1.57885158e-01
-8.75668849e-01
7.92245029e-02
5.30576941e-01
-9.35602136e-01
6.21479420e-02
-3.63076945e-01
5.12507632e-02
6.95011001e-01
-1.01566378e-01
0.00000000e+00
0.00000000e+00
0.00000000e+00
-2.34619145e-02
3.09598903e-01
-6.86686763e-02
-1.09055685e-01
-4.41095146e-01
9.47946849e-02
-2.58299273e-02
-3.59786225e-02
1.52881010e-01
0.00000000e+00
-7.69060916e-02
2.60413301e-01
-2.12058521e-01
2.37313205e-01
-4.43471937e-01
1.94029431e-01
7.90457795e-03
-1.45595138e-01
2.07601505e-01
1.60186644e-02
-1.29977038e+00
0.00000000e+00
0.00000000e+00
0.00000000e+00
7.15611241e-02
-7.80173483e-01
-5.73938442e-02
3.59143127e-01
-4.37226306e-01
3.30125990e-01
6.68686242e-01
7.21710780e-02
-2.94360687e-01
0.00000000e+00
3.69450708e-01
-4.83390069e-01
-7.49162704e-01
3.34953066e-01
-1.13599357e-02
2.32285965e-01
-1.91169039e-01
-5.41576049e-01
4.74355697e-02
-2.39771131e-01
-1.54535329e-01
0.00000000e+00
0.00000000e+00
0.00000000e+00
4.84622105e-02
-6.23077796e-01
2.27658470e-01
7.93721851e-02
-1.33046073e-01
4.53935009e-01
7.15528988e-02
2.07629339e-01
-8.55531634e-02
0.00000000e+00
-1.30215572e-02
-3.56459848e-01
-3.85914462e-01
2.12501097e-02
1.32790749e-01
2.02708864e-01
3.65399468e-01
-4.34369170e-01
-5.01460417e-02
1.16293479e-01
136
2.06844905e-01
3.60081984e-01
-9.35258008e-03
1.33520643e-02
-8.09279151e-04
-1.29402153e-01
1.28751924e-03
-3.71869904e-02
-1.48254361e-04
1.21819595e-01
8.87423982e-02
8.24092495e-04
0.00000000e+00
0.00000000e+00
0.00000000e+00
0.00000000e+00
0.00000000e+00
0.00000000e+00
0.00000000e+00
0.00000000e+00
-1.38474782e-01
9.31689823e-02
-7.07051884e-02
5.53330745e-02
2.73621803e-01
0.00000000e+00
0.00000000e+00
0.00000000e+00
-2.09142812e-01
2.28013187e-01
8.31688590e-02
0.00000000e+00
-5.19807214e-01
1.67491127e-01
1.70846139e-01
0.00000000e+00
-1.82142350e-01
-1.21009852e-01
4.18216886e-01
0.00000000e+00
1.48606852e-02
-7.28526655e-02
2.40652635e-01
0.00000000e+00
0.00000000e+00
0.00000000e+00
2.89270468e-01
-9.90783898e-02
2.08087566e-01
1.91837977e-01
-6.95973790e-01
0.00000000e+00
-9.23470670e-01
4.42958401e-01
-1.91839983e-01
-1.15626616e+00
4.37992905e-02
1.61854908e-01
-3.99998369e-02
1.76242295e-01
-1.21282426e-01
-7.29542821e-01
4.53333879e-01
5.60530587e-01
3.85198434e-02
-1.24144161e+00
1.87618344e-01
1.93748791e-02
-2.31818953e-01
1.07544456e-01
-2.48630471e-01
0.00000000e+00
0.00000000e+00
0.00000000e+00
0.00000000e+00
0.00000000e+00
0.00000000e+00
0.00000000e+00
0.00000000e+00
0.00000000e+00
0.00000000e+00
0.00000000e+00
0.00000000e+00
0.00000000e+00
0.00000000e+00
0.00000000e+00
-6.61719125e-03
-1.14216520e+00
-7.58268247e-01
0.00000000e+00
0.00000000e+00
0.00000000e+00
4.04322070e-01
-1.10314534e+00
1.13449828e-01
3.38077892e-01
-1.50113597e+00
-2.28427979e-02
4.76044364e-01
2.36369042e-01
-1.85826061e-01
0.00000000e+00
1.12531720e+00
-3.58790359e-01
-1.02336982e+00
4.64547435e-01
4.75199807e-01
-3.65087301e-02
2.92580036e-01
-8.73707493e-01
-6.53017896e-02
4.86452438e-01
-1.43293419e+00
0.00000000e+00
0.00000000e+00
0.00000000e+00
3.43888794e-01
-2.25252930e+00
6.94507295e-02
5.89516803e-01
-1.20111794e+00
5.05985600e-01
8.06093411e-01
3.24030399e-01
-2.74747129e-01
0.00000000e+00
9.50237008e-01
-5.39237880e-01
-1.02830347e+00
7.56502327e-01
-4.80190780e-01
4.49233725e-01
2.37852217e-01
-1.17519094e+00
5.23890136e-02
4.33203215e-01
18 2
-3.6656e-01 3.4873e-01
6 4
1 0 2 4 7 5 
217
-2.46353488e-01
5.64747421e-02
1.11213176e-01
-5.62582712e-01
-1.10178852e-01
-9.47887573e-02
-1.78626314e-01
3.03090127e-02
-2.08986447e-01
3.54039096e-01
2.42697963e-01
-1.23559550e-01
8.74016061e-03
-1.07727518e-01
0.00000000e+00
0.00000000e+00
0.00000000e+00
0.00000000e+00
0.00000000e+00
0.00000000e+00
0.00000000e+00
0.00000000e+00
0.00000000e+00
-2.51324689e-01
3.11050217e-03
2.09421777e-01
-4.93636962e-01
5.91675239e-02
1.88115950e-01
0.00000000e+00
0.00000000e+00
0.00000000e+00
0.00000000e+00
0.00000000e+00
0.00000000e+00
0.00000000e+00
0.00000000e+00
-3.95481918e-01
-3.42492686e-01
-2.21480368e-02
1.48165053e-01
2.56972552e-01
1.08631547e-01
0.00000000e+00
0.00000000e+00
-9.76560390e-01
-1.03698937e-01
4.95571862e-01
0.00000000e+00
-9.07658763e-01
3.60530847e-01
3.35888758e-01
0.00000000e+00
4.09747823e-01
-7.25913463e-01
3.82287589e-01
0.00000000e+00
5.53023205e-01
-2.80508510e-01
2.23909688e-01
-4.35741575e-01
-1.80564391e-02
2.07444525e-01
-4.79365315e-02
-7.14626729e-01
-6.94075750e-01
1.58685903e-01
-5.74427155e-02
3.57523868e-01
3.06554915e-01
0.00000000e+00
-9.34365631e-01
-1.59308728e+00
4.01283490e-01
2.01906767e-01
2.86784343e-01
4.16205021e-01
-2.40778111e-01
-2.90760602e-01
-1.06977351e-01
5.89898492e-02
-2.37496191e-01
2.26195376e-01
2.09742573e-01
0.00000000e+00
-7.95926622e-01
-1.82489348e+00
2.98388062e-01
2.81632182e-01
2.51185071e-01
2.97106640e-01
-2.01648506e-02
-4.98735195e-02
-2.58639365e-01
-1.19588631e-01
2.65104529e-02
-5.67264875e-02
-1.28077643e-02
0.00000000e+00
2.33966505e-01
-2.16602128e-01
-4.41195773e-01
-2.75885718e-01
-3.91242204e-02
-7.89665988e-02
0.00000000e+00
0.00000000e+00
0.00000000e+00
0.00000000e+00
0.00000000e+00
0.00000000e+00
0.00000000e+00
0.00000000e+00
0.00000000e+00
0.00000000e+00
0.00000000e+00
0.00000000e+00
0.00000000e+00
0.00000000e+00
4.81292944e-01
-1.15039816e+00
-4.86819792e-01
0.00000000e+00
0.00000000e+00
0.00000000e+00
6.17030899e-02
-2.61223528e-01
-2.09010120e-01
5.32758979e-02
-2.95946580e-01
1.25020984e-01
1.04077449e-01
1.79935360e-01
-1.85865442e-01
0.00000000e+00
6.42689280e-01
-3.53840527e-01
-2.83927654e-01
1.09909431e-01
-1.78476260e-01
4.50730194e-03
-1.90138816e-01
-1.69864408e-01
9.15791205e-02
2.68775627e-01
7.69814669e-02
0.00000000e+00
0.00000000e+00
0.00000000e+00
1.19233565e-01
-3.80781640e-01
8.13574842e-02
1.50390682e-01
-4.82480058e-01
-2.48303989e-01
2.02822170e-01
-1.90924411e-01
-1.67217888e-01
0.00000000e+00
3.07799632e-01
2.11182289e-01
-2.76853638e-01
3.21064583e-01
-9.32260259e-02
9.97124359e-02
2.20130455e-01
-1.06078326e-01
1.16598371e-01
1.92555777e-01
-1.11238661e+00
0.00000000e+00
0.00000000e+00
0.00000000e+00
-6.11280221e-02
-3.78842625e-01
-6.75248207e-02
2.13615917e-01
-2.19309465e-01
2.33929046e-01
2.04376220e-01
-9.93818507e-02
-3.80799905e-01
0.00000000e+00
2.08713439e-01
-1.27680696e-01
-2.19400504e-01
1.93480085e-01
-3.33834566e-01
1.44001703e-01
-2.40418141e-02
-2.52251097e-01
2.74339446e-02
-1.73741602e-01
-1.70673203e-01
0.00000000e+00
0.00000000e+00
0.00000000e+00
1.11899535e-01
-8.28913076e-01
-3.03497581e-02
3.52861310e-03
-3.59614003e-01
3.99395525e-01
2.36126100e-01
2.16122060e-01
3.32841487e-01
0.00000000e+00
8.23233729e-02
-2.55599180e-01
-4.90149982e-01
1.71508557e-02
4.08431622e-01
1.87536116e-01
2.88353973e-01
-4.18402859e-01
-8.65363904e-02
1.51827867e-02
136
4.23104819e-01
0.00000000e+00
0.00000000e+00
0.00000000e+00
0.00000000e+00
-3.12890473e-04
9.62142505e-03
4.23417710e-01
2.24798206e-03
9.42669214e-02
1.23623272e-01
2.27491270e-01
0.00000000e+00
0.00000000e+00
0.00000000e+00
0.00000000e+00
0.00000000e+00
0.00000000e+00
0.00000000e+00
0.00000000e+00
-1.55139300e-01
-4.03462889e-02
5.26092033e-02
1.70046627e-01
1.77855341e-01
2.20272688e-01
0.00000000e+00
0.00000000e+00
-6.84419079e-01
3.79204492e-01
2.51641792e-01
0.00000000e+00
-8.07706042e-01
4.13301677e-01
1.56003027e-01
0.00000000e+00
-2.10473321e-01
2.24715803e-01
4.60569801e-01
0.00000000e+00
-9.40603864e-02
3.84006107e-02
2.99194396e-01
0.00000000e+00
0.00000000e+00
0.00000000e+00
7.08728790e-01
3.43625841e-01
5.19493356e-02
3.19958368e-01
-7.50876556e-01
0.00000000e+00
-1.84405483e+00
2.94714773e-01
-4.12549254e-01
-1.04722271e+00
1.33655887e-01
2.84315650e-01
1.63582691e-02
1.61906337e-01
-3.41726494e-01
-5.22595264e-01
1.20849130e-01
5.23151411e-01
-2.96267607e-02
-1.10690536e+00
2.42851356e-01
1.27223475e-01
-6.37007852e-02
6.84005585e-02
-1.92206471e-01
0.00000000e+00
-2.30261349e-02
-3.63989406e-01
4.70037981e-02
-2.69979887e-01
0.00000000e+00
0.00000000e+00
0.00000000e+00
0.00000000e+00
0.00000000e+00
0.00000000e+00
0.00000000e+00
0.00000000e+00
0.00000000e+00
0.00000000e+00
-1.37555672e-01
-1.17891052e+00
-7.33059359e-01
0.00000000e+00
0.00000000e+00
0.00000000e+00
3.10198593e-01
-5.92524737e-01
9.54348537e-02
1.79801039e-01
-1.47933958e+00
4.09860853e-02
4.22765524e-01
1.06853280e-01
7.17895646e-02
0.00000000e+00
1.07661503e+00
-2.03994868e-02
-1.09384060e+00
3.53220300e-01
3.84066158e-01
-2.70390162e-01
1.89594580e-01
-9.32931789e-01
-5.22467916e-02
4.77288778e-01
-1.48743037e+00
0.00000000e+00
0.00000000e+00
0.00000000e+00
2.90952694e-01
-2.21446994e+00
1.55565198e-01
6.20883650e-01
-1.08183174e+00
6.46668120e-01
7.94876369e-01
3.41972412e-01
-3.89128937e-01
0.00000000e+00
8.91340951e-01
-6.71459683e-01
-1.04275135e+00
7.22860808e-01
-4.46547512e-01
4.60531487e-01
2.22192876e-01
-1.18000171e+00
1.09472389e-03
3.89821217e-01
8 1
-5.7163e-01 3.3141e-01
7 1
1 0 2 4 7 5 18 
217
2.25316141e-01
-2.42017226e-01
-1.91008704e-01
-4.00369346e-01
-5.30703450e-01
5.09184863e-01
1.17694833e-01
-5.31569948e-02
2.65237756e-01
-4.02430661e-01
6.20937990e-01
-1.42334080e-01
0.00000000e+00
0.00000000e+00
-4.04400996e-02
-8.59761255e-03
5.85781388e-01
2.65756241e-01
-1.23033016e-03
2.57916485e-01
0.00000000e+00
0.00000000e+00
0.00000000e+00
0.00000000e+00
0.00000000e+00
0.00000000e+00
0.00000000e+00
1.30088415e-01
9.52277262e-02
0.00000000e+00
0.00000000e+00
0.00000000e+00
0.00000000e+00
0.00000000e+00
0.00000000e+00
0.00000000e+00
0.00000000e+00
-2.49272618e-01
-1.58798656e-01
-1.25056187e-01
3.81095311e-02
2.51438844e-01
1.64477574e-01
3.04417653e-01
0.00000000e+00
-6.23644524e-01
4.78290239e-02
1.87483056e-01
0.00000000e+00
-5.44330170e-01
2.73437249e-01
2.90889601e-01
0.00000000e+00
3.33347160e-01
-5.16261068e-01
3.80745744e-01
0.00000000e+00
4.02024864e-01
-3.88174619e-01
3.81969824e-01
1.18865155e-01
-2.30883934e-01
3.37334920e-01
0.00000000e+00
-5.83169413e-01
-1.25018850e+00
5.05101272e-01
-1.52829638e-01
3.03384282e-01
5.62261882e-01
0.00000000e+00
-4.32602670e-01
-1.28979334e+00
2.92962016e-01
8.91819187e-01
3.64956796e-01
6.19589473e-01
0.00000000e+00
-1.90500608e-01
-6.38528614e-02
3.70509300e-01
-4.76017252e-01
4.53074493e-02
2.22456696e-01
0.00000000e+00
-3.68335764e-01
-1.34777807e+00
3.24020080e-01
2.24506579e-01
2.69631825e-01
1.20366903e-01
0.00000000e+00
-2.87725492e-02
-9.66965807e-02
3.52917793e-01
-4.12350263e-01
-9.88291026e-02
4.35450277e-02
0.00000000e+00
-1.16375577e-01
-3.38560512e-01
1.08180322e-01
-7.02931085e-01
2.33511397e-01
-2.95228586e-01
0.00000000e+00
-2.88413298e-01
-1.74191091e-01
2.43925304e-01
-1.10973840e-01
2.69804135e-01
7.71569705e-02
0.00000000e+00
0.00000000e+00
0.00000000e+00
0.00000000e+00
0.00000000e+00
0.00000000e+00
0.00000000e+00
5.05135286e-01
-9.91388759e-01
-8.91558290e-02
0.00000000e+00
0.00000000e+00
0.00000000e+00
3.32771819e-01
-4.58023740e-01
-1.05558896e+00
3.24316539e-02
-1.52781267e+00
-1.72906331e-01
8.49681544e-01
4.71965810e-01
3.24747461e-01
0.00000000e+00
1.06805758e+00
-6.11165692e-01
-6.75243551e-01
1.05343499e+00
6.27205361e-01
1.05314162e-01
-5.13790882e-01
-6.76803339e-01
6.54299536e-01
8.22694286e-02
-1.99835224e-01
0.00000000e+00
0.00000000e+00
0.00000000e+00
1.33390633e-01
-1.18169958e+00
4.18352245e-01
2.18275878e-01
5.61803086e-01
1.16851083e-02
-4.10496116e-01
-6.71994865e-02
-1.85580514e-01
0.00000000e+00
-5.82195513e-02
-8.01252849e-01
-4.84678743e-02
1.44724860e-01
-6.15127042e-01
8.21589869e-02
3.43320062e-01
5.89812899e-01
3.63433549e-01
3.01250480e-01
-1.43157014e+00
0.00000000e+00
0.00000000e+00
0.00000000e+00
2.75392456e-01
-1.20922244e+00
-7.36054380e-02
5.45405535e-01
-9.33865306e-01
8.10099184e-01
5.26712935e-01
4.57304345e-01
3.98500966e-01
0.00000000e+00
7.45106215e-01
-1.36372898e+00
-1.14721170e+00
8.32350952e-01
-1.87416386e-01
1.01260800e-01
-3.09110979e-01
-1.09351078e+00
3.03834177e-02
1.63585066e-01
1.67508736e-02
0.00000000e+00
0.00000000e+00
0.00000000e+00
-4.52746593e-02
-6.77872618e-01
1.55315443e-01
1.79460727e-02
2.47673983e-01
1.12132434e-01
2.17216037e-01
-8.38066309e-02
-6.47127419e-01
0.00000000e+00
-9.06860215e-02
4.27775172e-01
9.28884287e-02
2.74582719e-02
-1.27207590e-01
4.09643683e-02
2.21029184e-01
3.86540203e-02
4.72449413e-03
8.49479044e-02
136
-1.56243691e-01
-3.53087079e-01
8.89262235e-03
1.96843388e-01
-7.61542897e-03
0.00000000e+00
0.00000000e+00
0.00000000e+00
0.00000000e+00
0.00000000e+00
1.38264374e-01
2.03116132e-01
0.00000000e+00
0.00000000e+00
0.00000000e+00
0.00000000e+00
0.00000000e+00
0.00000000e+00
0.00000000e+00
0.00000000e+00
-7.02955126e-01
-3.98903415e-01
-1.58064542e-01
9.75784606e-02
3.39267361e-01
5.04943933e-01
1.61889636e-01
0.00000000e+00
-9.16180190e-01
2.01309123e-01
2.37215934e-01
0.00000000e+00
-9.24874124e-01
3.09156509e-01
4.06459971e-01
0.00000000e+00
-3.45632904e-01
-4.70535633e-01
4.92936980e-01
0.00000000e+00
8.31188565e-02
6.71566466e-02
7.04631750e-01
0.00000000e+00
0.00000000e+00
0.00000000e+00
0.00000000e+00
1.40509544e+00
-1.57711780e-02
4.96880218e-01
-8.51207446e-01
0.00000000e+00
-2.08959395e+00
2.93784703e-01
-5.46746453e-01
-1.15138328e+00
0.00000000e+00
1.63997368e+00
1.54516656e-01
3.86118738e-01
-5.06986308e-01
-5.13678651e-01
6.06624961e-02
4.17773980e-01
-4.93253064e-02
-1.08958838e+00
0.00000000e+00
1.40528872e+00
1.28391652e-01
2.95926710e-01
-1.88993372e-01
0.00000000e+00
-6.02349577e-01
-5.47510433e-01
-4.55097762e-02
-3.87878048e-01
0.00000000e+00
-2.78117459e-01
-1.27398903e-01
1.90552941e-02
-4.38472977e-01
0.00000000e+00
0.00000000e+00
0.00000000e+00
0.00000000e+00
0.00000000e+00
1.18848868e-01
-8.62805095e-01
-1.01634771e+00
0.00000000e+00
0.00000000e+00
0.00000000e+00
1.16929531e-01
-7.59493642e-01
2.02586256e-02
4.20201953e-01
-9.73480820e-01
4.89288104e-01
6.11833580e-01
5.47970824e-01
-4.20547407e-01
0.00000000e+00
5.81835213e-01
-2.94916852e-01
-1.24017640e+00
4.48085773e-01
4.77145714e-01
3.07332351e-01
1.31035186e-01
-1.20586432e+00
-1.71123091e-01
-1.02662038e-01
-1.31912481e+00
0.00000000e+00
0.00000000e+00
0.00000000e+00
2.04209993e-01
-2.08577806e+00
1.69703454e-01
6.56753383e-01
-9.67799762e-01
7.77681821e-01
8.43759775e-01
2.42304955e-01
-2.02101772e-01
0.00000000e+00
7.77122382e-01
-8.02206566e-01
-9.43617338e-01
6.83074541e-01
-7.35465633e-01
4.33025813e-01
3.22805194e-01
-1.03732594e+00
3.64612235e-02
3.08267724e-01
11 1
-5.5852e-01 3.3607e-01
8 1
1 0 2 4 7 5 18 8 
217
3.60090743e-01
-2.21323650e-01
-1.56469801e-01
-6.77666509e-01
-3.23584415e-02
4.67066936e-01
4.27004889e-01
-3.82464086e-01
1.47510054e-01
-2.69555828e-01
-1.70549121e-01
1.02404349e+00
0.00000000e+00
0.00000000e+00
-7.32530917e-02
4.69748963e-03
4.58566416e-01
4.33343834e-01
-5.21869645e-03
4.46355681e-01
0.00000000e+00
0.00000000e+00
0.00000000e+00
0.00000000e+00
0.00000000e+00
0.00000000e+00
0.00000000e+00
2.95102310e-01
6.49884326e-02
0.00000000e+00
0.00000000e+00
0.00000000e+00
0.00000000e+00
0.00000000e+00
0.00000000e+00
0.00000000e+00
0.00000000e+00
-8.70651284e-01
-5.50468981e-01
-3.93537132e-01
-1.37304124e-01
3.11563497e-01
8.06017071e-01
1.19447170e+00
0.00000000e+00
-6.03201788e-01
2.40330708e-01
3.84396206e-01
0.00000000e+00
-8.57770941e-01
2.48602716e-01
1.04340357e-01
0.00000000e+00
1.69675901e-01
-7.12199936e-01
3.02653391e-01
0.00000000e+00
1.10311073e+00
-3.35865561e-01
3.16018962e-01
-1.00930278e-01
-5.54364802e-02
5.16457501e-01
0.00000000e+00
-5.59132073e-01
-3.28215571e-01
5.93425935e-01
-4.65085549e-01
3.25796881e-01
2.73534429e-01
0.00000000e+00
-1.88186100e-01
-1.64999954e+00
5.16984406e-01
7.74355478e-01
3.12924362e-02
2.87125130e-01
0.00000000e+00
-2.18345519e-01
-4.79410366e-01
4.33138293e-01
-4.33791133e-01
1.45297969e-01
2.83995006e-01
0.00000000e+00
-4.83302743e-01
-1.31272579e+00
2.13887200e-01
2.55783417e-01
6.29506285e-01
1.00550863e-01
0.00000000e+00
2.84478892e-01
1.99857320e-01
8.58358934e-02
-1.09738101e-01
-1.02240421e-02
-2.33308623e-02
0.00000000e+00
1.68953281e-01
-2.96547838e-01
-1.60685040e-01
-2.09868399e-01
3.51822502e-01
-2.74721223e-01
0.00000000e+00
-4.24677127e-01
-6.76102161e-01
-1.29742857e-01
-1.32095303e-01
9.14510726e-01
6.16738236e-01
0.00000000e+00
-2.80737112e-01
-4.98345475e-01
4.27877626e-01
-3.06674602e-01
2.12950229e-01
-3.41062638e-01
-8.15576820e-02
-6.44343249e-01
-7.88669243e-01
0.00000000e+00
0.00000000e+00
0.00000000e+00
3.23099334e-02
-6.65273522e-01
-2.74181979e-01
-5.05922729e-01
-1.03435561e+00
7.84680810e-01
9.40992564e-02
1.78118932e-01
5.37540305e-01
0.00000000e+00
6.18567507e-01
-5.20798953e-02
-1.77501994e+00
4.95029212e-01
9.87664085e-01
-2.92073981e-01
-1.55027954e-01
-6.52010809e-01
4.62249841e-01
4.27017303e-01
-2.10699954e-01
0.00000000e+00
0.00000000e+00
0.00000000e+00
2.47486959e-01
-6.00056678e-01
-2.84347894e-01
4.33468420e-01
3.00383264e-01
-6.78836766e-01
-4.06931785e-02
1.15088718e-02
-1.15542356e+00
0.00000000e+00
1.72525070e-01
-1.60901219e-01
7.21018161e-01
6.03010322e-01
-1.10787156e+00
1.05305226e-01
-1.43198932e-01
7.09485536e-01
5.23880329e-01
1.32557672e-01
-9.21591903e-01
0.00000000e+00
0.00000000e+00
0.00000000e+00
2.86599814e-01
-9.50720780e-01
-1.52927889e-01
7.58917264e-01
2.09603144e-01
7.39137678e-01
9.45268406e-01
1.68236469e-01
-1.98688384e-01
0.00000000e+00
2.59347836e-01
-5.78428726e-01
-9.65866746e-01
6.40421679e-01
-7.01779844e-01
4.45452308e-02
1.77148689e-01
-1.39589742e+00
-1.77029051e-01
-2.94792667e-02
-2.87616897e-01
0.00000000e+00
0.00000000e+00
0.00000000e+00
-2.46785941e-01
-1.23117268e+00
3.67031086e-01
-1.73829934e-01
-1.19664132e+00
2.33587120e-02
-1.17876088e-01
1.52942971e-01
-3.51369479e-01
0.00000000e+00
5.18049480e-01
2.95552246e-01
5.25965938e-02
5.38932962e-02
2.39708932e-01
1.16326841e-01
5.83351886e-02
3.85758900e-01
2.65592119e-01
5.00912182e-01
136
-1.25277433e-01
-2.83811736e-01
9.98110913e-03
1.58534302e-01
-8.00886990e-03
0.00000000e+00
0.00000000e+00
0.00000000e+00
0.00000000e+00
0.00000000e+00
2.18555566e-01
1.19003096e-01
0.00000000e+00
0.00000000e+00
0.00000000e+00
0.00000000e+00
0.00000000e+00
0.00000000e+00
0.00000000e+00
0.00000000e+00
-5.08478067e-01
-4.02352569e-01
-2.89274666e-01
-2.63077945e-02
1.96833959e-01
3.07995550e-01
5.96306154e-01
0.00000000e+00
-1.04530008e+00
2.53943071e-01
1.71923644e-01
0.00000000e+00
-9.90017289e-01
2.87221356e-01
3.52590289e-01
0.00000000e+00
-3.76956426e-01
-2.58906959e-01
4.99125121e-01
0.00000000e+00
8.37513023e-02
2.09111394e-01
5.92884006e-01
0.00000000e+00
0.00000000e+00
0.00000000e+00
0.00000000e+00
1.43246310e+00
-1.62921568e-02
5.52094573e-01
-8.83669646e-01
0.00000000e+00
-2.23316935e+00
3.57478854e-01
-5.56207608e-01
-1.20230327e+00
0.00000000e+00
9.10274386e-01
1.68522253e-02
2.94627478e-01
-5.10456035e-01
-6.39017026e-01
-1.24300076e-01
3.95153877e-01
-8.26058868e-02
-1.18450869e+00
0.00000000e+00
8.13239706e-01
6.53335223e-03
2.12625319e-01
-1.79471594e-01
0.00000000e+00
-6.63333549e-01
-5.44619906e-01
-2.13944020e-02
-4.06782057e-01
0.00000000e+00
-3.88264636e-01
-1.38837798e-01
1.14600198e-02
-3.56413916e-01
0.00000000e+00
1.43776498e+00
4.34896121e-01
3.80744591e-01
-4.56571731e-01
-3.96575249e-02
-7.49036232e-01
-1.20524970e+00
0.00000000e+00
0.00000000e+00
0.00000000e+00
1.28280626e-01
-8.63781375e-01
3.64367355e-02
4.76914366e-01
-9.77474272e-01
2.90442662e-01
4.86971623e-01
5.08271937e-01
-4.88369369e-01
0.00000000e+00
4.12123271e-01
-7.51264992e-01
-1.31407716e+00
4.73392556e-01
5.58922713e-01
4.16116697e-01
2.02796123e-01
-8.33467893e-01
1.98469788e-01
-1.65953737e-01
-1.27885705e+00
0.00000000e+00
0.00000000e+00
0.00000000e+00
1.86043261e-01
-2.31252193e+00
2.38400210e-01
6.77287272e-01
-8.65830136e-01
7.83607366e-01
8.31994541e-01
2.50359689e-01
-6.80204648e-02
0.00000000e+00
7.72738799e-01
-7.73713401e-01
-9.28603341e-01
7.07566260e-01
-8.10791445e-01
4.41936076e-01
2.77708134e-01
-1.06605004e+00
1.00339648e-01
2.78692455e-01
3 1
-4.7713e-01 3.7555e-01
8 0
1 0 2 4 7 5 18 8 
217
1.42743002e-01
-4.91862853e-02
1.22579857e-01
-1.31398275e-01
-4.07641777e-02
-3.12953558e-03
-3.29995442e-02
1.63163871e-03
-3.05720709e-02
1.81450562e-01
1.52842132e-01
8.65079229e-02
9.42366624e-02
1.37512494e-02
1.53959654e-01
-2.71082286e-03
2.78627327e-01
-2.76671035e-01
5.08891909e-03
2.95394251e-01
-4.25044758e-02
3.69274291e-03
2.89051247e-01
3.07958859e-01
-3.99847276e-04
1.58468373e-01
-1.27289842e-01
-3.88113970e-02
3.09284387e-01
0.00000000e+00
0.00000000e+00
0.00000000e+00
0.00000000e+00
0.00000000e+00
0.00000000e+00
0.00000000e+00
0.00000000e+00
-4.03545965e-01
-1.94705385e-01
-1.07421494e-01
-1.25056025e-01
9.98636065e-02
4.58653772e-01
4.15008699e-01
0.00000000e+00
-7.41283973e-01
-3.35572116e-01
3.96758539e-01
0.00000000e+00
-7.71390799e-01
5.31973373e-01
4.00686368e-01
0.00000000e+00
3.76265875e-01
-5.23248932e-01
4.22024501e-01
0.00000000e+00
4.05985760e-01
2.82161330e-04
-1.96835503e-02
-5.23032925e-01
4.33209664e-01
2.32620468e-01
6.00773202e-02
-3.86697039e-01
-8.26954652e-01
2.03000517e-01
-7.94631702e-01
2.66362204e-01
-1.36937207e-01
0.00000000e+00
-7.25888411e-01
-1.15953722e+00
5.25027630e-01
6.61847085e-01
3.48192715e-01
4.09275933e-01
-1.68342425e-01
-2.36767887e-01
-3.68461623e-01
4.22096921e-01
-1.74452349e-01
1.25756393e-01
3.39847063e-01
0.00000000e+00
-5.18882812e-01
-1.30467623e+00
3.33560636e-01
2.99245067e-01
3.28065178e-01
5.94361699e-02
-5.56378950e-02
-2.74419077e-01
-2.09689165e-01
4.12328442e-01
-3.04256291e-01
6.04715324e-02
2.30613380e-01
0.00000000e+00
1.21850109e-01
-3.91382138e-02
-5.40928188e-02
-6.32942286e-02
7.49857122e-02
1.52450919e-01
0.00000000e+00
-1.76687670e-01
-5.47690421e-01
2.44569830e-01
-1.85987159e-01
7.48608418e-02
2.51720574e-01
-5.01358952e-01
-5.41601714e-01
-5.81827160e-01
6.87102702e-01
4.98962098e-01
4.98600966e-01
3.34158232e-01
-1.90014791e-01
-1.22235835e+00
-4.13773707e-01
0.00000000e+00
0.00000000e+00
0.00000000e+00
2.27920874e-01
-4.22567262e-01
-7.70218456e-02
2.03145832e-01
-7.52422171e-01
-2.43549473e-02
4.68551651e-01
-5.43638906e-01
3.35513744e-01
0.00000000e+00
1.27955636e+00
1.75831359e-01
-8.73107543e-01
-7.02208476e-02
3.42861329e-01
-9.28629729e-01
6.24667576e-02
-3.64670917e-01
-1.03271330e-01
6.50283880e-01
-6.21968339e-02
0.00000000e+00
0.00000000e+00
0.00000000e+00
-1.02569678e-01
2.91957163e-01
6.38393913e-02
-1.94211920e-01
-3.86203422e-01
6.01852735e-02
7.45345582e-03
8.17518311e-02
1.03547285e-01
0.00000000e+00
-9.03705847e-02
2.28116328e-01
-1.77346724e-01
2.12498694e-01
-3.11793382e-01
2.61602095e-01
-1.52691095e-02
-1.74033077e-01
6.26079943e-02
1.60415509e-02
-1.25332232e+00
0.00000000e+00
0.00000000e+00
0.00000000e+00
-1.29477652e-01
-9.35706283e-01
-3.61573440e-01
2.10764968e-01
-5.53594619e-01
4.33881136e-01
7.96631590e-01
2.84955133e-01
-5.75482055e-02
0.00000000e+00
2.41732114e-01
-2.18365272e-01
-8.76025344e-01
2.80405218e-01
9.42313008e-03
5.09063859e-01
7.99189752e-02
-5.01485341e-01
-2.05651060e-02
-4.45757177e-01
-1.89735143e-01
0.00000000e+00
0.00000000e+00
0.00000000e+00
2.65265889e-01
-9.83264004e-01
2.08604502e-01
1.08329162e-01
-3.05381332e-01
2.09138852e-01
5.84813917e-02
1.79740914e-01
-8.61311852e-02
0.00000000e+00
1.52281202e-01
-3.51942646e-01
-2.54061040e-01
6.63243381e-02
2.30679965e-01
1.15385692e-01
3.04251171e-01
-3.96244066e-01
1.72620952e-02
2.71543955e-01
136
2.09218261e-01
4.09419915e-01
-9.54228917e-03
-6.08416301e-02
4.71057617e-04
-1.17250942e-01
1.54157316e-03
-2.21090818e-02
-1.17801224e-04
1.14948688e-01
7.91082280e-02
3.72830184e-02
0.00000000e+00
0.00000000e+00
0.00000000e+00
0.00000000e+00
0.00000000e+00
0.00000000e+00
0.00000000e+00
0.00000000e+00
-1.24063649e-01
-2.86302025e-02
-2.12451364e-02
9.09899421e-02
1.88651526e-01
1.47947732e-01
-4.44319509e-02
0.00000000e+00
-5.09604768e-01
2.43415532e-01
2.52524079e-01
0.00000000e+00
-5.81485570e-01
2.32002207e-01
2.87040886e-01
0.00000000e+00
-1.13510224e-01
-2.27230339e-02
3.30876557e-01
0.00000000e+00
1.48861976e-01
-2.37654015e-01
1.83564212e-01
0.00000000e+00
0.00000000e+00
0.00000000e+00
2.80656569e-01
-6.97054564e-02
1.69914806e-01
1.56965217e-01
-8.78358307e-01
0.00000000e+00
-1.08253317e+00
4.25820433e-01
-2.25107619e-01
-1.03141633e+00
1.83015375e-01
-6.12680918e-03
-1.07159143e-01
1.41247524e-01
-2.14938372e-01
-5.28026267e-01
1.73720068e-01
5.18986357e-01
1.48166063e-02
-1.13719224e+00
1.83199472e-01
4.35704710e-02
-2.37948497e-01
1.02567066e-01
-2.48564930e-01
0.00000000e+00
1.26560844e-01
-3.27883916e-01
1.05977767e-01
-2.54392916e-01
0.00000000e+00
2.24923320e-01
7.36272786e-02
9.78093317e-02
-4.37653444e-01
-2.78013625e-02
2.11708827e-01
1.18806472e-01
1.47422153e-01
-2.92617910e-01
1.14274934e-01
-1.08668100e+00
-6.88403015e-01
0.00000000e+00
0.00000000e+00
0.00000000e+00
4.46295561e-01
-1.18278084e+00
1.15908822e-01
3.09429457e-01
-1.48670203e+00
3.57147387e-02
4.87066475e-01
2.55827762e-01
-8.64447912e-02
0.00000000e+00
1.15717957e+00
-2.67456943e-01
-1.01928246e+00
4.24505714e-01
4.81600838e-01
-4.27909376e-02
3.14498896e-01
-1.08309922e+00
-8.26170687e-02
5.34743440e-01
-1.41151402e+00
0.00000000e+00
0.00000000e+00
0.00000000e+00
2.93206785e-01
-2.18947068e+00
1.92018361e-01
6.08555222e-01
-1.10518443e+00
6.61672013e-01
7.00234298e-01
3.11583201e-01
-3.34073620e-01
0.00000000e+00
9.26556504e-01
-6.21468141e-01
-9.74071980e-01
7.70926891e-01
-4.92757286e-01
4.27275049e-01
1.92939832e-01
-1.18781695e+00
-4.79207366e-03
4.13152980e-01
15 2
-6.0436e-01 3.9340e-01
8 4
1 0 2 4 7 5 18 8 
217
6.89177533e-03
-1.20084147e-01
7.08890675e-02
-6.58714942e-01
-1.35408169e-01
-1.16840264e-01
-1.09756456e-01
-8.99815542e-02
-1.21481735e-02
7.37309030e-02
2.33142228e-01
-5.72203364e-02
3.10623466e-02
-5.78247516e-01
0.00000000e+00
0.00000000e+00
0.00000000e+00
0.00000000e+00
0.00000000e+00
0.00000000e+00
0.00000000e+00
0.00000000e+00
0.00000000e+00
1.25201438e-02
3.34163792e-03
-6.50131275e-02
-4.58947580e-01
1.29372224e-01
3.36467132e-01
0.00000000e+00
0.00000000e+00
0.00000000e+00
0.00000000e+00
0.00000000e+00
0.00000000e+00
0.00000000e+00
0.00000000e+00
-3.33620676e-01
-2.42036795e-01
-1.46662236e-01
2.97249092e-02
2.39806247e-01
4.07142634e-01
5.25376910e-02
0.00000000e+00
-9.81549073e-01
-1.46034619e-01
3.10838441e-01
0.00000000e+00
-5.12448679e-01
1.81321568e-01
4.10153840e-01
0.00000000e+00
3.64004720e-01
-3.33449915e-01
4.89472593e-01
0.00000000e+00
3.03134499e-01
-1.24100138e-01
4.55485382e-02
-2.25581537e-01
1.67364136e-02
2.15736899e-01
2.21678252e-01
-6.43941356e-01
-7.08892797e-01
2.06170570e-01
-2.49225430e-01
2.22984309e-01
1.86946725e-01
0.00000000e+00
-8.23984495e-01
-1.37562187e+00
3.99081076e-01
1.65788085e-01
4.34669232e-01
4.25362701e-01
-5.24732323e-02
-2.44244621e-01
-1.71234779e-01
8.88092234e-02
-1.17521689e-02
2.14800405e-01
1.70881582e-01
0.00000000e+00
-7.37718522e-01
-1.38619826e+00
4.39005911e-01
1.71338072e-01
3.05604387e-01
2.02978891e-01
1.18923140e-02
-3.63760739e-02
-2.49222818e-01
3.99523270e-02
8.47377884e-02
-8.57679183e-03
7.44547163e-03
0.00000000e+00
4.19946805e-01
-2.44721046e-01
-2.55653064e-01
-3.98698201e-01
-1.57401966e-01
-2.94394473e-01
0.00000000e+00
-1.39930426e-01
-3.17399738e-01
4.95862989e-02
-5.74031945e-01
9.72359023e-02
2.42191847e-01
-4.46921257e-01
-3.74756382e-01
-2.59214851e-01
3.69959396e-01
6.20021191e-02
4.58610018e-01
9.32360520e-03
6.70539180e-01
-1.22684369e+00
-3.49713339e-01
0.00000000e+00
0.00000000e+00
0.00000000e+00
1.70177023e-01
-2.24610595e-01
-1.27939936e-01
-2.83885862e-02
-2.37012839e-01
2.05292060e-01
3.89394986e-01
1.37255627e-01
-1.39489902e-01
0.00000000e+00
6.17389801e-01
-4.42676549e-01
-4.27704494e-01
1.07501739e-01
-2.37324811e-01
-3.57591568e-02
-1.25224485e-01
-1.55724446e-01
-7.88206448e-02
2.83951868e-01
7.77593500e-02
0.00000000e+00
0.00000000e+00
0.00000000e+00
1.02456716e-01
-4.57239480e-01
4.49875797e-02
1.27991799e-01
-4.16421380e-01
-2.04208564e-01
7.52485100e-02
-2.22577203e-01
-9.71754462e-02
0.00000000e+00
3.17512692e-01
2.76552500e-01
-2.43644900e-01
2.28630372e-01
3.66115651e-03
1.12886442e-01
1.92133901e-01
-1.96044995e-01
2.17384145e-01
2.15625503e-01
-1.20720294e+00
0.00000000e+00
0.00000000e+00
0.00000000e+00
-5.09545649e-02
-3.49107331e-01
1.57254272e-02
2.08329581e-01
-1.70509686e-01
-1.12571156e-01
2.02842021e-01
-6.67495877e-03
-3.82028806e-01
0.00000000e+00
3.52821376e-01
-1.15709412e-01
-2.37453368e-01
7.21985136e-02
-2.26279328e-01
-3.80504922e-02
-5.14267982e-02
-2.03632969e-01
-5.78977763e-02
-5.68232153e-02
-1.04400065e-01
0.00000000e+00
0.00000000e+00
0.00000000e+00
1.19491281e-02
-6.47145807e-01
-2.02932978e-02
-2.31299263e-02
-2.45768538e-01
5.39319760e-01
1.04412025e-01
1.10839820e-01
3.13301571e-01
0.00000000e+00
-1.26251689e-02
-1.96164195e-01
-4.93606438e-01
6.81811487e-02
3.80668217e-01
2.07483234e-01
1.99785266e-01
-3.29417075e-01
-7.41533283e-02
1.96353761e-03
136
3.09167664e-01
0.00000000e+00
0.00000000e+00
0.00000000e+00
0.00000000e+00
-2.00042652e-03
5.58081203e-03
3.11168090e-01
2.77859952e-03
3.95439177e-02
7.72785342e-02
1.97633477e-01
0.00000000e+00
0.00000000e+00
0.00000000e+00
0.00000000e+00
0.00000000e+00
0.00000000e+00
0.00000000e+00
0.00000000e+00
-1.18746586e-01
-4.51764650e-02
-3.11488418e-02
2.04859694e-02
1.19709481e-01
1.61452362e-01
2.03284515e-01
0.00000000e+00
-8.22948727e-01
3.49015207e-01
2.68813768e-01
0.00000000e+00
-8.72069451e-01
3.62766519e-01
2.17126736e-01
0.00000000e+00
-2.45538886e-01
1.86773323e-01
4.55360259e-01
0.00000000e+00
5.61192915e-02
1.05882088e-02
3.25831727e-01
0.00000000e+00
0.00000000e+00
0.00000000e+00
6.12955970e-01
3.13516977e-01
3.95144478e-03
3.12406578e-01
-7.49448999e-01
0.00000000e+00
-1.89815373e+00
2.95699056e-01
-4.13288398e-01
-9.99932036e-01
1.74083974e-01
3.47206590e-02
-1.56218318e-02
1.29885977e-01
-3.79923477e-01
-4.70846030e-01
4.77049395e-03
4.37694585e-01
-1.09052032e-03
-1.14424672e+00
2.02033558e-01
6.50005796e-02
-6.74442217e-02
7.01477067e-02
-2.36098261e-01
0.00000000e+00
-3.98462972e-03
-3.39486515e-01
4.78664882e-02
-2.66551023e-01
0.00000000e+00
3.64198369e-01
7.68323366e-02
1.51230843e-01
-4.39537155e-01
1.38544546e-03
2.48696738e-01
2.59041647e-01
1.31436275e-01
-4.68918383e-01
-1.18547462e-01
-1.05049445e+00
-7.89234541e-01
0.00000000e+00
0.00000000e+00
0.00000000e+00
2.91065187e-01
-5.19700302e-01
9.09829255e-02
2.05982903e-01
-1.48275772e+00
3.21401740e-02
4.36119987e-01
1.47297886e-01
1.24016850e-01
0.00000000e+00
1.03217784e+00
-1.90283082e-02
-1.06500425e+00
3.24152750e-01
4.08270276e-01
-2.37498612e-01
2.09581593e-01
-1.03265880e+00
-1.69127190e-01
4.34752264e-01
-1.41896807e+00
0.00000000e+00
0.00000000e+00
0.00000000e+00
3.85037032e-01
-2.32046148e+00
1.50800219e-01
6.60400113e-01
-1.11274223e+00
4.80786708e-01
8.41231250e-01
3.71333521e-01
-4.04642931e-01
0.00000000e+00
9.52720669e-01
-6.83166853e-01
-1.00804247e+00
7.09082782e-01
-5.00771111e-01
4.91258869e-01
2.41632850e-01
-1.15542168e+00
6.82907084e-02
4.13705961e-01
17 1
-7.0108e-01 4.2619e-01
8 0
1 0 2 4 7 5 18 8 
217
1.69111346e-01
-1.63919006e-01
-6.19293504e-02
7.84527951e-02
-1.15809292e-01
3.40845278e-01
9.33936317e-02
1.55060453e-01
1.29809811e-01
1.19703545e-01
-3.94316665e-02
1.80608146e-02
1.01148862e-01
1.06352437e-02
1.49547169e-01
-5.17796567e-03
3.07765430e-01
-2.10058491e-01
4.88479522e-03
2.82163458e-01
-3.32308441e-02
1.52766836e-03
4.05825064e-01
2.62853512e-01
-3.25087810e-04
2.87865082e-01
-2.33667651e-01
5.42317019e-03
3.97355826e-01
0.00000000e+00
0.00000000e+00
0.00000000e+00
0.00000000e+00
0.00000000e+00
0.00000000e+00
0.00000000e+00
0.00000000e+00
-2.29565321e-01
-2.27409724e-01
-1.42107809e-01
-6.99196169e-02
1.46579961e-01
2.39396946e-01
4.52136909e-01
0.00000000e+00
-7.52438868e-01
-1.35235848e-01
4.71949511e-01
0.00000000e+00
-6.01629748e-01
2.00074508e-01
3.62704236e-01
0.00000000e+00
2.86045775e-01
-4.19711510e-01
3.81117823e-01
0.00000000e+00
4.52161295e-01
-2.95246520e-02
-4.64011766e-02
-1.67958303e-01
-1.35078235e-02
3.50577472e-01
5.04439300e-02
-4.34841433e-01
-4.43910862e-01
2.51763948e-01
-8.23057416e-01
3.01744901e-01
1.84934296e-01
0.00000000e+00
-5.99138668e-01
-1.19904018e+00
4.81925288e-01
6.41855236e-01
3.03047603e-01
3.72593485e-01
-2.87718139e-02
-1.39501303e-01
6.75782830e-02
2.96151110e-01
-6.19980184e-02
4.12333530e-02
1.02568853e-01
0.00000000e+00
-4.54576209e-01
-1.04479803e+00
3.80709310e-01
4.15641558e-01
2.42978245e-01
-2.67621337e-02
5.18158125e-02
-1.27247049e-01
-2.10204875e-01
2.02522577e-01
2.46635775e-01
4.20200060e-02
1.03228026e-01
0.00000000e+00
2.78545864e-01
-1.36966092e-01
2.29111769e-02
-3.90480326e-01
-1.32345695e-01
-4.58745579e-01
0.00000000e+00
-2.11471241e-01
-3.81910737e-01
1.92807600e-01
-2.56173591e-01
1.87774987e-01
-1.55156901e-01
-5.05662607e-01
-5.13896911e-01
-4.48705154e-01
7.65094120e-01
2.80553934e-01
4.23576744e-01
3.95742654e-01
1.65647487e-01
-1.25159887e+00
-1.16874611e-01
0.00000000e+00
0.00000000e+00
0.00000000e+00
1.38527751e-01
-1.20854159e-01
-1.51316824e-01
-3.58481240e-01
-6.02334940e-01
8.44701649e-02
5.57598608e-01
-7.22505271e-01
7.38597524e-01
0.00000000e+00
1.32277367e+00
4.47810853e-01
-8.91920719e-01
9.05969122e-02
4.10624007e-01
-1.12744898e+00
-3.40398771e-03
-5.27202814e-01
6.85682118e-02
5.29026626e-01
-1.24439642e-01
0.00000000e+00
0.00000000e+00
0.00000000e+00
-4.02936900e-03
1.82798861e-01
1.34063140e-01
1.53206397e-01
-6.08899431e-01
4.07710538e-02
-4.54236385e-02
1.72465309e-01
-7.27003507e-02
0.00000000e+00
-6.39108890e-02
1.89688472e-01
-1.41179748e-01
1.25825647e-01
-4.19395849e-01
4.37841966e-01
1.57894255e-01
-3.67081280e-01
2.67219982e-02
-2.30961849e-02
-1.18566544e+00
0.00000000e+00
0.00000000e+00
0.00000000e+00
1.06622026e-01
-6.69133369e-01
-5.34312053e-02
2.09928384e-01
-4.36753773e-01
6.70374386e-01
6.17357361e-01
6.30103647e-02
-1.60461551e-01
0.00000000e+00
3.51464006e-01
-4.12053069e-01
-9.56163354e-01
1.71722330e-01
5.49703488e-02
1.70645597e-01
-7.51898535e-02
-5.72382574e-01
2.18261902e-02
-2.88017680e-01
-2.13304827e-01
0.00000000e+00
0.00000000e+00
0.00000000e+00
3.68893215e-02
-5.49338273e-01
2.15764821e-01
2.00326977e-01
-1.46647343e-01
3.20646010e-01
-6.48733507e-02
2.17603964e-01
-1.36515410e-01
0.00000000e+00
7.14615085e-02
-5.20008069e-01
-3.11777077e-01
1.87237779e-01
-3.94137119e-03
1.34847730e-01
3.07854715e-01
-3.08255238e-01
-7.22191524e-02
2.07637632e-01
136
1.89450321e-01
4.67051660e-01
-1.36957468e-02
-1.09173723e-01
1.33275166e-03
-1.37325485e-01
1.85793836e-03
-3.11021322e-02
-1.79652420e-04
5.48963105e-02
7.86707127e-02
7.13251592e-02
0.00000000e+00
0.00000000e+00
0.00000000e+00
0.00000000e+00
0.00000000e+00
0.00000000e+00
0.00000000e+00
0.00000000e+00
-3.12821414e-02
8.95115142e-03
-7.11136582e-02
-1.25610009e-02
2.71404721e-02
1.92262929e-01
7.65559623e-02
0.00000000e+00
-5.52976988e-01
2.62473590e-01
2.39918168e-01
0.00000000e+00
-6.25836337e-01
3.13241431e-01
2.14095643e-01
0.00000000e+00
-1.41712866e-01
-8.19526765e-03
3.56654549e-01
0.00000000e+00
1.09369224e-01
-1.68132696e-01
1.81073315e-01
0.00000000e+00
0.00000000e+00
0.00000000e+00
4.17605049e-01
-8.73943630e-03
7.21812377e-02
2.31864656e-01
-9.05014862e-01
0.00000000e+00
-1.22682354e+00
3.87438971e-01
-2.32672106e-01
-1.07731154e+00
1.99570674e-01
-3.39309334e-02
-6.39707059e-02
1.43090846e-01
-2.28082633e-01
-4.20269821e-01
1.70403799e-01
5.27693422e-01
2.27568012e-02
-1.22276494e+00
1.24675809e-01
6.30912263e-02
-1.50091513e-01
1.02279595e-01
-2.26994397e-01
0.00000000e+00
1.48651336e-01
-3.37910115e-01
1.18919989e-01
-2.77070064e-01
0.00000000e+00
2.19517767e-01
3.43724828e-02
1.31806374e-01
-4.32111204e-01
-1.70622799e-02
1.79735817e-01
2.28133997e-01
1.26303537e-01
-1.88983351e-01
5.25659923e-03
-1.13209607e+00
-7.21099670e-01
0.00000000e+00
0.00000000e+00
0.00000000e+00
3.61992307e-01
-9.31539330e-01
8.79789143e-02
2.68121638e-01
-1.44243679e+00
-1.06544098e-02
4.47788457e-01
1.48498367e-01
-5.14463528e-02
0.00000000e+00
1.12320980e+00
-1.62664203e-01
-1.02441203e+00
4.36199506e-01
4.14071614e-01
-1.32005538e-01
2.37147895e-01
-9.78188804e-01
-9.53610002e-02
5.82600299e-01
-1.46702617e+00
0.00000000e+00
0.00000000e+00
0.00000000e+00
3.23885495e-01
-2.39144454e+00
1.17224910e-01
5.91617551e-01
-1.14092539e+00
5.10254276e-01
8.14730088e-01
3.70410365e-01
-2.77728555e-01
0.00000000e+00
8.88059412e-01
-5.97180573e-01
-1.04794668e+00
7.33144332e-01
-3.24856060e-01
4.89597131e-01
2.40367645e-01
-1.14948985e+00
7.51192724e-03
3.75742340e-01
16 1
-9.1432e-01 4.0935e-01
8 1
1 0 2 4 7 5 18 8 
217
-3.20720802e-03
-2.28200432e-02
1.41211436e-03
-1.90634579e-01
-1.85431071e-02
1.73836670e-01
1.01492643e-01
3.34705133e-01
-6.15612085e-01
9.52085451e-01
6.86475739e-01
-4.78659156e-01
0.00000000e+00
0.00000000e+00
-1.52007065e-01
8.55923338e-03
3.81283027e-01
1.48799857e-01
-1.00373865e-02
6.37201434e-01
0.00000000e+00
0.00000000e+00
0.00000000e+00
0.00000000e+00
0.00000000e+00
0.00000000e+00
0.00000000e+00
-7.36018703e-02
7.09228053e-02
0.00000000e+00
0.00000000e+00
0.00000000e+00
0.00000000e+00
0.00000000e+00
0.00000000e+00
0.00000000e+00
0.00000000e+00
-2.35343113e-02
-4.64654320e-03
-1.13949867e-01
-8.87795906e-02
2.53862572e-01
-2.85065400e-01
2.58905932e-01
0.00000000e+00
-4.95761806e-01
2.13362582e-01
5.71794607e-02
0.00000000e+00
-5.34315957e-01
1.67091053e-01
3.59500750e-01
0.00000000e+00
1.94380452e-01
-6.48463969e-01
2.99902335e-01
0.00000000e+00
4.61743030e-01
-5.56448297e-01
4.78623159e-01
-1.47103699e-01
-2.05481154e-01
3.49377645e-01
0.00000000e+00
-8.24458632e-01
-9.61251935e-01
5.74620590e-01
-4.93091075e-01
2.46630834e-01
-1.81983214e-01
0.00000000e+00
-3.73954281e-01
-1.74628202e+00
5.07306009e-01
7.64008649e-01
-1.36558936e-01
-1.18474510e-01
0.00000000e+00
-3.79400945e-01
-1.14178010e+00
4.05598115e-01
-1.00710877e-01
-2.94043777e-02
-2.81575402e-01
0.00000000e+00
-2.32943918e-01
-1.07702721e+00
4.55137325e-01
3.98970964e-01
-2.25400615e-01
-9.61884372e-01
0.00000000e+00
-1.43439545e-01
6.18071894e-02
4.44702227e-02
-1.87841869e-01
9.57621145e-02
1.01989064e+00
0.00000000e+00
-2.30184023e-01
-2.76616261e-01
6.75610797e-02
-7.04749813e-01
1.59415735e-01
9.12907991e-02
0.00000000e+00
-1.55884599e-01
-1.86132001e-01
1.82298956e-01
-5.09086640e-02
-2.96215651e-02
-9.46504706e-01
0.00000000e+00
-4.90612671e-01
-1.01890558e-01
4.32154560e-01
-2.18699591e-01
5.52509029e-02
-2.01290640e-01
3.01229966e-01
-8.33458399e-01
-7.11482623e-01
0.00000000e+00
0.00000000e+00
0.00000000e+00
2.50859794e-01
-2.43032321e-01
-4.15546188e-01
3.34352254e-01
-1.33562903e+00
4.89014732e-01
5.61806809e-01
-3.73392812e-02
-2.14293958e-02
0.00000000e+00
1.72686910e-01
-1.13492525e+00
-9.23038837e-01
7.96790138e-01
1.24227017e+00
1.12194936e-01
1.90854294e-01
-5.84262827e-01
2.28833846e-01
-3.95943376e-01
-2.45438986e-01
0.00000000e+00
0.00000000e+00
0.00000000e+00
-3.89789228e-02
-1.96766410e+00
1.19516577e-01
5.88449299e-02
3.77952883e-01
-1.59978241e-02
1.45196856e-01
3.27328365e-01
-1.49966659e-01
0.00000000e+00
4.50757263e-01
4.32484029e-01
-6.03871826e-01
-8.81774474e-02
-7.18400049e-01
2.24949218e-01
9.22448455e-02
1.46272832e-01
3.46909172e-01
6.15160875e-01
-1.11995327e+00
0.00000000e+00
0.00000000e+00
0.00000000e+00
1.32255524e-02
-2.65801328e+00
2.09584142e-01
9.24831155e-01
-1.06250234e+00
6.64933013e-01
1.11462167e+00
-1.34281779e-01
3.43685307e-01
0.00000000e+00
5.39986763e-01
-6.50456824e-01
-1.11841255e+00
1.20135790e+00
-5.01137145e-01
1.57716734e-01
2.98225736e-01
-9.85078862e-01
2.66293496e-01
2.55468039e-01
-2.61427992e-01
0.00000000e+00
0.00000000e+00
0.00000000e+00
1.63860439e-01
4.48672227e-01
-1.14800792e-02
-2.53449089e-01
3.10416301e-01
-1.96405818e-01
-3.23941047e-01
3.33844417e-01
-4.63295350e-01
0.00000000e+00
1.63102832e-01
-2.59397109e-02
3.59986962e-01
-3.63572542e-01
8.07472447e-02
2.24452845e-01
-3.60998416e-02
-1.22028349e-01
-6.19894393e-01
6.95949630e-02
136
2.02271855e-02
-2.11974393e-01
9.61940322e-03
2.32201578e-01
-7.60087833e-03
0.00000000e+00
0.00000000e+00
0.00000000e+00
0.00000000e+00
0.00000000e+00
2.75801693e-01
9.90236836e-02
0.00000000e+00
0.00000000e+00
0.00000000e+00
0.00000000e+00
0.00000000e+00
0.00000000e+00
0.00000000e+00
0.00000000e+00
-5.06821084e-01
-4.23192669e-01
-2.98259875e-01
-1.12328846e-01
1.57334151e-01
4.57526959e-01
7.45968549e-01
0.00000000e+00
-9.92794668e-01
1.11119509e-01
3.33363933e-01
0.00000000e+00
-9.46285907e-01
2.13036866e-01
4.62936288e-01
0.00000000e+00
-3.71345809e-01
-4.22296984e-01
5.92678036e-01
0.00000000e+00
2.31236392e-01
6.03020185e-02
6.58429979e-01
0.00000000e+00
0.00000000e+00
0.00000000e+00
0.00000000e+00
1.00856094e+00
-1.12813576e-01
4.23426852e-01
-8.45335505e-01
0.00000000e+00
-1.98934246e+00
3.93930808e-01
-5.19658373e-01
-1.10403986e+00
0.00000000e+00
9.27309382e-01
2.30937592e-02
2.88657858e-01
-4.73404633e-01
-6.02769800e-01
-1.17465014e-01
4.29266532e-01
-8.57907406e-02
-1.02390982e+00
0.00000000e+00
6.62903661e-01
5.40905497e-03
1.72912755e-01
-2.47855390e-01
0.00000000e+00
-6.64779923e-01
-5.50029106e-01
-1.96931618e-02
-3.72597765e-01
0.00000000e+00
-9.94701052e-02
-7.20792118e-02
5.50055075e-02
-3.06854991e-01
0.00000000e+00
1.38993463e+00
5.13054484e-01
3.22663924e-01
-5.39787530e-01
-1.05349362e-01
-7.38455747e-01
-1.22734072e+00
0.00000000e+00
0.00000000e+00
0.00000000e+00
1.13974406e-01
-9.26793153e-01
-6.81129293e-02
3.93937843e-01
-8.67163342e-01
2.63273117e-01
3.37952037e-01
4.92929956e-01
-5.63234422e-01
0.00000000e+00
4.41941430e-01
-6.28868488e-01
-1.26828182e+00
5.97933135e-01
5.15716273e-01
3.38399054e-01
8.93856297e-02
-6.85953573e-01
2.72619650e-01
-7.69955243e-02
-1.29101697e+00
0.00000000e+00
0.00000000e+00
0.00000000e+00
1.80125614e-01
-2.30074978e+00
1.83440832e-01
6.30481422e-01
-7.65626359e-01
8.10785632e-01
8.40458978e-01
2.85390189e-01
-1.35035933e-01
0.00000000e+00
7.79910130e-01
-7.45168544e-01
-9.54448740e-01
6.90585711e-01
-7.98991319e-01
4.02192977e-01
2.50143313e-01
-1.01086168e+00
6.25206896e-02
3.03829896e-01
10 1
-8.4943e-01 4.1410e-01
8 1
1 0 2 4 7 5 18 8 
217
2.20585070e-01
1.36711778e-01
-1.02642429e-01
-1.62528903e-01
-1.97104115e-01
-5.58421395e-02
-1.59970203e-01
4.99314811e-02
2.84341083e-01
-4.49378734e-01
5.66983225e-01
4.90178172e-01
0.00000000e+00
0.00000000e+00
-2.65258157e-01
1.13197880e-02
4.39942080e-01
4.85843228e-01
-4.55203484e-03
5.20844731e-01
0.00000000e+00
0.00000000e+00
0.00000000e+00
0.00000000e+00
0.00000000e+00
0.00000000e+00
0.00000000e+00
1.11360915e-01
1.09224156e-01
0.00000000e+00
0.00000000e+00
0.00000000e+00
0.00000000e+00
0.00000000e+00
0.00000000e+00
0.00000000e+00
0.00000000e+00
-2.36797490e-01
-1.60305567e-01
-6.74685429e-02
4.05129992e-02
2.19524890e-01
2.86091143e-01
1.39027638e-01
0.00000000e+00
-6.77580084e-01
2.75877614e-01
1.72236393e-01
0.00000000e+00
-5.73841147e-01
2.50945387e-02
3.93124140e-01
0.00000000e+00
3.30987131e-01
-6.52419053e-01
3.17672484e-01
0.00000000e+00
7.97336701e-01
-3.71042766e-01
1.83139118e-01
-2.73524893e-01
-4.83415274e-03
4.98944117e-01
0.00000000e+00
-7.22489666e-01
-6.68321883e-01
6.25668485e-01
-6.87746910e-01
3.17406251e-01
1.47976569e-01
0.00000000e+00
-1.23097399e-01
-1.21883887e+00
2.42602212e-01
7.47947471e-01
1.01080257e-01
8.95587100e-01
0.00000000e+00
-2.33225514e-01
-3.29725445e-01
4.21641486e-01
-2.92087643e-01
3.21690991e-02
-3.28939683e-03
0.00000000e+00
-3.85088545e-01
-6.30313053e-01
1.03136431e-01
4.90269594e-01
5.02537184e-01
1.92963221e-01
0.00000000e+00
8.47801018e-02
5.81112976e-02
1.06199085e-01
-1.35856427e-01
2.96058838e-02
3.76541902e-02
0.00000000e+00
1.79362728e-01
-3.03745824e-01
1.31294778e-01
-4.22327378e-01
-9.00724355e-02
-4.69557043e-01
0.00000000e+00
-2.81130450e-01
-4.62139941e-01
1.43389058e-01
-4.25665605e-02
3.58326463e-01
4.99618253e-01
0.00000000e+00
-3.77028076e-01
-2.33111482e-01
2.15354743e-01
7.64316632e-01
3.82258404e-01
2.47494280e-01
-3.37111539e-01
-1.00734439e+00
-5.86452402e-01
0.00000000e+00
0.00000000e+00
0.00000000e+00
-3.31897211e-01
3.10028116e-01
-1.71241970e-01
-3.62602329e-01
-1.52757143e+00
6.05255268e-01
6.81851206e-01
2.74139686e-01
-2.86558025e-01
0.00000000e+00
7.40824365e-01
8.34509740e-01
-1.67408916e+00
1.31375907e-01
8.55223882e-01
3.67901649e-01
-3.22833935e-01
-5.96752463e-01
-1.01920604e-01
-1.20950946e-02
-3.28185575e-01
0.00000000e+00
0.00000000e+00
0.00000000e+00
5.66447474e-02
-7.44407200e-01
9.23035102e-02
4.83094716e-01
1.47609889e-01
1.07669795e-01
-1.44136306e-01
-1.34786596e-01
1.07081038e-01
0.00000000e+00
-2.24054708e-01
-4.69883044e-01
3.03723045e-01
3.60476574e-01
-8.22567353e-01
1.16593400e-01
5.96660393e-01
-4.38196662e-01
1.39448207e-01
1.38540981e-01
-1.33186523e+00
0.00000000e+00
0.00000000e+00
0.00000000e+00
9.54187321e-02
-1.19960571e+00
2.17380987e-01
9.33287591e-02
-1.23912055e+00
3.43209224e-01
9.54574312e-01
5.85382590e-01
-3.68137358e-01
0.00000000e+00
5.74794100e-01
-5.88771972e-01
-1.09761949e+00
1.15006299e+00
-4.71580647e-01
3.55958407e-01
1.55374115e-01
-8.81991584e-01
1.15046565e-01
-1.25568705e-01
-4.64009151e-02
0.00000000e+00
0.00000000e+00
0.00000000e+00
8.73903614e-02
-9.21793587e-01
-1.08239931e-01
4.40764674e-01
2.03613646e-01
2.37176772e-01
-3.52916308e-01
-2.28092827e-01
4.42209746e-01
0.00000000e+00
-2.47150743e-03
8.77468159e-03
2.49075202e-01
-3.42526551e-01
9.36192255e-02
3.65463634e-02
-4.53771908e-02
-6.34041478e-02
-1.54798996e-02
2.34730362e-01
136
-1.81538501e-01
-3.37697117e-01
9.58926849e-03
1.56158616e-01
-6.24197074e-03
0.00000000e+00
0.00000000e+00
0.00000000e+00
0.00000000e+00
0.00000000e+00
1.51967253e-01
8.06018572e-02
0.00000000e+00
0.00000000e+00
0.00000000e+00
0.00000000e+00
0.00000000e+00
0.00000000e+00
0.00000000e+00
0.00000000e+00
-5.91462437e-01
-4.74324240e-01
-3.59035200e-01
-1.42052725e-01
1.99960046e-01
4.21629255e-01
7.63746801e-01
0.00000000e+00
-9.59606379e-01
4.53771095e-02
2.79148314e-01
0.00000000e+00
-9.44153829e-01
3.14429101e-01
4.65258811e-01
0.00000000e+00
-4.22576970e-01
-4.52474623e-01
5.74816729e-01
0.00000000e+00
2.33404015e-01
3.14223377e-02
5.79676668e-01
0.00000000e+00
0.00000000e+00
0.00000000e+00
0.00000000e+00
1.13556035e+00
-2.48085595e-02
4.15471957e-01
-9.60718252e-01
0.00000000e+00
-2.01919295e+00
3.22393904e-01
-5.23279364e-01
-1.02746013e+00
0.00000000e+00
1.04415603e+00
5.53239551e-02
2.73036915e-01
-4.74139039e-01
-5.78561607e-01
-1.13298544e-01
4.06700438e-01
-7.75244229e-02
-1.21518141e+00
0.00000000e+00
5.96268657e-01
3.84155738e-02
1.60236997e-01
-1.23959534e-01
0.00000000e+00
-8.82293802e-01
-5.47059186e-01
-7.26443456e-02
-3.76261332e-01
0.00000000e+00
-2.01090200e-01
-9.60379445e-02
3.37565766e-02
-3.02561814e-01
0.00000000e+00
1.88360483e+00
4.19878210e-01
4.57324796e-01
-3.77718574e-01
2.03615851e-01
-7.76032494e-01
-9.98743425e-01
0.00000000e+00
0.00000000e+00
0.00000000e+00
2.15682964e-01
-1.08472506e+00
-9.94751110e-02
3.63920072e-01
-9.03451598e-01
2.26514753e-01
5.00053651e-01
5.29877021e-01
-5.02010622e-01
0.00000000e+00
5.53631940e-01
-6.68279439e-01
-1.22452947e+00
6.44383757e-01
4.83277553e-01
2.91134192e-01
3.52728712e-02
-6.90226671e-01
3.71162287e-01
-4.09565179e-02
-1.32526677e+00
0.00000000e+00
0.00000000e+00
0.00000000e+00
2.06493378e-01
-2.26046014e+00
2.15660324e-01
6.91929879e-01
-8.80605843e-01
7.93059566e-01
8.33893774e-01
2.93135440e-01
-2.01015288e-01
0.00000000e+00
7.48927288e-01
-8.15192826e-01
-9.59258096e-01
6.77032863e-01
-6.87170453e-01
4.55652638e-01
2.66519895e-01
-1.05443386e+00
4.74054729e-04
3.50090635e-01
9 1
-9.5116e-01 4.2878e-01
8 1
1 0 2 4 7 5 18 8 
217
5.47849538e-01
-1.62527386e-01
-4.96589754e-01
-1.16709014e-01
7.34732410e-02
-1.25534338e-01
-1.17274407e-02
1.56883458e-01
-9.06843125e-02
6.36191434e-02
7.79117136e-01
-3.84622211e-01
0.00000000e+00
0.00000000e+00
-1.76367718e-01
1.64993545e-02
3.54500884e-01
7.24217257e-01
-6.02710434e-03
5.64271936e-01
0.00000000e+00
0.00000000e+00
0.00000000e+00
0.00000000e+00
0.00000000e+00
0.00000000e+00
0.00000000e+00
2.68177796e-01
2.79671742e-01
0.00000000e+00
0.00000000e+00
0.00000000e+00
0.00000000e+00
0.00000000e+00
0.00000000e+00
0.00000000e+00
0.00000000e+00
-1.65442842e-01
-5.95212289e-03
-7.28237199e-02
-5.33436191e-03
1.47790544e-01
6.04990634e-01
4.46214076e-02
0.00000000e+00
-4.18857088e-01
2.75509556e-01
1.06951864e-01
0.00000000e+00
-3.89942305e-01
-6.82100144e-02
3.38114697e-01
0.00000000e+00
-6.65114355e-02
-5.53205376e-01
5.54140802e-01
0.00000000e+00
7.97067921e-01
-1.99034426e-01
1.71825341e-01
1.29258603e-01
-2.55544343e-01
6.74135278e-01
0.00000000e+00
-5.44940260e-01
-1.08206656e+00
6.61133053e-01
-6.58673272e-01
4.31656745e-01
-3.37607049e-02
0.00000000e+00
-7.82429065e-02
-8.63983007e-01
3.63986685e-01
7.86245068e-01
2.62105760e-01
1.16052899e+00
0.00000000e+00
-1.01971677e-01
-3.16527074e-01
5.12288397e-01
-3.79748400e-01
1.37532819e-01
3.47668404e-01
0.00000000e+00
-1.56433289e-01
-1.12532743e+00
2.85309494e-01
4.17702882e-01
4.18973334e-01
6.31212740e-01
0.00000000e+00
2.30408356e-01
-7.22302770e-02
1.99646238e-01
-6.90299271e-02
1.17794945e-01
2.88104568e-01
0.00000000e+00
2.10285955e-01
-1.54973610e-01
2.27721245e-01
-5.80663324e-01
1.09842338e-01
9.77609944e-03
0.00000000e+00
1.46296137e-01
-7.85615837e-01
3.61264796e-01
1.09883587e-01
4.02886046e-02
-2.03215476e-01
0.00000000e+00
-3.95850667e-01
-5.10220577e-01
6.12651685e-01
3.54764804e-01
3.31048521e-01
2.77792024e-01
-3.09321575e-01
-9.26688072e-01
-6.52570635e-01
0.00000000e+00
0.00000000e+00
0.00000000e+00
1.13619292e-01
-8.36162399e-01
3.81452049e-02
9.47538611e-01
-2.08438819e+00
6.96725577e-01
1.22275414e+00
-1.85922451e-01
-1.56956429e-01
0.00000000e+00
7.86171145e-01
3.01510395e-01
-1.61298120e+00
1.16066066e-01
1.27064290e+00
6.75260472e-01
3.81521054e-01
-2.02638434e+00
-3.61044413e-01
6.13139212e-02
-3.44116783e-01
0.00000000e+00
0.00000000e+00
0.00000000e+00
-9.79421863e-03
-1.56744094e-01
-2.33159176e-01
-6.49838333e-01
7.37544708e-01
-5.43680398e-01
-4.33233853e-01
1.80684104e-01
5.37551520e-02
0.00000000e+00
1.09218534e-01
-3.66733711e-01
-1.36993198e-01
1.20721194e-01
-8.68708594e-01
1.86388449e-01
3.69922161e-01
8.85675119e-01
3.68277826e-01
4.25815450e-02
-1.13749753e+00
0.00000000e+00
0.00000000e+00
0.00000000e+00
8.59494707e-02
-1.19273421e+00
1.86830871e-01
1.54649386e-01
-1.18580143e-02
4.63602094e-01
4.09898480e-01
2.23749371e-02
-2.09978186e-01
0.00000000e+00
4.02194551e-01
-8.51779085e-01
-1.13598357e+00
5.47404444e-01
-3.77581753e-01
1.73759421e-01
3.61719171e-01
-3.84363666e-01
1.30185289e-01
8.82128281e-02
-2.99103231e-01
0.00000000e+00
0.00000000e+00
0.00000000e+00
9.34872418e-02
-1.17349772e+00
1.28129543e-01
3.15023244e-01
-8.41905735e-01
3.92451782e-02
2.82455908e-01
2.70211745e-01
5.54176049e-02
0.00000000e+00
1.89417550e-01
-1.58429770e-01
2.78090488e-03
5.27924136e-01
-1.43938600e-02
2.98947660e-01
-1.36991730e-01
-3.76727756e-01
2.83644901e-02
1.71438136e-01
136
-9.36559848e-02
-2.62821004e-01
8.36035656e-03
1.69165019e-01
-7.04296421e-03
0.00000000e+00
0.00000000e+00
0.00000000e+00
0.00000000e+00
0.00000000e+00
1.78104107e-01
1.49047635e-01
0.00000000e+00
0.00000000e+00
0.00000000e+00
0.00000000e+00
0.00000000e+00
0.00000000e+00
0.00000000e+00
0.00000000e+00
-5.60292524e-01
-4.21885409e-01
-3.17858936e-01
-1.09864811e-01
9.07666011e-02
4.78947158e-01
7.46531937e-01
0.00000000e+00
-9.80769096e-01
5.42368624e-02
3.22509319e-01
0.00000000e+00
-1.04457817e+00
2.67390490e-01
4.35410235e-01
0.00000000e+00
-3.99407903e-01
-4.45608959e-01
6.47813920e-01
0.00000000e+00
1.61352624e-01
1.35891148e-01
6.85564817e-01
0.00000000e+00
0.00000000e+00
0.00000000e+00
0.00000000e+00
1.13927409e+00
-6.87022428e-02
4.32892362e-01
-1.00449031e+00
0.00000000e+00
-2.19686382e+00
2.98542696e-01
-5.78677554e-01
-1.00424157e+00
0.00000000e+00
1.11291743e+00
1.30335618e-01
2.93167829e-01
-5.94798396e-01
-7.06124527e-01
-1.78639288e-01
3.73995908e-01
-6.97281138e-02
-1.06573073e+00
0.00000000e+00
8.35408680e-01
4.22311560e-02
2.11636984e-01
-1.17618292e-01
0.00000000e+00
-7.32407147e-01
-5.17281291e-01
-5.13861964e-02
-3.48734703e-01
0.00000000e+00
-2.02763826e-01
-8.40845040e-02
1.20382168e-02
-1.99717807e-01
0.00000000e+00
1.56121326e+00
4.07605266e-01
3.99897883e-01
-3.57845784e-01
1.91074267e-01
-7.02797213e-01
-9.92724715e-01
0.00000000e+00
0.00000000e+00
0.00000000e+00
1.52657930e-01
-9.15991702e-01
-8.32648747e-02
3.74790525e-01
-9.09846773e-01
2.85487586e-01
4.37637462e-01
5.31032351e-01
-4.81508784e-01
0.00000000e+00
5.38936719e-01
-4.95236781e-01
-1.19774640e+00
6.09086209e-01
4.45030258e-01
2.44539819e-01
-7.70893117e-02
-7.21796967e-01
3.08218269e-01
-3.76602449e-02
-1.29622722e+00
0.00000000e+00
0.00000000e+00
0.00000000e+00
2.08039159e-01
-2.30061839e+00
2.34767050e-01
6.13212343e-01
-9.18445313e-01
8.45730994e-01
8.21575928e-01
3.06674326e-01
-7.49317201e-02
0.00000000e+00
7.68787339e-01
-7.28763162e-01
-9.40206937e-01
6.58102193e-01
-6.89093940e-01
4.47154021e-01
2.78230894e-01
-1.09903423e+00
-5.87160535e-03
2.78463825e-01
12 1
-9.8440e-01 4.7424e-01
8 0
1 0 2 4 7 5 18 8 
217
2.33886053e-01
-3.52458407e-01
3.70946480e-02
-3.84287792e-02
-2.01106765e-01
2.69773435e-01
1.93503718e-01
-2.76884606e-02
2.57453486e-01
7.17892807e-02
1.78134007e-02
7.42197596e-02
-3.37777873e-02
-6.85305435e-02
-1.28099931e-01
1.89606693e-02
1.71001764e-01
-5.22889122e-01
8.92333967e-03
4.36654825e-01
3.45881768e-01
1.93923329e-03
2.00758825e-01
5.38993337e-01
4.15853599e-04
1.37887801e-01
1.57406728e-01
3.32888979e-02
4.31904270e-02
0.00000000e+00
0.00000000e+00
0.00000000e+00
0.00000000e+00
0.00000000e+00
0.00000000e+00
0.00000000e+00
0.00000000e+00
-3.20150262e-01
-2.47889475e-01
-1.09522105e-01
6.14621786e-02
3.04179912e-01
3.33820706e-01
2.11985097e-01
0.00000000e+00
-5.90546771e-01
-1.09581511e-01
2.11364049e-01
0.00000000e+00
-4.30268389e-01
3.37963963e-01
2.53826247e-01
0.00000000e+00
9.47489250e-02
-3.19621166e-01
5.68030124e-01
0.00000000e+00
1.14018449e-01
-2.32299191e-01
3.36251323e-01
-7.76704446e-02
7.28965049e-02
2.38659992e-01
5.18556664e-02
-3.75393571e-01
-2.31994083e-01
2.93406820e-01
-9.90488022e-01
2.64017137e-01
2.09213345e-01
0.00000000e+00
-8.10336948e-01
-1.08734145e+00
6.49612526e-01
7.30635532e-01
3.96321313e-01
2.80580106e-01
-5.45608360e-02
-9.10455130e-02
-2.93497390e-01
2.43504905e-01
7.64708388e-02
1.35987497e-01
9.83520347e-02
0.00000000e+00
-3.27242411e-01
-1.60241823e+00
4.28170028e-01
3.41028216e-01
1.32958436e-01
-1.90628752e-01
1.10767745e-01
-1.64683105e-01
-3.68769481e-01
3.24731853e-01
1.11604102e-01
-3.69304408e-02
-8.66913830e-03
0.00000000e+00
1.88824884e-01
-1.43180605e-01
5.25651114e-03
-3.59728606e-01
3.98046575e-02
-9.60357262e-02
0.00000000e+00
4.85950040e-02
-2.99149792e-01
6.50138650e-02
-1.06230853e-01
1.20277184e-01
-1.39188783e-01
-4.90875035e-01
-3.56730669e-01
-3.28721297e-01
6.31228293e-01
5.69871112e-01
4.50263464e-01
2.69707623e-01
-4.38105061e-02
-1.28427877e+00
-3.99685922e-01
0.00000000e+00
0.00000000e+00
0.00000000e+00
6.16397855e-02
-3.99669055e-01
9.45971163e-02
3.24337776e-01
-6.36731995e-01
-6.19640558e-01
4.66201674e-01
-6.95186538e-01
8.57880138e-01
0.00000000e+00
1.30998065e+00
2.60731442e-01
-5.07131405e-01
-1.30358369e-01
-1.38724324e-01
-6.76829799e-01
-2.96160698e-03
-1.63188916e-01
-1.30932033e-01
3.26300091e-01
-1.80375568e-01
0.00000000e+00
0.00000000e+00
0.00000000e+00
6.91907187e-04
2.46545628e-01
5.10918954e-02
-6.07635934e-02
-6.59376268e-01
3.68313483e-01
9.84336375e-02
2.99399645e-01
-4.23523311e-01
0.00000000e+00
3.37273434e-02
-1.89053411e-01
-4.21421315e-01
1.52650513e-01
1.48386794e-01
3.07431468e-01
1.29766508e-01
-3.29478005e-01
-1.77766098e-01
2.44567611e-01
-1.37051624e+00
0.00000000e+00
0.00000000e+00
0.00000000e+00
7.10244633e-02
-7.07555622e-01
-2.07563100e-01
-2.22424515e-02
-5.75560542e-01
3.81044367e-01
3.70086919e-01
5.64847611e-01
-8.67545881e-03
0.00000000e+00
4.23520958e-01
-4.39292915e-01
-9.72778277e-01
1.46884652e-01
-4.62397781e-02
5.58913867e-01
-1.07745398e-01
-6.73053277e-01
-6.04830014e-02
-6.56492586e-02
-2.03211746e-01
0.00000000e+00
0.00000000e+00
0.00000000e+00
2.06364476e-01
-8.20840089e-01
1.45574465e-01
4.08000364e-01
-4.70888169e-01
3.66300076e-01
2.17348437e-01
-1.94663444e-02
-2.40215760e-01
0.00000000e+00
2.37390106e-01
-4.31477519e-01
-2.41191722e-01
1.64155487e-01
-2.46990961e-03
1.35027939e-01
3.17752725e-01
-3.83165637e-01
-4.08971951e-02
2.49486524e-01
136
1.59371311e-01
-1.69062274e-01
2.28483852e-02
-4.11309690e-02
4.33464336e-03
1.06865419e-01
2.65163132e-03
2.62699135e-01
-1.75255354e-04
-2.14597798e-02
6.96824541e-02
1.14696338e-01
0.00000000e+00
0.00000000e+00
0.00000000e+00
0.00000000e+00
0.00000000e+00
0.00000000e+00
0.00000000e+00
0.00000000e+00
-7.34544082e-02
-1.26061977e-02
-7.06940638e-02
-3.09377397e-02
7.42014325e-02
2.78130047e-01
-4.53817566e-03
0.00000000e+00
-5.22731140e-01
1.90727478e-01
1.89610643e-01
0.00000000e+00
-5.86928602e-01
2.95215156e-01
2.21577946e-01
0.00000000e+00
-9.99727573e-02
2.04443566e-02
3.26917391e-01
0.00000000e+00
1.00884344e-01
-1.23719235e-01
1.39715016e-01
0.00000000e+00
0.00000000e+00
0.00000000e+00
4.28045157e-01
-3.77466868e-02
-1.43295079e-03
2.36364154e-01
-8.05909721e-01
0.00000000e+00
-1.11761144e+00
4.05454924e-01
-2.22312893e-01
-1.02716775e+00
1.05712527e-01
6.91415805e-03
-2.93318246e-02
1.14623242e-01
-2.21809104e-01
-4.43735977e-01
1.48584964e-01
5.08041463e-01
6.46132996e-03
-1.07876197e+00
1.25015710e-01
-2.14605449e-02
-6.10086994e-02
6.01512320e-02
-2.34434946e-01
0.00000000e+00
6.68115981e-02
-3.81045213e-01
1.00111662e-01
-2.51791872e-01
0.00000000e+00
1.93355938e-01
3.37725296e-02
1.13876116e-01
-4.33675140e-01
-2.07657494e-02
1.29416274e-01
2.30905305e-01
1.17294289e-01
-2.32927772e-01
2.34329954e-02
-1.14754030e+00
-6.77250449e-01
0.00000000e+00
0.00000000e+00
0.00000000e+00
3.51990902e-01
-8.00901025e-01
4.53279093e-02
1.79801520e-01
-1.43742073e+00
-1.38113257e-02
4.22934204e-01
1.04578945e-01
4.78872804e-02
0.00000000e+00
1.10019306e+00
3.97260631e-02
-1.04823642e+00
4.08307160e-01
3.55830774e-01
-1.99249038e-01
2.42173118e-01
-9.67499101e-01
-4.08772615e-02
5.31993518e-01
-1.48468994e+00
0.00000000e+00
0.00000000e+00
0.00000000e+00
3.08739744e-01
-2.22296245e+00
1.09541002e-01
5.80590936e-01
-1.11045478e+00
6.75220676e-01
7.47581672e-01
3.89579905e-01
-2.68599761e-01
0.00000000e+00
8.19838080e-01
-6.23189275e-01
-1.08776924e+00
6.16996904e-01
-2.76348271e-01
4.69603594e-01
2.89327916e-01
-1.21922219e+00
-1.13248293e-03
3.17968076e-01
