0 6 -999999999 -1 -1
1 2 0 -1 -1
0.02863 0.4536
356
4.51033988e-01
3.96847091e-01
5.41868962e-02
9.26163413e-01
-6.72189469e-01
-8.03196322e-01
5.81626093e-02
0.00000000e+00
0.00000000e+00
1.96423054e-01
-9.43781166e-02
0.00000000e+00
0.00000000e+00
3.28205567e-01
2.94203178e-01
3.03754669e-01
0.00000000e+00
0.00000000e+00
0.00000000e+00
0.00000000e+00
0.00000000e+00
0.00000000e+00
0.00000000e+00
0.00000000e+00
0.00000000e+00
0.00000000e+00
0.00000000e+00
0.00000000e+00
0.00000000e+00
0.00000000e+00
0.00000000e+00
0.00000000e+00
0.00000000e+00
0.00000000e+00
0.00000000e+00
0.00000000e+00
0.00000000e+00
0.00000000e+00
0.00000000e+00
0.00000000e+00
0.00000000e+00
0.00000000e+00
0.00000000e+00
0.00000000e+00
0.00000000e+00
0.00000000e+00
0.00000000e+00
0.00000000e+00
0.00000000e+00
0.00000000e+00
0.00000000e+00
-3.47867855e-01
-2.34889215e-01
8.27465950e-01
0.00000000e+00
0.00000000e+00
0.00000000e+00
0.00000000e+00
3.45000438e-01
-1.75974744e-01
2.49583754e-01
-1.49735120e-01
1.95621346e-01
2.11149083e-02
2.37487893e-01
-7.95661633e-01
-5.76659444e-01
-5.36647890e-01
1.47725294e-01
-8.41332744e-03
-5.17761657e-01
1.86222623e-01
3.73648031e-04
-7.51159364e-01
9.78878647e-02
-2.92553131e-04
-7.98564663e-01
1.91982064e-02
-1.60658180e-03
-5.22766446e-01
0.00000000e+00
0.00000000e+00
-8.42231742e-02
1.54399996e-01
5.02088346e-01
-3.90420175e-01
1.72889627e-02
2.51900032e-01
0.00000000e+00
0.00000000e+00
-2.72354558e-01
-2.48002338e-01
-5.15109072e-01
-4.69262472e-01
-4.35458703e-02
-1.00912944e-01
-5.69110005e-02
-2.24236148e-02
-6.57101480e-02
-7.51258977e-02
1.01474868e+00
1.32732522e-01
0.00000000e+00
0.00000000e+00
3.45650897e+00
2.07452063e+00
0.00000000e+00
0.00000000e+00
0.00000000e+00
0.00000000e+00
0.00000000e+00
0.00000000e+00
4.03883156e-01
2.69131845e-01
5.88352329e-02
-4.84134976e-01
-1.06195146e+00
-2.19123878e+00
0.00000000e+00
0.00000000e+00
0.00000000e+00
0.00000000e+00
0.00000000e+00
0.00000000e+00
1.03099214e+00
-9.65960888e-02
-2.25748402e-01
-4.20075413e-01
-7.46201400e-01
-1.16585748e+00
4.38212392e+00
4.43888303e+00
4.43737100e+00
4.48486228e+00
4.51978465e+00
4.44657215e+00
3.21719205e-01
3.20936021e-01
2.58529526e-01
2.20221504e-01
1.03421097e-01
-5.59485722e-01
1.34894574e-01
-2.52481338e-02
-1.69243967e-01
-1.55299074e-01
-2.18472511e-01
-4.87831216e-01
0.00000000e+00
0.00000000e+00
0.00000000e+00
0.00000000e+00
0.00000000e+00
0.00000000e+00
0.00000000e+00
0.00000000e+00
4.51033988e-01
3.29685772e-01
-2.25728280e+00
0.00000000e+00
-3.00408980e-01
-6.18486772e-01
-4.47783210e-01
-9.26927187e-01
-7.48192191e-01
0.00000000e+00
0.00000000e+00
0.00000000e+00
5.26796762e-01
-1.70562989e-01
-2.11235968e-01
1.59130286e-01
-1.67387879e+00
7.34694338e-01
-1.79188709e-03
-1.07066078e-01
1.80706820e-01
0.00000000e+00
8.97599828e-01
7.54093438e-01
-7.45669777e-01
1.00577029e-01
-3.48850650e-01
4.38298846e-02
1.61945311e-01
-1.13762427e+00
-3.82804553e-01
4.71919078e-01
1.99500591e-01
0.00000000e+00
0.00000000e+00
0.00000000e+00
6.07035114e-02
-7.60431423e-01
1.46672294e-02
5.15177359e-02
2.27982216e-01
-4.17368961e-02
7.00698204e-02
-6.93754663e-02
1.82847941e-02
0.00000000e+00
-1.66423625e-01
-1.37631331e-01
1.78703779e-01
1.84527261e-01
-2.30593312e-02
1.87086066e-01
1.02127852e-01
1.82433250e-01
1.44842680e-01
-2.47875327e-02
-4.67614008e-01
-2.38584077e-01
-1.25019660e+00
-9.93158233e-01
-6.87351946e-01
4.69142229e-01
-1.30420823e-02
-6.94684224e-01
-1.55196208e-02
0.00000000e+00
0.00000000e+00
0.00000000e+00
2.45503249e-01
4.13348545e-01
-2.75997701e-01
3.42522715e-02
1.27238819e-02
2.59831768e-01
1.05002192e-01
-9.30493306e-01
2.59287463e-01
0.00000000e+00
5.96570273e-01
6.17250387e-01
1.11422919e-01
2.07091102e-02
-1.49630127e+00
-3.82526730e-01
-4.56133221e-02
-5.10882236e-02
2.61061903e-03
4.87988252e-01
-2.29029931e-01
-6.05560058e-01
-6.70763029e-01
-6.37018427e-01
-2.80578182e-01
-6.18249031e-02
-6.86889968e-01
-1.07441539e-01
1.26088198e-01
4.91571003e-01
1.03224118e-01
-6.56620024e-01
-2.18753279e-01
-1.90605255e-01
5.07382322e-02
4.04301704e-01
-1.54541396e+00
0.00000000e+00
0.00000000e+00
0.00000000e+00
-8.42680176e-01
-9.57803254e-01
1.17554995e-01
4.64514221e-01
-1.16734735e+00
5.91419915e-01
5.44082243e-01
3.16918822e-01
1.45645972e-01
0.00000000e+00
-4.36498358e-01
-1.68026149e-01
-7.63681920e-01
9.57099165e-01
-3.49456642e-02
9.64832945e-02
1.87779153e-01
-5.42091751e-01
2.65574789e-01
-3.19411907e-01
3.22591367e-01
0.00000000e+00
0.00000000e+00
0.00000000e+00
1.05245103e-01
-3.15227691e-01
-7.65001296e-02
2.61221521e-03
8.90699830e-03
1.28208355e-02
-3.95078101e-03
-2.27244045e-01
8.60719490e-02
0.00000000e+00
-3.97067566e-02
1.52463845e-01
1.35336858e-01
2.42081509e-02
1.21388285e-01
3.58475544e-02
5.12230390e-02
8.85710693e-02
4.45954629e-02
1.15929405e-01
-7.11799769e-01
-2.76122092e-01
0.00000000e+00
-6.52387156e-01
-2.99169140e-01
5.05898674e-01
3.89001630e-02
-8.20920929e-01
-1.82900365e-01
0.00000000e+00
0.00000000e+00
0.00000000e+00
-3.61550820e-01
3.22604125e-01
3.95767420e-01
-1.13407130e-01
2.44428681e-01
-2.03649541e-01
-1.76747257e-01
8.84887948e-01
-1.62214759e-01
0.00000000e+00
-4.91577180e-01
-6.31807527e-01
-2.54360571e-01
2.80943242e-02
6.58932184e-01
4.46470075e-01
5.02905906e-02
3.94516986e-02
1.84184588e-02
-8.76931084e-01
-4.35677677e-01
0.00000000e+00
-6.15915284e-01
-8.59672438e-01
-8.33614190e-01
-3.42364680e-01
-4.64316585e-01
-6.68932078e-01
-1.95704394e-01
4.76255015e-01
-3.63664104e-02
-7.82253284e-01
-4.91249510e-01
0.00000000e+00
-3.80937308e-01
-9.09567103e-01
247
-2.30969201e-02
-2.22336681e-02
0.00000000e+00
3.23953577e-01
-3.46187245e-01
-8.07218450e-01
-1.10872456e+00
3.85704524e-01
0.00000000e+00
0.00000000e+00
8.99966366e-01
5.82972171e-01
0.00000000e+00
0.00000000e+00
0.00000000e+00
0.00000000e+00
0.00000000e+00
0.00000000e+00
0.00000000e+00
0.00000000e+00
0.00000000e+00
0.00000000e+00
0.00000000e+00
0.00000000e+00
0.00000000e+00
0.00000000e+00
0.00000000e+00
0.00000000e+00
0.00000000e+00
0.00000000e+00
0.00000000e+00
0.00000000e+00
0.00000000e+00
0.00000000e+00
0.00000000e+00
0.00000000e+00
0.00000000e+00
0.00000000e+00
0.00000000e+00
0.00000000e+00
0.00000000e+00
-2.22858243e-01
1.40197599e-02
2.05396590e-01
-1.68181610e-03
-7.46372588e-02
-1.29252928e-03
6.90019919e-02
-2.28044020e-03
0.00000000e+00
0.00000000e+00
7.06215614e-01
2.73728288e-01
4.14344049e-01
-1.68570307e-01
-2.96585417e-01
-9.52229147e-01
0.00000000e+00
0.00000000e+00
2.78565604e+00
1.48750702e+00
0.00000000e+00
0.00000000e+00
0.00000000e+00
0.00000000e+00
0.00000000e+00
0.00000000e+00
8.45353350e-01
3.80614442e-01
1.48592561e-01
-3.80109926e-01
-1.20141611e+00
-2.60178727e+00
0.00000000e+00
0.00000000e+00
0.00000000e+00
0.00000000e+00
0.00000000e+00
0.00000000e+00
1.21440512e+00
7.16081830e-02
-2.76361750e-01
-6.08730317e-01
-8.49835733e-01
-1.06168945e+00
4.05209126e+00
3.96953926e+00
3.88019171e+00
3.89366381e+00
3.88108714e+00
3.78238123e+00
2.87738358e-01
3.18386372e-01
1.95781921e-01
2.83181836e-01
3.73319289e-01
-6.15177976e-02
3.80203298e-01
2.40787478e-01
2.60621317e-01
2.45361630e-01
3.54226883e-01
3.34869145e-02
0.00000000e+00
0.00000000e+00
0.00000000e+00
0.00000000e+00
-2.30969201e-02
-1.77540149e-01
-1.98630563e+00
0.00000000e+00
-4.04252220e-01
-4.18195110e-01
-7.37985747e-01
-7.38835327e-01
-8.22447330e-01
0.00000000e+00
0.00000000e+00
0.00000000e+00
2.84013079e-01
-4.31453618e-01
5.80477598e-02
2.34699331e-01
-1.24841984e+00
7.46923931e-01
2.47705559e-01
1.31806761e-01
-5.86319589e-01
0.00000000e+00
4.00583597e-01
5.47896727e-01
-3.14042334e-01
3.22065448e-01
-1.47532958e+00
1.86379556e-01
3.76711717e-01
-6.02783473e-01
-9.46934491e-02
3.93761081e-01
-5.30646409e-01
-2.14066575e-01
-1.27489934e+00
-1.07443879e+00
-1.04388124e+00
-1.54659204e-01
0.00000000e+00
0.00000000e+00
0.00000000e+00
-6.15112747e-02
-2.59505098e-01
7.58979035e-02
1.65412761e-02
-2.43812478e-01
3.61984334e-02
-1.91572435e-02
4.50691797e-01
-6.05328169e-03
0.00000000e+00
-5.57740210e-02
-2.08908865e-01
-2.37580425e-01
5.43512633e-02
7.17664408e-01
1.27006433e-01
-6.92912596e-02
-2.07622377e-01
-2.01104991e-02
-2.43683896e-01
-3.16579834e-01
1.77183743e-01
2.10694702e-02
-2.52130926e-01
-2.91800920e-01
-1.90185645e-01
-5.77505216e-01
-2.84248635e-01
-9.95065998e-02
-1.01615276e-01
-2.36007096e-01
6.16952118e-02
2.50564009e-01
-1.47682107e+00
0.00000000e+00
0.00000000e+00
0.00000000e+00
-8.29685748e-01
-5.33922020e-01
2.75552230e-02
1.05663901e-01
-1.18609481e+00
8.27742217e-01
3.16067980e-01
-2.54770254e-01
-1.73943352e-01
0.00000000e+00
-4.71789638e-01
5.29995028e-01
-4.92275562e-01
8.16376387e-01
-1.48679052e-01
-1.39856591e-01
2.13136359e-01
-3.92874072e-01
3.12749102e-01
-2.21617581e-03
-6.44934335e-01
-3.80908456e-01
0.00000000e+00
-5.09654263e-01
-4.69808126e-01
9.57619436e-02
0.00000000e+00
0.00000000e+00
0.00000000e+00
-2.67062444e-02
2.37420862e-01
-1.09209050e-01
1.71412274e-02
-3.50872044e-01
1.86950038e-01
-2.89258555e-02
-3.26713864e-01
2.67931024e-01
0.00000000e+00
2.20065817e-01
3.63370964e-01
7.50072373e-02
-5.61266603e-02
-4.66567723e-01
-1.18032089e-01
1.95029895e-02
5.31117727e-02
-4.66336857e-02
1.85047229e-01
-2.64025880e-01
0.00000000e+00
-7.97959748e-02
-1.63427486e-01
-8.31886738e-01
-3.57077291e-01
0.00000000e+00
-2.20397695e-01
-1.12220105e-01
-4.74809448e-01
0.00000000e+00
0.00000000e+00
-5.63451140e-02
1 -999999999 4 0 -1
1 0 2 1 -1
-7.4950e-02 6.9829e-01
356
-4.86763445e-02
0.00000000e+00
0.00000000e+00
0.00000000e+00
0.00000000e+00
0.00000000e+00
0.00000000e+00
0.00000000e+00
0.00000000e+00
0.00000000e+00
0.00000000e+00
0.00000000e+00
0.00000000e+00
0.00000000e+00
0.00000000e+00
0.00000000e+00
-8.79836245e-02
3.93072800e-02
1.03665892e+00
-7.29807341e-01
-2.58615423e-01
4.00313189e-01
0.00000000e+00
0.00000000e+00
3.76667500e-01
-1.87870962e-01
-3.57420022e-02
-6.31288214e-02
3.18527262e-01
2.97304053e-01
4.20827604e-01
6.63313895e-02
-1.15007734e-01
-4.37710918e-01
-8.86927780e-01
-7.23496484e-01
-4.17254245e-01
4.85509114e-01
2.04255212e-01
1.85331930e-02
1.91760221e-01
0.00000000e+00
0.00000000e+00
0.00000000e+00
0.00000000e+00
0.00000000e+00
0.00000000e+00
0.00000000e+00
0.00000000e+00
0.00000000e+00
0.00000000e+00
-3.19188552e-01
6.63298333e-02
-4.94235694e-01
0.00000000e+00
0.00000000e+00
0.00000000e+00
0.00000000e+00
-4.98483306e-01
7.67907789e-01
3.07951391e-01
3.26883531e-01
5.92998075e-01
-3.65633378e-01
1.38542398e-01
-6.38161026e-01
-5.89684903e-01
-3.58391906e-01
-2.68300928e-02
7.93737697e-04
-2.20206734e-01
-3.29208021e-02
-3.77108344e-04
-1.85719815e-01
-2.03563680e-01
2.71355880e-03
-1.35890458e-01
2.14638230e-01
4.59178140e-04
-1.74742860e-01
0.00000000e+00
0.00000000e+00
1.09831116e-01
8.34857293e-02
-6.01463625e-02
6.25869409e-02
3.68119219e-02
-2.81245690e-01
0.00000000e+00
0.00000000e+00
-8.62240840e-02
-1.59698155e-01
-3.62260405e-01
-3.41043485e-01
-7.15092725e-02
-1.26515868e-01
-8.87390091e-02
2.41169103e-02
-4.25600395e-02
3.10723211e-02
1.55285254e-01
1.19763792e-01
0.00000000e+00
0.00000000e+00
1.48769510e+00
2.43396942e+00
0.00000000e+00
0.00000000e+00
0.00000000e+00
0.00000000e+00
0.00000000e+00
0.00000000e+00
5.61968956e-01
4.73259812e-01
3.99180027e-01
-4.75287656e-02
-7.85052966e-01
-2.13819851e+00
0.00000000e+00
0.00000000e+00
0.00000000e+00
0.00000000e+00
0.00000000e+00
0.00000000e+00
1.02164209e+00
-1.83255058e-01
-3.66690515e-01
-6.49855645e-01
-1.03891669e+00
-1.26556995e+00
4.37750775e+00
4.25041340e+00
4.26352667e+00
4.24479321e+00
4.26094979e+00
4.16992090e+00
1.18707196e-01
1.10497560e-01
-3.06107794e-02
6.86235713e-03
1.40856745e-01
-5.80112167e-01
-5.44060729e-02
-1.55520449e-01
-2.70670246e-01
-1.86921194e-01
-1.59058517e-01
-4.58451480e-01
0.00000000e+00
0.00000000e+00
0.00000000e+00
0.00000000e+00
0.00000000e+00
0.00000000e+00
0.00000000e+00
0.00000000e+00
-4.86763445e-02
-1.61657569e-01
0.00000000e+00
-1.59977889e+00
-3.75056940e-01
-2.48273099e-01
-1.01430393e+00
-6.34593776e-01
-1.38936087e+00
0.00000000e+00
0.00000000e+00
0.00000000e+00
4.79512580e-01
-2.29350842e-01
-3.83629199e-01
3.43829180e-01
-1.00680503e+00
5.80068215e-01
3.15429155e-01
4.03418228e-02
8.81621925e-02
0.00000000e+00
6.37786730e-01
9.64542945e-02
-6.53701910e-01
4.13272268e-01
-1.82108325e+00
3.27236862e-02
2.86350262e-02
-7.53199676e-01
7.23668349e-03
3.94957203e-01
-1.18124389e-01
0.00000000e+00
0.00000000e+00
0.00000000e+00
-2.14510859e-02
5.12663159e-02
-4.65080868e-02
-7.36306979e-02
-8.51974000e-02
-5.75625206e-02
-8.76788394e-02
-1.17371189e-01
-1.49599646e-01
0.00000000e+00
1.45533467e-03
1.53574010e-01
4.86730790e-02
1.06644064e-02
1.46694836e-01
-3.61661083e-02
-2.64329131e-02
1.10856773e-01
1.17415897e-02
4.85477528e-02
-8.64444357e-01
-2.37239009e-01
0.00000000e+00
9.95093535e-02
-1.24768202e-01
1.12904403e-01
1.16084794e-02
-3.61751892e-01
6.10520010e-02
0.00000000e+00
0.00000000e+00
0.00000000e+00
5.15563404e-01
-7.35400286e-02
-1.90271129e-01
4.78517427e-01
-2.34296199e-01
3.49786047e-01
4.30764333e-01
-6.81897287e-01
-1.07911911e-01
0.00000000e+00
9.35959268e-01
-3.01250563e-01
3.18661455e-02
1.76941951e-01
-1.44094386e+00
-6.38785196e-01
6.78466449e-02
-2.33738694e-01
1.45741842e-01
8.30699809e-01
-6.27205347e-01
0.00000000e+00
4.11742915e-01
3.93065600e-01
-5.24916518e-01
-1.37817931e-01
-5.09376368e-01
-3.32179234e-01
-2.38753613e-01
3.94994101e-01
1.22273313e-02
-5.45039363e-01
-3.87098587e-01
0.00000000e+00
1.42548006e-01
3.82369914e-01
-8.82866875e-01
0.00000000e+00
0.00000000e+00
0.00000000e+00
-7.87657729e-01
-7.49529530e-01
1.37815574e-01
3.56314614e-02
-1.42790919e+00
7.49751950e-01
2.08295661e-01
1.10182903e-01
4.41923283e-01
0.00000000e+00
-4.92859142e-01
8.33447269e-01
-6.41360761e-01
5.96658646e-01
4.86216398e-01
9.84282646e-02
3.74283121e-01
-7.31113568e-01
-1.57707652e-01
3.26361706e-02
5.85642217e-02
0.00000000e+00
0.00000000e+00
0.00000000e+00
5.49227180e-02
-7.63238109e-02
-1.32733354e-01
5.43706991e-02
1.05529650e-02
-8.35259467e-03
6.49905263e-02
-5.90550176e-02
-2.92713111e-01
0.00000000e+00
1.02150902e-01
-1.66829114e-01
9.03294032e-02
8.55293666e-02
-2.54922511e-02
-4.82062246e-02
-7.82411727e-02
1.76682477e-01
1.57029788e-01
1.49952027e-01
-4.67106536e-01
-6.04375134e-02
-2.09587063e-02
1.71536980e-01
7.31846435e-02
2.23124182e-01
3.64049952e-02
-3.19966690e-01
-1.26119355e-01
0.00000000e+00
0.00000000e+00
0.00000000e+00
-5.43442049e-01
1.58740903e-01
1.28139414e-01
-4.85069731e-01
3.35596251e-01
-1.96248849e-02
-4.38766545e-01
6.92465620e-01
3.48432543e-01
0.00000000e+00
-7.45688740e-01
4.79025378e-01
-2.33960154e-01
-6.41076752e-02
4.44268326e-01
5.77716821e-01
1.34713510e-01
6.15574978e-02
-2.20976537e-02
-9.34018188e-01
-4.06669023e-01
9.03479004e-01
6.92691113e-01
3.15077181e-01
-4.15760339e-01
-1.87835586e-01
-5.70317564e-01
-3.68893112e-01
-2.82797758e-01
3.29301041e-01
4.04281962e-02
-5.57564823e-01
-2.27924754e-01
2.01702051e-01
9.76318407e-02
-4.60565077e-02
247
-5.07050351e-02
0.00000000e+00
0.00000000e+00
0.00000000e+00
0.00000000e+00
0.00000000e+00
0.00000000e+00
0.00000000e+00
0.00000000e+00
3.21033954e-01
0.00000000e+00
0.00000000e+00
0.00000000e+00
0.00000000e+00
-2.35414044e-02
0.00000000e+00
4.88570136e-01
-5.12111540e-01
-8.95276593e-01
-1.18174491e+00
0.00000000e+00
0.00000000e+00
0.00000000e+00
6.82579771e-01
-7.54638503e-02
0.00000000e+00
0.00000000e+00
-9.11004750e-01
8.60299715e-01
-4.27891976e-01
-4.83112774e-01
-7.04804140e-01
-3.55054966e-02
1.41863082e-01
0.00000000e+00
0.00000000e+00
0.00000000e+00
0.00000000e+00
0.00000000e+00
0.00000000e+00
0.00000000e+00
-1.88452783e-03
-6.72175029e-04
-1.50034894e-01
1.50271820e-03
-3.51692042e-02
2.65891220e-03
1.36383591e-01
1.06451241e-03
0.00000000e+00
0.00000000e+00
-1.26029910e+00
-6.71904604e-01
-3.14722603e-01
5.05989717e-01
7.34206783e-01
9.56024778e-01
0.00000000e+00
0.00000000e+00
1.57165006e+00
2.67568442e+00
0.00000000e+00
0.00000000e+00
0.00000000e+00
0.00000000e+00
0.00000000e+00
0.00000000e+00
4.59306642e-01
4.76769744e-01
2.41095971e-01
-5.06058963e-02
-7.41574671e-01
-2.00734688e+00
0.00000000e+00
0.00000000e+00
0.00000000e+00
0.00000000e+00
0.00000000e+00
0.00000000e+00
8.64503245e-01
-5.18621345e-02
-4.17551130e-01
-7.11971078e-01
-1.00200978e+00
-1.40749857e+00
5.14485702e+00
5.18748053e+00
5.21346413e+00
5.15722310e+00
5.09430620e+00
4.96335746e+00
-2.69305806e-02
-8.24708705e-02
-1.77116590e-01
-2.00897645e-01
-2.54625990e-01
-8.89920475e-01
-4.31540446e-01
-4.54689600e-01
-5.49455119e-01
-4.26076717e-01
-5.33207419e-01
-7.75273025e-01
0.00000000e+00
0.00000000e+00
0.00000000e+00
0.00000000e+00
-5.07050351e-02
1.31778934e-02
0.00000000e+00
-1.78487221e+00
-6.84676114e-01
-8.72570241e-01
-4.23177832e-01
-5.18339410e-01
-1.55724636e+00
0.00000000e+00
0.00000000e+00
0.00000000e+00
4.79230188e-01
-5.26277758e-01
-2.70555333e-01
8.51899676e-02
-1.45532480e+00
4.41993711e-01
-3.84586239e-03
-4.98474373e-01
1.62379904e-01
0.00000000e+00
6.09264441e-01
5.64007573e-01
-3.98319143e-01
3.64421576e-01
-6.87742214e-01
1.18334262e-01
2.91594732e-01
-9.76148075e-01
-1.69173744e-01
3.12198588e-01
-8.79966972e-01
-2.02409812e-01
0.00000000e+00
4.17621164e-01
4.87970310e-02
-2.38136867e-01
0.00000000e+00
0.00000000e+00
0.00000000e+00
-2.78631272e-01
3.84304701e-01
2.58457689e-02
-3.10504458e-01
-1.03816141e-01
-1.57213157e-02
-2.17913886e-01
1.80406898e-01
1.71270606e-01
0.00000000e+00
-1.40614870e-01
2.69760501e-01
-3.99319648e-01
-6.90114772e-02
6.86770218e-01
-1.12525829e-01
-7.62926218e-02
2.06099605e-01
-1.41199065e-01
-2.97044578e-01
-6.77557160e-01
0.00000000e+00
6.26577629e-01
4.30548689e-01
-6.77279384e-01
-4.82266303e-01
0.00000000e+00
-2.72278923e-01
-1.25882757e-01
-1.95013081e-01
0.00000000e+00
-1.25360157e-01
5.37002415e-01
-9.41517241e-01
0.00000000e+00
0.00000000e+00
0.00000000e+00
-3.13833382e-01
-1.31875439e+00
3.31725659e-02
1.88308195e-01
-1.52931418e+00
5.25051752e-01
2.28965738e-01
1.97785247e-02
2.51331841e-01
0.00000000e+00
-2.19075707e-01
1.43955179e-01
-2.88728099e-01
8.60593216e-01
-1.32830121e-01
2.03464041e-01
4.29620893e-01
-4.82878947e-01
4.29299919e-01
3.03557114e-02
-4.08436846e-01
-8.37697705e-02
-3.75081140e-01
-5.12852458e-02
-8.72941053e-03
-1.92834894e-01
0.00000000e+00
0.00000000e+00
0.00000000e+00
5.84617270e-02
-1.24097058e-01
-1.46149792e-01
2.85617798e-01
-2.73522641e-01
1.31697548e-01
2.15060357e-01
-4.17942446e-02
4.21749664e-02
0.00000000e+00
2.64162296e-01
6.62105095e-02
-1.12158465e-01
3.82282023e-02
-8.10450920e-01
-1.48925499e-01
-7.38189075e-02
1.29744894e-02
7.17025020e-02
3.51792239e-01
-3.24667076e-01
5.12047270e-01
4.85906438e-01
3.99389335e-01
-5.33080395e-01
-3.39408061e-01
-5.26163505e-01
-1.31497246e-01
-1.25345419e-01
-1.93672334e-01
-3.42531778e-01
1.70247564e-01
1.67486396e-01
4 2
4.1804e-01 1.5947e-01
2 -1
0 1 
217
-8.70667924e-02
-2.94617304e-01
-1.41000625e-01
-6.26703951e-01
-6.40923109e-02
4.29948556e-02
7.01299156e-02
1.33967943e-01
2.00567976e-01
-1.81729979e-01
-1.18449876e-01
-1.70749537e-01
-1.75222497e-01
3.03976296e-01
-1.48132326e-02
-1.54193729e-02
-5.64524727e-02
-2.84810142e-01
7.06827369e-04
-7.33618603e-03
-1.99427242e-01
3.21336469e-03
-9.46397969e-02
4.11983824e-01
5.08677159e-04
-2.98085714e-01
0.00000000e+00
0.00000000e+00
6.83508386e-02
1.09324772e-01
3.63280049e-02
1.11463846e-01
-7.72748247e-02
-3.35259429e-01
0.00000000e+00
0.00000000e+00
-1.40860737e-01
1.03757892e-02
4.34181553e-02
0.00000000e+00
0.00000000e+00
0.00000000e+00
0.00000000e+00
0.00000000e+00
-1.40860737e-01
-2.45198810e-02
3.48956703e-02
4.34181553e-02
0.00000000e+00
0.00000000e+00
0.00000000e+00
0.00000000e+00
0.00000000e+00
0.00000000e+00
0.00000000e+00
0.00000000e+00
0.00000000e+00
0.00000000e+00
0.00000000e+00
0.00000000e+00
4.34181553e-02
3.48956703e-02
-2.45198810e-02
4.55247523e-02
-1.51489819e-01
-7.98030194e-01
1.21788397e-01
2.40967141e-01
-1.02890123e-01
1.08650254e-01
2.04756056e-01
-3.70136674e-01
-6.32432662e-01
2.75535998e-02
-5.02838913e-01
5.07602258e-02
-5.81483908e-01
0.00000000e+00
0.00000000e+00
0.00000000e+00
0.00000000e+00
0.00000000e+00
0.00000000e+00
0.00000000e+00
0.00000000e+00
0.00000000e+00
0.00000000e+00
0.00000000e+00
0.00000000e+00
0.00000000e+00
0.00000000e+00
0.00000000e+00
0.00000000e+00
0.00000000e+00
0.00000000e+00
0.00000000e+00
0.00000000e+00
0.00000000e+00
0.00000000e+00
0.00000000e+00
0.00000000e+00
0.00000000e+00
0.00000000e+00
0.00000000e+00
0.00000000e+00
0.00000000e+00
0.00000000e+00
0.00000000e+00
0.00000000e+00
0.00000000e+00
0.00000000e+00
0.00000000e+00
0.00000000e+00
0.00000000e+00
0.00000000e+00
0.00000000e+00
0.00000000e+00
0.00000000e+00
0.00000000e+00
5.76518968e-01
1.20935863e-01
-1.57852743e-01
0.00000000e+00
0.00000000e+00
0.00000000e+00
5.52787016e-01
-6.83226053e-01
-3.27726253e-02
2.10017100e-01
-7.07838930e-01
1.48728614e-01
4.15787686e-01
3.88382824e-01
-3.88506661e-01
0.00000000e+00
8.11848734e-01
-8.54893932e-02
-6.16612451e-01
2.18646432e-02
4.44812384e-01
3.84251470e-01
1.92822098e-01
-7.78986293e-01
-5.69202897e-01
1.33479993e-01
-1.68102083e-01
0.00000000e+00
0.00000000e+00
0.00000000e+00
1.56482008e-01
-7.17075183e-01
-2.44899452e-02
3.06769197e-01
-7.61340812e-01
1.87915190e-01
1.32173521e-01
8.76031339e-02
5.46576530e-02
0.00000000e+00
1.30169021e-01
1.81145701e-02
-9.11006814e-02
2.19083269e-01
-1.14951138e-01
8.66618605e-02
1.22377296e-01
-3.53081545e-01
9.34543947e-02
2.98476107e-01
-5.88808353e-01
0.00000000e+00
0.00000000e+00
0.00000000e+00
4.15376273e-02
-5.11292090e-01
-2.53900815e-01
2.39040292e-01
-4.73581993e-01
5.00891387e-01
3.24197296e-01
-5.67669016e-01
1.31698977e-01
0.00000000e+00
1.11314629e+00
3.61035116e-01
-4.29193001e-01
2.89882425e-01
-1.08184685e+00
-1.86507766e-01
5.21944367e-02
-3.61076604e-01
-8.68705070e-02
3.09506448e-01
-5.99547384e-02
0.00000000e+00
0.00000000e+00
0.00000000e+00
6.11191858e-02
-2.84160072e-01
-1.12434379e-02
-1.84551897e-02
-4.61542496e-01
9.30449480e-03
-1.97158540e-02
2.74511648e-01
7.24544296e-03
0.00000000e+00
-1.61615197e-01
-2.87226176e-02
-2.01413837e-01
1.70452843e-01
7.15787230e-01
1.21195282e-01
5.24288243e-02
-2.66493688e-01
-1.13726783e-02
-7.26462202e-03
136
-2.61915751e-01
4.90759005e-02
-3.39919646e-04
6.23574771e-03
-1.10194583e-03
-1.93698047e-01
1.14884133e-03
-1.23529352e-01
-3.23257273e-04
0.00000000e+00
0.00000000e+00
-4.27879660e-01
-6.42478272e-02
2.09276778e-02
1.55741019e-02
2.05034567e-02
1.73206500e-01
0.00000000e+00
0.00000000e+00
5.09865325e-01
-1.84116080e-01
-5.87664996e-01
0.00000000e+00
0.00000000e+00
0.00000000e+00
0.00000000e+00
0.00000000e+00
5.09865325e-01
4.63031603e-01
-6.47147684e-01
-5.87664996e-01
0.00000000e+00
0.00000000e+00
0.00000000e+00
0.00000000e+00
0.00000000e+00
0.00000000e+00
0.00000000e+00
0.00000000e+00
0.00000000e+00
0.00000000e+00
0.00000000e+00
0.00000000e+00
0.00000000e+00
0.00000000e+00
0.00000000e+00
1.96242246e-01
-3.33524605e-01
2.02729408e-01
1.33832551e-01
-7.72788259e-01
5.88415074e-01
3.84481854e-01
3.51215992e-01
7.15933393e-01
-5.81952234e-01
0.00000000e+00
0.00000000e+00
0.00000000e+00
0.00000000e+00
-5.87664996e-01
-6.47147684e-01
4.63031603e-01
0.00000000e+00
0.00000000e+00
0.00000000e+00
0.00000000e+00
0.00000000e+00
0.00000000e+00
0.00000000e+00
0.00000000e+00
0.00000000e+00
0.00000000e+00
0.00000000e+00
0.00000000e+00
0.00000000e+00
0.00000000e+00
0.00000000e+00
0.00000000e+00
0.00000000e+00
0.00000000e+00
0.00000000e+00
0.00000000e+00
0.00000000e+00
0.00000000e+00
0.00000000e+00
1.69574633e-01
-6.81285669e-01
-8.75855441e-01
0.00000000e+00
0.00000000e+00
0.00000000e+00
1.05595112e+00
-2.25969593e+00
9.55860332e-02
4.88735087e-01
-2.40814752e+00
7.18942537e-01
5.20722148e-01
6.85176736e-01
-3.39959006e-01
0.00000000e+00
1.21313386e+00
-2.31100448e-02
-1.02761016e+00
3.73251012e-01
7.95914716e-01
7.60295947e-01
5.02496669e-01
-2.04831419e+00
-6.74150168e-01
6.94925712e-01
-1.47722119e+00
0.00000000e+00
0.00000000e+00
0.00000000e+00
6.14156715e-01
-2.43593987e+00
1.08488384e-02
8.11951814e-01
-2.23435533e+00
8.51254799e-01
9.49574957e-01
1.49061561e-01
-6.94928467e-01
0.00000000e+00
1.36514477e+00
-1.57448613e-01
-7.88562519e-01
7.34460611e-01
-6.29917178e-01
3.46877974e-01
3.78954072e-01
-1.30657777e+00
-1.26189391e-01
6.84411839e-01
6 2
1.0927e-01 2.5992e-01
3 -1
0 1 4 
217
-1.88540152e-01
3.21452485e-02
6.43511697e-02
-5.82468749e-01
-8.98861427e-02
-4.90795566e-02
-1.80307030e-01
6.54012049e-02
-4.72456830e-02
1.79162764e-01
2.97733863e-01
-2.62731187e-01
-1.68835159e-01
-3.55709061e-01
-1.75002553e-02
-4.88218191e-03
-1.12225945e-02
-7.28580423e-02
5.53069835e-04
-2.09335577e-01
-5.24544069e-03
2.21245006e-03
-2.76303687e-01
-9.29364137e-02
1.31926292e-03
1.69685799e-02
0.00000000e+00
0.00000000e+00
-8.37628932e-02
-1.87597615e-01
-1.18584824e-01
1.50308063e-01
6.31166085e-02
-1.20194916e-02
0.00000000e+00
0.00000000e+00
-3.67433592e-01
1.06570150e-01
-3.33510070e-02
1.05674297e-01
0.00000000e+00
0.00000000e+00
0.00000000e+00
0.00000000e+00
-3.67433592e-01
3.59651363e-01
-1.15576569e-01
9.97938177e-02
-1.37504644e-01
-1.22015966e-01
-1.11288588e-02
1.05674297e-01
0.00000000e+00
0.00000000e+00
0.00000000e+00
0.00000000e+00
0.00000000e+00
0.00000000e+00
0.00000000e+00
0.00000000e+00
1.94339256e-01
-1.15576569e-01
1.00130753e-01
1.22719560e-01
-7.54363223e-01
-5.07798947e-01
2.65849737e-01
-2.46480681e-01
1.77253774e-01
9.58078249e-01
-3.48781645e-02
-2.32424674e-01
-5.06164138e-01
1.40831045e-01
-3.25942616e-01
-6.20683585e-02
9.26162685e-02
-1.68536501e-02
-6.71133066e-03
-2.55995674e-01
-2.13268965e-01
2.33686374e-01
4.82937942e-02
-1.13668551e-01
0.00000000e+00
0.00000000e+00
0.00000000e+00
0.00000000e+00
0.00000000e+00
0.00000000e+00
0.00000000e+00
0.00000000e+00
0.00000000e+00
0.00000000e+00
0.00000000e+00
0.00000000e+00
0.00000000e+00
0.00000000e+00
0.00000000e+00
0.00000000e+00
0.00000000e+00
0.00000000e+00
0.00000000e+00
0.00000000e+00
0.00000000e+00
0.00000000e+00
0.00000000e+00
0.00000000e+00
0.00000000e+00
0.00000000e+00
0.00000000e+00
0.00000000e+00
0.00000000e+00
0.00000000e+00
0.00000000e+00
0.00000000e+00
0.00000000e+00
0.00000000e+00
0.00000000e+00
-2.57227762e-01
-9.03326009e-01
-8.87143964e-01
0.00000000e+00
0.00000000e+00
0.00000000e+00
1.58674620e-01
-3.39571997e-01
-1.27317283e-01
-5.89944589e-02
-4.18232972e-01
5.81415319e-02
1.01272327e-01
2.03345657e-01
-8.56092757e-02
0.00000000e+00
1.12062019e-01
-9.61285710e-02
-4.12767194e-01
5.60971152e-02
4.30642568e-01
1.87398392e-01
3.72057878e-02
-4.35881620e-01
-2.41039998e-01
-1.64406116e-02
2.38104590e-02
0.00000000e+00
0.00000000e+00
0.00000000e+00
3.43833708e-01
-6.86208991e-01
4.19500518e-03
2.69362012e-01
-7.85446338e-01
2.12482079e-01
1.95689906e-01
1.50025718e-01
-2.65378498e-02
0.00000000e+00
3.96017084e-01
-9.88272457e-02
-9.12911667e-02
1.81544732e-01
-1.99502165e-01
1.24088858e-01
1.57109950e-01
-4.51183505e-01
-3.95585547e-02
3.68017223e-01
-1.09057376e+00
0.00000000e+00
0.00000000e+00
0.00000000e+00
6.44575143e-02
-4.28753615e-01
-1.16745843e-01
2.02910162e-01
-3.22179777e-01
2.41615376e-01
1.73618842e-01
-2.90416942e-01
-1.53169852e-01
0.00000000e+00
4.76961227e-01
-1.01710666e-01
-3.88906245e-01
1.77389038e-01
-3.44865906e-01
-6.45252312e-02
3.88845510e-02
-2.92850582e-01
-1.46796567e-01
1.84510750e-01
-7.54062452e-02
0.00000000e+00
0.00000000e+00
0.00000000e+00
1.91651901e-01
-9.73435634e-01
2.83819938e-02
8.30992836e-02
-5.95465999e-01
2.12742267e-01
1.55449218e-01
2.41355292e-01
-2.88787187e-01
0.00000000e+00
2.20514424e-01
-1.35341674e-01
-7.79395070e-02
2.11467440e-01
3.80197626e-01
1.96502303e-01
1.26658635e-01
-2.71639337e-01
8.00415267e-02
1.39141182e-01
136
1.37441052e-01
-1.61444592e-02
5.20147699e-04
5.88332021e-02
2.71936737e-04
1.54160562e-01
-2.76796553e-03
-5.94082524e-02
6.31466712e-04
0.00000000e+00
0.00000000e+00
-6.70996858e-02
-1.01401702e-02
1.43016665e-01
7.93525285e-02
-1.09322348e-02
3.24394956e-03
0.00000000e+00
0.00000000e+00
0.00000000e+00
-6.93231878e-02
-9.08170001e-02
2.99245930e-01
0.00000000e+00
0.00000000e+00
0.00000000e+00
0.00000000e+00
0.00000000e+00
2.17357723e-01
-6.96719070e-01
-2.28910880e-01
4.10038159e-01
-1.02686193e-02
1.48362499e-01
2.99245930e-01
0.00000000e+00
0.00000000e+00
0.00000000e+00
0.00000000e+00
0.00000000e+00
0.00000000e+00
0.00000000e+00
0.00000000e+00
0.00000000e+00
0.00000000e+00
0.00000000e+00
1.19608934e-01
-2.59592036e-01
1.54197432e-02
2.13901953e-02
-7.06060280e-01
4.69909781e-01
1.45552791e-01
2.66602401e-01
5.55856231e-01
-6.39624970e-01
-2.07260870e-02
-6.89210830e-01
1.67112554e-01
-2.24565596e-01
-8.94480120e-01
-6.96719070e-01
6.17127263e-01
0.00000000e+00
0.00000000e+00
0.00000000e+00
0.00000000e+00
0.00000000e+00
0.00000000e+00
0.00000000e+00
0.00000000e+00
0.00000000e+00
0.00000000e+00
0.00000000e+00
0.00000000e+00
0.00000000e+00
0.00000000e+00
0.00000000e+00
0.00000000e+00
0.00000000e+00
0.00000000e+00
0.00000000e+00
0.00000000e+00
0.00000000e+00
0.00000000e+00
0.00000000e+00
5.26427378e-01
-1.52393208e-01
-6.83597100e-01
0.00000000e+00
0.00000000e+00
0.00000000e+00
9.02981172e-01
-2.44952182e+00
1.38984343e-01
6.45461249e-01
-2.44045690e+00
7.42044431e-01
5.77513874e-01
7.16808009e-01
-4.22115052e-01
0.00000000e+00
1.14288794e+00
2.09229479e-01
-1.07600712e+00
4.10328123e-01
9.03717637e-01
7.84768294e-01
5.88778704e-01
-2.04319187e+00
-6.35503708e-01
6.19696101e-01
-1.10719925e+00
0.00000000e+00
0.00000000e+00
0.00000000e+00
4.23293928e-01
-1.80638051e+00
-8.78637784e-02
7.45620564e-01
-2.07970887e+00
7.88755718e-01
7.97917817e-01
1.09724902e-02
-1.43816074e-01
0.00000000e+00
1.12281137e+00
1.81655257e-01
-9.62852925e-01
6.86450899e-01
-2.26679460e-01
1.17231885e-01
3.08115424e-01
-1.30706210e+00
-1.67403088e-01
4.91742210e-01
2 1
-3.8692e-01 4.1172e-01
4 1
0 1 4 6 
217
-1.13476871e-03
-1.38821374e-01
-2.89256789e-01
-2.89079770e-01
-3.38406257e-01
5.37863523e-01
2.47612939e-01
8.21602926e-02
3.21562951e-01
-4.61305870e-02
1.06597532e-01
-1.78210013e-01
-3.38501934e-01
-5.91384562e-02
-2.61938789e-02
6.16487708e-04
1.84537370e-01
-2.25519023e-02
7.88667519e-04
4.55938566e-02
-5.96810820e-02
2.99906028e-03
-5.56530300e-02
1.07292094e-01
-1.01214027e-04
1.85902644e-02
0.00000000e+00
0.00000000e+00
1.14134351e-01
1.40482580e-01
8.58206630e-02
-1.19135079e-01
-5.85730682e-02
-1.63864215e-01
0.00000000e+00
0.00000000e+00
0.00000000e+00
-5.42812700e-02
-1.43880209e-01
5.16124230e-02
1.45414288e-01
0.00000000e+00
0.00000000e+00
0.00000000e+00
0.00000000e+00
-5.85665541e-02
4.47620389e-02
-2.25413077e-01
7.57340890e-02
-1.99363772e-01
2.34443109e-01
1.46202093e-01
-1.16210844e-01
2.67030791e-01
-7.76503029e-02
1.83652791e-01
-1.42926958e-01
-2.78848491e-01
6.06030350e-04
1.45414288e-01
3.30160576e-01
-1.49099108e-01
-1.82196237e-01
9.03068890e-02
-7.15497267e-02
-5.35088051e-01
1.72504637e-01
3.10295141e-01
-1.92396569e-01
4.03906874e-02
-2.00897182e-01
-2.52254556e-01
-7.77446290e-01
4.58128807e-01
-8.10191164e-01
-6.11183693e-03
-8.59548909e-02
0.00000000e+00
1.36674663e-02
-6.80805116e-01
1.06613890e-01
5.83813705e-01
-1.25353502e-01
3.17489018e-01
0.00000000e+00
5.60461885e-02
-3.56125915e-01
1.11102125e-01
-7.56271551e-02
-1.30034821e-01
5.61947926e-02
0.00000000e+00
0.00000000e+00
0.00000000e+00
0.00000000e+00
0.00000000e+00
0.00000000e+00
0.00000000e+00
0.00000000e+00
0.00000000e+00
0.00000000e+00
0.00000000e+00
0.00000000e+00
0.00000000e+00
0.00000000e+00
0.00000000e+00
0.00000000e+00
0.00000000e+00
0.00000000e+00
0.00000000e+00
0.00000000e+00
0.00000000e+00
0.00000000e+00
0.00000000e+00
0.00000000e+00
0.00000000e+00
0.00000000e+00
0.00000000e+00
0.00000000e+00
1.46121913e-01
-1.80952493e-01
-2.63371598e-01
0.00000000e+00
0.00000000e+00
0.00000000e+00
9.35636588e-01
-1.23525784e+00
-4.10354918e-01
7.64514802e-01
-1.21779081e+00
3.99622247e-01
4.53810748e-01
3.16174765e-01
-4.46444863e-01
0.00000000e+00
9.92948084e-01
-1.97752392e-01
-1.01347156e+00
3.10645818e-01
-1.70430657e-01
6.32956572e-01
6.51593912e-01
-1.05439368e+00
-6.39110647e-01
6.63732238e-01
-3.19267206e-01
0.00000000e+00
0.00000000e+00
0.00000000e+00
1.34729631e-01
-8.94767418e-01
1.83914026e-01
-6.52076284e-02
-9.35918621e-01
9.68535434e-02
6.33017648e-02
1.89178073e-01
-4.53219225e-02
0.00000000e+00
2.25180320e-01
-7.57207486e-02
-1.18216054e-01
1.56898461e-01
1.98819682e-01
2.76446389e-01
2.22871564e-01
-4.68662477e-01
2.10219465e-01
3.26134743e-01
-6.14057454e-01
0.00000000e+00
0.00000000e+00
0.00000000e+00
1.23162104e-01
-9.03172240e-01
-2.35497742e-01
1.49586683e-01
-8.78365002e-01
5.53233962e-01
3.87928626e-01
-2.74761288e-01
-1.19237472e-01
0.00000000e+00
9.43986804e-01
2.60592670e-01
-6.22645370e-01
4.29708175e-01
5.72091770e-02
-2.71322538e-02
3.34519518e-02
-5.17651674e-01
-2.03721960e-01
2.29267396e-01
-1.79116190e-01
0.00000000e+00
0.00000000e+00
0.00000000e+00
1.03789946e-01
-5.61030202e-01
1.16330665e-01
1.35297721e-01
-6.89198910e-01
3.51977070e-02
8.99755025e-02
2.76867353e-01
-4.02824471e-02
0.00000000e+00
-6.70681118e-02
-1.27160055e-03
-1.51088514e-01
1.75103136e-01
3.25229258e-01
1.63403442e-01
6.57444459e-02
-2.18936297e-01
-6.63377312e-03
6.94544879e-02
136
9.70711212e-02
2.37681733e-01
-6.52209707e-03
8.54554046e-03
-4.38353232e-04
-5.94281710e-02
-5.22352693e-04
-8.97279810e-02
5.58657284e-05
0.00000000e+00
0.00000000e+00
-9.04181667e-02
-5.27316213e-03
9.42097009e-02
5.33775269e-02
-3.05090325e-02
7.56842548e-02
0.00000000e+00
0.00000000e+00
0.00000000e+00
1.23334333e-01
-6.49825459e-02
8.11306286e-02
-4.23416722e-02
0.00000000e+00
0.00000000e+00
0.00000000e+00
0.00000000e+00
-1.72602898e-01
-8.27761141e-02
-1.43321404e-01
2.61999735e-01
-3.53636741e-01
3.88126849e-01
3.99523891e-01
1.16713610e-01
7.45195833e-01
-6.79819732e-01
-1.57480374e-01
-2.15273515e-02
1.85232617e-01
-3.46145505e-01
-4.23416722e-02
0.00000000e+00
0.00000000e+00
0.00000000e+00
3.12109308e-02
-3.94709062e-01
1.51257345e-01
2.30452297e-02
-7.02089496e-01
2.46181482e-01
5.15123701e-01
1.24607985e-01
3.66944523e-01
-5.63951689e-01
4.05618704e-03
-3.78216889e-01
1.02994032e-01
-6.34537659e-02
-5.59305915e-01
-6.42752444e-01
2.98740002e-02
2.08356377e-01
5.42076264e-02
-4.15428651e-01
0.00000000e+00
0.00000000e+00
0.00000000e+00
0.00000000e+00
0.00000000e+00
0.00000000e+00
0.00000000e+00
0.00000000e+00
0.00000000e+00
0.00000000e+00
0.00000000e+00
0.00000000e+00
0.00000000e+00
0.00000000e+00
0.00000000e+00
0.00000000e+00
0.00000000e+00
0.00000000e+00
0.00000000e+00
0.00000000e+00
4.40519167e-01
-1.61793600e-01
-7.16809227e-01
0.00000000e+00
0.00000000e+00
0.00000000e+00
9.30728190e-01
-2.15278130e+00
7.02077692e-02
6.52156000e-01
-2.38262171e+00
6.82321020e-01
5.70130271e-01
7.19575321e-01
-2.87035672e-01
0.00000000e+00
1.08809850e+00
9.71956112e-02
-9.58879289e-01
4.52595000e-01
7.37862169e-01
6.05466505e-01
4.01969583e-01
-1.98136889e+00
-6.04756311e-01
6.42328017e-01
-1.08592441e+00
0.00000000e+00
0.00000000e+00
0.00000000e+00
4.42978013e-01
-1.87047049e+00
-5.23295345e-02
6.95399978e-01
-1.97996452e+00
7.64364889e-01
7.74248467e-01
3.59123460e-02
-2.65129557e-01
0.00000000e+00
1.11871916e+00
2.22029740e-02
-8.69725780e-01
6.97362063e-01
-2.08503038e-01
2.14854772e-01
3.01566696e-01
-1.33418172e+00
-1.17788481e-01
5.44559353e-01
7 1
-4.4056e-01 4.2213e-01
5 1
0 1 4 6 2 
217
3.34577431e-02
-1.30949220e-01
-2.04780059e-01
-2.01032415e-02
-2.69036209e-01
5.01750761e-01
2.11317867e-01
-4.12115169e-03
2.42843951e-01
-6.63454654e-02
-7.34262420e-02
-1.02709012e-01
-7.82416242e-02
2.62744037e-02
-1.09218887e-01
4.49224648e-03
1.23657847e-01
1.39705285e-01
-6.23522020e-04
1.63930938e-01
-1.08070307e-01
1.67660723e-03
1.66450896e-01
1.11041653e-01
3.02010720e-05
6.45704014e-02
0.00000000e+00
0.00000000e+00
5.49744362e-02
1.56388701e-01
2.35002730e-02
-1.11392095e-01
-6.29196380e-02
-2.70939331e-02
0.00000000e+00
0.00000000e+00
0.00000000e+00
1.05974392e-01
-3.83971617e-01
-1.26855349e-01
1.52511939e-01
2.85798379e-01
0.00000000e+00
0.00000000e+00
0.00000000e+00
-4.46738727e-01
-2.60607894e-02
4.43132915e-02
-1.66446476e-01
-4.91750343e-01
6.26703151e-01
2.89152670e-01
-2.17289946e-02
5.83301488e-01
-1.81536076e-01
8.23960560e-02
-9.16304728e-02
9.86184568e-02
-1.60666673e-01
-1.04468818e-01
3.75339014e-03
-2.29325860e-01
2.59030213e-01
1.59673512e-01
-1.81039843e-01
-7.09763239e-01
1.75537132e-01
2.85353060e-01
-1.20713059e-01
-2.48867050e-02
-6.56532632e-02
-4.70721806e-01
-5.00057119e-01
4.81800115e-01
-5.76703400e-01
8.80326973e-02
1.33634502e-01
0.00000000e+00
2.14067181e-02
-5.97192662e-01
7.35241737e-02
5.11111048e-01
-7.40126792e-02
1.13299623e-01
0.00000000e+00
-1.32655034e-01
-2.44618094e-01
1.95581624e-01
-6.40215881e-02
8.70334193e-03
1.00223780e-01
0.00000000e+00
-1.34593670e-01
-1.89820364e-01
1.28958607e-01
-2.74461050e-01
3.90928064e-02
-2.57993145e-01
0.00000000e+00
0.00000000e+00
0.00000000e+00
0.00000000e+00
0.00000000e+00
0.00000000e+00
0.00000000e+00
0.00000000e+00
0.00000000e+00
0.00000000e+00
0.00000000e+00
0.00000000e+00
0.00000000e+00
0.00000000e+00
0.00000000e+00
0.00000000e+00
0.00000000e+00
0.00000000e+00
0.00000000e+00
0.00000000e+00
0.00000000e+00
1.95190153e-01
-2.19561431e-01
-1.68051466e-01
0.00000000e+00
0.00000000e+00
0.00000000e+00
7.89050021e-01
-1.14776823e+00
-1.52486765e-01
5.97501124e-01
-1.15202699e+00
4.35046679e-01
4.31708880e-01
2.42061811e-01
-3.97295358e-01
0.00000000e+00
1.01803781e+00
-1.52789163e-01
-8.35973624e-01
3.59694654e-01
-1.79159733e-01
5.77049938e-01
5.23390966e-01
-1.05182122e+00
-6.26848932e-01
5.54576672e-01
-3.67481486e-01
0.00000000e+00
0.00000000e+00
0.00000000e+00
1.72283705e-01
-8.30322417e-01
1.99444768e-01
-1.13871119e-02
-1.01107399e+00
6.58561299e-02
6.96794171e-02
2.42051274e-01
2.56916735e-02
0.00000000e+00
2.15197081e-01
-8.02012504e-02
-2.18462380e-01
1.37910692e-01
2.12060936e-01
1.55597576e-01
1.53142751e-01
-4.16263336e-01
2.26729221e-01
3.24583776e-01
-6.18684997e-01
0.00000000e+00
0.00000000e+00
0.00000000e+00
2.07053688e-02
-9.20566282e-01
-1.69048467e-01
2.46888399e-01
-8.74427491e-01
5.83223059e-01
3.29101818e-01
-3.42081220e-01
2.00945219e-02
0.00000000e+00
8.98171298e-01
3.28478250e-01
-5.80959258e-01
4.81074970e-01
-1.11212386e-01
-3.97452848e-02
6.46425797e-04
-6.28371915e-01
-1.16884150e-01
2.56227345e-01
-2.36568834e-01
0.00000000e+00
0.00000000e+00
0.00000000e+00
1.55122502e-01
-7.18961291e-01
-2.39549445e-02
8.10166585e-02
-7.94183931e-01
3.60565211e-02
7.60884062e-02
3.20091829e-01
-3.44618609e-02
0.00000000e+00
-1.36243143e-03
5.16714131e-02
-2.01865245e-01
1.80026189e-01
3.96077489e-01
1.95340989e-01
1.39111713e-01
-2.81380639e-01
5.79467345e-02
1.31051064e-01
136
1.48271796e-01
2.92520134e-01
-5.16357499e-03
4.78850453e-02
-4.28381903e-04
-1.12160439e-01
5.00114438e-04
-7.99729439e-02
1.86819615e-05
0.00000000e+00
0.00000000e+00
-3.12417846e-02
5.25326766e-02
1.31564263e-01
4.24912656e-02
-8.44272839e-02
3.73526594e-02
0.00000000e+00
0.00000000e+00
0.00000000e+00
2.67822654e-01
-1.48929228e-01
9.03370236e-05
-9.94586153e-03
3.92338947e-02
0.00000000e+00
0.00000000e+00
0.00000000e+00
-1.69100522e-01
-2.27773105e-01
-1.41229737e-01
2.30136421e-01
-6.94978699e-02
3.75244914e-01
4.04299865e-01
1.76702075e-01
7.09458978e-01
-6.23013400e-01
-1.80939728e-01
-2.43374668e-02
1.85657628e-01
-3.50953513e-01
-1.46382744e-01
0.00000000e+00
0.00000000e+00
0.00000000e+00
-4.91604436e-02
-3.94833631e-01
1.46948187e-01
5.24044195e-03
-5.86393474e-01
3.65274870e-01
6.73744374e-01
1.48118701e-01
3.84337991e-01
-5.41182599e-01
1.04928254e-02
-4.66388263e-01
8.59036422e-02
-8.78568932e-02
-4.82497478e-01
-6.46674902e-01
-1.22087061e-01
1.82581680e-01
2.44006984e-02
-3.90780034e-01
0.00000000e+00
7.21168171e-02
7.16127382e-02
1.20118240e-01
-2.91100537e-01
0.00000000e+00
0.00000000e+00
0.00000000e+00
0.00000000e+00
0.00000000e+00
0.00000000e+00
0.00000000e+00
0.00000000e+00
0.00000000e+00
0.00000000e+00
0.00000000e+00
0.00000000e+00
0.00000000e+00
0.00000000e+00
0.00000000e+00
4.25309172e-01
-1.66641948e-01
-7.30315203e-01
0.00000000e+00
0.00000000e+00
0.00000000e+00
9.59961561e-01
-2.22828609e+00
2.93330557e-02
6.65345685e-01
-2.50296042e+00
6.50468240e-01
5.66786921e-01
7.16353922e-01
-2.76877455e-01
0.00000000e+00
1.12636071e+00
1.47382836e-01
-9.94095315e-01
4.49580925e-01
7.63420412e-01
6.28166218e-01
4.51593941e-01
-1.96565108e+00
-5.87029508e-01
6.69830233e-01
-1.08142751e+00
0.00000000e+00
0.00000000e+00
0.00000000e+00
4.87465464e-01
-1.89049527e+00
-5.12087978e-02
6.87127686e-01
-2.04495495e+00
7.75254064e-01
7.99299882e-01
6.81317187e-02
-3.00717482e-01
0.00000000e+00
1.12533018e+00
-3.36593980e-02
-8.63589771e-01
7.13237985e-01
-2.19692207e-01
1.96019342e-01
3.12546128e-01
-1.27904511e+00
-1.16035352e-01
5.53558374e-01
19 2
-5.2366e-01 4.2334e-01
6 6
0 1 4 6 2 7 
217
-7.27608872e-02
6.89299906e-02
1.64694670e-01
-2.09793360e-01
6.48246892e-03
-4.39896289e-02
-7.66788536e-02
1.18942369e-01
3.41702871e-02
9.49471313e-02
1.64999045e-01
-2.35334759e-03
-2.01733835e-01
-1.29070509e-01
-2.14023118e-02
-6.09497457e-03
-7.10518041e-02
5.03731513e-02
1.10182459e-03
-1.28714151e-01
-3.23995991e-02
-3.40738231e-03
-6.76257181e-02
-6.93321275e-02
1.05390296e-03
-1.44087948e-02
0.00000000e+00
0.00000000e+00
1.75582649e-02
6.76706815e-02
-6.61138737e-03
-1.35586467e-02
-3.83613717e-02
-9.94584277e-02
0.00000000e+00
0.00000000e+00
0.00000000e+00
1.27328888e-01
-3.52774018e-01
-2.21958882e-01
-1.31371163e-01
2.01090714e-01
3.04923574e-01
0.00000000e+00
0.00000000e+00
-5.30617418e-01
7.33513775e-02
1.18534318e-01
-2.56310612e-01
-6.38096384e-01
4.41073624e-01
3.35492405e-01
-1.78551314e-01
5.86948408e-01
-2.92866468e-01
2.08336160e-01
-8.32234704e-02
3.33326839e-01
-2.67938273e-01
7.77799193e-02
-2.55041235e-02
-3.98066404e-01
3.50809640e-01
5.56872473e-02
-6.20152382e-01
-7.92391314e-01
2.95691027e-01
2.69641580e-01
1.96013220e-01
8.26357573e-01
-2.23734041e-01
-5.42789910e-01
-5.01472311e-01
3.87172343e-01
-6.13915672e-01
3.06590721e-01
2.19192402e-01
2.42216687e-03
-1.72871037e-02
-2.72176780e-01
-2.59186800e-01
3.96769206e-01
2.01290849e-01
5.74889999e-02
0.00000000e+00
-4.56572688e-01
-5.88913016e-01
3.45174307e-01
-7.38855867e-01
3.86374937e-02
1.00714373e-02
8.59826338e-02
-2.61057178e-02
-2.70166040e-01
5.26213444e-02
3.35849526e-02
-1.85259148e-01
-1.32918966e-01
5.03173441e-02
1.90252557e-01
-3.01972634e-02
-5.37682789e-02
-3.70496563e-02
-2.59562510e-01
-2.08087897e-01
0.00000000e+00
0.00000000e+00
0.00000000e+00
0.00000000e+00
0.00000000e+00
0.00000000e+00
0.00000000e+00
0.00000000e+00
0.00000000e+00
0.00000000e+00
0.00000000e+00
0.00000000e+00
0.00000000e+00
0.00000000e+00
-2.38625215e-01
-6.74382470e-01
-1.10349689e+00
0.00000000e+00
0.00000000e+00
0.00000000e+00
2.83783456e-01
-4.44543994e-01
-1.23270881e-01
9.58104749e-02
-4.71879558e-01
9.89283779e-03
1.38244537e-01
1.97863857e-01
-1.80343932e-01
0.00000000e+00
2.81967269e-01
-1.79434764e-01
-4.96117564e-01
4.97697830e-02
3.91717252e-02
1.10969430e-01
2.21020556e-01
-4.75493837e-01
-2.50876603e-01
8.99703221e-02
8.79682973e-02
0.00000000e+00
0.00000000e+00
0.00000000e+00
3.77535246e-01
-8.02052478e-01
2.75390004e-02
1.59364810e-01
-7.44117862e-01
2.14739260e-01
1.18320393e-01
1.46916461e-01
-1.58510475e-02
0.00000000e+00
4.34220123e-01
-1.98755267e-01
-2.20899778e-01
1.46036041e-01
-2.86661130e-02
2.87660537e-01
2.96090488e-01
-4.40375032e-01
-3.57012466e-02
3.65964761e-01
-1.22489316e+00
0.00000000e+00
0.00000000e+00
0.00000000e+00
-2.58307561e-02
-5.25793957e-01
-1.67141332e-01
1.00862787e-01
-3.77203319e-01
6.08522291e-02
3.50364050e-02
-1.27581668e-01
-1.43278845e-01
0.00000000e+00
6.43124233e-01
-1.14112620e-01
-3.83163306e-01
2.19591209e-01
2.51694759e-02
5.25403486e-03
-1.26106755e-02
-4.18838062e-01
-1.17863846e-01
9.86348494e-02
-7.99647589e-03
0.00000000e+00
0.00000000e+00
0.00000000e+00
2.01635839e-01
-1.05327724e+00
9.15102390e-03
1.42675616e-01
-6.11326608e-01
2.80688755e-01
2.08986655e-01
1.78361959e-01
-2.31479627e-01
0.00000000e+00
1.60122058e-01
-1.67676542e-01
-5.63598548e-02
2.92083334e-01
2.68853159e-01
1.97138643e-01
1.28906466e-01
-2.48914867e-01
1.03255746e-01
1.89179006e-01
136
1.79211341e-01
-3.56889131e-02
-5.07859623e-04
3.56856881e-02
1.34749240e-03
1.67644101e-01
-2.86376127e-03
1.15704651e-02
4.45672964e-04
0.00000000e+00
0.00000000e+00
1.95612152e-02
1.10392849e-01
1.56786983e-01
-1.02897161e-02
-1.07648672e-01
1.04086827e-02
0.00000000e+00
0.00000000e+00
0.00000000e+00
3.25346184e-01
-1.21472101e-01
-1.37208251e-01
-8.11594355e-02
8.88025765e-02
1.05184434e-01
0.00000000e+00
0.00000000e+00
-1.37375062e-01
-1.88997848e-01
-1.20107173e-01
8.16986037e-02
-1.22103885e-01
4.15838971e-01
4.28910784e-01
4.87962233e-02
6.64934381e-01
-4.75114183e-01
-7.69389229e-02
-2.89760099e-02
2.58641276e-01
-2.57799187e-01
-3.11914561e-01
0.00000000e+00
0.00000000e+00
0.00000000e+00
-3.38517716e-02
-3.70983725e-01
1.49922354e-01
3.66701801e-02
-5.97655587e-01
3.72627532e-01
3.92705930e-01
1.22932623e-01
3.24597937e-01
-5.40525811e-01
1.40667615e-03
-2.86491327e-01
1.68529657e-01
-4.81433402e-02
-4.34364431e-01
-6.13940316e-01
-1.59861313e-01
1.52625831e-01
3.68293244e-02
-4.21105641e-01
1.70304522e-01
-6.25642981e-02
3.89145315e-02
1.06627894e-01
-3.53434804e-01
2.25512652e-01
-1.12239440e-01
-1.04609090e-01
1.20114576e-01
-1.33605948e-01
0.00000000e+00
0.00000000e+00
0.00000000e+00
0.00000000e+00
0.00000000e+00
0.00000000e+00
0.00000000e+00
0.00000000e+00
0.00000000e+00
0.00000000e+00
3.91973787e-01
-2.26809845e-01
-7.19582110e-01
0.00000000e+00
0.00000000e+00
0.00000000e+00
9.48553731e-01
-2.25027087e+00
8.70662802e-02
6.86779198e-01
-2.37751820e+00
6.70629879e-01
5.82595839e-01
7.28632461e-01
-3.19787279e-01
0.00000000e+00
1.06478726e+00
9.30216855e-02
-9.90549911e-01
4.35977901e-01
7.94179278e-01
6.53429903e-01
4.26588727e-01
-1.99441328e+00
-6.13011360e-01
6.53726646e-01
-1.10076108e+00
0.00000000e+00
0.00000000e+00
0.00000000e+00
4.61629113e-01
-1.81688520e+00
-8.55556655e-02
6.99962366e-01
-1.95920786e+00
7.57242470e-01
7.76288028e-01
5.20277001e-02
-2.37629224e-01
0.00000000e+00
1.03888460e+00
4.68894436e-02
-9.22838100e-01
6.59330748e-01
-1.58354363e-01
1.96548187e-01
3.08550782e-01
-1.27523760e+00
-1.53895883e-01
5.11489372e-01
14 2
-5.6013e-01 4.3332e-01
7 6
0 1 4 6 2 7 19 
217
-4.59733305e-02
5.03447363e-02
1.37224696e-01
-1.67367526e-01
-1.74815371e-02
-5.83104329e-02
-7.62746213e-02
5.11323508e-02
3.61973795e-02
8.50433500e-02
1.45564055e-01
-5.26383987e-02
-1.33978607e-01
-1.33873633e-01
-2.07054659e-02
1.19986591e-03
-1.04381377e-02
4.78126304e-02
1.74271450e-03
-1.40924391e-01
-9.17292881e-03
-2.46198594e-03
-7.28794266e-02
-6.39075661e-02
1.07743402e-03
1.24930681e-02
0.00000000e+00
0.00000000e+00
9.31880821e-02
-2.96199222e-02
-1.13908290e-01
-5.32463719e-02
9.62695439e-02
-3.86563725e-02
0.00000000e+00
0.00000000e+00
0.00000000e+00
1.69356457e-01
-2.68518531e-01
-3.07561765e-01
-1.66755816e-01
1.27922068e-02
2.35402706e-01
2.79311413e-01
0.00000000e+00
-5.12282130e-01
8.97762590e-03
1.36810070e-01
-1.18278817e-01
-5.15945907e-01
2.81504867e-01
3.54918232e-01
-8.35827649e-02
5.07716207e-01
-3.67551633e-01
2.68472839e-01
-6.99343486e-02
8.94537633e-02
-1.61360748e-01
1.35109416e-01
9.34935143e-02
-4.42156772e-01
3.02689927e-01
-2.61629442e-02
-4.84062875e-01
-4.43115505e-01
2.90120796e-01
2.54139900e-01
1.74131693e-01
8.22371188e-01
-1.77834477e-01
-5.25019522e-01
-5.62822838e-01
3.97312013e-01
-5.78720306e-01
2.59568656e-01
2.53437893e-01
0.00000000e+00
-4.22098671e-02
-9.46462362e-02
-1.65111186e-01
3.21190297e-01
1.60577643e-01
1.98778132e-03
0.00000000e+00
-3.64296061e-01
-5.10010377e-01
2.22156050e-01
-6.46859129e-01
9.61666804e-02
-1.08852733e-01
-5.06565082e-02
-1.46070556e-02
-3.19576334e-01
5.16629298e-02
5.65463070e-02
-3.23726965e-02
-3.71289778e-02
-4.55909347e-02
7.19343338e-02
-2.33926055e-01
-4.50608063e-02
-1.77048271e-03
-2.72559233e-02
-1.03812576e-01
0.00000000e+00
-1.38245474e-01
-1.14037755e-01
5.71078967e-02
-2.47783587e-01
3.51642470e-02
1.18076796e-01
0.00000000e+00
0.00000000e+00
0.00000000e+00
0.00000000e+00
0.00000000e+00
0.00000000e+00
0.00000000e+00
-1.66147402e-01
-6.41123576e-01
-9.01814174e-01
0.00000000e+00
0.00000000e+00
0.00000000e+00
2.85128924e-01
-4.48039807e-01
-9.98020483e-02
1.32213392e-01
-4.96511716e-01
1.06434499e-01
5.05440310e-02
1.77712477e-01
-9.71796129e-02
0.00000000e+00
2.33507672e-01
-1.59244183e-01
-3.85934697e-01
5.17238927e-02
1.07409919e-01
1.62584026e-01
7.62603953e-02
-4.64496675e-01
-2.26883576e-01
9.27589143e-02
1.67464480e-02
0.00000000e+00
0.00000000e+00
0.00000000e+00
3.81421325e-01
-8.51270297e-01
-8.37246322e-02
1.63375686e-01
-8.35888755e-01
1.63010196e-01
1.78331220e-01
1.61405554e-01
-3.89174190e-02
0.00000000e+00
4.29835990e-01
-1.56299266e-01
-2.55256573e-01
1.94514365e-01
5.97326879e-04
3.67782769e-01
3.81881034e-01
-5.01217812e-01
-5.53368626e-02
3.72502599e-01
-9.86773569e-01
0.00000000e+00
0.00000000e+00
0.00000000e+00
9.47316269e-02
-4.75576012e-01
-1.34264927e-01
-3.53111477e-02
-3.89497848e-01
1.59305356e-01
1.51779074e-01
-1.45028054e-01
-1.83928962e-01
0.00000000e+00
4.88773724e-01
-1.28330992e-01
-2.67958064e-01
1.35290358e-01
1.46490681e-02
-1.02138105e-01
-3.38797817e-03
-3.00456990e-01
-2.44251619e-02
1.59001466e-01
-8.66097884e-02
0.00000000e+00
0.00000000e+00
0.00000000e+00
2.01737389e-01
-9.36139456e-01
3.52026084e-02
2.42105404e-01
-6.53591673e-01
2.07846170e-01
1.44703098e-01
1.84370075e-01
-2.92952850e-01
0.00000000e+00
2.20302283e-01
-1.49332240e-01
-1.02666032e-01
2.94769967e-01
2.40060557e-01
2.25373755e-01
1.23726098e-01
-3.06814857e-01
6.07833839e-02
1.73906530e-01
136
1.33570044e-01
-2.11749257e-02
9.84326355e-04
5.57394662e-02
9.55056639e-04
1.24402504e-01
-2.04053335e-03
-2.53970008e-02
4.89215700e-04
0.00000000e+00
0.00000000e+00
-7.44687816e-03
7.41537914e-02
1.50509536e-01
3.76171922e-03
-1.09950869e-01
2.25427438e-02
0.00000000e+00
0.00000000e+00
0.00000000e+00
2.20745513e-01
-9.47567037e-02
-8.00778582e-02
-6.54980657e-03
4.02630728e-02
3.63987110e-02
1.77277580e-02
0.00000000e+00
-1.01340176e-01
-1.53878774e-01
-1.68522702e-01
8.62719025e-02
-1.78595547e-01
3.41818626e-01
4.32302003e-01
7.81076357e-02
5.68115299e-01
-4.31343158e-01
-7.17682997e-02
-5.97789570e-02
1.93127119e-01
-2.10799819e-01
-1.89964468e-01
0.00000000e+00
0.00000000e+00
0.00000000e+00
-2.46465776e-02
-3.25136608e-01
1.48043504e-01
3.61267272e-02
-6.23588542e-01
2.73875464e-01
3.11851171e-01
8.44644554e-02
2.81843806e-01
-4.78358407e-01
-1.99218173e-03
-2.78818635e-01
1.75861107e-01
-6.21860676e-02
-3.62997321e-01
-5.06025383e-01
-1.69956421e-01
1.39537916e-01
1.22963898e-02
-4.54186763e-01
1.61559345e-01
-7.67312903e-02
4.04950927e-02
7.95507813e-02
-2.35972120e-01
2.01481523e-01
-9.92043903e-02
-1.46947337e-01
1.10964508e-01
-4.47897428e-02
0.00000000e+00
2.23170302e-01
1.15520846e-02
1.11538973e-01
1.26848726e-03
0.00000000e+00
0.00000000e+00
0.00000000e+00
0.00000000e+00
0.00000000e+00
3.74446790e-01
-2.07321236e-01
-7.18251622e-01
0.00000000e+00
0.00000000e+00
0.00000000e+00
9.31240501e-01
-2.18776545e+00
1.06079633e-01
6.86422818e-01
-2.26134648e+00
6.82606203e-01
5.75739972e-01
7.19190002e-01
-3.38804902e-01
0.00000000e+00
1.09285650e+00
9.29245378e-02
-1.01071599e+00
4.26854129e-01
7.32755169e-01
6.14453954e-01
3.95354261e-01
-2.01603877e+00
-5.96009194e-01
6.35951495e-01
-1.08482234e+00
0.00000000e+00
0.00000000e+00
0.00000000e+00
4.58194464e-01
-1.78222832e+00
-8.57752671e-02
6.79426518e-01
-1.87275506e+00
7.40117136e-01
7.74355764e-01
3.38640781e-02
-2.13494673e-01
0.00000000e+00
1.06968180e+00
3.37442773e-02
-9.20066289e-01
6.68411962e-01
-1.74966476e-01
1.86110615e-01
3.13158493e-01
-1.30026955e+00
-1.89638242e-01
4.97306437e-01
5 1
-6.5863e-01 4.6811e-01
8 0
0 1 4 6 2 7 19 14 
217
-6.87562278e-02
-3.81723153e-02
2.22858468e-01
-2.63668784e-01
4.04485223e-01
-7.77033022e-01
-2.41151001e-01
-1.63662973e-01
-3.48496091e-01
5.81633350e-02
-1.09390255e-01
-9.21331498e-03
2.25795895e-01
1.98708439e-01
6.58346317e-02
-1.78795558e-03
-1.96047541e-01
-7.77268500e-02
9.64659971e-04
-4.07834723e-01
-3.55555345e-02
3.78822430e-04
-3.31137646e-01
-2.13084750e-02
5.54862635e-04
-1.21147993e-01
0.00000000e+00
0.00000000e+00
-4.49157105e-01
-3.33417838e-01
-1.07895440e-01
1.10776965e-01
3.00700066e-01
4.10237124e-01
0.00000000e+00
0.00000000e+00
0.00000000e+00
3.38163720e-02
-2.14400559e-01
-1.29203999e-01
-5.06416667e-02
1.76277859e-02
1.01367370e-01
1.72678469e-01
0.00000000e+00
-4.31722533e-01
1.58865934e-01
1.44912355e-02
-1.19897444e-01
-4.32942941e-01
4.07370844e-01
3.50408043e-01
-1.32687069e-01
3.67647957e-01
-3.60305848e-01
1.79625092e-01
-9.66210892e-02
-7.18240938e-02
-3.43733814e-02
1.33209064e-01
5.61921541e-02
-3.34126982e-01
2.09178601e-01
1.77632935e-01
-3.55280989e-01
-4.23803012e-01
9.09899916e-02
3.41275252e-01
1.79018337e-02
1.63688220e-01
-5.46705620e-01
-3.71341592e-01
-4.27117485e-01
6.10994202e-01
-4.48972977e-01
2.38296782e-01
3.35539227e-01
0.00000000e+00
-1.44941155e-01
-4.23441015e-01
-6.99013939e-02
1.16942984e-01
2.05230396e-01
-1.05778594e-02
0.00000000e+00
-5.16645715e-02
-2.66999317e-01
1.50795832e-01
-3.90270032e-01
-1.66125199e-01
-4.94859894e-02
7.68616673e-02
-1.97408084e-01
-3.20334915e-01
2.15861355e-01
-8.85193128e-02
-1.64071166e-01
-1.22579292e-01
3.67159492e-02
-1.16613953e-01
7.01535832e-02
-1.20633467e-01
-4.21066411e-02
1.31775243e-01
-9.98412231e-02
0.00000000e+00
-1.03209717e-01
-7.14465011e-02
1.31173537e-01
-2.51392566e-01
-9.49577585e-02
-1.01705647e-01
0.00000000e+00
-8.23333426e-02
-9.53908193e-02
9.02405502e-02
-2.76194602e-02
-7.49011463e-02
1.01264912e-01
9.41360190e-02
-4.82359395e-01
-7.95890110e-01
0.00000000e+00
0.00000000e+00
0.00000000e+00
5.42272175e-01
-8.72950672e-01
-2.48841191e-01
1.78769301e-01
-9.96860260e-01
2.34931967e-01
2.83355346e-01
2.34962323e-01
-3.74075916e-02
0.00000000e+00
7.39169330e-01
-4.28536919e-02
-8.80411949e-01
1.99552895e-01
2.60939857e-01
1.78879458e-01
5.58952273e-02
-9.01971915e-01
-4.68495381e-01
7.45174662e-01
4.42452284e-02
0.00000000e+00
0.00000000e+00
0.00000000e+00
2.57590493e-01
-9.13827616e-01
5.37759943e-02
2.91585091e-01
-8.79848447e-01
2.87503179e-01
1.27045137e-01
1.34969201e-01
-6.17390917e-02
0.00000000e+00
2.76865838e-01
2.16301579e-01
1.28223392e-02
1.40273715e-01
-1.47462445e-01
1.87257720e-01
2.45577070e-01
-3.22353544e-01
1.42441417e-02
1.23664875e-01
-9.00170317e-01
0.00000000e+00
0.00000000e+00
0.00000000e+00
1.93735630e-01
-8.13193741e-01
-1.21678486e-01
8.22681099e-02
-7.70245728e-01
7.22806035e-01
2.95641631e-01
-3.42844998e-02
-7.62232183e-02
0.00000000e+00
2.18000389e-01
-1.30953138e-01
-8.84502213e-01
2.59824821e-01
1.18526092e+00
4.34658393e-02
-8.61991811e-02
-7.62497431e-01
-1.49645155e-01
-7.17508999e-02
-8.16598106e-02
0.00000000e+00
0.00000000e+00
0.00000000e+00
1.10391076e-01
-7.80730899e-01
2.13220765e-01
2.25073285e-01
-6.19962455e-01
2.84297490e-01
1.75566776e-01
1.67466843e-01
-5.66502133e-02
0.00000000e+00
2.65440883e-01
-7.59035094e-02
-9.89174375e-02
1.61894623e-01
-3.12242181e-01
1.17914602e-01
1.85356116e-01
-1.61468003e-01
-2.43777527e-02
1.41970180e-01
136
1.31615198e-01
3.84396744e-02
9.01342869e-04
6.86552120e-02
-9.18028427e-04
-2.76327907e-02
1.23461547e-03
5.21531024e-02
9.50625298e-05
0.00000000e+00
0.00000000e+00
1.03704319e-01
6.49024008e-02
8.17012820e-02
-5.37220021e-02
-1.07827113e-01
4.28563108e-02
0.00000000e+00
0.00000000e+00
0.00000000e+00
2.00935387e-01
-4.79255242e-02
-6.17184900e-02
2.03866175e-02
-3.61368221e-02
-5.11389472e-02
1.07253560e-01
0.00000000e+00
-8.05300541e-02
-1.13867850e-01
-1.65378762e-01
4.47383703e-02
-1.41175350e-01
3.07639712e-01
4.58925227e-01
5.30803924e-02
5.29996366e-01
-4.73895618e-01
-5.91349007e-02
-1.05035211e-01
2.87203912e-01
-2.73902409e-01
-1.37008043e-01
0.00000000e+00
0.00000000e+00
0.00000000e+00
-8.10995490e-02
-4.80183647e-01
1.42311772e-01
-2.44577791e-02
-6.12771575e-01
2.90693313e-01
2.97544529e-01
1.18188388e-01
2.59094433e-01
-4.85655273e-01
-2.26881849e-02
-2.87082825e-01
1.23134693e-01
-4.61900213e-02
-3.07316328e-01
-5.29501296e-01
-1.39320551e-01
1.85485962e-01
1.74005375e-02
-4.67142817e-01
1.93112307e-01
-8.05265855e-02
-2.51990432e-02
8.56916546e-02
-2.89824745e-01
1.93099971e-01
-6.35493490e-02
-1.45741121e-01
1.08332845e-01
-1.24476365e-01
3.30981820e-03
2.68937452e-01
1.17881048e-02
1.27931709e-01
-1.41347929e-01
3.30981820e-03
1.94973992e-01
2.29364947e-02
9.42121465e-02
-4.48878228e-02
3.23137792e-01
-3.40513513e-01
-7.39016757e-01
0.00000000e+00
0.00000000e+00
0.00000000e+00
9.15987646e-01
-2.21805695e+00
1.03231081e-01
6.30749589e-01
-2.32296482e+00
6.68422243e-01
5.57938528e-01
7.27773568e-01
-3.25740661e-01
0.00000000e+00
1.05121166e+00
1.64473653e-02
-1.02782186e+00
4.22801935e-01
7.86526367e-01
7.17610096e-01
5.07051069e-01
-1.97154096e+00
-5.91478165e-01
6.12835512e-01
-1.15198145e+00
0.00000000e+00
0.00000000e+00
0.00000000e+00
4.66164245e-01
-1.86948918e+00
-1.17586705e-01
7.06972923e-01
-1.97729035e+00
6.56421106e-01
7.63588496e-01
4.37610189e-02
-2.60958586e-01
0.00000000e+00
1.07512672e+00
3.10198680e-02
-8.30575278e-01
6.98649557e-01
-1.64320267e-01
2.44803846e-01
2.88544497e-01
-1.31147829e+00
-1.33145008e-01
5.37809935e-01
3 1
-7.1267e-01 4.7363e-01
8 0
0 1 4 6 2 7 19 14 
217
-2.51204185e-01
1.57912036e-02
4.46925862e-01
-1.07518304e-02
4.06048102e-01
-8.80095032e-01
-5.40321105e-01
7.87770821e-02
-3.64380022e-01
1.98711842e-02
5.68598678e-02
-1.48361947e-02
1.90588973e-01
8.67754267e-02
9.98236973e-03
1.51849730e-03
-2.01692558e-01
-1.91829151e-01
3.24936834e-03
-3.78734704e-01
-1.07739021e-01
1.57510480e-03
-2.69981929e-01
3.83816179e-02
6.89494221e-04
-1.95243995e-01
0.00000000e+00
0.00000000e+00
-6.07496421e-01
-4.15719748e-01
-1.66608297e-01
6.86258608e-02
3.74265024e-01
4.95729396e-01
0.00000000e+00
0.00000000e+00
0.00000000e+00
-5.79223188e-03
-1.82541281e-01
-1.70462535e-01
-1.07013419e-01
-2.31184186e-03
1.22634761e-01
9.42823625e-02
0.00000000e+00
-4.91797497e-01
1.48128183e-01
-3.45198640e-02
7.93138333e-03
-6.24824732e-01
4.66731622e-01
3.78412787e-01
-6.54332158e-02
3.83956114e-01
-4.57249213e-01
2.51632240e-01
0.00000000e+00
-3.29734541e-02
-1.76006607e-01
5.14860192e-02
-3.48964629e-02
-3.74554247e-01
1.58246525e-01
2.41575056e-01
-3.74150854e-01
-7.02511556e-01
-1.26751649e-01
4.69269747e-01
8.12326144e-03
9.20350991e-02
-3.82554369e-01
-4.97264982e-01
-4.87957910e-01
4.02248068e-01
-3.91074856e-01
2.26367098e-01
2.55362184e-01
0.00000000e+00
-2.57163976e-01
-4.65092955e-01
-3.94715156e-02
5.79455101e-02
5.35505854e-02
-5.38936010e-02
0.00000000e+00
-1.54214240e-01
-3.26303018e-01
1.12077261e-01
-3.98917844e-01
-2.13343328e-01
-1.96237023e-01
-1.21362449e-01
-1.63036398e-01
-7.49309842e-02
3.89383240e-03
-1.55800867e-02
2.93008300e-02
-2.34522007e-02
-5.37503639e-02
-1.93023822e-01
8.35762634e-03
8.26182431e-02
-8.01318140e-02
-8.70482422e-02
-1.42442405e-01
0.00000000e+00
-1.47071601e-01
6.25685020e-02
4.96520160e-02
-1.93348853e-01
-1.58060722e-01
2.25396011e-02
0.00000000e+00
-2.25247332e-01
-2.73303705e-01
1.16388938e-01
-1.25215032e-01
-1.46621913e-01
-6.88613992e-02
9.66908610e-02
-4.70169136e-01
-9.26767572e-01
0.00000000e+00
0.00000000e+00
0.00000000e+00
6.32843268e-01
-6.18028252e-01
-3.25097488e-01
-3.51391680e-02
-9.66540024e-01
3.71300958e-01
1.18459569e-01
2.34258030e-01
-1.42678907e-02
0.00000000e+00
5.52938475e-01
-2.26785945e-02
-7.95615244e-01
1.37106688e-02
3.00897302e-01
1.91359646e-01
9.22559696e-03
-8.61852509e-01
-4.39263240e-01
7.26721326e-01
9.27012714e-02
0.00000000e+00
0.00000000e+00
0.00000000e+00
2.30520274e-01
-9.42728468e-01
1.16017089e-01
3.75833720e-01
-8.94215621e-01
2.28953946e-01
1.78735275e-01
1.47879330e-01
-1.17096825e-01
0.00000000e+00
3.31024015e-01
2.58519450e-01
4.49746713e-02
1.97242778e-01
-1.86272508e-01
1.94369545e-01
2.38199420e-01
-3.96140453e-01
-7.90971755e-02
1.65982807e-01
-1.02849611e+00
0.00000000e+00
0.00000000e+00
0.00000000e+00
1.40183169e-01
-8.43694221e-01
-4.64599122e-01
2.43284590e-01
-8.10976095e-01
4.84330546e-01
5.79472123e-01
8.64122629e-02
-1.45744306e-01
0.00000000e+00
3.11903454e-01
-1.77114681e-02
-8.89336727e-01
3.01224239e-01
1.06166351e+00
2.24458057e-02
-2.62613529e-02
-6.57020790e-01
-2.12335710e-01
-1.91736016e-01
-5.22706493e-02
0.00000000e+00
0.00000000e+00
0.00000000e+00
1.73792674e-01
-7.56889686e-01
1.56102252e-01
1.89957783e-01
-8.70333798e-01
2.52150522e-01
2.03301506e-01
2.10621538e-01
-3.05254579e-02
0.00000000e+00
2.36933482e-01
2.18187571e-02
-7.43843633e-02
1.03575929e-01
-2.22904698e-01
1.67493324e-01
1.43005081e-01
-2.29291713e-01
9.47446815e-02
1.78561537e-01
136
1.47910328e-01
3.10787525e-02
3.55374028e-03
6.38584534e-02
-1.29506702e-04
-1.59305910e-02
1.39510770e-03
6.89037132e-02
8.68033316e-05
0.00000000e+00
0.00000000e+00
1.20795755e-01
7.15923441e-02
6.97649006e-02
-4.78865811e-02
-1.05125206e-01
3.87691153e-02
0.00000000e+00
0.00000000e+00
0.00000000e+00
1.63741526e-01
-3.69155701e-02
-3.27194461e-02
2.12728051e-02
-1.24631175e-03
-5.48517853e-02
8.86519040e-02
0.00000000e+00
-7.61906999e-02
-9.50218733e-02
-1.53678110e-01
1.77255606e-02
-1.28394983e-01
3.09045074e-01
4.54605445e-01
7.71522470e-02
5.06522168e-01
-5.02269552e-01
-6.59100919e-02
-1.05526666e-01
2.90457478e-01
-2.69927844e-01
-1.10655031e-01
0.00000000e+00
0.00000000e+00
0.00000000e+00
-8.82990240e-02
-4.80546823e-01
1.34735669e-01
-1.12960975e-02
-6.05584812e-01
2.89335829e-01
2.92386482e-01
1.13074317e-01
2.52340169e-01
-5.25098763e-01
-1.88211051e-02
-2.90597600e-01
1.10681445e-01
-4.50008601e-02
-3.14155156e-01
-5.19369551e-01
-1.68896277e-01
1.90411314e-01
4.29768028e-03
-4.83775094e-01
1.58733125e-01
-3.04580816e-02
-6.16348703e-03
8.77218291e-02
-2.83509898e-01
2.17076994e-01
-8.61138715e-02
-1.33945064e-01
9.38045645e-02
-1.17142089e-01
-3.19684096e-03
2.79882369e-01
2.79245493e-02
1.24166982e-01
-1.54907793e-01
-3.19684096e-03
2.14446514e-01
1.04981215e-02
9.80287023e-02
-4.11275924e-02
2.81765098e-01
-3.26846144e-01
-7.64028325e-01
0.00000000e+00
0.00000000e+00
0.00000000e+00
9.23747725e-01
-2.27439514e+00
9.62594829e-02
6.41763682e-01
-2.29342555e+00
6.56482281e-01
5.69200742e-01
7.03026989e-01
-3.06638644e-01
0.00000000e+00
1.05572264e+00
-4.55252514e-02
-1.02862455e+00
4.55435660e-01
8.07384394e-01
6.86996368e-01
5.12034734e-01
-1.97583996e+00
-5.78408963e-01
6.30775034e-01
-1.15963793e+00
0.00000000e+00
0.00000000e+00
0.00000000e+00
4.82070633e-01
-1.87951207e+00
-5.96313615e-02
6.84197377e-01
-1.94553396e+00
7.15215593e-01
7.24188916e-01
2.82456771e-02
-2.59871070e-01
0.00000000e+00
1.04764552e+00
8.47356059e-03
-8.33999529e-01
6.86854485e-01
-1.79727264e-01
2.32119873e-01
3.07265204e-01
-1.29356580e+00
-1.68528840e-01
5.44455126e-01
15 2
-9.6918e-01 4.9440e-01
8 4
0 1 4 6 2 7 19 14 
217
-7.64739229e-03
-1.23907395e-01
-8.24552508e-02
-1.32521576e-01
-3.20683888e-01
2.20946643e-01
1.17005588e-01
4.75775414e-02
1.83946337e-01
1.75732140e-02
1.26582183e-01
-2.54714956e-01
-1.14497612e-01
-1.16860818e-01
-7.82623456e-03
-9.30932845e-03
2.75564028e-01
-1.56925708e-01
1.44369105e-03
4.19225073e-02
-1.37269606e-01
1.32707669e-03
1.35692649e-01
2.94374156e-01
1.28027387e-04
-1.32003199e-01
0.00000000e+00
0.00000000e+00
2.32837998e-01
9.20573931e-02
-2.07650834e-02
-7.04108341e-02
-1.57376222e-01
-8.39906437e-02
0.00000000e+00
0.00000000e+00
0.00000000e+00
-1.69327411e-01
-2.09605385e-01
-7.20865295e-02
6.83032824e-02
2.43786475e-01
1.56949716e-01
-2.56675403e-02
0.00000000e+00
-3.84844900e-01
1.27757258e-01
7.43174214e-02
-2.76931314e-02
-4.89759292e-01
3.60487090e-01
2.91526834e-01
1.89075424e-02
4.81149476e-01
-4.64116670e-01
2.20072174e-01
-7.06998918e-02
-1.05251767e-01
-6.54895911e-02
2.59900550e-02
-2.52226673e-02
-3.17451870e-01
3.35027145e-01
1.30432749e-01
-2.51280144e-01
-6.12562192e-01
2.07801536e-01
2.30602952e-01
-9.46015336e-02
2.56817078e-02
-1.76293734e-01
-4.01898230e-01
-4.80408945e-01
2.61583221e-01
-6.08947203e-01
3.08961350e-01
4.16069881e-01
0.00000000e+00
7.32423030e-02
-4.47300749e-01
-5.29936731e-02
5.73148890e-01
-2.78960221e-02
-1.87086030e-01
-1.84421832e-02
-2.97665370e-02
-3.21519390e-01
2.01710939e-01
-2.08944105e-02
-1.61149611e-01
1.35736669e-01
-2.13824196e-01
-3.15720166e-01
-2.55796297e-01
1.78764173e-01
-2.91103539e-01
3.43132797e-01
3.15087487e-01
-1.59922874e-01
-1.23448818e-01
-1.45913393e-02
7.68467850e-02
-2.27400722e-01
1.98877515e-01
1.34194229e-03
-1.54346874e-02
-1.04163503e-01
-2.03946591e-01
1.48722805e-01
-7.79675890e-02
-3.67720072e-02
1.79914894e-01
-1.54346874e-02
-1.68475445e-02
6.79557791e-02
4.61244243e-02
3.21484955e-02
-2.14895848e-02
1.55116303e-01
4.18093169e-01
-7.18484558e-02
-2.40717911e-02
0.00000000e+00
0.00000000e+00
0.00000000e+00
6.75387177e-01
-8.62719518e-01
-1.06818812e-01
4.49116170e-01
-7.88852814e-01
2.60464129e-01
3.17093700e-01
3.01391158e-01
-2.58144521e-01
0.00000000e+00
8.59293279e-01
-1.64529873e-02
-4.78875727e-01
-1.79589940e-02
1.95004690e-02
3.04221354e-01
2.66531667e-01
-7.83686559e-01
-4.94458542e-01
3.30897581e-01
-3.50466506e-01
0.00000000e+00
0.00000000e+00
0.00000000e+00
1.52088747e-01
-9.98585681e-01
2.90041576e-02
3.00733781e-01
-9.20973896e-01
2.30619865e-01
2.04958451e-01
1.12916708e-01
-5.03284667e-03
0.00000000e+00
1.48687029e-01
1.28942903e-01
-1.44711660e-01
2.37833217e-01
-8.14044608e-03
1.41433004e-01
9.21162007e-02
-4.39007040e-01
9.68176170e-02
2.89833382e-01
-5.02627398e-01
0.00000000e+00
0.00000000e+00
0.00000000e+00
7.75418437e-02
-5.52438685e-01
-5.37946682e-02
2.08985519e-01
-4.90299839e-01
9.25960837e-01
3.42678887e-01
-3.89143326e-01
-2.31435195e-01
0.00000000e+00
6.19231968e-01
1.03191044e-01
-5.03142112e-01
2.45535827e-01
-4.36154768e-01
9.47734149e-02
-3.52119759e-02
-3.07977441e-01
-2.10850161e-01
8.99214310e-02
-1.90001684e-01
0.00000000e+00
0.00000000e+00
0.00000000e+00
6.18315168e-02
-5.54563006e-01
4.33158746e-02
7.92010957e-02
-5.44565810e-01
2.61932213e-01
1.57670161e-01
1.96507567e-01
1.90453424e-01
0.00000000e+00
-4.01348062e-02
-1.16383069e-01
-3.44274907e-01
1.31795369e-01
6.25113694e-01
-2.24415679e-02
6.63697414e-02
-3.76729691e-01
-2.13227812e-02
1.62232964e-02
136
1.41894188e-01
5.90680263e-02
5.89531006e-04
9.62175574e-02
-7.78763127e-04
6.91553232e-03
-8.91709009e-04
-2.03069276e-02
5.34285730e-04
0.00000000e+00
0.00000000e+00
-1.00570930e-01
2.68569643e-02
9.90470281e-02
1.85751769e-02
2.14546229e-02
7.65313265e-02
0.00000000e+00
0.00000000e+00
0.00000000e+00
1.90851481e-01
-3.89097694e-02
-2.49525532e-02
3.27339395e-02
-5.77299388e-02
-6.55213721e-02
1.05566243e-01
0.00000000e+00
-1.08575040e-01
-1.40961687e-01
-1.66246667e-01
1.14386070e-01
-1.32292567e-01
2.66207840e-01
4.81346850e-01
8.47960185e-02
4.90199419e-01
-4.95675375e-01
-5.78244570e-02
-1.12667572e-01
3.13813387e-01
-3.37153695e-01
-5.73144955e-02
0.00000000e+00
0.00000000e+00
0.00000000e+00
-1.49982066e-01
-4.71230175e-01
1.46935639e-01
-2.09457672e-02
-5.68656045e-01
2.75574464e-01
3.73941410e-01
1.14124594e-01
2.69121496e-01
-4.84816911e-01
0.00000000e+00
-3.94431630e-01
1.28529391e-01
-7.33103296e-02
-3.26131000e-01
-5.23652355e-01
-2.07618393e-01
1.22823993e-01
1.92162212e-02
-3.91452594e-01
1.65602185e-01
-3.52163588e-02
3.09115064e-03
8.88100018e-02
-2.46407405e-01
2.06042216e-01
-8.60539862e-02
-1.46770589e-01
9.59949677e-02
-1.32022170e-01
2.67657728e-02
3.38627016e-01
4.62620420e-02
1.17573818e-01
-1.21958156e-01
2.58430097e-02
2.50268376e-01
5.91235311e-02
9.36760929e-02
-6.62221319e-02
3.02229797e-01
-2.88815056e-01
-7.73276032e-01
0.00000000e+00
0.00000000e+00
0.00000000e+00
9.37637013e-01
-2.25069765e+00
1.08942821e-01
6.08838752e-01
-2.33897898e+00
6.82196156e-01
5.63110895e-01
7.13941623e-01
-3.26745959e-01
0.00000000e+00
1.06441076e+00
-2.21498482e-02
-1.02318388e+00
4.42038895e-01
7.70683917e-01
6.87934555e-01
5.13164607e-01
-1.98139592e+00
-5.92959996e-01
6.69936203e-01
-1.16335896e+00
0.00000000e+00
0.00000000e+00
0.00000000e+00
5.09932386e-01
-1.95924015e+00
-9.75405828e-02
7.18806697e-01
-1.97784460e+00
6.14945133e-01
7.70007343e-01
9.42612005e-02
-3.07898732e-01
0.00000000e+00
1.08374145e+00
-8.54581505e-05
-8.45069523e-01
7.38148813e-01
-1.94560878e-01
2.46602169e-01
3.07161047e-01
-1.32984062e+00
-1.26052353e-01
5.91167687e-01
17 1
-9.7018e-01 5.1042e-01
8 0
0 1 4 6 2 7 19 14 
217
4.31637187e-02
-1.08725646e-01
1.45220062e-01
-1.93161468e-01
5.79338515e-01
-7.85186670e-01
-2.98745598e-01
2.32653346e-02
-3.08485179e-01
4.52318340e-02
-1.25811406e-01
-3.46958961e-02
1.96867387e-01
2.40059051e-01
1.26658984e-01
-1.29414618e-02
-2.91543472e-01
-1.69468741e-01
2.75599581e-03
-3.83277282e-01
5.77970369e-02
-4.82064659e-04
-2.27165933e-01
2.81764393e-02
3.59518781e-04
-1.15020286e-01
0.00000000e+00
0.00000000e+00
-3.88727402e-01
-2.50357222e-01
-2.03051554e-01
1.51212297e-01
3.53299856e-01
3.80787745e-01
0.00000000e+00
0.00000000e+00
0.00000000e+00
-9.57326242e-02
-1.85996305e-01
-1.33930981e-01
-6.27908577e-02
1.06479583e-01
3.26137504e-01
8.89973992e-02
0.00000000e+00
-4.13447819e-01
2.44327689e-01
-4.87338654e-02
-2.73426425e-01
-3.57192318e-01
4.76314576e-01
2.86543528e-01
-1.50798668e-01
3.54863071e-01
-4.41181155e-01
3.23735668e-01
0.00000000e+00
1.22668027e-01
-4.89448018e-02
1.19875464e-01
1.23626756e-01
-3.47652134e-01
2.67189097e-01
7.98845237e-02
-4.25032560e-01
-3.87451422e-01
2.58412793e-01
2.58953888e-01
1.29898962e-01
2.29108462e-01
-4.25321072e-01
-4.43452311e-01
-4.65252380e-01
6.95603315e-01
-4.52933124e-01
2.16333788e-01
3.58436378e-01
0.00000000e+00
-1.10290173e-01
-3.72587235e-01
-2.85893554e-02
1.48156260e-01
2.02988153e-01
-1.03537785e-03
0.00000000e+00
-1.18280222e-01
-3.31370157e-01
1.50647828e-01
-3.88934996e-01
-2.18694754e-02
-2.60435666e-02
-1.74843963e-02
-1.42737532e-01
-1.49969144e-01
1.62157700e-01
2.41123073e-02
4.12279469e-02
-1.23850164e-02
5.95711914e-02
-6.18839378e-02
1.10878089e-01
6.40721327e-02
-1.14899333e-01
-1.85956676e-02
-1.64425067e-01
0.00000000e+00
-2.42192689e-01
-5.14285933e-02
8.41425865e-03
-1.96789856e-01
2.44739291e-01
-4.64262455e-02
0.00000000e+00
-9.62493742e-03
-1.32878278e-01
1.14485100e-01
-1.08673581e-01
-9.38993020e-02
9.52218481e-02
3.28080460e-01
-2.70848591e-01
-8.01682908e-01
0.00000000e+00
0.00000000e+00
0.00000000e+00
4.08631026e-01
-8.10993870e-01
-4.74153771e-01
1.36374263e-01
-9.81814192e-01
3.88624248e-01
4.24381026e-01
3.44729229e-01
-1.24291594e-01
0.00000000e+00
8.25393201e-01
1.93386225e-01
-9.44838555e-01
1.98493471e-01
1.97752705e-01
1.36765501e-01
-4.74338845e-02
-8.42591187e-01
-5.84072580e-01
7.53975829e-01
9.23909223e-02
0.00000000e+00
0.00000000e+00
0.00000000e+00
2.75102254e-01
-7.39005584e-01
1.46916006e-01
2.62501603e-01
-7.45532139e-01
1.76828367e-01
1.73571113e-01
1.34581032e-01
-8.28147737e-02
0.00000000e+00
1.21387062e-01
6.58908811e-02
1.49554080e-02
2.14856388e-01
-1.26655321e-01
2.11704186e-01
2.36603846e-01
-3.32924987e-01
2.30389817e-02
6.13865989e-02
-9.36940502e-01
0.00000000e+00
0.00000000e+00
0.00000000e+00
1.94083763e-01
-7.69860648e-01
-1.63050196e-01
1.41307314e-01
-6.56690478e-01
9.65522687e-01
3.04478655e-01
-7.43661324e-02
-2.36621587e-01
0.00000000e+00
2.88954636e-01
-3.84711067e-01
-1.00663312e+00
1.85022154e-01
1.09381681e+00
5.04843487e-02
-1.91207390e-02
-7.45114462e-01
-1.68309423e-01
6.38669881e-02
-5.08359513e-02
0.00000000e+00
0.00000000e+00
0.00000000e+00
1.69186663e-01
-8.65702032e-01
1.42671414e-01
1.66320399e-01
-6.52447897e-01
9.86060481e-02
3.62962880e-02
1.62617108e-01
1.12332630e-03
0.00000000e+00
3.29831084e-01
1.59458927e-01
1.03634003e-01
1.73739990e-01
-3.71683086e-01
9.00005153e-02
1.99024036e-01
-2.71262519e-01
4.91849776e-02
2.28564801e-01
136
1.53796984e-01
-3.53815966e-03
3.66745441e-03
4.65292227e-02
1.86439028e-04
4.66611142e-02
2.69295066e-04
6.41448063e-02
7.51629421e-05
0.00000000e+00
0.00000000e+00
9.97522514e-02
5.83103866e-02
8.26867538e-02
-3.53364496e-02
-9.03995371e-02
3.87835784e-02
0.00000000e+00
0.00000000e+00
0.00000000e+00
1.24221101e-01
-7.68903841e-03
-7.90805361e-03
4.84226858e-02
-1.98668695e-02
-4.13999998e-02
5.80171577e-02
0.00000000e+00
-7.27151981e-02
-1.17762587e-01
-1.35424361e-01
3.60229337e-02
-1.26324473e-01
2.73875249e-01
4.71684199e-01
1.24842969e-01
4.68398800e-01
-4.73449532e-01
-5.20390652e-02
-1.09104209e-01
2.46238578e-01
-3.36966761e-01
-4.34795594e-02
0.00000000e+00
0.00000000e+00
0.00000000e+00
-1.17096652e-01
-4.85445285e-01
1.30096006e-01
-4.06280723e-02
-5.56519859e-01
2.68890761e-01
2.98468640e-01
1.00775282e-01
2.39538048e-01
-4.49768580e-01
5.37040818e-04
-2.58686015e-01
1.03811678e-01
-3.57498059e-02
-2.94277775e-01
-4.61798701e-01
-1.45147103e-01
1.56429558e-01
2.12581614e-02
-4.05519523e-01
1.58489561e-01
-5.08653771e-02
-1.54923527e-02
7.91183011e-02
-2.77557253e-01
1.75183077e-01
-4.22219119e-02
-1.13568313e-01
9.61979659e-02
-1.00460393e-01
2.36201886e-03
2.99283472e-01
2.66227112e-02
1.22027467e-01
-1.16873636e-01
2.36201886e-03
2.44360940e-01
4.79247911e-02
8.74951944e-02
-8.73880644e-02
2.54063072e-01
-3.72386183e-01
-7.84048699e-01
0.00000000e+00
0.00000000e+00
0.00000000e+00
9.17566013e-01
-2.22367302e+00
8.85863955e-02
6.29683357e-01
-2.29667193e+00
6.50753696e-01
5.56908326e-01
6.88026952e-01
-3.22476526e-01
0.00000000e+00
1.03625507e+00
3.33603054e-02
-9.99177259e-01
4.42014253e-01
7.36866811e-01
6.89228596e-01
5.04725116e-01
-1.96242639e+00
-5.87098781e-01
6.33500318e-01
-1.15955416e+00
0.00000000e+00
0.00000000e+00
0.00000000e+00
4.62915920e-01
-1.86199145e+00
-1.02384720e-01
6.89689438e-01
-1.94497210e+00
6.95064513e-01
7.80778063e-01
6.37237295e-02
-2.47426220e-01
0.00000000e+00
1.00511035e+00
1.29659203e-02
-8.76959064e-01
6.89634021e-01
-9.37319547e-02
2.23738855e-01
2.84991199e-01
-1.31260578e+00
-1.30716285e-01
5.02621397e-01
