0 6 -999999999 -1 -1
1 2 0 -1 -1
0.2238 -0.2571
356
4.40666927e-01
1.73983639e-01
2.66683288e-01
7.97055376e-01
-4.77104898e-01
-1.58482968e+00
-3.48497330e-01
0.00000000e+00
0.00000000e+00
-3.89468008e-03
4.49027309e-01
0.00000000e+00
0.00000000e+00
4.22293627e-01
4.07952573e-01
-3.31908247e-02
0.00000000e+00
0.00000000e+00
0.00000000e+00
0.00000000e+00
0.00000000e+00
0.00000000e+00
0.00000000e+00
0.00000000e+00
0.00000000e+00
0.00000000e+00
0.00000000e+00
0.00000000e+00
0.00000000e+00
0.00000000e+00
0.00000000e+00
0.00000000e+00
0.00000000e+00
0.00000000e+00
0.00000000e+00
0.00000000e+00
0.00000000e+00
0.00000000e+00
0.00000000e+00
0.00000000e+00
0.00000000e+00
0.00000000e+00
0.00000000e+00
0.00000000e+00
0.00000000e+00
0.00000000e+00
0.00000000e+00
0.00000000e+00
0.00000000e+00
0.00000000e+00
0.00000000e+00
-1.09113551e+00
-5.72710957e-01
8.13646887e-01
0.00000000e+00
0.00000000e+00
0.00000000e+00
0.00000000e+00
1.06944038e-01
4.14761926e-01
5.56300052e-01
1.88097618e-01
6.07342661e-01
-3.48956307e-01
-1.09429661e-01
-4.90942738e-01
-7.20490163e-01
-1.74983160e-01
-7.11531588e-02
-1.27951408e-03
-4.44203862e-01
-2.90800472e-01
2.57972951e-03
-3.60319205e-01
-6.38367220e-02
5.14505913e-03
-4.08784691e-01
8.66457279e-01
1.26275408e-03
-6.37979164e-01
0.00000000e+00
0.00000000e+00
0.00000000e+00
0.00000000e+00
0.00000000e+00
0.00000000e+00
0.00000000e+00
-7.49490640e-02
1.07500980e-01
4.08115011e-01
-6.14932241e-01
-6.01819391e-01
-1.03764996e+00
-6.71143711e-01
-2.67191846e-01
-5.06775660e-01
1.48303723e-01
-2.83598270e-01
1.68990751e-01
-1.64292611e-01
1.32374528e-01
3.76806452e-02
0.00000000e+00
0.00000000e+00
2.32514015e+00
3.76622567e+00
0.00000000e+00
0.00000000e+00
0.00000000e+00
0.00000000e+00
0.00000000e+00
0.00000000e+00
4.26468942e-01
5.86320604e-01
3.27173766e-01
-6.32948980e-02
-8.34489518e-01
-2.32665212e+00
0.00000000e+00
0.00000000e+00
0.00000000e+00
0.00000000e+00
0.00000000e+00
-1.69563586e+00
8.30540257e-01
-1.82500151e-02
-1.01174774e-01
-4.13428417e-01
-9.97752176e-01
-1.24077840e+00
5.30677476e+00
5.25451339e+00
5.24426342e+00
5.20185862e+00
5.24197037e+00
5.33574626e+00
-2.34521268e-02
6.10381685e-02
-4.64263247e-02
-2.07364547e-02
-5.28714486e-02
-6.48343779e-01
4.24599432e-01
9.54607971e-02
-4.45255774e-02
9.08175885e-02
7.91430876e-02
-2.83840105e-01
0.00000000e+00
0.00000000e+00
0.00000000e+00
0.00000000e+00
-1.38471521e+00
3.10920654e-01
0.00000000e+00
0.00000000e+00
1.82538214e+00
2.33808908e-02
0.00000000e+00
-2.02660987e+00
-5.16921172e-01
-4.62857894e-01
-1.36755205e+00
-8.36090977e-01
-1.88447323e+00
0.00000000e+00
0.00000000e+00
0.00000000e+00
5.90812744e-01
-1.03033099e-01
-6.16383888e-03
-7.35926427e-01
-9.97511359e-01
1.06237136e+00
4.73657474e-02
-2.58240182e-01
-2.04133497e-01
0.00000000e+00
7.44214887e-01
1.26413989e-01
-8.79476587e-01
1.51894602e-01
-9.15190120e-01
1.89490531e-02
3.49882408e-01
-8.70181336e-01
-3.01949952e-01
2.95428385e-01
3.91568750e-01
0.00000000e+00
0.00000000e+00
0.00000000e+00
1.88815006e-01
-1.62349315e-01
5.38912515e-02
6.22912641e-01
-2.94352737e-01
-1.95869837e-01
1.75088691e-01
1.04488429e-02
1.09199557e-01
0.00000000e+00
-7.79810132e-02
2.14225942e-01
2.59660576e-01
6.22626122e-02
-8.95758825e-01
1.82453944e-01
3.63918298e-02
-6.01264383e-02
1.16539205e-01
4.61168165e-02
-1.12905532e+00
-3.63420031e-01
0.00000000e+00
1.60826167e-01
8.04345640e-02
2.89880633e-01
2.20846907e-02
-6.75385355e-01
-8.42296031e-01
0.00000000e+00
0.00000000e+00
0.00000000e+00
-2.50522879e-01
-2.33808693e-01
-2.79111035e-01
6.90559283e-01
-1.75510224e-01
6.89621350e-01
4.69654704e-01
-1.48349434e+00
7.48553062e-02
0.00000000e+00
5.73739632e-01
4.22097933e-01
3.90173286e-01
6.72538614e-02
-1.83313377e+00
-8.32208777e-01
-1.07996856e-01
-1.89432923e-02
2.17970541e-01
7.76507937e-01
-7.65635286e-01
0.00000000e+00
8.65958304e-02
2.16269895e-01
-7.55417910e-01
-1.53501141e-01
0.00000000e+00
-1.83945637e-01
5.53949072e-01
4.87109206e-01
1.78436531e-01
-8.19046878e-01
-6.01916768e-01
0.00000000e+00
0.00000000e+00
-3.01705889e-01
-1.29894887e+00
0.00000000e+00
0.00000000e+00
0.00000000e+00
-5.05185611e-01
-7.25477546e-01
-1.67140796e-01
6.66581321e-02
-9.23094635e-01
9.56613556e-01
4.64638830e-01
-4.71697547e-01
-2.16483208e-01
0.00000000e+00
8.70413913e-02
3.03901366e-01
-2.16885011e-01
9.18129404e-01
-1.12728060e+00
-9.38651669e-02
2.46301774e-01
-1.17600490e-01
2.46322077e-01
-2.38447920e-02
6.44216984e-01
0.00000000e+00
0.00000000e+00
0.00000000e+00
-4.83910123e-02
-2.08793597e-04
1.19790004e-01
2.28485836e-01
-1.29769625e-01
-1.29264632e-01
2.39480089e-01
3.93456350e-02
3.22477763e-01
0.00000000e+00
-2.33999218e-01
1.39079331e-02
-9.11615128e-02
-8.01500204e-02
3.16052377e-01
2.17919771e-02
-9.24005391e-02
-1.46620616e-01
2.17299835e-01
7.75515033e-02
-6.39879673e-01
2.90586333e-02
-2.51342560e-01
-2.37504601e-01
-2.41363360e-02
3.63612590e-01
1.58211449e-01
-4.92765405e-01
-8.36990403e-01
0.00000000e+00
0.00000000e+00
0.00000000e+00
-1.51016952e-01
3.74177986e-01
2.95028582e-01
-1.09141760e+00
4.48038640e-01
-4.03409935e-02
-8.02572784e-01
7.02167532e-01
2.86528576e-01
0.00000000e+00
-6.03830343e-01
-5.25885709e-01
-3.06103717e-01
5.50771706e-02
4.73443395e-01
4.87105557e-01
3.46226161e-01
2.93325718e-01
-1.06427362e-01
-9.70514259e-01
-6.68938306e-01
1.55781050e+00
-1.19493858e-01
-3.36990949e-01
-6.59069198e-01
-4.91916527e-01
-2.20683181e-01
1.56715419e-01
6.44032899e-02
2.76466935e-01
-7.65367133e-03
-7.60729791e-01
-1.67152671e-01
1.78459025e+00
-3.46831973e-01
-8.31197428e-01
247
-1.32671327e+00
-9.09381089e-01
0.00000000e+00
-2.01569170e-01
-7.07811919e-01
0.00000000e+00
-1.94927092e+00
3.96216549e-01
0.00000000e+00
0.00000000e+00
1.17234402e+00
-6.65030892e-01
0.00000000e+00
0.00000000e+00
0.00000000e+00
0.00000000e+00
0.00000000e+00
0.00000000e+00
0.00000000e+00
0.00000000e+00
0.00000000e+00
0.00000000e+00
0.00000000e+00
0.00000000e+00
0.00000000e+00
0.00000000e+00
0.00000000e+00
0.00000000e+00
0.00000000e+00
0.00000000e+00
0.00000000e+00
0.00000000e+00
0.00000000e+00
0.00000000e+00
0.00000000e+00
0.00000000e+00
0.00000000e+00
0.00000000e+00
0.00000000e+00
0.00000000e+00
0.00000000e+00
-3.07986469e-01
-5.50737395e-03
-6.57752119e-01
-8.95702825e-04
-5.09825576e-01
4.43358608e-03
1.48850893e-01
-2.76043943e-03
0.00000000e+00
0.00000000e+00
0.00000000e+00
0.00000000e+00
0.00000000e+00
0.00000000e+00
0.00000000e+00
-4.26039085e-01
-6.69306037e-01
-2.31368149e-01
1.73888356e+00
3.91090815e+00
0.00000000e+00
0.00000000e+00
0.00000000e+00
0.00000000e+00
0.00000000e+00
0.00000000e+00
5.44283969e-01
3.31441008e-01
6.70298746e-02
-3.91846327e-01
-9.50985163e-01
-2.66552019e+00
0.00000000e+00
0.00000000e+00
0.00000000e+00
0.00000000e+00
0.00000000e+00
0.00000000e+00
1.25758308e+00
3.59985240e-01
1.81867242e-01
-1.73361751e-01
-4.96944198e-01
-1.45111943e+00
6.10687476e+00
6.16399574e+00
6.01281083e+00
6.27928492e+00
6.33234930e+00
6.34542426e+00
-9.80383157e-01
-1.75424796e-01
-4.27363238e-01
-2.57391489e-01
-7.88006784e-02
-6.97355288e-01
3.58439875e-01
1.50064810e-01
-4.08957800e-01
-8.17247764e-01
-2.55606495e-01
-2.19801921e-01
0.00000000e+00
0.00000000e+00
0.00000000e+00
0.00000000e+00
3.58891834e+00
-2.06720562e-01
0.00000000e+00
-3.37719399e+00
-1.58125602e+00
-1.34068804e+00
-1.14330398e+00
-7.17123451e-01
-2.92194405e+00
0.00000000e+00
0.00000000e+00
0.00000000e+00
1.11270665e+00
0.00000000e+00
1.56626955e-01
4.71769158e-02
0.00000000e+00
9.42190634e-01
3.92072623e-01
1.64315135e-01
-1.89682097e-01
0.00000000e+00
1.05482746e+00
9.18649729e-01
-5.70900689e-01
8.24508993e-01
-8.42320800e-01
4.43569222e-01
5.24303577e-01
-2.42586328e-02
2.64526900e-01
6.27980340e-01
-1.98581247e+00
-1.30335499e+00
0.00000000e+00
9.88675885e-01
9.20979423e-01
2.84562910e-01
0.00000000e+00
0.00000000e+00
0.00000000e+00
2.25773743e-01
0.00000000e+00
4.32195995e-01
2.84605553e-01
0.00000000e+00
3.01227331e-01
2.22182145e-01
1.04501141e+00
5.04964982e-01
0.00000000e+00
7.49775668e-02
0.00000000e+00
2.77909861e-01
4.44465041e-02
1.28597028e+00
7.91628319e-01
3.46118917e-01
0.00000000e+00
3.52267210e-01
1.62787004e-01
-6.82457480e-01
0.00000000e+00
-5.42035072e-01
4.44282241e-01
-9.36131586e-01
-2.77901029e-01
0.00000000e+00
0.00000000e+00
1.09433548e+00
-6.58230557e-01
0.00000000e+00
0.00000000e+00
2.69054017e-01
-1.86042743e+00
0.00000000e+00
0.00000000e+00
0.00000000e+00
3.13541887e-02
1.59625895e-01
2.22562961e-01
-3.19246494e-01
0.00000000e+00
1.42902658e+00
1.09402426e+00
-2.05426515e-01
-1.41185345e-01
0.00000000e+00
5.36113589e-01
2.04632252e-01
2.29654993e-01
1.06531345e+00
2.26959463e-01
1.46794594e-01
3.45705900e-01
6.70039986e-01
6.56775709e-01
5.32420710e-01
-1.36733331e+00
-1.11740749e+00
2.32610738e-01
1.29353491e-01
7.37276533e-02
8.36902356e-01
0.00000000e+00
0.00000000e+00
0.00000000e+00
1.37619855e-01
0.00000000e+00
4.39750233e-01
1.12037305e+00
0.00000000e+00
2.40103109e-01
2.93344569e-01
2.79315085e-01
0.00000000e+00
0.00000000e+00
3.50650014e-01
2.70409276e-01
1.93591951e-01
6.00460603e-01
-5.72759104e-01
4.67526991e-01
6.28884243e-01
0.00000000e+00
2.28312421e-01
5.23108008e-01
-2.49925823e-01
2.53209525e-01
-3.77079503e-01
6.14260502e-02
-4.93094119e-01
-2.58964909e-02
-1.00235366e+00
-5.69907703e-02
-1.47399370e-02
-4.67197628e-01
-4.21456485e-02
-5.07374815e-01
-3.25164165e-01
6 -999999999 4 0 -1
2 0 2 1 -1
-3.5019e-01 7.3105e-01
356
-1.67738262e-01
0.00000000e+00
0.00000000e+00
0.00000000e+00
0.00000000e+00
0.00000000e+00
0.00000000e+00
0.00000000e+00
0.00000000e+00
0.00000000e+00
0.00000000e+00
0.00000000e+00
0.00000000e+00
0.00000000e+00
0.00000000e+00
0.00000000e+00
-2.30018024e-01
6.22797617e-02
-3.89891264e-02
3.75030544e-02
0.00000000e+00
0.00000000e+00
0.00000000e+00
0.00000000e+00
0.00000000e+00
0.00000000e+00
0.00000000e+00
0.00000000e+00
-1.94262980e-02
3.45459701e-02
-5.41087986e-02
2.72043644e-01
-4.39781907e-01
-2.50910234e+00
-2.38855014e+00
1.42327179e+00
4.92416752e-01
1.47633349e+00
5.40735421e-01
1.30481250e+00
1.69292187e+00
0.00000000e+00
0.00000000e+00
0.00000000e+00
0.00000000e+00
0.00000000e+00
0.00000000e+00
0.00000000e+00
0.00000000e+00
0.00000000e+00
0.00000000e+00
-3.09112241e-01
-5.48018662e-02
-4.34877080e-01
0.00000000e+00
0.00000000e+00
0.00000000e+00
0.00000000e+00
-2.75659284e-01
-7.99632645e-02
-1.40157960e-01
3.54244999e-01
2.60905026e-01
3.02881397e-02
2.39386441e-01
-2.19388165e-01
-2.52212486e-01
1.70149698e-01
-1.32168911e-01
2.29538507e-02
-4.71420311e-02
2.20756774e-02
1.59598984e-04
1.22635011e-01
1.06970743e-01
-2.92248614e-03
1.27142468e-01
-1.64615772e-01
-1.22326282e-04
1.43657432e-01
0.00000000e+00
0.00000000e+00
0.00000000e+00
0.00000000e+00
0.00000000e+00
0.00000000e+00
0.00000000e+00
-4.87111009e-01
-4.01505633e-01
7.20878380e-01
-2.24502258e-01
-2.95845955e-01
-3.75026186e-01
-1.16525720e-01
-1.36661990e-01
-1.36607510e-01
1.31294961e-01
1.08682777e-01
-3.58487827e-02
-1.62358324e-01
-1.01993477e-01
1.33671769e-02
0.00000000e+00
0.00000000e+00
1.11371726e+00
1.97946946e+00
0.00000000e+00
0.00000000e+00
0.00000000e+00
0.00000000e+00
0.00000000e+00
0.00000000e+00
4.82780936e-01
6.95476860e-01
6.19933309e-01
1.51395265e-01
-8.33858493e-01
-2.39718340e+00
2.88905335e+00
-7.94035674e-02
-6.58171684e-01
-5.71402980e-01
-2.66975248e-01
-2.26970497e+00
1.17022387e+00
2.55653785e-01
4.38961626e-02
-3.90510487e-01
-8.98108122e-01
-1.37175784e+00
3.27575922e+00
3.38737252e+00
3.35333917e+00
3.30033426e+00
3.31457601e+00
3.34843960e+00
4.17927064e-01
5.33817747e-01
2.08707047e-01
5.25638111e-01
5.03196414e-01
-7.17086428e-02
7.28804370e-01
4.27001215e-01
3.74730861e-01
4.78214921e-01
7.75860285e-01
5.55376844e-01
0.00000000e+00
0.00000000e+00
0.00000000e+00
0.00000000e+00
-9.56605103e-01
3.07270982e+00
0.00000000e+00
0.00000000e+00
7.88866840e-01
1.39880677e-01
0.00000000e+00
-1.27673701e+00
-4.85423558e-01
-6.12301352e-01
-7.96031967e-01
-2.58169361e-01
-1.28145552e+00
0.00000000e+00
0.00000000e+00
0.00000000e+00
7.45197762e-01
-1.52373217e-01
-3.68799283e-01
4.87088482e-01
-1.11501162e+00
5.64658218e-01
3.08410043e-01
-5.83825496e-01
1.93988976e-01
0.00000000e+00
1.00645511e+00
2.92253895e-01
-6.99544351e-01
2.71337976e-01
-2.13767074e+00
8.62775575e-02
-1.29460497e-01
-5.09510370e-01
5.83258700e-02
4.00746167e-01
1.05817157e-01
0.00000000e+00
0.00000000e+00
0.00000000e+00
-2.91808037e-02
8.05130119e-02
1.42891334e-02
-2.18161610e-01
1.44217502e-01
-1.25306738e-01
-9.85302768e-02
3.14021789e-01
-1.04481370e-01
0.00000000e+00
-2.69458654e-01
-3.71071274e-01
1.86099250e-01
7.48991127e-02
2.86147817e-01
4.18110099e-02
3.98473079e-02
1.77004088e-01
1.01897372e-01
-1.38739511e-01
-5.74480187e-01
-2.77538130e-01
-8.18332850e-03
-8.62575710e-01
-4.36012630e-01
-1.52334707e-01
-1.40036309e-01
1.48328858e-02
1.16359525e-01
0.00000000e+00
0.00000000e+00
0.00000000e+00
3.84377728e-01
-5.82756049e-03
-6.77472197e-01
4.50947197e-01
-1.51448851e-01
5.71490582e-01
1.60515279e-01
-1.17966257e+00
1.80429702e-01
0.00000000e+00
9.74326246e-01
5.70012695e-01
8.39443975e-03
4.85582206e-03
-1.30367662e+00
-7.53541118e-01
-4.50374551e-01
1.98649889e-01
-5.71999425e-02
1.19156335e+00
-2.96942057e-01
0.00000000e+00
-4.89814301e-01
1.86447287e-03
-7.06975337e-01
-2.07885427e-01
0.00000000e+00
-4.61339860e-03
-1.79732205e-01
-1.89787340e-01
-2.50905100e-01
2.32807013e-01
-4.99089910e-01
0.00000000e+00
3.97481779e-01
1.88003845e-01
-8.70470713e-01
0.00000000e+00
0.00000000e+00
0.00000000e+00
-5.72244869e-01
-2.91972933e-01
2.04680850e-01
-1.05531187e-01
-7.72680846e-01
6.37331661e-01
2.14714442e-01
1.50150214e-02
-4.07458398e-01
0.00000000e+00
-3.23605175e-01
2.89660570e-01
-6.91180606e-01
4.27210574e-01
1.51326434e-02
1.69625225e-01
3.37358956e-01
-4.13924451e-01
4.93909231e-01
-9.65114235e-02
2.76968529e-01
0.00000000e+00
0.00000000e+00
0.00000000e+00
1.87015084e-02
-5.04653414e-01
-1.94339515e-01
5.34897381e-02
-1.64198923e-03
1.04319988e-01
5.52363446e-02
7.04750000e-04
1.85816291e-01
0.00000000e+00
-8.13603171e-03
-1.82754153e-01
3.22994677e-01
1.46650640e-01
-1.01005938e-01
-4.39640243e-02
-6.52005795e-02
2.78069739e-01
1.18626483e-01
9.40540156e-02
-2.74374749e-01
-1.64193348e-01
-6.25803396e-01
-6.72345053e-01
-2.80051162e-01
-8.62913078e-02
-1.80343168e-01
1.02441128e-01
-2.05858539e-01
0.00000000e+00
0.00000000e+00
0.00000000e+00
-2.20634699e-01
2.92987398e-01
3.71846925e-01
-4.45549476e-01
1.17556965e-01
-4.29333616e-01
-2.77676854e-01
8.08235671e-01
2.85380970e-02
0.00000000e+00
-8.98310926e-01
3.45379023e-01
-3.18326129e-01
7.58595857e-02
2.74322680e-01
6.43771938e-01
3.62535872e-01
-6.34317636e-02
2.87686368e-01
-1.16131560e+00
-1.10181401e-01
1.56119712e-01
5.96592811e-02
3.33483039e-02
-5.96095964e-01
-4.48108004e-01
-2.71741535e-01
-6.32050520e-01
9.07621650e-02
-1.50864930e-01
-2.60975304e-01
-3.62677707e-02
-1.47987960e-01
-1.46200523e-01
4.05060652e-02
1.38219690e-02
247
-3.93128561e-01
0.00000000e+00
0.00000000e+00
0.00000000e+00
0.00000000e+00
0.00000000e+00
0.00000000e+00
0.00000000e+00
0.00000000e+00
0.00000000e+00
0.00000000e+00
0.00000000e+00
0.00000000e+00
0.00000000e+00
-1.90085078e-01
-2.03043483e-01
-8.98457483e-02
-1.00239329e-01
-1.39755901e-01
0.00000000e+00
0.00000000e+00
0.00000000e+00
0.00000000e+00
0.00000000e+00
0.00000000e+00
0.00000000e+00
0.00000000e+00
-3.93128561e-01
0.00000000e+00
1.60467377e-01
-5.53595938e-01
0.00000000e+00
8.20625192e-01
-2.30039576e-01
0.00000000e+00
0.00000000e+00
0.00000000e+00
0.00000000e+00
0.00000000e+00
0.00000000e+00
0.00000000e+00
1.06272178e-01
5.72458650e-03
3.94688700e-02
-1.20399983e-04
5.50961940e-03
-4.53349654e-03
-5.44379228e-01
-1.24116576e-03
0.00000000e+00
0.00000000e+00
0.00000000e+00
0.00000000e+00
0.00000000e+00
0.00000000e+00
0.00000000e+00
-4.41395903e-01
-2.48998617e-01
2.97265959e-01
1.09827773e+00
2.82023610e+00
0.00000000e+00
0.00000000e+00
0.00000000e+00
0.00000000e+00
0.00000000e+00
0.00000000e+00
3.63105995e-01
4.30295958e-01
4.41553861e-01
3.66488158e-02
-8.07305936e-01
-1.95570499e+00
2.47740563e+00
0.00000000e+00
0.00000000e+00
-1.27373249e+00
0.00000000e+00
-2.08354267e+00
6.47948106e-01
-7.16183482e-02
-2.61184047e-01
-5.78822576e-01
-9.26532039e-01
-1.12131917e+00
4.91434934e+00
4.87028739e+00
4.88121763e+00
4.90092189e+00
4.96787597e+00
5.07366387e+00
3.11581311e-01
2.78423902e-01
1.20652798e-01
1.14454510e-01
-8.92587392e-02
-9.72428989e-01
4.74563518e-01
3.18397202e-01
5.61648037e-02
2.10662499e-01
1.05921749e-01
-2.35168097e-01
0.00000000e+00
-9.01836579e-01
2.30767871e+00
0.00000000e+00
5.08708018e-01
3.99991146e-02
0.00000000e+00
-2.41773694e+00
-5.20087117e-01
-9.71319177e-01
-3.58508044e-01
-4.37119669e-01
-1.49140629e+00
0.00000000e+00
0.00000000e+00
0.00000000e+00
6.10641809e-01
-4.89489031e-01
-1.37527213e-01
-9.39181875e-03
-1.15669745e+00
4.79889715e-01
2.43826157e-01
-3.26401500e-01
-9.29354179e-02
0.00000000e+00
4.91881740e-01
5.29488146e-01
-5.58730881e-01
2.79580856e-01
-6.73843769e-01
4.07328094e-01
1.80741856e-01
-1.09877668e+00
-3.41067246e-01
1.70076344e-01
-6.86496671e-01
-1.19367346e-01
0.00000000e+00
-8.49921142e-01
-5.65600455e-01
-2.00458538e-01
0.00000000e+00
0.00000000e+00
0.00000000e+00
-6.51778303e-02
1.32017183e-02
1.44212100e-01
-7.69589457e-03
1.02018544e-01
-1.28429930e-01
-1.20487561e-01
3.92673702e-01
-2.61187812e-01
0.00000000e+00
-4.40092387e-02
-3.44657255e-01
-2.78496535e-01
-9.50157961e-02
5.17526064e-01
7.45436612e-02
-3.06811022e-02
8.78245545e-02
5.95093446e-02
-2.16129271e-01
-5.67129325e-01
1.51103417e-01
3.33660470e-01
4.19772855e-02
-8.04909623e-01
-4.00719771e-01
0.00000000e+00
-1.62029500e-02
-1.52377868e-01
-4.04189852e-01
0.00000000e+00
3.28012093e-01
-9.68340416e-02
-7.95627713e-01
0.00000000e+00
0.00000000e+00
0.00000000e+00
-2.96857637e-01
-8.53037901e-01
1.26441884e-01
6.41278788e-02
-1.12029888e+00
7.91364749e-01
4.83005102e-01
-5.88645869e-02
1.19742050e-01
0.00000000e+00
-5.04678560e-02
7.60710184e-02
-4.14839090e-01
7.95191088e-01
-6.88673471e-01
1.78502112e-01
3.87776544e-01
-4.42149767e-01
2.67521509e-01
-1.60182459e-01
-1.67389729e-01
2.27886987e-01
-9.38361930e-01
-6.55123931e-01
-3.68799230e-01
-2.27291888e-01
0.00000000e+00
0.00000000e+00
0.00000000e+00
1.48520097e-01
-8.04205633e-02
-1.47959180e-01
4.44011895e-01
-3.69087035e-01
4.97131224e-02
9.91678308e-02
-2.62785526e-01
6.28138427e-02
0.00000000e+00
2.85759570e-01
1.01204089e-01
-8.22697716e-02
3.61980375e-02
-5.71366847e-01
-1.74524131e-01
-1.00186821e-01
-4.06069233e-02
-1.44173482e-02
3.88943775e-01
-3.95276715e-01
-2.57259132e-01
-2.53424631e-01
-4.33433268e-02
-6.28237984e-01
-5.86395031e-01
-6.02287625e-01
-5.50411970e-01
-2.71140332e-01
-4.18429536e-02
-2.86426558e-01
-4.96782520e-01
-8.05742853e-02
19 2
-4.6144e-01 3.2870e-01
2 6
0 6 
217
2.34143653e-02
-2.66916126e-01
3.50125856e-01
-1.42672393e-01
-1.55689721e-01
-7.78917204e-02
-1.30626028e-01
1.32995496e-01
-8.21293750e-02
2.89042228e-01
1.97795370e-01
-1.18020473e-01
1.94064118e-01
7.89142393e-02
1.04741882e-01
-1.11645843e-02
2.83424279e-01
4.79049240e-02
-3.05670998e-03
2.74005582e-01
-6.27670080e-02
-2.57197565e-03
4.15753812e-01
-6.64654331e-02
-4.28565043e-04
4.06613904e-01
0.00000000e+00
0.00000000e+00
0.00000000e+00
0.00000000e+00
0.00000000e+00
0.00000000e+00
0.00000000e+00
-1.00299083e+00
-4.12486436e-01
1.43889163e+00
0.00000000e+00
-3.98761979e-01
3.95534487e-01
0.00000000e+00
0.00000000e+00
0.00000000e+00
0.00000000e+00
0.00000000e+00
0.00000000e+00
1.81535220e-01
-5.80297199e-01
3.95534487e-01
0.00000000e+00
0.00000000e+00
0.00000000e+00
0.00000000e+00
0.00000000e+00
0.00000000e+00
0.00000000e+00
0.00000000e+00
0.00000000e+00
0.00000000e+00
0.00000000e+00
0.00000000e+00
3.95534487e-01
-5.80297199e-01
1.81535220e-01
2.85972349e-01
-8.39627691e-01
-1.25064763e+00
4.03934313e-01
9.50236265e-01
1.73135394e-01
1.70307686e+00
1.86079256e-02
1.89569152e-01
-4.46671482e-01
9.80653259e-02
-8.99774949e-01
-2.82828038e-01
-1.33247852e-02
0.00000000e+00
0.00000000e+00
0.00000000e+00
0.00000000e+00
0.00000000e+00
0.00000000e+00
0.00000000e+00
0.00000000e+00
0.00000000e+00
0.00000000e+00
0.00000000e+00
0.00000000e+00
0.00000000e+00
0.00000000e+00
0.00000000e+00
0.00000000e+00
0.00000000e+00
0.00000000e+00
0.00000000e+00
0.00000000e+00
0.00000000e+00
0.00000000e+00
0.00000000e+00
0.00000000e+00
0.00000000e+00
0.00000000e+00
0.00000000e+00
0.00000000e+00
0.00000000e+00
0.00000000e+00
0.00000000e+00
0.00000000e+00
0.00000000e+00
0.00000000e+00
0.00000000e+00
0.00000000e+00
0.00000000e+00
0.00000000e+00
0.00000000e+00
0.00000000e+00
0.00000000e+00
0.00000000e+00
-5.91278706e-01
-7.62269571e-01
-7.62328826e-01
0.00000000e+00
0.00000000e+00
0.00000000e+00
2.54070607e-01
-5.44018592e-01
-6.30103211e-02
6.09709836e-03
-4.80873218e-01
2.52021765e-01
2.91657224e-01
7.48358527e-02
-2.50484749e-01
0.00000000e+00
3.52818349e-01
-3.13857030e-01
-3.02223822e-01
7.69666441e-03
1.46359570e-01
2.75463031e-01
2.14121157e-01
-5.13002205e-01
-2.31069496e-01
6.10692880e-02
-1.64110318e-01
0.00000000e+00
0.00000000e+00
0.00000000e+00
3.63220600e-01
-9.59894135e-01
-4.39342344e-02
2.92261064e-01
-9.25934345e-01
1.96188749e-01
8.56572888e-02
2.19342066e-01
-3.11321308e-02
0.00000000e+00
3.70409823e-01
-1.91911097e-01
-2.59252785e-01
2.18572700e-01
-6.51591544e-02
2.87721073e-01
2.81563273e-01
-4.74080730e-01
4.39922029e-02
4.28259455e-01
-9.48023853e-01
0.00000000e+00
0.00000000e+00
0.00000000e+00
-1.53496855e-01
7.30373528e-01
-1.78473380e-01
-1.63600900e-01
-4.45383912e-01
2.48504490e-01
-1.45830388e-02
-4.44956125e-02
-4.20358218e-01
0.00000000e+00
3.87418146e-01
8.06010692e-01
-3.52245263e-01
-8.15528347e-03
-5.38233433e-01
-1.50183431e-01
4.74492709e-02
-2.76728802e-01
-2.47874210e-01
-1.73967641e-01
3.75312137e-02
0.00000000e+00
0.00000000e+00
0.00000000e+00
2.58876106e-01
-1.63161791e-01
2.17797658e-02
1.43854492e-01
-7.07735117e-01
1.90020736e-01
1.11533449e-01
7.75802374e-02
-3.70274188e-01
0.00000000e+00
9.92388733e-02
-2.53253771e-02
-2.26447578e-01
2.26151962e-01
2.60574373e-01
1.82151390e-01
6.14233330e-02
-3.26886419e-01
9.95936812e-02
1.24583285e-01
136
7.17430159e-01
2.47394772e-01
-3.54943260e-03
1.76901304e-01
-2.09900689e-04
1.19223400e-01
-5.18382218e-04
1.73910684e-01
-1.07490386e-03
0.00000000e+00
0.00000000e+00
0.00000000e+00
0.00000000e+00
0.00000000e+00
0.00000000e+00
0.00000000e+00
-1.55886264e-01
1.82645021e-01
6.90671402e-01
6.07637989e-01
-1.92832397e-01
3.02624567e-01
0.00000000e+00
0.00000000e+00
0.00000000e+00
0.00000000e+00
0.00000000e+00
6.07637989e-01
4.67264986e-02
-2.39558896e-01
3.02624567e-01
0.00000000e+00
0.00000000e+00
0.00000000e+00
0.00000000e+00
0.00000000e+00
0.00000000e+00
0.00000000e+00
0.00000000e+00
0.00000000e+00
0.00000000e+00
0.00000000e+00
0.00000000e+00
0.00000000e+00
0.00000000e+00
0.00000000e+00
6.64990294e-01
-2.96911200e-01
8.41731801e-01
-1.93338632e-01
-8.81048699e-01
2.54017586e-01
4.00346902e-01
-1.33748823e-01
1.60571378e-01
-6.08529418e-01
0.00000000e+00
0.00000000e+00
0.00000000e+00
0.00000000e+00
3.02624567e-01
-2.39558896e-01
4.67264986e-02
0.00000000e+00
0.00000000e+00
0.00000000e+00
0.00000000e+00
0.00000000e+00
0.00000000e+00
0.00000000e+00
0.00000000e+00
0.00000000e+00
0.00000000e+00
0.00000000e+00
0.00000000e+00
0.00000000e+00
0.00000000e+00
0.00000000e+00
0.00000000e+00
0.00000000e+00
0.00000000e+00
0.00000000e+00
0.00000000e+00
0.00000000e+00
0.00000000e+00
0.00000000e+00
-6.49692136e-01
-6.04401105e-01
-1.03413873e+00
0.00000000e+00
0.00000000e+00
0.00000000e+00
9.63136897e-01
-2.36692359e+00
3.54679217e-01
3.75787425e-01
-2.34241975e+00
6.78877239e-01
5.91743980e-01
9.46684184e-01
-4.77575300e-01
0.00000000e+00
1.01412941e+00
-1.67998697e-01
-9.18658527e-01
3.60681442e-01
8.12816329e-01
8.94443780e-01
5.06297443e-01
-2.12853686e+00
-5.97495438e-01
4.66192082e-01
-9.66440724e-01
0.00000000e+00
0.00000000e+00
0.00000000e+00
3.23203869e-01
4.34080402e-01
-4.79520710e-02
4.88451173e-01
-2.05652319e+00
2.92992660e-01
6.40040280e-01
-2.04212715e-01
-6.50304936e-01
0.00000000e+00
1.03290855e+00
1.06631128e+00
-9.38660247e-01
5.10739811e-01
-7.31639070e-01
1.14123407e-01
2.07401982e-01
-1.54487583e+00
-2.33171795e-01
3.30645714e-01
3 1
-4.9981e-01 3.4905e-01
3 0
0 6 19 
217
-1.32894408e+00
-4.00475210e-01
1.19745131e+00
7.07019623e-03
-8.73799908e-01
1.14821181e-01
-7.83541373e-01
3.10426293e-01
-3.33367810e-01
6.02835505e-01
6.91893794e-01
1.19765014e-01
0.00000000e+00
0.00000000e+00
1.60817282e-01
-7.62758244e-03
5.27523387e-01
-1.60396091e-01
-3.17834197e-03
3.46193540e-01
-5.37239548e-01
-2.55593769e-03
4.39600419e-01
-7.92125725e-01
-1.11646417e-04
3.31598087e-01
0.00000000e+00
0.00000000e+00
0.00000000e+00
0.00000000e+00
0.00000000e+00
0.00000000e+00
0.00000000e+00
-2.45414086e-01
-3.76727490e-01
-7.06802505e-01
0.00000000e+00
-7.79738405e-01
-6.20364470e-01
-1.15673325e-01
0.00000000e+00
0.00000000e+00
0.00000000e+00
0.00000000e+00
0.00000000e+00
-4.30273331e-01
-3.48127781e-01
5.83276174e-02
0.00000000e+00
-4.39299495e-01
-2.39392592e-01
-1.15673325e-01
0.00000000e+00
0.00000000e+00
0.00000000e+00
0.00000000e+00
0.00000000e+00
0.00000000e+00
0.00000000e+00
0.00000000e+00
-4.96645203e-01
-5.88857666e-01
-4.30273331e-01
0.00000000e+00
-4.02025548e-01
-1.45431761e+00
-3.79556906e-01
1.69803963e+00
-5.47361628e-01
9.21558845e-01
-1.47597738e-01
-5.36480263e-01
-2.67926158e-01
-5.84048834e-02
-4.76556601e-01
-5.86461197e-01
-2.44970691e-02
-2.34952944e-01
-2.98288432e-01
4.28990193e-02
-2.01995865e-01
-4.31387686e-01
-5.93706840e-01
1.59469472e-01
0.00000000e+00
0.00000000e+00
0.00000000e+00
0.00000000e+00
0.00000000e+00
0.00000000e+00
0.00000000e+00
0.00000000e+00
0.00000000e+00
0.00000000e+00
0.00000000e+00
0.00000000e+00
0.00000000e+00
0.00000000e+00
0.00000000e+00
0.00000000e+00
0.00000000e+00
0.00000000e+00
0.00000000e+00
0.00000000e+00
0.00000000e+00
0.00000000e+00
0.00000000e+00
0.00000000e+00
0.00000000e+00
0.00000000e+00
0.00000000e+00
0.00000000e+00
0.00000000e+00
0.00000000e+00
0.00000000e+00
0.00000000e+00
0.00000000e+00
0.00000000e+00
0.00000000e+00
-5.84198529e-01
-4.42791426e-01
-9.71815546e-01
0.00000000e+00
0.00000000e+00
0.00000000e+00
4.47884540e-01
-1.13405507e+00
3.54444601e-01
-3.27286573e-02
-1.27347930e+00
7.09713634e-01
7.41634949e-01
5.35960080e-01
-4.46687349e-01
0.00000000e+00
6.37535518e-01
-7.93802757e-01
-1.06816823e+00
3.32537269e-01
1.08682053e+00
5.09980615e-01
1.91251492e-01
-1.39540356e+00
-4.44804743e-01
6.95508862e-02
-1.77662557e-01
0.00000000e+00
0.00000000e+00
0.00000000e+00
3.75604718e-01
-9.00559113e-01
-2.55104437e-01
6.09178164e-01
-1.20785281e+00
-6.42508641e-02
-2.39147788e-01
8.92497877e-02
1.57398730e-01
0.00000000e+00
9.09909598e-02
8.84287478e-01
2.24747129e-01
6.60603392e-02
-7.09626172e-01
3.30950857e-01
1.87665188e-01
-2.79988645e-01
1.29390311e-01
3.33343610e-01
-7.44870208e-01
0.00000000e+00
0.00000000e+00
0.00000000e+00
1.30162116e-02
-9.89215142e-01
-3.12713807e-01
2.54671475e-01
-1.15123694e+00
9.20352391e-01
7.67372003e-01
-5.99054786e-01
-5.04771733e-01
0.00000000e+00
9.43288936e-01
2.29992665e-02
-6.32140583e-01
7.60360302e-01
-3.68027976e-01
4.86853396e-01
5.26276600e-01
-8.27903742e-01
-3.52787040e-01
2.97790964e-01
-1.32293932e-01
0.00000000e+00
0.00000000e+00
0.00000000e+00
2.71545472e-01
-1.66439587e-01
2.39443696e-01
1.01866874e-01
-5.36978738e-01
3.77859920e-01
4.25024650e-01
5.03755342e-01
4.70523734e-01
0.00000000e+00
-2.67589718e-01
1.32589339e-02
-5.15374339e-01
-4.04009288e-01
5.31736979e-01
-1.67754496e-01
-2.06341736e-01
-6.67448043e-01
2.78642746e-02
-1.63237862e-01
136
8.86092739e-01
9.89506578e-01
-8.04570147e-03
5.23524102e-01
-7.71825924e-03
-2.07581113e-01
-1.53844334e-03
-4.19356829e-01
2.42035736e-04
0.00000000e+00
0.00000000e+00
0.00000000e+00
0.00000000e+00
0.00000000e+00
0.00000000e+00
0.00000000e+00
2.71309204e-01
4.28996547e-01
1.85786988e-01
3.37939949e-01
-7.38805216e-02
1.33686610e-01
4.88346701e-01
0.00000000e+00
0.00000000e+00
0.00000000e+00
0.00000000e+00
3.37939949e-01
3.01569249e-02
-1.38489467e-01
6.22926837e-01
0.00000000e+00
-8.53349946e-02
-4.03905233e-01
4.88346701e-01
0.00000000e+00
0.00000000e+00
0.00000000e+00
0.00000000e+00
0.00000000e+00
0.00000000e+00
0.00000000e+00
0.00000000e+00
0.00000000e+00
0.00000000e+00
0.00000000e+00
0.00000000e+00
-1.66177728e-01
1.02453459e+00
-2.90935789e-01
-1.32592813e+00
3.74072325e-01
-5.68584251e-02
-2.98562466e-01
1.71657604e-01
-5.53480988e-01
3.85794112e-01
4.66740132e-01
-3.83471919e-01
3.20280901e-01
-2.51316160e-02
-5.07942679e-01
3.01569249e-02
0.00000000e+00
0.00000000e+00
0.00000000e+00
0.00000000e+00
0.00000000e+00
0.00000000e+00
0.00000000e+00
0.00000000e+00
0.00000000e+00
0.00000000e+00
0.00000000e+00
0.00000000e+00
0.00000000e+00
0.00000000e+00
0.00000000e+00
0.00000000e+00
0.00000000e+00
0.00000000e+00
0.00000000e+00
0.00000000e+00
0.00000000e+00
0.00000000e+00
0.00000000e+00
-7.96828682e-01
-3.44464243e-01
-1.28195372e+00
0.00000000e+00
0.00000000e+00
0.00000000e+00
9.02903865e-01
-2.47698040e+00
3.77919415e-01
2.71516728e-01
-2.33155149e+00
5.91134038e-01
5.70853448e-01
9.32322515e-01
-3.79740469e-01
0.00000000e+00
9.25371705e-01
-4.48514391e-01
-1.01403600e+00
4.35380711e-01
8.78685800e-01
9.36733689e-01
5.90401937e-01
-2.02241930e+00
-4.40673280e-01
4.18737758e-01
-1.06813686e+00
0.00000000e+00
0.00000000e+00
0.00000000e+00
4.76248891e-01
-1.95620702e+00
1.48742524e-01
7.96718135e-01
-1.94774764e+00
6.91229382e-01
6.97989513e-01
-1.33679461e-02
-5.91462697e-01
0.00000000e+00
1.20530669e+00
-1.51493833e-01
-6.19507747e-01
7.88408159e-01
-6.64495784e-01
2.82007741e-01
4.29241659e-01
-1.23836773e+00
1.47481949e-02
5.83872655e-01
14 2
-6.7646e-01 3.9935e-01
4 6
0 6 19 3 
217
-1.41745638e-01
-1.89451084e-01
2.19993724e-01
-1.80020948e-01
-2.60387049e-01
-8.77043956e-02
-1.46323771e-01
1.40029331e-01
-1.16614978e-03
1.71242251e-01
5.96888729e-02
1.29468427e-01
2.06442460e-01
-2.30258020e-02
3.39764787e-02
-1.45141713e-02
3.19102330e-01
-5.82889421e-02
9.84591881e-04
1.48426478e-01
-2.28739670e-01
2.34937776e-03
3.82293808e-01
1.11306496e-01
-3.56031951e-04
3.36367582e-01
0.00000000e+00
0.00000000e+00
0.00000000e+00
0.00000000e+00
0.00000000e+00
0.00000000e+00
0.00000000e+00
-6.03985358e-01
-9.31954354e-02
5.55435156e-01
0.00000000e+00
-1.71741575e-01
-7.27042906e-02
-3.60116874e-02
1.27880976e-01
0.00000000e+00
0.00000000e+00
0.00000000e+00
0.00000000e+00
2.13097846e-01
-4.07191957e-01
5.64771286e-01
0.00000000e+00
5.56807343e-02
-1.37160654e-01
8.14467181e-01
0.00000000e+00
-1.19207286e-01
-4.36788370e-01
1.32592341e-01
0.00000000e+00
-4.68397753e-01
-5.14673456e-01
1.27880976e-01
2.75532939e-01
-5.21941105e-01
9.38315900e-02
-1.87442711e-01
-1.27518825e+00
-6.80122479e-01
8.46626833e-01
1.07316703e+00
4.74258492e-01
1.57705563e+00
-3.26675853e-02
-2.52975398e-01
-6.53635558e-01
2.31222516e-01
-6.61813491e-01
-8.73251708e-02
-4.63737969e-02
0.00000000e+00
-4.19541712e-02
-1.02710706e-01
4.31704762e-02
-6.63891883e-01
-1.42961943e-01
4.49530145e-02
1.02075618e+00
1.16150704e-01
6.12398909e-03
-9.93643464e-01
-4.37187918e-01
-2.85009054e-01
-5.44811697e-01
0.00000000e+00
0.00000000e+00
0.00000000e+00
0.00000000e+00
0.00000000e+00
0.00000000e+00
0.00000000e+00
0.00000000e+00
0.00000000e+00
0.00000000e+00
0.00000000e+00
0.00000000e+00
0.00000000e+00
0.00000000e+00
0.00000000e+00
0.00000000e+00
0.00000000e+00
0.00000000e+00
0.00000000e+00
0.00000000e+00
0.00000000e+00
0.00000000e+00
0.00000000e+00
0.00000000e+00
0.00000000e+00
0.00000000e+00
0.00000000e+00
0.00000000e+00
-6.42249533e-01
-8.06910568e-01
-8.16564844e-01
0.00000000e+00
0.00000000e+00
0.00000000e+00
2.84954019e-01
-5.84260542e-01
-1.83489473e-01
-2.16810778e-01
-4.75015782e-01
2.89960854e-01
3.48722453e-01
1.95987320e-01
-2.54446666e-01
0.00000000e+00
3.79402247e-01
-3.41098515e-01
-3.67417716e-01
1.37415633e-01
3.72047601e-02
3.74510402e-01
4.13046223e-01
-4.58131529e-01
-3.01371612e-01
-9.57261424e-02
-1.75574756e-01
0.00000000e+00
0.00000000e+00
0.00000000e+00
3.20436228e-01
-1.00102527e+00
3.86283941e-03
2.82115111e-01
-9.11222248e-01
2.17665063e-01
3.58427859e-02
1.72839241e-01
-1.03912652e-02
0.00000000e+00
3.54932161e-01
-1.93266297e-01
-3.11929044e-01
1.69120721e-01
3.15067448e-02
2.87284684e-01
2.00124214e-01
-3.30545920e-01
8.99107749e-02
4.17164719e-01
-1.02755403e+00
0.00000000e+00
0.00000000e+00
0.00000000e+00
3.65022403e-02
8.45425228e-01
-2.39797111e-01
-2.05919752e-01
-4.44411381e-01
2.45353765e-01
8.20969171e-02
-1.21508490e-01
-4.78852263e-01
0.00000000e+00
3.61826351e-01
1.08994888e+00
-4.93684294e-01
1.10757984e-02
-7.35358648e-01
-5.66142179e-02
-1.28699424e-01
-2.95368484e-01
-3.42637362e-01
-1.56931778e-01
1.92996944e-02
0.00000000e+00
0.00000000e+00
0.00000000e+00
1.99727065e-01
-2.23430403e-01
1.12589072e-01
1.32987982e-01
-6.58429111e-01
2.13397444e-01
9.99786563e-02
6.84075682e-02
-4.13352919e-01
0.00000000e+00
8.96303637e-02
-1.73625094e-01
-1.44898800e-01
1.80951297e-01
2.92237723e-01
1.71402635e-01
1.73501190e-01
-3.34933123e-01
1.00112946e-01
1.33045201e-01
136
4.22553303e-01
1.10918613e-01
-2.94941669e-03
1.06980102e-01
1.27121177e-04
9.48911609e-02
7.44152556e-05
1.09763427e-01
-8.32073549e-04
0.00000000e+00
0.00000000e+00
0.00000000e+00
0.00000000e+00
0.00000000e+00
0.00000000e+00
0.00000000e+00
-1.37395187e-01
1.20739561e-01
4.39208929e-01
5.95952168e-01
-3.36664492e-01
-5.26319044e-02
1.26960624e-01
8.89369077e-02
0.00000000e+00
0.00000000e+00
0.00000000e+00
5.95952168e-01
1.08302301e-02
-3.59862171e-01
3.16683181e-01
0.00000000e+00
-1.54230584e-01
-2.68226920e-02
2.12292890e-01
0.00000000e+00
-3.87221211e-02
-1.48545945e-01
1.06706712e-01
0.00000000e+00
-1.13440253e-01
-7.85987240e-02
8.89369077e-02
0.00000000e+00
0.00000000e+00
0.00000000e+00
6.97878357e-02
-7.62914944e-02
9.38442502e-01
-1.15724238e-01
-4.96656945e-01
1.02990795e-01
2.08772349e-01
3.79329423e-03
1.70152449e-01
-5.97926559e-01
2.60517677e-02
4.69576843e-01
-2.81358722e-01
3.15337988e-01
-8.85702012e-02
1.95325203e-01
-2.91059504e-03
-7.71459614e-01
1.20741773e-01
-1.61287932e-01
0.00000000e+00
0.00000000e+00
0.00000000e+00
0.00000000e+00
0.00000000e+00
0.00000000e+00
0.00000000e+00
0.00000000e+00
0.00000000e+00
0.00000000e+00
0.00000000e+00
0.00000000e+00
0.00000000e+00
0.00000000e+00
0.00000000e+00
0.00000000e+00
0.00000000e+00
0.00000000e+00
0.00000000e+00
0.00000000e+00
-6.96438229e-01
-6.98986900e-01
-1.14931009e+00
0.00000000e+00
0.00000000e+00
0.00000000e+00
8.15603855e-01
-2.29383898e+00
3.48106089e-01
4.12646561e-01
-2.16101399e+00
6.45522731e-01
5.97015167e-01
7.80566039e-01
-4.68007248e-01
0.00000000e+00
9.47713641e-01
-1.71729546e-01
-8.84876956e-01
4.07983328e-01
6.55127541e-01
8.01750884e-01
4.95297623e-01
-2.02304756e+00
-5.11669287e-01
4.57540018e-01
-1.02824375e+00
0.00000000e+00
0.00000000e+00
0.00000000e+00
3.28543731e-01
4.73505105e-01
-1.14847703e-01
4.64186918e-01
-1.92101138e+00
2.32317783e-01
6.03129051e-01
-1.89185271e-01
-6.76446382e-01
0.00000000e+00
9.46528192e-01
1.15646461e+00
-9.34282152e-01
4.41765184e-01
-6.33237141e-01
1.34541459e-01
2.00412531e-01
-1.50838710e+00
-3.20376363e-01
2.88135174e-01
5 1
-7.0431e-01 3.9761e-01
5 0
0 6 19 3 14 
217
-1.23248072e+00
-5.03489698e-01
1.14382066e+00
-3.73107371e-01
-9.17721363e-01
1.04595341e-01
-8.42987280e-01
3.26938895e-01
-1.37943409e-01
2.95929396e-01
3.94165017e-01
1.35782728e-01
0.00000000e+00
0.00000000e+00
-1.51761458e-01
6.45669463e-03
4.33051621e-01
-2.26925730e-01
-2.46650755e-03
6.48715424e-01
-4.21614817e-01
1.20732681e-03
4.98276161e-01
-4.32178715e-01
-1.02498654e-03
5.18721028e-01
0.00000000e+00
0.00000000e+00
0.00000000e+00
0.00000000e+00
0.00000000e+00
0.00000000e+00
0.00000000e+00
-2.95766162e-01
-4.75611283e-01
-4.61103275e-01
0.00000000e+00
-1.08794082e-01
-3.95600134e-01
-4.81738920e-01
-2.37447525e-01
5.80789294e-02
0.00000000e+00
0.00000000e+00
0.00000000e+00
-3.53460151e-01
-1.16300783e-02
1.92418479e-01
0.00000000e+00
-2.52903784e-01
-3.77903145e-01
1.73999077e-01
0.00000000e+00
-1.25809399e-01
-4.48328062e-01
1.15811367e-01
0.00000000e+00
-2.98024511e-01
9.72001949e-02
-4.15177809e-03
-2.79635630e-01
-3.89533223e-01
-4.96332879e-01
0.00000000e+00
-6.80360020e-01
-5.94328301e-01
-2.56738207e-01
1.77614618e+00
-2.95382492e-01
1.21892764e+00
-6.40227433e-01
-3.29669341e-01
-3.30914220e-01
3.20250055e-01
-4.38400544e-01
-5.82834001e-01
-2.52615074e-01
-2.08638267e-01
-3.62058507e-01
6.91029783e-02
-2.99939203e-01
-2.98849012e-01
-3.61844744e-01
-2.93952412e-01
-3.79072543e-01
-3.17386047e-01
-1.27457435e-01
-2.02818235e-01
-6.40363379e-01
-3.33203895e-01
1.06023160e-02
4.16861904e-02
-2.82071067e-01
7.87923190e-02
-2.05855962e-01
-1.81048435e-01
-7.86239881e-01
-8.09760814e-01
0.00000000e+00
0.00000000e+00
0.00000000e+00
0.00000000e+00
0.00000000e+00
0.00000000e+00
0.00000000e+00
0.00000000e+00
0.00000000e+00
0.00000000e+00
0.00000000e+00
0.00000000e+00
0.00000000e+00
0.00000000e+00
0.00000000e+00
0.00000000e+00
0.00000000e+00
0.00000000e+00
0.00000000e+00
0.00000000e+00
0.00000000e+00
-6.13333777e-01
-3.28929470e-01
-9.37286266e-01
0.00000000e+00
0.00000000e+00
0.00000000e+00
3.26484264e-01
-1.26337275e+00
3.92858881e-01
6.01103865e-02
-1.35588290e+00
7.77779768e-01
3.98116742e-01
2.86207549e-01
-3.76360824e-01
0.00000000e+00
3.53335237e-01
-2.87535384e-01
-1.48174105e+00
4.51100342e-01
7.84007814e-01
3.59865709e-01
4.78550279e-01
-1.26807242e+00
4.78532792e-02
3.79408814e-01
-3.38337781e-01
0.00000000e+00
0.00000000e+00
0.00000000e+00
4.03741556e-01
-1.16242954e+00
-2.50324490e-01
4.91898261e-01
-8.64150626e-01
-6.39872736e-02
1.90154880e-01
3.73829146e-01
1.10842295e-01
0.00000000e+00
3.30115488e-01
2.04488519e-01
5.78936586e-01
-6.02026541e-03
-5.47041582e-01
4.32360383e-01
-9.51661911e-02
-4.67553419e-01
-1.58726415e-01
1.60694910e-01
-5.66852747e-01
0.00000000e+00
0.00000000e+00
0.00000000e+00
2.82994647e-01
-1.19803371e+00
7.22119303e-01
2.83450464e-01
-7.83192519e-01
9.93751390e-01
9.83085092e-01
-3.41009593e-01
-1.22464093e+00
0.00000000e+00
9.09939258e-01
-5.92764925e-01
-6.31656608e-01
5.65449313e-01
-5.54161000e-01
2.11620299e-02
4.29522799e-01
-5.14348986e-01
1.69717949e-02
6.45094347e-02
-3.41145923e-01
0.00000000e+00
0.00000000e+00
0.00000000e+00
-3.89320737e-02
-1.11334370e-01
1.14568132e-01
-3.33864412e-02
-3.77915148e-01
6.57389245e-01
-1.67551648e-01
2.36823944e-01
7.30630037e-01
0.00000000e+00
-2.51801427e-01
7.93877006e-02
-7.70572018e-01
-1.71982307e-01
5.16370566e-01
1.44415464e-01
-1.24244425e-01
-5.97413053e-01
-2.29810634e-01
5.42125347e-02
136
5.54468541e-01
8.69316431e-01
-7.60932500e-03
4.11655021e-01
-6.65466644e-03
-2.77242577e-01
-8.93633230e-04
-4.49260334e-01
2.22229987e-04
0.00000000e+00
0.00000000e+00
0.00000000e+00
0.00000000e+00
0.00000000e+00
0.00000000e+00
0.00000000e+00
1.90132708e-01
3.39397204e-01
2.49386300e-02
3.10717033e-01
4.96306741e-02
1.05536602e-02
-7.83443768e-02
-5.24447066e-02
3.14356258e-01
0.00000000e+00
0.00000000e+00
3.22819720e-01
-1.30777144e-01
7.99622696e-02
3.62806675e-01
0.00000000e+00
-4.24852708e-02
-2.84516649e-01
4.51732415e-01
0.00000000e+00
-1.59756924e-01
-2.76261958e-01
2.46445368e-01
0.00000000e+00
1.52138653e-02
-2.05638948e-01
1.05114337e-01
0.00000000e+00
0.00000000e+00
0.00000000e+00
0.00000000e+00
-2.93824781e-01
1.08694537e+00
-2.21490388e-01
-6.82791689e-01
3.40691247e-01
-2.65866214e-01
-1.92798332e-01
1.88510584e-01
-5.29117100e-01
1.87086539e-01
3.17266839e-01
-2.71191938e-01
2.68282417e-01
-1.47845671e-02
-8.86413243e-02
1.19160069e-01
-5.14764085e-01
1.35660665e-01
-3.39165246e-02
1.95318850e-01
3.23725470e-01
-9.56473053e-02
1.30679694e-01
6.14885094e-02
0.00000000e+00
0.00000000e+00
0.00000000e+00
0.00000000e+00
0.00000000e+00
0.00000000e+00
0.00000000e+00
0.00000000e+00
0.00000000e+00
0.00000000e+00
0.00000000e+00
0.00000000e+00
0.00000000e+00
0.00000000e+00
0.00000000e+00
-9.54472651e-01
-2.61855481e-01
-1.38235154e+00
0.00000000e+00
0.00000000e+00
0.00000000e+00
8.03825182e-01
-2.36738338e+00
3.25304383e-01
2.91513019e-01
-2.38347485e+00
6.08624859e-01
5.68320674e-01
8.87432594e-01
-3.58113672e-01
0.00000000e+00
8.36972126e-01
-3.15483772e-01
-1.05528501e+00
4.02120020e-01
8.77981347e-01
8.52572003e-01
6.13713296e-01
-1.88168294e+00
-4.85546283e-01
3.96238861e-01
-1.09234371e+00
0.00000000e+00
0.00000000e+00
0.00000000e+00
5.17822098e-01
-1.84189870e+00
-1.41256926e-02
7.99267360e-01
-2.13991734e+00
5.61882654e-01
8.37364879e-01
4.01471678e-02
-5.17211478e-01
0.00000000e+00
1.13514466e+00
2.01149688e-04
-5.83064687e-01
6.93130087e-01
-5.17979308e-01
3.18546663e-01
4.28846920e-01
-1.37628341e+00
-2.83746494e-02
5.94157913e-01
12 1
-1.0837e+00 4.6179e-01
6 0
0 6 19 3 14 5 
217
1.29199065e-01
-5.09303911e-01
9.87142222e-02
-2.23246041e-01
1.36306461e-01
1.05791434e-01
8.88144291e-02
1.82720710e-01
1.11281916e-01
3.85385475e-02
-3.89864016e-01
1.12325816e-01
0.00000000e+00
0.00000000e+00
2.54543309e-01
-8.01848461e-04
2.08398317e-01
5.49239915e-01
-4.93382601e-03
-1.89819515e-01
-3.36058122e-01
1.72815404e-03
1.63165050e-01
-3.38526036e-01
-3.49028321e-05
3.21446931e-01
0.00000000e+00
0.00000000e+00
0.00000000e+00
0.00000000e+00
0.00000000e+00
0.00000000e+00
0.00000000e+00
-2.83164488e-02
1.57515514e-01
0.00000000e+00
0.00000000e+00
-2.92466462e-01
3.33479562e-02
6.18611236e-02
5.38881119e-02
1.60131295e-01
1.18843908e-01
0.00000000e+00
0.00000000e+00
-1.05973951e-01
-2.88263590e-01
3.01820154e-01
0.00000000e+00
1.41535295e-01
-6.52161598e-01
5.66080652e-01
0.00000000e+00
-5.60458476e-01
3.63855858e-01
7.42502181e-02
0.00000000e+00
-1.85968392e-01
0.00000000e+00
2.78542422e-01
-5.83494591e-01
8.87903812e-01
-1.68803287e-01
0.00000000e+00
-3.80628858e-01
0.00000000e+00
2.91479890e-01
1.69441689e+00
2.18348033e-01
1.33469712e+00
-5.46233169e-02
-5.41365860e-01
-6.39380466e-01
5.31236917e-01
-5.68816224e-01
1.93951325e-01
-3.31929834e-01
-1.34702059e-01
3.48086193e-02
1.69139436e-02
2.33507407e-01
-2.55967706e-01
-4.41490194e-03
-5.71847950e-01
0.00000000e+00
7.79133097e-02
2.63938022e-01
9.80599058e-02
-4.01581380e-01
-4.67741504e-02
-2.39580009e-01
-1.30965120e-01
8.64564303e-02
-1.96822553e-02
8.16804702e-02
-1.16353477e-01
9.20272847e-02
1.61872667e-01
0.00000000e+00
1.29216049e-01
-2.27162958e-01
2.27151206e-01
-1.03155134e+00
-2.27168190e-01
-8.43671873e-01
0.00000000e+00
0.00000000e+00
0.00000000e+00
0.00000000e+00
0.00000000e+00
0.00000000e+00
0.00000000e+00
0.00000000e+00
0.00000000e+00
0.00000000e+00
0.00000000e+00
0.00000000e+00
0.00000000e+00
0.00000000e+00
-6.71991831e-01
-2.15530326e-01
-1.06822449e+00
0.00000000e+00
0.00000000e+00
0.00000000e+00
2.86787056e-01
-1.51012417e+00
1.88321838e-01
3.33177391e-01
-1.27969098e+00
7.88306748e-01
5.22768526e-01
7.09737578e-01
-5.30420073e-01
0.00000000e+00
5.17233844e-01
-7.82610265e-01
-4.53046224e-01
2.31409472e-01
2.72972955e-01
6.76511945e-01
5.13934991e-01
-1.11710054e+00
-8.74922321e-01
4.38527749e-01
-2.07622852e-01
0.00000000e+00
0.00000000e+00
0.00000000e+00
4.98404441e-01
-1.20686653e+00
2.70021535e-01
6.41526818e-02
-7.46667517e-01
-6.45124122e-04
8.90725909e-02
-1.39155810e-01
4.58413145e-01
0.00000000e+00
3.09350975e-01
5.15620081e-01
-3.01965227e-01
2.37606185e-01
2.27783221e-02
1.35358877e-02
1.55259177e-01
-7.78008628e-01
2.89219844e-01
4.22511221e-02
-6.93101508e-01
0.00000000e+00
0.00000000e+00
0.00000000e+00
3.74107468e-01
-1.34526596e+00
4.51252556e-01
2.21694043e-01
-1.04210485e+00
1.14430323e+00
1.19435263e+00
5.82630908e-02
-8.89255709e-01
0.00000000e+00
9.95517767e-01
-5.48581981e-01
-7.48598803e-01
5.31698100e-01
-6.64790719e-01
5.22136279e-02
8.39097368e-02
-5.81862655e-01
-5.31653100e-01
5.51700022e-01
-2.61207659e-01
0.00000000e+00
0.00000000e+00
0.00000000e+00
1.15153129e-01
-8.29786529e-01
-1.02415094e-01
4.09207925e-01
-1.02930078e+00
1.36703110e-01
-2.52832044e-01
4.96546225e-02
5.28030982e-01
0.00000000e+00
-6.78115202e-02
2.13316260e-01
-8.40676632e-02
1.42735112e-03
2.42982370e-01
4.78684170e-01
3.41067817e-01
-4.98217059e-01
1.35496224e-01
-4.85009265e-02
136
3.39771423e-01
6.27019657e-01
-7.48100150e-03
2.99370593e-01
-6.58734759e-03
-1.93448203e-01
-1.93046220e-03
-3.93170625e-01
1.18904479e-05
0.00000000e+00
0.00000000e+00
0.00000000e+00
0.00000000e+00
0.00000000e+00
0.00000000e+00
0.00000000e+00
1.00024103e-01
2.38399299e-01
0.00000000e+00
3.12444005e-01
3.17154510e-02
-1.06102773e-03
-7.95052685e-02
-1.43895868e-01
-4.22046715e-02
2.62278803e-01
0.00000000e+00
3.17821182e-01
-6.62052980e-02
-1.83042432e-01
3.96553363e-01
0.00000000e+00
-5.09172350e-02
-3.25347162e-01
5.06440605e-01
0.00000000e+00
-1.97186257e-01
-8.34012745e-02
1.43302054e-01
0.00000000e+00
-1.45798331e-01
-1.09410315e-01
9.36383305e-02
0.00000000e+00
0.00000000e+00
0.00000000e+00
0.00000000e+00
-3.40055809e-01
1.10554322e+00
-2.36138248e-01
-5.04662229e-01
1.86446985e-01
-2.85408730e-01
-2.37824664e-01
1.91671475e-01
-4.81750663e-01
1.28930123e-01
2.30579660e-01
-2.28294468e-01
2.18179553e-01
-7.75357832e-03
4.25073278e-01
8.58813524e-02
-4.31829573e-01
1.51588835e-01
-1.00586458e-01
1.33953890e-01
2.36872103e-01
-1.02555050e-01
1.22943048e-01
1.04487124e-01
0.00000000e+00
5.62161147e-01
-4.87218306e-01
2.41800454e-01
-2.58139447e-01
0.00000000e+00
0.00000000e+00
0.00000000e+00
0.00000000e+00
0.00000000e+00
0.00000000e+00
0.00000000e+00
0.00000000e+00
0.00000000e+00
0.00000000e+00
-9.04707270e-01
-3.58699072e-01
-1.38370916e+00
0.00000000e+00
0.00000000e+00
0.00000000e+00
7.96387820e-01
-2.37010828e+00
3.34815082e-01
3.13488813e-01
-2.35339637e+00
6.16367702e-01
5.65770932e-01
9.08428092e-01
-3.95026760e-01
0.00000000e+00
8.00063997e-01
-2.97055379e-01
-1.01758883e+00
4.32685304e-01
8.71220865e-01
8.27028757e-01
5.44009743e-01
-1.92887005e+00
-4.42241869e-01
4.10311278e-01
-1.11720615e+00
0.00000000e+00
0.00000000e+00
0.00000000e+00
4.82060066e-01
-1.74423066e+00
7.23258266e-02
7.15860731e-01
-2.02306219e+00
8.17485475e-01
8.32864378e-01
-3.19345355e-02
-4.74880337e-01
0.00000000e+00
1.05501536e+00
-9.67884233e-02
-7.14648995e-01
7.02709749e-01
-4.33926291e-01
2.34040691e-01
3.63851386e-01
-1.38799535e+00
-2.00181256e-02
5.34065095e-01
4 2
-1.1810e+00 4.2402e-01
7 -1
0 6 19 3 14 5 12 
217
1.84976564e+00
3.99139665e-02
-1.62930610e+00
-1.06537892e-01
2.10314693e-01
-7.06848123e-02
2.08800698e-01
-1.46010369e+00
1.39751880e+00
4.85193775e-01
0.00000000e+00
0.00000000e+00
0.00000000e+00
0.00000000e+00
6.73112827e-01
1.06902641e-02
1.20581024e+00
1.17665282e+00
-1.58477422e-03
8.55722683e-01
0.00000000e+00
0.00000000e+00
0.00000000e+00
0.00000000e+00
0.00000000e+00
0.00000000e+00
0.00000000e+00
0.00000000e+00
0.00000000e+00
0.00000000e+00
0.00000000e+00
0.00000000e+00
0.00000000e+00
7.96193514e-01
1.05357213e+00
0.00000000e+00
1.55074089e+00
-9.93454890e-01
-2.68104998e-01
5.17389666e-02
-3.85685549e-01
6.98625868e-01
1.19590536e+00
0.00000000e+00
-1.86988422e+00
-3.34022744e-01
6.61608799e-01
1.21575636e+00
0.00000000e+00
9.20397079e-02
0.00000000e+00
2.31443814e+00
0.00000000e+00
-2.39273994e+00
0.00000000e+00
-4.49169756e-01
0.00000000e+00
-6.05455432e-01
0.00000000e+00
-5.93866945e-02
-4.10241894e-01
-1.32502812e-01
8.41769459e-01
0.00000000e+00
2.06830600e+00
-1.01942828e-01
-2.52137839e-01
1.42165133e+00
3.35974826e-02
3.62214479e+00
-8.84805169e-01
8.53097809e-01
2.31630161e-01
1.35005003e+00
-6.80856748e-01
0.00000000e+00
0.00000000e+00
2.67456402e-01
2.65709034e-01
-7.31509727e-03
5.47876925e-01
-3.45967741e-01
0.00000000e+00
0.00000000e+00
0.00000000e+00
-9.11739263e-01
-6.94143045e-01
1.19081109e+00
-6.83194494e-01
1.57069382e+00
3.14141011e-01
2.67456402e-01
-8.13852506e-02
-2.85482700e-01
4.62605664e-01
-3.46932259e-01
0.00000000e+00
0.00000000e+00
0.00000000e+00
-3.73142889e-01
-2.02348338e-01
-1.05629642e-01
-5.82371914e-01
2.32853818e+00
-2.39209213e-02
0.00000000e+00
3.72603514e+00
5.48541426e-01
3.46655853e+00
-3.48707924e-01
0.00000000e+00
0.00000000e+00
0.00000000e+00
0.00000000e+00
0.00000000e+00
0.00000000e+00
0.00000000e+00
0.00000000e+00
0.00000000e+00
-8.56743368e-01
-8.19884731e-01
-3.70474695e+00
0.00000000e+00
0.00000000e+00
0.00000000e+00
2.60126575e+00
-5.06308335e-01
2.03839819e+00
2.45408029e+00
-4.39654463e-01
3.48754776e+00
3.34086954e+00
3.06819003e+00
1.62322710e+00
0.00000000e+00
3.27026935e+00
2.17813770e+00
1.59852638e+00
2.46316061e+00
2.83113821e+00
3.06906946e+00
3.17256301e+00
-4.16029467e-02
9.78093134e-01
3.52306288e+00
-1.43973714e+00
0.00000000e+00
0.00000000e+00
0.00000000e+00
2.24254609e+00
-2.17196177e-01
2.16683498e+00
2.46879243e+00
-2.38614125e-01
1.15751932e-01
9.41463372e-01
1.17258776e+00
2.37519907e+00
0.00000000e+00
1.70650789e+00
5.54619744e-01
6.58093347e-01
1.54091989e+00
1.54142348e+00
1.13754133e+00
1.13946539e+00
1.84456614e+00
1.90013451e+00
6.88088976e-01
-3.08080518e+00
0.00000000e+00
0.00000000e+00
0.00000000e+00
2.33582719e+00
4.27691363e-01
1.89547596e+00
2.51750831e+00
-2.81774673e-01
1.75715555e+00
3.09232636e+00
1.45105640e+00
1.89750550e+00
0.00000000e+00
2.70840130e+00
1.96102743e+00
8.29425562e-01
2.34658008e+00
1.68009569e+00
2.10392276e+00
2.15790038e+00
-4.10600412e-01
1.57004632e+00
2.66957398e+00
-1.20306731e+00
0.00000000e+00
0.00000000e+00
0.00000000e+00
8.88049127e-01
6.08395872e-01
9.02478228e-01
2.51715923e-01
-1.61884843e-01
1.85805514e+00
-2.38840266e-01
9.23375188e-01
1.14092295e+00
0.00000000e+00
6.35768163e-01
-1.04692416e-01
1.08429603e+00
3.71642417e-01
-8.24470234e-02
5.82133522e-01
7.36258358e-02
-1.53809175e-01
4.48201114e-01
2.75617037e-01
136
6.25959016e-01
4.56201105e-01
-5.42708259e-03
1.69913894e-01
1.74165188e-03
0.00000000e+00
0.00000000e+00
0.00000000e+00
0.00000000e+00
0.00000000e+00
0.00000000e+00
0.00000000e+00
0.00000000e+00
0.00000000e+00
0.00000000e+00
0.00000000e+00
3.57338304e-01
2.68620712e-01
0.00000000e+00
0.00000000e+00
1.05786846e-02
1.17278135e-01
1.29121241e-01
3.46249348e-02
-1.16636322e-01
4.37429547e-01
1.35627958e-02
0.00000000e+00
-9.68915996e-02
7.24348223e-02
7.26751268e-01
0.00000000e+00
2.66035310e-02
-4.26824368e-01
7.58995310e-01
0.00000000e+00
-3.36090711e-01
-2.59319874e-02
3.46769950e-01
0.00000000e+00
2.84532397e-02
0.00000000e+00
4.17082324e-01
0.00000000e+00
0.00000000e+00
0.00000000e+00
0.00000000e+00
-1.24571430e+00
8.11719564e-01
-4.45066635e-01
-7.12779294e-01
1.68936498e-01
-5.46862038e-01
-3.97196374e-01
1.86070122e-01
-4.56363917e-01
6.36775193e-02
6.23364223e-01
-1.61788750e-01
2.80097479e-01
-9.86449988e-02
1.13268463e+00
2.36446872e-01
-3.63721036e-01
1.84549141e-01
3.37637720e-02
6.48266628e-02
2.16582733e-01
-1.01225622e-01
1.25808165e-01
1.57323421e-01
0.00000000e+00
8.62402889e-01
-3.40166171e-01
2.73398765e-01
-9.40731667e-02
0.00000000e+00
2.06096299e-01
-1.83358559e-01
1.31685424e-01
-4.04898288e-02
0.00000000e+00
0.00000000e+00
0.00000000e+00
0.00000000e+00
0.00000000e+00
-1.06147847e+00
-1.32578538e+00
-1.48665377e+00
0.00000000e+00
0.00000000e+00
0.00000000e+00
9.91215074e-01
-2.52398893e+00
2.46966437e-01
3.77390511e-01
-2.60335708e+00
6.06239339e-01
5.63248693e-01
9.44556642e-01
-4.09978779e-01
0.00000000e+00
8.36273819e-01
-1.99818673e-01
-1.11084200e+00
2.76641572e-01
1.04653098e+00
1.01641138e+00
5.30501211e-01
-2.00228110e+00
-5.91944552e-01
5.19581668e-01
-1.63145079e+00
0.00000000e+00
0.00000000e+00
0.00000000e+00
6.07575086e-01
-1.87359076e+00
1.54269816e-01
7.07099745e-01
-2.41378914e+00
8.19410794e-01
6.91144159e-01
1.44335683e-01
-3.73522019e-01
0.00000000e+00
9.63753243e-01
-1.61261411e-01
-8.04932380e-01
5.21947633e-01
-2.08719938e-01
3.50854006e-01
3.44957577e-01
-1.55209560e+00
-4.26367938e-02
4.93749514e-01
17 1
-1.1694e+00 4.8054e-01
8 0
0 6 19 3 14 5 12 4 
217
-2.82341448e-01
-3.77955773e-01
3.83218631e-01
-1.53194880e-01
-3.74591498e-01
-1.29821184e-01
-4.84749268e-01
3.05817692e-01
-7.01382275e-02
1.29748046e-01
4.94737494e-01
5.87615958e-02
0.00000000e+00
0.00000000e+00
-1.18773292e-02
-6.64330994e-04
4.86896746e-01
1.05929970e-01
-3.33010682e-03
4.78986455e-01
-2.24710738e-01
1.94227932e-03
3.81308947e-01
-1.51683350e-01
-2.25208722e-04
5.12446954e-01
0.00000000e+00
0.00000000e+00
0.00000000e+00
0.00000000e+00
0.00000000e+00
0.00000000e+00
0.00000000e+00
-6.78763790e-02
-6.42927573e-02
-1.50172311e-01
0.00000000e+00
-3.49987690e-01
-1.14286583e-01
2.95393444e-02
1.39972964e-01
-9.11003614e-02
3.59857214e-01
-2.56336336e-01
0.00000000e+00
-9.24519997e-02
-4.05041739e-01
5.98099742e-02
0.00000000e+00
-4.24898452e-02
-6.25005482e-01
3.52099965e-01
0.00000000e+00
-3.06813379e-01
9.67338480e-02
1.53333083e-01
0.00000000e+00
-2.29340158e-01
0.00000000e+00
3.83404408e-01
-2.38266311e-01
1.85273980e-01
-2.29349116e-01
0.00000000e+00
-5.59893495e-01
-3.66807368e-01
2.50727743e-01
1.61650374e+00
2.68243049e-02
1.20358402e+00
2.69956331e-01
-5.02357391e-01
-4.68920622e-01
3.21697510e-01
-4.52782663e-01
-3.71637897e-01
-2.44819053e-01
-1.18363333e-01
6.26274420e-02
-1.46071288e-01
4.16774274e-02
-2.53407626e-01
-2.68282984e-01
-4.37910921e-01
-3.48655222e-01
3.42704181e-02
-5.05921117e-01
-2.02430153e-02
-4.19397935e-01
5.22863714e-02
3.49111244e-01
-4.67467913e-01
4.76765320e-02
1.06226468e-02
1.01348510e-01
-1.72284290e-01
3.61014243e-02
1.03442370e-01
-1.75490775e-01
3.54891782e-02
-4.09472742e-01
5.47870114e-02
-8.78507781e-01
-1.97126862e-01
1.11126469e-01
9.74103440e-02
-3.09477580e-03
-2.05029995e-01
-6.55693034e-02
2.68383861e-01
-3.11087712e-01
-2.03117567e-01
-2.21031845e-01
-3.89043235e-01
0.00000000e+00
0.00000000e+00
0.00000000e+00
2.47682594e-01
5.08094377e-01
-7.51594612e-01
2.89318557e-02
-1.12747798e+00
0.00000000e+00
0.00000000e+00
0.00000000e+00
2.57268259e-01
-1.74510817e+00
4.49932687e-01
-2.26796359e-02
-1.62654841e+00
6.58304324e-01
2.94843983e-01
5.34982015e-01
-5.42426655e-01
0.00000000e+00
4.15565820e-01
-9.56709913e-02
-7.04943001e-01
3.79876027e-01
6.96156138e-01
2.33281213e-01
6.11426896e-01
-9.56028944e-01
-1.67940182e-01
2.02230651e-01
-2.25647199e-01
0.00000000e+00
0.00000000e+00
0.00000000e+00
4.50497070e-01
-4.69247094e-01
-2.97521835e-01
3.63087588e-01
-1.18797439e+00
-1.34888923e-02
4.64405002e-01
4.50048629e-01
3.75945613e-01
0.00000000e+00
2.83030997e-01
1.69294988e-03
-2.47457231e-01
2.40200334e-01
-7.66656216e-01
6.25994044e-01
5.82271277e-02
-7.06697553e-01
1.27474567e-02
1.37519198e-01
-4.95101939e-01
0.00000000e+00
0.00000000e+00
0.00000000e+00
1.68427256e-01
-1.11309511e+00
5.27965011e-01
5.88183777e-02
-8.61446809e-01
1.04180701e+00
1.05913138e+00
-2.26730764e-01
-1.47738918e+00
0.00000000e+00
1.15171569e+00
1.22785872e-01
-1.10256746e+00
5.01031218e-01
-4.26626965e-01
4.71442701e-01
-1.62856328e-01
-6.31439730e-01
-2.39161548e-01
6.43087452e-01
-3.91058528e-01
0.00000000e+00
0.00000000e+00
0.00000000e+00
4.86796803e-01
-4.93476518e-01
-4.73379642e-02
3.11360408e-01
-7.42429756e-01
4.46603653e-01
-5.52982514e-01
3.45829923e-01
7.61292394e-01
0.00000000e+00
-3.31508756e-01
-4.78194977e-01
3.21206574e-01
-8.12071172e-02
2.57054525e-01
-2.76072550e-01
3.18078360e-01
-5.46363164e-01
1.28551737e-01
-2.18259589e-01
136
2.47081207e-01
5.63511130e-01
-3.49310103e-03
3.15286303e-01
-5.37926115e-03
-2.19612907e-01
-1.88341775e-03
-4.12103319e-01
3.38901993e-04
0.00000000e+00
0.00000000e+00
0.00000000e+00
0.00000000e+00
0.00000000e+00
0.00000000e+00
0.00000000e+00
1.50777901e-01
2.55845757e-01
-1.59542451e-01
0.00000000e+00
1.21552077e-01
9.01892204e-02
4.94778047e-02
-3.81308867e-02
2.48495250e-03
4.49155236e-02
-2.18757440e-02
1.77428232e-01
-8.00053929e-02
-1.16879113e-01
4.26551422e-01
0.00000000e+00
-4.48713350e-02
-2.65859773e-01
3.92310538e-01
0.00000000e+00
-1.34538329e-01
-3.70329977e-02
6.48034474e-02
0.00000000e+00
-1.91792933e-01
-1.07024932e-01
9.20568381e-02
0.00000000e+00
0.00000000e+00
0.00000000e+00
0.00000000e+00
-2.77433048e-01
1.07828846e+00
-2.01673990e-01
-4.54968445e-01
7.43451725e-02
-2.76189394e-01
-1.82876944e-01
1.79532241e-01
-5.38741055e-01
1.51575605e-01
1.92919692e-01
-2.05140698e-01
2.14838418e-01
-2.06119784e-02
2.49664052e-01
1.20154891e-01
-3.24038155e-01
1.20886177e-01
-7.01574149e-02
1.66377969e-01
1.60411677e-01
-1.31727595e-01
1.14507090e-01
9.11969126e-02
6.25270538e-02
3.21002524e-01
-4.09517463e-01
1.79985001e-01
-2.20909264e-01
1.84422545e-01
4.83611008e-02
-4.74651336e-01
1.51517943e-01
-9.99250497e-02
1.49915629e-01
7.68381871e-02
-9.29207224e-02
3.61093953e-02
-1.06169877e-01
-9.73616830e-01
-3.21679716e-01
-1.42671374e+00
0.00000000e+00
0.00000000e+00
0.00000000e+00
7.64295447e-01
-2.38040063e+00
3.41075294e-01
3.26928205e-01
-2.31215492e+00
6.69026657e-01
5.56877221e-01
8.23534751e-01
-3.39751828e-01
0.00000000e+00
7.65589925e-01
-3.30926063e-01
-1.00454939e+00
4.48433573e-01
8.66627309e-01
7.69967680e-01
5.51373149e-01
-1.93082561e+00
-4.41131443e-01
4.29296932e-01
-1.10466941e+00
0.00000000e+00
0.00000000e+00
0.00000000e+00
4.50774492e-01
-1.80134516e+00
7.90310635e-02
7.41421959e-01
-1.96609049e+00
7.74451964e-01
8.33894644e-01
3.39537074e-02
-4.58118859e-01
0.00000000e+00
1.03367975e+00
-5.69163372e-02
-7.31175163e-01
6.47232227e-01
-4.37787275e-01
2.96251643e-01
4.06347827e-01
-1.35314261e+00
-1.00860534e-01
5.03727731e-01
