1 4 -999999999 -1 -1
1 2 0 -1 -1
0.2352 -0.4776
356
-1.25520202e-01
-1.25520202e-01
0.00000000e+00
1.89523150e+00
-1.49009851e+00
-1.02497520e+00
2.99817210e-01
0.00000000e+00
0.00000000e+00
8.26725002e-01
3.13310926e-02
0.00000000e+00
0.00000000e+00
5.09946366e-01
6.24949180e-01
7.60335958e-01
0.00000000e+00
0.00000000e+00
0.00000000e+00
0.00000000e+00
0.00000000e+00
0.00000000e+00
0.00000000e+00
0.00000000e+00
0.00000000e+00
0.00000000e+00
0.00000000e+00
0.00000000e+00
0.00000000e+00
0.00000000e+00
0.00000000e+00
0.00000000e+00
0.00000000e+00
0.00000000e+00
0.00000000e+00
0.00000000e+00
0.00000000e+00
0.00000000e+00
0.00000000e+00
0.00000000e+00
0.00000000e+00
0.00000000e+00
0.00000000e+00
0.00000000e+00
0.00000000e+00
0.00000000e+00
0.00000000e+00
0.00000000e+00
0.00000000e+00
0.00000000e+00
0.00000000e+00
-4.38672785e-01
1.54760580e-01
-1.73269752e+00
0.00000000e+00
0.00000000e+00
0.00000000e+00
0.00000000e+00
-4.36596146e-01
4.03518325e-01
-1.04619155e-01
1.83578006e-01
8.61160587e-02
-4.12758038e-02
1.25015400e-01
2.75635280e-01
2.04563640e-01
-1.38789910e+00
-6.31291554e-01
5.02416264e-04
3.16796035e-01
-4.16751973e-01
1.16050854e-02
2.42546864e-01
9.22523324e-01
-4.50248919e-01
1.35127530e-01
0.00000000e+00
0.00000000e+00
0.00000000e+00
0.00000000e+00
-5.95169147e-03
1.15376592e-01
0.00000000e+00
0.00000000e+00
0.00000000e+00
0.00000000e+00
0.00000000e+00
0.00000000e+00
0.00000000e+00
-4.58687839e-01
-2.75742918e-01
-9.23095304e-01
-4.14902185e-01
-8.96225544e-01
-5.59790825e-01
-4.58061335e-02
-1.00631910e-01
-2.43680156e-01
-1.23577820e-01
0.00000000e+00
0.00000000e+00
0.00000000e+00
0.00000000e+00
3.95780820e+00
1.83268671e+00
1.12928810e+00
6.44107421e-01
3.62857498e-01
-3.62003642e-02
-4.36883681e-01
-1.46980215e+00
5.63836529e-01
3.05890515e-01
5.21737637e-02
-7.96737125e-01
-1.30698225e+00
-3.09487665e+00
0.00000000e+00
0.00000000e+00
0.00000000e+00
0.00000000e+00
0.00000000e+00
0.00000000e+00
9.89045154e-01
-3.41936499e-01
-3.77617772e-02
-5.93603391e-01
-7.15127608e-01
-1.25882279e+00
6.46467459e+00
6.49672529e+00
6.55409519e+00
6.53643418e+00
6.62225647e+00
6.62565026e+00
-9.09865796e-02
-3.02418547e-01
-2.24293571e-01
-2.76342244e-01
-2.94436603e-01
-8.01775945e-01
-5.14901990e-01
-4.22422264e-01
-6.18982554e-01
-4.23466237e-01
-6.23751222e-01
-1.17111580e+00
1.93366816e-01
0.00000000e+00
0.00000000e+00
0.00000000e+00
0.00000000e+00
0.00000000e+00
0.00000000e+00
0.00000000e+00
-3.18887019e-01
8.27048659e-01
-2.77215015e+00
0.00000000e+00
-9.25470210e-01
-9.96805350e-01
-3.85708045e-01
-9.61401558e-01
-1.31117825e+00
0.00000000e+00
0.00000000e+00
0.00000000e+00
-3.05095710e-01
1.13780540e-01
1.19322086e-01
-1.97210226e-01
-7.63337060e-02
4.10195954e-01
-1.99391445e-01
-2.30698483e-01
2.34785630e-01
0.00000000e+00
-4.37391780e-02
-1.30140027e-01
2.51288424e-02
3.13690753e-01
-4.48667746e-01
-7.60011602e-01
-6.42157514e-02
1.63105705e-01
1.45021826e-01
-3.80705717e-01
3.31297429e-02
0.00000000e+00
0.00000000e+00
0.00000000e+00
2.02616248e-01
0.00000000e+00
-7.98264846e-02
1.80688539e-01
0.00000000e+00
1.27827973e-02
4.32793485e-01
2.08248005e-01
-6.01959155e-01
0.00000000e+00
1.55945789e-01
-7.13041579e-01
-5.32643398e-01
-7.06973191e-02
-2.20343605e-01
6.25022319e-01
1.59654908e-01
0.00000000e+00
0.00000000e+00
2.73889192e-01
-6.05276382e-01
-8.36604303e-03
1.06861918e-01
-1.15227961e-01
0.00000000e+00
9.43136413e-02
6.98261925e-02
-1.72505877e-01
-7.20740801e-01
0.00000000e+00
0.00000000e+00
0.00000000e+00
-1.06013492e-01
0.00000000e+00
1.54602931e-01
1.73347413e-01
0.00000000e+00
3.23325780e-01
-4.58633682e-01
-3.01822126e-01
8.18957264e-01
0.00000000e+00
4.96401287e-02
2.55548815e-01
5.72515910e-02
1.90486191e-01
-7.30487178e-01
-8.33102568e-01
-3.33390121e-01
0.00000000e+00
0.00000000e+00
1.95482521e-02
-5.96910339e-01
-9.18954619e-02
-5.05014877e-01
0.00000000e+00
-7.05901873e-01
-9.17104167e-01
-9.17104167e-01
0.00000000e+00
0.00000000e+00
8.83654501e-02
0.00000000e+00
0.00000000e+00
2.11202294e-01
2.11202294e-01
0.00000000e+00
0.00000000e+00
-1.95820691e+00
0.00000000e+00
0.00000000e+00
0.00000000e+00
-9.38617614e-01
-1.68060304e+00
2.57870133e-01
2.75939436e-01
-1.07920924e+00
4.96323330e-01
7.11178739e-01
7.79290404e-01
-7.28155412e-01
0.00000000e+00
-4.63099693e-01
-4.74210362e-02
-8.26488111e-01
5.29731116e-01
3.67738976e-01
9.33309521e-01
3.06399557e-01
-7.85991311e-01
1.63375508e-01
-2.29778168e-01
2.50783047e-01
0.00000000e+00
0.00000000e+00
0.00000000e+00
6.75897368e-02
-2.27416073e-01
-1.16003801e-01
3.30158368e-01
2.39429980e-01
-5.29518128e-02
1.55938845e-01
-1.34491424e-01
1.99323975e-02
0.00000000e+00
2.06533725e-02
-3.03370545e-01
2.06672806e-01
1.31749227e-01
-4.94059929e-01
-2.19193586e-01
-1.36834277e-01
1.38982277e-01
2.47405910e-01
3.76591576e-01
-7.37298471e-01
-3.68498867e-01
0.00000000e+00
-2.78776597e-01
-1.29456177e-01
5.28433566e-02
-3.78953890e-02
-3.83446835e-01
-1.75881500e-01
0.00000000e+00
0.00000000e+00
0.00000000e+00
-1.51200568e-01
-1.04404197e+00
1.86515085e-01
-7.63882162e-01
-2.97430201e-02
-6.18108732e-03
-3.81432750e-01
6.25091808e-01
-5.08112712e-01
0.00000000e+00
-1.12949023e-01
2.10591649e-01
2.09108196e-01
2.00275395e-01
8.83698076e-01
6.99154057e-01
3.46930882e-01
-4.60357189e-02
1.04747478e-01
-5.98415118e-01
-3.68799604e-01
0.00000000e+00
-4.25551865e-02
1.69114281e-02
-1.22090844e+00
-6.28306483e-01
0.00000000e+00
-5.59170582e-01
-3.71902681e-01
2.98270977e-02
-1.52321843e-01
-5.05811738e-01
-5.92601954e-01
0.00000000e+00
-1.17447468e-01
-1.18709950e-01
247
-1.48342685e+00
-1.48342685e+00
0.00000000e+00
-1.91305457e-01
-1.29212140e+00
-1.55866220e+00
-1.74594403e+00
-8.23203920e-01
0.00000000e+00
0.00000000e+00
7.31753233e-01
3.24219498e-01
0.00000000e+00
0.00000000e+00
0.00000000e+00
0.00000000e+00
0.00000000e+00
0.00000000e+00
0.00000000e+00
0.00000000e+00
0.00000000e+00
0.00000000e+00
0.00000000e+00
0.00000000e+00
0.00000000e+00
0.00000000e+00
0.00000000e+00
0.00000000e+00
0.00000000e+00
0.00000000e+00
0.00000000e+00
0.00000000e+00
0.00000000e+00
0.00000000e+00
0.00000000e+00
0.00000000e+00
0.00000000e+00
0.00000000e+00
0.00000000e+00
0.00000000e+00
0.00000000e+00
-1.18964653e+00
1.60993421e-02
-6.63674983e-01
7.73233859e-03
3.69894659e-01
-4.97620780e-01
0.00000000e+00
0.00000000e+00
0.00000000e+00
4.20621193e+00
4.67725421e+00
0.00000000e+00
0.00000000e+00
0.00000000e+00
0.00000000e+00
0.00000000e+00
0.00000000e+00
0.00000000e+00
4.65022188e+00
3.64386677e+00
2.11248851e+00
6.20702506e-01
2.81114459e-01
-2.28658496e-01
-8.59655994e-01
-1.90244424e+00
6.17466852e-01
4.35504106e-01
-1.63190888e-01
-1.29023540e+00
-2.63769086e+00
-3.11904928e+00
0.00000000e+00
0.00000000e+00
0.00000000e+00
0.00000000e+00
0.00000000e+00
0.00000000e+00
4.30161248e-01
-6.09663105e-01
-7.00595894e-01
-1.13902376e+00
-1.22790178e+00
-1.88027034e+00
8.45275508e+00
8.69769178e+00
8.79665426e+00
8.84190020e+00
8.85443666e+00
8.83297754e+00
-2.28320979e-01
-3.29458658e-01
-2.68929522e-01
-2.67122939e-01
-9.94534917e-02
-4.87047756e-01
-5.60265773e-01
-7.55355082e-01
-8.48702927e-01
-8.36092843e-01
-4.40281862e-01
-1.23369567e+00
2.35467452e-02
0.00000000e+00
0.00000000e+00
0.00000000e+00
-1.50697360e+00
5.40147755e-01
-4.28334071e+00
0.00000000e+00
-1.25061510e+00
-5.99692921e-01
-1.01095617e+00
-8.01969272e-01
-1.85030802e+00
0.00000000e+00
0.00000000e+00
0.00000000e+00
-2.21366089e-01
-6.51956539e-01
6.71947178e-02
-5.82950959e-02
-4.17983969e-01
-1.97247904e-02
-5.38180787e-01
-3.44064047e-02
-1.00098615e+00
0.00000000e+00
6.63224149e-03
-4.11054488e-01
-2.69960320e-01
1.34875962e-01
4.18516898e-01
1.05595777e-01
2.22281547e-01
1.58525521e+00
-6.39546651e-01
-1.27199083e-01
-9.05195451e-01
-4.47141729e-01
-1.30703329e-01
-3.16438400e-01
0.00000000e+00
2.28834652e-01
0.00000000e+00
0.00000000e+00
0.00000000e+00
1.30626021e-01
0.00000000e+00
2.76669227e-01
-4.58032470e-01
0.00000000e+00
1.62227296e-01
2.01947756e-01
3.91383625e-01
0.00000000e+00
0.00000000e+00
2.80877612e-01
-2.93641619e-01
-3.46844704e-01
-1.27540150e+00
7.91527037e-02
3.52670222e-01
3.26471392e-01
0.00000000e+00
0.00000000e+00
-8.07814780e-02
-4.58053722e-01
-2.45218613e-01
-2.12835110e-01
0.00000000e+00
-9.45112566e-01
-8.03473368e-01
-8.03473368e-01
0.00000000e+00
0.00000000e+00
-1.41639198e-01
-1.41639198e-01
0.00000000e+00
0.00000000e+00
-1.81292544e+00
0.00000000e+00
0.00000000e+00
0.00000000e+00
-8.81966755e-01
-1.84377914e+00
8.01766703e-02
4.20557109e-01
-3.87454735e-01
6.99097652e-01
6.04753846e-01
6.44832876e-01
7.77347149e-03
0.00000000e+00
-5.59912425e-01
-5.54030454e-01
-5.69423426e-01
7.23315392e-01
-9.12873377e-02
6.06821992e-01
3.72879199e-01
-1.16569691e+00
4.88505064e-01
-4.08087526e-01
-8.01760790e-01
-3.43117989e-01
0.00000000e+00
-5.92354690e-02
6.85674577e-02
-1.75711918e-02
0.00000000e+00
0.00000000e+00
0.00000000e+00
6.21997374e-03
3.74958625e-01
7.38540367e-02
2.88750887e-01
9.23385014e-03
-3.49183536e-03
1.71008268e-01
-3.93513242e-01
6.12030869e-01
0.00000000e+00
6.20262750e-02
1.31413719e-01
-1.73528288e-01
-3.60399036e-02
-9.00979252e-01
-3.48889679e-01
-1.30084733e-01
1.91643180e-01
-1.33752896e-01
1.81568954e-01
-4.58642801e-01
0.00000000e+00
1.49300563e-01
1.01590471e-01
-1.01116465e+00
-6.67838183e-01
0.00000000e+00
-1.07269180e+00
-1.71456343e-01
-3.43326470e-01
0.00000000e+00
-1.25129859e+00
-2.86497644e-01
0 -999999999 1 1 -1
1 0 1 1 -1
7.0045e-02 5.3505e-02
356
4.52844221e-01
0.00000000e+00
0.00000000e+00
0.00000000e+00
0.00000000e+00
0.00000000e+00
0.00000000e+00
0.00000000e+00
0.00000000e+00
0.00000000e+00
0.00000000e+00
0.00000000e+00
0.00000000e+00
0.00000000e+00
0.00000000e+00
0.00000000e+00
2.10124331e-01
2.42719891e-01
1.14573938e-01
-2.68289681e-01
-1.85098352e-01
9.62230333e-02
0.00000000e+00
0.00000000e+00
-5.94314710e-02
-6.85617657e-02
-3.38718378e-01
1.32442300e-01
1.18513873e-01
1.82473606e-01
-1.86413542e-01
2.10124331e-01
2.42719891e-01
9.55503926e-02
-2.68289681e-01
4.16811876e-02
7.51065251e-02
-1.30733952e-01
-4.51123429e-02
2.45307890e-01
-5.65524321e-01
0.00000000e+00
0.00000000e+00
0.00000000e+00
0.00000000e+00
0.00000000e+00
0.00000000e+00
0.00000000e+00
0.00000000e+00
0.00000000e+00
0.00000000e+00
-9.91785277e-01
3.92700033e-02
-1.16711161e+00
0.00000000e+00
0.00000000e+00
0.00000000e+00
0.00000000e+00
3.50177956e-01
-2.62913701e-01
2.84742809e-02
3.99930844e-02
5.92033410e-02
-4.19184314e-02
-7.40116115e-02
7.32146434e-02
8.90002550e-02
-1.47405427e-01
-8.90114908e-03
-1.01249151e-02
5.31945213e-02
3.22131081e-02
-2.38104288e-03
2.70824316e-02
1.16140948e-01
9.59049943e-04
-6.56822079e-02
3.13391314e-01
1.85884767e-04
-7.27774272e-02
1.05909475e-01
9.66388210e-02
2.25794960e-01
0.00000000e+00
0.00000000e+00
0.00000000e+00
0.00000000e+00
0.00000000e+00
0.00000000e+00
0.00000000e+00
-7.16460592e-01
-1.66287098e-01
-1.17924860e+00
-5.29998062e-01
9.22082999e-02
2.58072953e-02
-1.22135403e-01
-8.66752735e-02
1.90341047e-01
-6.21109930e-03
6.33449038e-01
4.20865843e-01
0.00000000e+00
0.00000000e+00
2.01703158e+00
2.15048828e+00
1.86795175e+00
4.05869394e-01
3.90492582e-01
2.78123820e-01
-3.75032177e-01
-1.27530307e+00
5.52872879e-01
7.33849141e-01
-2.80979982e-01
-1.82523050e+00
-1.05870655e+00
-9.78094646e-01
0.00000000e+00
0.00000000e+00
0.00000000e+00
0.00000000e+00
0.00000000e+00
0.00000000e+00
1.08715890e+00
-2.59969615e-01
-2.20886968e-01
-5.49631271e-01
-7.00002211e-01
-1.05431289e+00
3.57569808e+00
3.45009456e+00
3.34855984e+00
3.44720164e+00
3.26308927e+00
3.27553417e+00
1.17080728e+00
9.52508815e-01
9.06735166e-01
8.69605600e-01
8.29864775e-01
2.29663496e-01
1.05314241e-01
-7.37904536e-02
-3.60262714e-01
-2.67885368e-01
-2.21996678e-01
-9.08647692e-01
1.29210230e+00
0.00000000e+00
0.00000000e+00
0.00000000e+00
0.00000000e+00
0.00000000e+00
0.00000000e+00
0.00000000e+00
-8.39258078e-01
4.45589785e-01
0.00000000e+00
0.00000000e+00
-5.80172148e-01
-3.14828054e-01
-9.74573522e-01
-1.38281600e+00
-1.55474567e+00
0.00000000e+00
0.00000000e+00
0.00000000e+00
-2.27560944e-01
7.11593712e-01
-1.71136631e-01
-1.12454894e-01
-5.74340775e-01
-2.66508669e-01
-1.74339332e-01
-8.70069985e-01
5.09254996e-01
0.00000000e+00
3.14051960e-01
-2.66003927e-01
-1.85605951e-01
3.78155768e-01
5.27270992e-02
-1.44853409e+00
3.15559681e-02
1.37798838e-01
3.26932403e-01
2.79738778e-01
1.98084160e-01
0.00000000e+00
0.00000000e+00
0.00000000e+00
1.11809988e-02
-7.83996410e-01
2.44869753e-01
-1.14378366e-01
4.93057252e-02
2.36391798e-01
-1.06209704e-01
1.83182211e-01
-7.69986297e-03
0.00000000e+00
-3.37339338e-01
5.78459765e-02
1.12817727e-01
-3.21274558e-02
7.91504713e-02
5.27672649e-01
1.27899722e-01
-6.05159107e-02
3.00994382e-01
-2.90960207e-01
-3.55533020e-01
7.96915713e-02
2.47279228e-01
5.36383243e-02
-5.79090664e-03
1.43860824e-01
-7.68527272e-03
-5.64839796e-02
-1.26473842e-01
0.00000000e+00
0.00000000e+00
0.00000000e+00
-1.53197728e-01
3.85932679e-01
-3.73334791e-01
-5.29376514e-01
2.76232931e-01
9.04784340e-02
1.23803404e-01
-1.26067973e+00
9.24314565e-01
0.00000000e+00
5.01972953e-01
4.75768427e-01
1.08230994e-01
1.88020419e-01
-6.53168848e-01
-6.82397292e-01
-3.68058449e-01
3.12119245e-01
2.63371373e-01
2.43494086e-01
-4.35224591e-01
2.19520457e-01
1.05237003e-01
-2.66657143e-02
-1.19921265e+00
-6.59863719e-01
6.00534488e-02
-2.18907775e-01
-3.16282897e-01
-1.23797945e-01
-1.69171082e-01
-3.66894692e-01
-5.39348931e-01
2.28370870e-01
-2.75694610e-02
1.27487705e-01
-1.69764406e+00
0.00000000e+00
0.00000000e+00
0.00000000e+00
-4.95422395e-01
-3.08450896e-01
4.42229014e-01
1.20020509e+00
-1.13514724e+00
-3.11149214e-01
1.93479938e-02
1.96258122e+00
-1.78851527e-01
0.00000000e+00
-8.92505308e-01
-6.03209195e-01
-1.23654705e+00
5.98939348e-02
6.11518181e-01
1.14266450e+00
3.24403837e-01
-1.13422490e+00
-1.66488607e-01
-9.98491499e-01
5.66462978e-01
0.00000000e+00
0.00000000e+00
0.00000000e+00
-1.05252264e-01
-5.46873275e-01
-6.92109840e-02
-2.61404526e-01
3.71280206e-01
2.24184673e-01
1.81498119e-01
-4.93047192e-01
1.47069367e-01
0.00000000e+00
-1.78489398e-01
-6.34333570e-02
2.39615489e-01
2.97172360e-01
-1.34396855e-02
-7.78901617e-02
5.64581077e-02
2.40956864e-01
2.81948903e-01
3.35319732e-01
-5.06825223e-01
-1.48555952e-01
0.00000000e+00
6.18991671e-01
1.40348582e-01
2.80564728e-01
-4.52097006e-02
-3.83910979e-01
-9.12334368e-01
0.00000000e+00
0.00000000e+00
0.00000000e+00
-1.90073045e-01
4.24563734e-02
3.87189167e-01
4.80398293e-01
-2.06534893e-01
-5.49361130e-01
-3.98459853e-01
1.28997206e+00
-4.69049745e-01
0.00000000e+00
-5.01259622e-01
-3.89936321e-01
-2.36670425e-01
-3.08299254e-01
6.62242484e-01
4.75364474e-01
2.66304680e-01
-7.97902739e-02
-2.34331168e-01
-9.52496167e-01
-3.58269272e-01
0.00000000e+00
2.00925787e-01
1.51153956e-01
-1.19081883e+00
-1.66272102e-01
0.00000000e+00
2.92206191e-03
3.64299563e-01
9.69206267e-02
-5.45632512e-02
-2.08629478e-01
-1.02454673e+00
0.00000000e+00
0.00000000e+00
4.92473752e-02
247
2.06549060e-01
0.00000000e+00
0.00000000e+00
0.00000000e+00
0.00000000e+00
0.00000000e+00
0.00000000e+00
0.00000000e+00
0.00000000e+00
3.88786644e-01
0.00000000e+00
0.00000000e+00
0.00000000e+00
0.00000000e+00
2.12970090e-01
0.00000000e+00
2.22514769e-01
0.00000000e+00
0.00000000e+00
-7.88513392e-01
0.00000000e+00
0.00000000e+00
0.00000000e+00
-7.19287099e-02
1.48812234e-01
-1.08079723e-01
-1.47689660e-01
2.12970090e-01
0.00000000e+00
2.22514769e-01
0.00000000e+00
0.00000000e+00
2.49625925e-01
-5.36168103e-01
0.00000000e+00
0.00000000e+00
0.00000000e+00
0.00000000e+00
0.00000000e+00
0.00000000e+00
0.00000000e+00
-9.95661073e-02
3.38494803e-03
-8.85392886e-02
1.11573897e-04
1.42363396e-01
1.05665373e-03
2.52291060e-01
-7.42441191e-07
0.00000000e+00
1.59941326e-01
3.48126557e-02
0.00000000e+00
0.00000000e+00
0.00000000e+00
0.00000000e+00
0.00000000e+00
0.00000000e+00
0.00000000e+00
1.96644346e+00
1.84152107e+00
1.19614071e+00
7.22115446e-01
3.49885309e-01
-1.37847461e-01
-3.79123704e-01
-1.01671880e+00
7.38763465e-01
2.36233598e-01
-2.83768014e-01
-5.67682362e-01
0.00000000e+00
-4.94009172e-01
0.00000000e+00
0.00000000e+00
0.00000000e+00
0.00000000e+00
0.00000000e+00
0.00000000e+00
6.91113519e-01
-9.06691270e-02
-3.83021224e-01
-5.04925526e-01
-6.32286450e-01
-7.15183207e-01
4.79626644e+00
4.74508347e+00
4.76331248e+00
4.78639811e+00
4.73581363e+00
4.77760110e+00
9.11189127e-01
7.14936682e-01
6.55567160e-01
4.94278142e-01
2.61493372e-01
-3.23609394e-01
-5.62973352e-01
-4.94077453e-01
-3.84393783e-01
-1.80006354e-01
-5.10525841e-01
-5.83390457e-01
7.34451503e-01
0.00000000e+00
0.00000000e+00
0.00000000e+00
-5.27902443e-01
-3.00322011e-01
0.00000000e+00
0.00000000e+00
-8.52320492e-01
-8.38648544e-01
-6.16490962e-01
-1.01848105e+00
-1.69096904e+00
0.00000000e+00
0.00000000e+00
0.00000000e+00
-2.38526028e-01
-2.75778519e-01
2.17426684e-01
5.69285350e-01
-1.20732720e+00
2.87164153e-01
1.67781858e-01
2.60445261e-01
-8.04635381e-01
0.00000000e+00
1.25484800e-01
-2.45434918e-02
3.31731658e-02
7.38990362e-01
-1.23021831e+00
-3.72055229e-01
5.83541256e-02
-6.11501819e-01
5.93783624e-01
2.17275643e-02
-7.02899278e-01
-4.49537642e-02
-7.47778326e-02
-1.72747790e-01
3.10748462e-02
-2.16600011e-01
0.00000000e+00
0.00000000e+00
0.00000000e+00
1.42464963e-01
0.00000000e+00
3.49568182e-01
3.79560948e-01
0.00000000e+00
-5.57917425e-02
-1.18393004e-01
6.50961165e-01
0.00000000e+00
0.00000000e+00
-5.92101564e-03
0.00000000e+00
-8.27314494e-01
3.75767789e-02
8.20295180e-01
5.16421625e-01
2.43451118e-02
0.00000000e+00
3.45342650e-01
-2.85305446e-02
-6.57945514e-01
1.80406512e-01
2.91548962e-01
6.77486148e-01
-9.88069759e-01
-8.07366728e-01
3.23077865e-02
-1.01207274e-01
0.00000000e+00
-1.80703031e-01
9.85386581e-02
-1.62025080e-01
-2.41429237e-01
-1.63497201e+00
0.00000000e+00
0.00000000e+00
0.00000000e+00
-2.77274028e-01
-1.53701350e+00
2.58785559e-01
4.56343490e-01
-1.82803827e+00
7.84073698e-01
6.45423796e-01
4.04794910e-01
-9.68264211e-01
0.00000000e+00
7.55237742e-02
-1.08722521e+00
-2.68718361e-01
8.12429432e-01
-3.47701321e-02
3.43515597e-01
2.87106585e-01
-2.48414923e-01
3.68329020e-01
1.78420755e-01
-7.34675212e-01
-6.45467583e-01
0.00000000e+00
1.23793345e+00
1.96058478e-01
5.48451220e-01
0.00000000e+00
0.00000000e+00
0.00000000e+00
-1.01281640e-03
5.54092106e-01
6.04727033e-02
-5.85628846e-02
2.06424909e-01
1.92696637e-01
5.75807981e-02
-2.78164956e-01
7.37579861e-02
0.00000000e+00
1.05208122e-01
4.01560850e-01
-1.70784796e-01
6.16175893e-02
-3.23938643e-01
-1.57581887e-01
2.27253349e-03
-2.61730388e-01
-7.85926703e-02
1.63136026e-01
-8.92076287e-02
0.00000000e+00
0.00000000e+00
5.35992737e-02
-9.00296802e-01
2.89766216e-02
0.00000000e+00
0.00000000e+00
0.00000000e+00
-9.29273424e-01
0.00000000e+00
0.00000000e+00
0.00000000e+00
8 1
-2.5483e-01 4.8327e-02
2 1
1 0 
217
7.61903723e-01
-6.75317546e-01
-8.91912369e-01
-6.08914592e-01
-1.14780744e-01
7.40255372e-01
5.26822384e-01
-8.18371979e-02
4.94493350e-01
-5.63241061e-01
-7.33209457e-02
-7.42563465e-01
-7.13103207e-02
-6.28087783e-02
5.94652239e-01
-1.35503189e-02
2.52062955e-01
1.71956560e-01
9.46507161e-03
5.92204922e-02
0.00000000e+00
0.00000000e+00
0.00000000e+00
0.00000000e+00
0.00000000e+00
0.00000000e+00
0.00000000e+00
5.10754792e-01
3.41553012e-01
0.00000000e+00
0.00000000e+00
0.00000000e+00
0.00000000e+00
0.00000000e+00
0.00000000e+00
0.00000000e+00
0.00000000e+00
1.88481570e-01
5.73422153e-01
0.00000000e+00
0.00000000e+00
0.00000000e+00
0.00000000e+00
0.00000000e+00
0.00000000e+00
1.85832150e-02
1.69898355e-01
5.73422153e-01
0.00000000e+00
0.00000000e+00
0.00000000e+00
0.00000000e+00
0.00000000e+00
0.00000000e+00
0.00000000e+00
0.00000000e+00
0.00000000e+00
0.00000000e+00
0.00000000e+00
0.00000000e+00
5.73422153e-01
1.85832150e-02
1.69898355e-01
0.00000000e+00
1.69898355e-01
-1.51428336e+00
4.19313740e-01
-8.58397673e-02
1.72691628e-01
6.97270178e-01
0.00000000e+00
1.85832150e-02
-1.90792505e+00
5.91694676e-01
9.93148446e-01
1.51625831e-01
8.94955269e-01
0.00000000e+00
0.00000000e+00
0.00000000e+00
0.00000000e+00
0.00000000e+00
0.00000000e+00
0.00000000e+00
0.00000000e+00
0.00000000e+00
0.00000000e+00
0.00000000e+00
0.00000000e+00
0.00000000e+00
0.00000000e+00
0.00000000e+00
0.00000000e+00
0.00000000e+00
0.00000000e+00
0.00000000e+00
0.00000000e+00
0.00000000e+00
0.00000000e+00
0.00000000e+00
0.00000000e+00
0.00000000e+00
0.00000000e+00
0.00000000e+00
0.00000000e+00
0.00000000e+00
0.00000000e+00
0.00000000e+00
0.00000000e+00
0.00000000e+00
0.00000000e+00
0.00000000e+00
0.00000000e+00
0.00000000e+00
0.00000000e+00
0.00000000e+00
0.00000000e+00
0.00000000e+00
0.00000000e+00
1.11768610e+00
-1.62877520e+00
-6.58519352e-02
0.00000000e+00
0.00000000e+00
0.00000000e+00
7.81752013e-01
-6.66883114e-01
1.27225764e-01
5.09046591e-01
-1.73098193e+00
-2.66585777e-02
1.21855408e+00
3.05507802e-01
-4.69169287e-01
0.00000000e+00
8.75677514e-01
-8.80837194e-01
-6.88647498e-01
5.16100624e-01
-5.10533311e-01
3.32387929e-01
2.01581633e-01
-6.28132770e-01
2.94591159e-01
3.73566636e-01
-5.10207721e-02
0.00000000e+00
0.00000000e+00
0.00000000e+00
-3.73488644e-02
-7.58903979e-01
-9.83031992e-02
1.69991943e-01
2.82770391e-01
-3.54685605e-01
-3.71674285e-01
5.25633109e-02
2.07401814e-02
0.00000000e+00
1.86040269e-01
-6.60572360e-01
9.94945539e-02
4.68562492e-01
-1.02205158e-01
5.59014794e-02
5.33464527e-02
3.91601672e-01
4.84069297e-01
6.75906351e-02
-1.60255003e+00
0.00000000e+00
0.00000000e+00
0.00000000e+00
1.73815111e-02
-7.77105404e-01
-2.70161423e-01
2.41281541e-01
-1.02847287e+00
7.50537382e-01
5.73587761e-01
-1.37821958e-01
8.10125114e-01
0.00000000e+00
4.24783957e-01
-7.03562558e-01
-9.61601046e-01
4.40068484e-01
-4.51300374e-02
1.14550277e-01
3.62916519e-02
-9.29860545e-01
-1.95784223e-01
3.83423535e-02
-1.52320048e-01
0.00000000e+00
0.00000000e+00
0.00000000e+00
1.64486313e-01
-5.76949591e-01
1.43544202e-01
1.71167894e-01
6.13714831e-02
3.04822845e-02
8.47854480e-02
2.15890475e-01
-5.46864333e-01
0.00000000e+00
2.03781058e-01
-1.14365574e-01
-2.56969188e-02
1.29518900e-01
-2.02062109e-01
-8.59636286e-03
-9.97723750e-02
-1.19258922e-01
2.23971391e-01
1.12246687e-01
136
2.48743704e-01
9.62159893e-02
4.54074900e-03
3.02305399e-01
4.21251147e-03
0.00000000e+00
0.00000000e+00
0.00000000e+00
0.00000000e+00
0.00000000e+00
4.34111910e-01
4.05274331e-01
0.00000000e+00
0.00000000e+00
0.00000000e+00
0.00000000e+00
0.00000000e+00
0.00000000e+00
0.00000000e+00
0.00000000e+00
-5.78322539e-01
8.28415544e-01
0.00000000e+00
0.00000000e+00
0.00000000e+00
0.00000000e+00
0.00000000e+00
0.00000000e+00
-7.27389515e-01
1.49066976e-01
8.28415544e-01
0.00000000e+00
0.00000000e+00
0.00000000e+00
0.00000000e+00
0.00000000e+00
0.00000000e+00
0.00000000e+00
0.00000000e+00
0.00000000e+00
0.00000000e+00
0.00000000e+00
0.00000000e+00
0.00000000e+00
0.00000000e+00
0.00000000e+00
0.00000000e+00
4.17021634e+00
1.15661300e-01
4.98638682e-01
-9.45766730e-01
0.00000000e+00
-7.01914889e-01
1.12930299e-01
-8.63726042e-01
-1.52865921e+00
0.00000000e+00
0.00000000e+00
0.00000000e+00
0.00000000e+00
8.28415544e-01
-7.27389515e-01
1.49066976e-01
0.00000000e+00
0.00000000e+00
0.00000000e+00
0.00000000e+00
0.00000000e+00
0.00000000e+00
0.00000000e+00
0.00000000e+00
0.00000000e+00
0.00000000e+00
0.00000000e+00
0.00000000e+00
0.00000000e+00
0.00000000e+00
0.00000000e+00
0.00000000e+00
0.00000000e+00
0.00000000e+00
0.00000000e+00
0.00000000e+00
0.00000000e+00
0.00000000e+00
0.00000000e+00
-1.47752789e-01
-1.41016349e+00
-7.79611065e-01
0.00000000e+00
0.00000000e+00
0.00000000e+00
4.16550913e-01
-5.97730977e-01
5.16358355e-01
8.60132243e-01
-1.78840158e+00
3.63062905e-01
7.02580643e-01
9.29154858e-01
-6.25296543e-01
0.00000000e+00
8.00870526e-01
-2.04904360e-01
-1.32973789e+00
1.23450055e-01
3.01340945e-01
4.57040092e-01
3.38366828e-01
-1.69087759e+00
-5.71645827e-01
2.20075336e-01
-1.66538658e+00
0.00000000e+00
0.00000000e+00
0.00000000e+00
1.45922617e-01
-1.78989637e+00
-5.31003920e-02
3.98275052e-01
-1.20656499e+00
8.03361811e-01
6.68873880e-01
1.21452850e-01
2.26522368e-01
0.00000000e+00
7.89807918e-01
-3.86073517e-01
-1.00829239e+00
7.68416115e-01
-4.95149593e-01
2.30721796e-01
1.91601360e-01
-1.26429074e+00
-9.09299887e-02
2.83955639e-01
2 1
-8.0557e-02 2.3357e-02
3 1
1 0 8 
217
6.77582189e-01
-1.15359153e-01
-6.03618064e-01
-8.41629451e-01
-3.04909282e-02
4.58729465e-01
4.22463157e-01
2.80465123e-01
5.25345228e-01
-3.24114814e-01
2.99589799e-01
-6.25740917e-01
-5.39325067e-01
-4.67434040e-01
8.78622332e-01
-1.05343510e-02
-3.09222783e-01
-8.89321802e-02
1.29633503e-02
2.42666579e-02
0.00000000e+00
0.00000000e+00
0.00000000e+00
0.00000000e+00
0.00000000e+00
0.00000000e+00
0.00000000e+00
2.29809257e-01
3.11699990e-01
0.00000000e+00
0.00000000e+00
0.00000000e+00
0.00000000e+00
0.00000000e+00
0.00000000e+00
0.00000000e+00
0.00000000e+00
-8.43727310e-02
6.80321544e-02
6.93922766e-01
0.00000000e+00
0.00000000e+00
0.00000000e+00
0.00000000e+00
0.00000000e+00
-2.91840557e-01
2.07467826e-01
1.56788403e-01
0.00000000e+00
1.65511023e-01
-2.54267271e-01
6.93922766e-01
0.00000000e+00
0.00000000e+00
0.00000000e+00
0.00000000e+00
0.00000000e+00
0.00000000e+00
0.00000000e+00
0.00000000e+00
5.96443897e-01
-1.26329534e-01
2.07467826e-01
0.00000000e+00
-4.67994451e-02
-1.18256630e+00
2.66679916e-01
-8.00635128e-01
4.57701718e-01
-2.96299533e-01
0.00000000e+00
-7.65695326e-02
-1.43969508e+00
5.88608260e-01
8.39122135e-01
2.15303463e-01
1.36161656e+00
4.84991671e-03
6.75657552e-02
-7.74264813e-01
4.02454106e-01
5.65659677e-01
2.02712411e-01
1.61909531e-01
0.00000000e+00
0.00000000e+00
0.00000000e+00
0.00000000e+00
0.00000000e+00
0.00000000e+00
0.00000000e+00
0.00000000e+00
0.00000000e+00
0.00000000e+00
0.00000000e+00
0.00000000e+00
0.00000000e+00
0.00000000e+00
0.00000000e+00
0.00000000e+00
0.00000000e+00
0.00000000e+00
0.00000000e+00
0.00000000e+00
0.00000000e+00
0.00000000e+00
0.00000000e+00
0.00000000e+00
0.00000000e+00
0.00000000e+00
0.00000000e+00
0.00000000e+00
0.00000000e+00
0.00000000e+00
0.00000000e+00
0.00000000e+00
0.00000000e+00
0.00000000e+00
0.00000000e+00
-1.23373083e-01
-1.73290123e+00
-3.06335213e-01
0.00000000e+00
0.00000000e+00
0.00000000e+00
4.09124634e-01
-4.20910937e-01
5.48549879e-01
4.86394511e-01
-2.54421059e+00
5.45023320e-01
7.25553072e-01
4.66183988e-01
-3.48449437e-01
0.00000000e+00
9.53461329e-01
-5.38455029e-01
-1.25065550e+00
3.86234575e-01
5.62838764e-01
8.59034328e-01
3.19862712e-01
-1.18362714e+00
-2.83873871e-01
1.58619250e-03
-1.90561925e-01
0.00000000e+00
0.00000000e+00
0.00000000e+00
1.03240211e-01
-8.30391305e-01
-1.47679605e-01
-4.94991686e-02
1.85240297e-01
6.59268242e-02
2.54801459e-01
4.26688051e-02
2.59356534e-01
0.00000000e+00
1.89478570e-02
5.68726098e-01
-3.39967391e-01
-1.63944479e-01
-5.62253386e-01
-1.08310259e-02
2.65802974e-01
8.46641997e-02
-2.68631527e-01
3.33260706e-01
-1.78672735e+00
0.00000000e+00
0.00000000e+00
0.00000000e+00
8.13594861e-02
-8.58581014e-01
-6.66322344e-02
4.47015948e-01
-1.14261549e+00
7.61626320e-01
6.52472755e-01
2.30477243e-01
1.60692895e-01
0.00000000e+00
5.12063865e-01
-7.37743974e-01
-1.37977227e+00
5.20069434e-01
-3.38290964e-01
2.95818457e-01
9.45505411e-02
-8.05403315e-01
-1.46809421e-01
-6.70256104e-02
-8.94300116e-02
0.00000000e+00
0.00000000e+00
0.00000000e+00
7.42909933e-02
-1.06500715e+00
4.39485980e-02
-7.66837999e-02
9.01698630e-02
-6.37177576e-02
-5.20533325e-02
-1.83101645e-02
-2.14415562e-01
0.00000000e+00
1.36911898e-01
1.24323910e-01
2.05881064e-01
2.32428797e-01
6.03864619e-02
1.98218302e-02
-2.38936211e-02
-1.39031419e-01
2.58664847e-01
3.16854530e-01
136
8.93257158e-01
6.74089517e-01
-7.49538052e-03
2.76401065e-01
2.01525173e-03
0.00000000e+00
0.00000000e+00
0.00000000e+00
0.00000000e+00
0.00000000e+00
9.23994824e-01
8.62886483e-01
0.00000000e+00
0.00000000e+00
0.00000000e+00
0.00000000e+00
0.00000000e+00
0.00000000e+00
0.00000000e+00
0.00000000e+00
-1.30320030e+00
3.12992143e-01
1.88346531e+00
0.00000000e+00
0.00000000e+00
0.00000000e+00
0.00000000e+00
0.00000000e+00
-8.47724249e-01
-4.55476050e-01
1.25477269e+00
0.00000000e+00
-5.16149429e-01
-4.25631117e-01
1.88346531e+00
0.00000000e+00
0.00000000e+00
0.00000000e+00
0.00000000e+00
0.00000000e+00
0.00000000e+00
0.00000000e+00
0.00000000e+00
0.00000000e+00
0.00000000e+00
0.00000000e+00
0.00000000e+00
4.83114098e+00
4.51018185e-01
4.53953579e-01
-1.13576878e+00
0.00000000e+00
-1.31833362e+00
3.17049882e-02
-9.63698667e-01
-1.64755066e+00
-5.21539229e-02
3.72631232e-03
4.13898564e-02
-3.06102284e-01
-5.96125368e-01
-1.36387368e+00
-4.55476050e-01
0.00000000e+00
0.00000000e+00
0.00000000e+00
0.00000000e+00
0.00000000e+00
0.00000000e+00
0.00000000e+00
0.00000000e+00
0.00000000e+00
0.00000000e+00
0.00000000e+00
0.00000000e+00
0.00000000e+00
0.00000000e+00
0.00000000e+00
0.00000000e+00
0.00000000e+00
0.00000000e+00
0.00000000e+00
0.00000000e+00
0.00000000e+00
0.00000000e+00
0.00000000e+00
3.65060125e-01
-1.27366623e+00
-5.64158070e-01
0.00000000e+00
0.00000000e+00
0.00000000e+00
4.40734718e-01
-8.87635759e-01
3.83151785e-01
9.27987027e-01
-1.77570332e+00
-1.04135899e-01
3.14285973e-01
8.87286843e-01
-9.88170348e-01
0.00000000e+00
1.00756756e+00
-8.31814734e-01
-8.31845132e-01
6.97553401e-01
1.46642928e-01
2.74660340e-01
1.11996809e-01
-1.04306896e+00
3.05323524e-01
4.01025180e-01
-1.59891936e+00
0.00000000e+00
0.00000000e+00
0.00000000e+00
1.43235995e-01
-1.56605700e+00
1.31384072e-03
4.88748482e-01
-1.16985241e+00
7.65704174e-01
7.13722223e-01
1.09646325e-01
3.77897696e-01
0.00000000e+00
7.13993380e-01
-4.36882716e-01
-1.04300592e+00
6.66985259e-01
-4.86837103e-01
2.10761328e-01
2.07785911e-01
-1.35889911e+00
-9.73675511e-02
1.60187842e-01
4 2
-2.7786e-02 7.0877e-02
4 -1
1 0 8 2 
217
4.51359647e-02
-1.18246831e-01
-7.77002070e-02
-1.45092766e+00
-4.83024957e-02
-3.42909808e-02
-7.92725216e-03
-2.10463963e-02
-7.78880971e-02
1.84813002e-01
1.46636185e-01
-9.00611454e-02
3.26176245e-02
-5.99780390e-02
0.00000000e+00
0.00000000e+00
0.00000000e+00
0.00000000e+00
0.00000000e+00
0.00000000e+00
1.17279091e-03
1.99428669e-02
-2.57926009e-02
4.39631738e-02
2.38825024e-03
4.11904648e-01
-1.40614938e-01
-8.82458606e-02
2.74309229e-01
0.00000000e+00
0.00000000e+00
0.00000000e+00
0.00000000e+00
0.00000000e+00
0.00000000e+00
0.00000000e+00
0.00000000e+00
-3.24260032e-01
-2.78111330e-01
1.44798705e-01
5.02708622e-01
0.00000000e+00
0.00000000e+00
0.00000000e+00
0.00000000e+00
-3.50235707e-01
2.59756755e-02
2.40284189e-01
0.00000000e+00
3.04639508e-02
-2.84912816e-01
4.69102397e-01
0.00000000e+00
5.94969894e-02
-3.23443643e-01
-2.41283467e-02
0.00000000e+00
-1.15067035e-01
-1.85108310e-01
5.02708622e-01
3.94502091e-01
-3.75341802e-01
2.59756755e-02
3.00033658e-02
-7.97492460e-01
-8.26371799e-01
3.77140173e-01
-2.54995736e-01
4.35484886e-01
1.86130490e-01
0.00000000e+00
-3.75341802e-01
-1.97629677e+00
2.24586743e-01
3.87378816e-01
1.95891023e-01
3.13480389e-01
9.00252468e-02
-4.62076090e-01
-5.47543006e-01
2.80270884e-01
2.34702609e-01
1.36915924e-01
5.54403724e-02
1.70096973e-01
-3.94192841e-02
-2.24243552e-01
-1.73729906e-01
-1.75303347e-01
8.81881819e-02
3.66073058e-02
0.00000000e+00
0.00000000e+00
0.00000000e+00
0.00000000e+00
0.00000000e+00
0.00000000e+00
0.00000000e+00
0.00000000e+00
0.00000000e+00
0.00000000e+00
0.00000000e+00
0.00000000e+00
0.00000000e+00
0.00000000e+00
0.00000000e+00
0.00000000e+00
0.00000000e+00
0.00000000e+00
0.00000000e+00
0.00000000e+00
0.00000000e+00
0.00000000e+00
0.00000000e+00
0.00000000e+00
0.00000000e+00
0.00000000e+00
0.00000000e+00
0.00000000e+00
-1.21904965e-01
-1.72318210e+00
-8.01887090e-01
0.00000000e+00
0.00000000e+00
0.00000000e+00
-1.96285889e-03
-9.93326789e-02
9.54758490e-02
-2.18697399e-01
-2.45003653e-01
3.18481521e-01
6.26407505e-02
3.23898155e-01
-2.98467218e-02
0.00000000e+00
3.18258834e-01
-3.45017810e-01
-3.98357217e-01
4.44822308e-02
3.69363848e-02
-3.17106731e-01
-1.66558311e-01
-1.22078313e-01
-1.37401337e-01
7.93022149e-02
6.91952355e-02
0.00000000e+00
0.00000000e+00
0.00000000e+00
2.00604645e-01
-4.48251562e-01
4.67688894e-02
2.18893931e-01
-4.70810826e-01
-2.50194066e-01
1.92641500e-01
-1.07352373e-01
-6.64654149e-02
0.00000000e+00
3.64881619e-01
6.49710948e-02
-1.87833406e-01
1.88136348e-01
-1.38259907e-01
1.82479806e-01
1.99980089e-01
-3.38337377e-01
1.69781805e-01
2.47560441e-01
-1.45807165e+00
0.00000000e+00
0.00000000e+00
0.00000000e+00
-3.02102740e-02
-2.33187845e-01
-1.72720800e-02
1.40071670e-01
-2.24731592e-01
2.71101545e-01
4.01317978e-01
-1.04193139e-02
-5.93909424e-01
0.00000000e+00
4.18131050e-01
-2.52278362e-01
-2.77105894e-01
1.78037690e-01
-1.28327150e+00
8.49332989e-02
7.60043422e-02
-2.13562807e-01
-4.54228228e-03
1.12822153e-01
-1.09908375e-01
0.00000000e+00
0.00000000e+00
0.00000000e+00
3.91789167e-02
-6.19015259e-01
-6.74316293e-02
-5.42797484e-02
-2.10497881e-01
8.33832992e-02
-7.77765000e-02
8.30314497e-02
3.55189022e-01
0.00000000e+00
5.34507119e-02
7.20511577e-02
-2.56041429e-01
1.58938735e-01
4.72340560e-01
6.09151080e-02
3.36756120e-02
-2.25261921e-01
3.06921311e-02
-4.24507101e-02
136
1.13014723e+00
0.00000000e+00
0.00000000e+00
0.00000000e+00
0.00000000e+00
5.50663353e-02
1.92443204e-02
1.05098890e+00
3.35322496e-03
6.94500107e-01
8.51853516e-02
2.93609831e-01
0.00000000e+00
0.00000000e+00
0.00000000e+00
0.00000000e+00
0.00000000e+00
0.00000000e+00
0.00000000e+00
0.00000000e+00
2.24167471e-01
1.31594525e-01
2.82576527e-01
4.94515296e-01
0.00000000e+00
0.00000000e+00
0.00000000e+00
0.00000000e+00
-7.46042986e-01
9.70210457e-01
5.98711030e-01
0.00000000e+00
-5.97494661e-01
3.85623389e-01
7.97300821e-01
0.00000000e+00
-7.83301427e-01
5.28056194e-01
1.46009476e-01
0.00000000e+00
-7.52447414e-01
9.17136440e-02
4.94515296e-01
0.00000000e+00
0.00000000e+00
0.00000000e+00
9.34769194e-01
1.03812790e+00
1.25047948e-01
4.46051593e-01
-1.01757431e+00
0.00000000e+00
-2.83632822e+00
3.53779106e-01
-6.85192795e-01
-1.26158872e+00
5.45331197e-01
1.65604957e-01
2.11926144e-01
8.83171776e-02
-9.22120007e-02
-2.30224946e-01
-2.73249625e-01
-2.08395709e-01
1.36150136e-01
-6.40074020e-01
0.00000000e+00
0.00000000e+00
0.00000000e+00
0.00000000e+00
0.00000000e+00
0.00000000e+00
0.00000000e+00
0.00000000e+00
0.00000000e+00
0.00000000e+00
0.00000000e+00
0.00000000e+00
0.00000000e+00
0.00000000e+00
0.00000000e+00
0.00000000e+00
0.00000000e+00
0.00000000e+00
0.00000000e+00
0.00000000e+00
-9.39437680e-01
-1.39995359e+00
-1.18537677e+00
0.00000000e+00
0.00000000e+00
0.00000000e+00
2.49558110e-01
-2.35010639e-01
3.08783109e-01
3.34703370e-01
-1.79762220e+00
-1.13835304e-01
2.38782332e-01
3.86767234e-01
6.34882054e-03
0.00000000e+00
1.00839335e+00
-4.88868693e-01
-9.08809202e-01
4.53890870e-01
3.06506593e-01
-4.50491608e-01
1.44500890e-01
-6.97207221e-01
-2.35433342e-01
3.03666763e-01
-1.83505391e+00
0.00000000e+00
0.00000000e+00
0.00000000e+00
4.53844173e-01
-1.70280332e+00
2.02873398e-01
7.02444452e-01
-1.47994284e+00
8.08872982e-01
9.03186032e-01
5.43486705e-01
-8.77945333e-01
0.00000000e+00
1.03886346e+00
-1.12138743e+00
-9.81100652e-01
7.98773782e-01
-1.01038992e+00
4.78928683e-01
3.14288068e-01
-1.41445713e+00
-2.55081571e-02
5.32919140e-01
18 2
-3.3932e-01 1.0439e-01
5 4
1 0 8 2 4 
217
-8.75638161e-02
1.93650752e-01
-2.52710285e-01
-5.04078914e-01
-1.43120500e-01
-1.14559935e-01
-2.66472903e-01
2.55736061e-01
8.72633110e-02
6.99332642e-02
1.43127380e-01
3.32565586e-02
9.16388958e-02
-6.08266682e-01
0.00000000e+00
0.00000000e+00
0.00000000e+00
0.00000000e+00
0.00000000e+00
0.00000000e+00
5.29753289e-03
1.11245331e-02
4.40656739e-02
-9.28613490e-02
4.98068430e-03
2.96025036e-01
-4.06527246e-01
-4.80435248e-02
3.67006955e-01
0.00000000e+00
0.00000000e+00
0.00000000e+00
0.00000000e+00
0.00000000e+00
0.00000000e+00
0.00000000e+00
0.00000000e+00
-2.93980841e-01
-3.08813106e-01
-1.26849127e-01
1.50965028e-01
4.91114231e-01
0.00000000e+00
0.00000000e+00
0.00000000e+00
-3.76501192e-01
2.41540215e-01
1.54326084e-01
0.00000000e+00
-4.42364225e-02
-4.62716080e-01
5.91884317e-01
0.00000000e+00
-1.61989373e-01
-3.49873748e-01
-4.98992772e-02
0.00000000e+00
6.00212165e-02
-2.27186687e-01
5.37067131e-01
9.71776204e-01
-1.30088023e+00
2.41540215e-01
-1.48590720e-01
-6.49645580e-01
-1.20561610e+00
4.80353417e-01
-3.21676589e-01
2.30319067e-01
2.18128250e-01
0.00000000e+00
-5.11334701e-01
-2.07995062e+00
2.60927414e-01
3.88191241e-01
1.74214542e-01
5.17030787e-01
-4.28337428e-03
-5.38113917e-01
-7.70768103e-01
3.03487512e-01
3.90416024e-01
1.51345964e-01
1.25176666e-01
1.64807385e-01
-6.05104632e-02
-6.02106404e-01
-2.51690985e-01
-1.21866809e-01
5.98302472e-02
2.14512217e-02
0.00000000e+00
-4.46053470e-01
-1.78304018e+00
1.72934135e-01
3.45575642e-01
1.85555519e-01
4.34486252e-02
0.00000000e+00
0.00000000e+00
0.00000000e+00
0.00000000e+00
0.00000000e+00
0.00000000e+00
0.00000000e+00
0.00000000e+00
0.00000000e+00
0.00000000e+00
0.00000000e+00
0.00000000e+00
0.00000000e+00
0.00000000e+00
0.00000000e+00
0.00000000e+00
0.00000000e+00
0.00000000e+00
0.00000000e+00
0.00000000e+00
0.00000000e+00
1.12067659e-01
-1.51707979e+00
-6.88974342e-01
0.00000000e+00
0.00000000e+00
0.00000000e+00
7.87868559e-02
-8.53305202e-02
-1.20057030e-01
1.55188076e-01
-4.83981656e-01
9.32855765e-01
4.58844867e-01
1.90887982e-01
1.74640681e-02
0.00000000e+00
7.50930515e-01
-3.51805237e-01
-8.28529824e-01
-2.32585385e-01
-3.06227313e-01
-1.48762961e-01
-3.03956135e-01
-2.91794944e-01
-1.84736157e-01
6.38346925e-02
5.74700191e-02
0.00000000e+00
0.00000000e+00
0.00000000e+00
1.70029790e-01
-3.76719790e-01
1.26697581e-01
2.00974687e-01
-3.38966172e-01
-6.01140277e-01
1.70746348e-02
-9.75366436e-02
-2.08044959e-01
0.00000000e+00
2.21803884e-01
6.26912829e-02
-6.47219151e-02
3.39355330e-01
2.85616644e-02
1.58084311e-01
3.11455793e-01
-3.23183783e-01
1.86785635e-01
2.44268965e-01
-1.64668831e+00
0.00000000e+00
0.00000000e+00
0.00000000e+00
-2.23790602e-01
-5.22259010e-01
-9.53192322e-02
2.87867257e-01
-3.65823253e-01
9.47432721e-02
4.73013159e-01
7.36360713e-02
-5.65433864e-01
0.00000000e+00
9.75789452e-02
-5.00677998e-02
-4.84179410e-01
4.40476874e-01
-5.13591081e-02
-8.66665216e-02
-5.21815772e-01
-2.23767253e-01
-5.50641304e-02
1.31542067e-01
-7.07321054e-02
0.00000000e+00
0.00000000e+00
0.00000000e+00
9.04403103e-02
-6.55821610e-01
-1.97192336e-02
-8.17441614e-02
-3.49872204e-01
4.74999289e-01
1.05064582e-01
7.72494003e-02
3.85702764e-01
0.00000000e+00
8.55103584e-02
-2.00782741e-01
-3.65187920e-01
-2.81017987e-02
1.64762947e-01
2.98439680e-01
4.68873178e-01
-4.46121597e-01
-1.11135838e-02
-6.33097641e-02
136
9.74218284e-01
0.00000000e+00
0.00000000e+00
0.00000000e+00
0.00000000e+00
3.13006730e-02
1.77205893e-02
9.12449750e-01
3.77841962e-03
5.24190796e-01
5.75769019e-02
3.86246577e-01
0.00000000e+00
0.00000000e+00
0.00000000e+00
0.00000000e+00
0.00000000e+00
0.00000000e+00
0.00000000e+00
0.00000000e+00
1.96601167e-01
1.34055631e-01
3.53239091e-02
1.60723389e-01
4.48331043e-01
0.00000000e+00
0.00000000e+00
0.00000000e+00
-6.19682052e-01
1.33159324e+00
2.64927110e-01
0.00000000e+00
-4.13703199e-01
-1.00046161e-01
6.79803261e-01
0.00000000e+00
-5.31005894e-01
2.30441665e-02
1.81214898e-01
0.00000000e+00
-2.18934431e-01
-1.38564104e-01
5.20349966e-01
0.00000000e+00
0.00000000e+00
0.00000000e+00
6.75798567e-01
4.35450058e-01
6.98144332e-02
3.11203958e-01
-1.11785233e+00
0.00000000e+00
-1.77610080e+00
3.72623440e-01
-5.05302226e-01
-1.39274191e+00
5.14303561e-01
1.31009391e-01
2.18317824e-01
8.68497704e-02
3.44272033e-01
-7.04237031e-01
-8.37783215e-01
-2.88289579e-01
-3.25492009e-03
-6.74138475e-01
0.00000000e+00
3.09287326e-01
6.08036047e-01
-9.42338800e-03
-1.17775271e+00
0.00000000e+00
0.00000000e+00
0.00000000e+00
0.00000000e+00
0.00000000e+00
0.00000000e+00
0.00000000e+00
0.00000000e+00
0.00000000e+00
0.00000000e+00
0.00000000e+00
0.00000000e+00
0.00000000e+00
0.00000000e+00
0.00000000e+00
-7.30440648e-01
-1.54340006e+00
-1.09880672e+00
0.00000000e+00
0.00000000e+00
0.00000000e+00
3.61012142e-01
-4.64115733e-01
2.63992517e-01
3.36236753e-01
-1.84863179e+00
-1.32466993e-01
3.27760414e-01
3.58725289e-01
-6.99554578e-03
0.00000000e+00
1.11432458e+00
-4.15016597e-01
-9.32487152e-01
4.13219097e-01
2.17370953e-01
-2.98308245e-01
1.83934992e-01
-8.83162476e-01
-1.27929912e-01
4.33730986e-01
-1.88010283e+00
0.00000000e+00
0.00000000e+00
0.00000000e+00
3.38469852e-01
-1.78969951e+00
8.62410431e-02
5.33002114e-01
-1.29098526e+00
5.70108831e-01
6.72032167e-01
4.89107520e-01
-3.67538675e-01
0.00000000e+00
9.09170357e-01
-6.56427505e-01
-1.04363620e+00
7.70303444e-01
-6.88522528e-01
3.58938285e-01
1.66638424e-01
-1.30189891e+00
4.43484776e-03
3.60158863e-01
7 1
-3.8067e-01 9.9782e-02
6 1
1 0 8 2 4 18 
217
6.17755550e-01
-1.48340645e-01
-8.56339729e-01
2.56661763e-01
-1.05059324e-01
5.53506667e-01
5.29139423e-01
1.19750268e-01
6.66062611e-01
-5.50143425e-01
-2.89067849e-01
-3.30798589e-01
-1.83319310e-01
-1.87439364e-01
6.34614720e-01
-1.73187697e-02
1.05277482e-01
2.24191449e-02
1.43994495e-02
-1.72587963e-01
0.00000000e+00
0.00000000e+00
0.00000000e+00
0.00000000e+00
0.00000000e+00
0.00000000e+00
0.00000000e+00
3.38929505e-01
2.44197353e-01
0.00000000e+00
0.00000000e+00
0.00000000e+00
0.00000000e+00
0.00000000e+00
0.00000000e+00
0.00000000e+00
0.00000000e+00
3.26271185e-01
-3.27950247e-01
-2.84523748e-01
2.93124515e-02
3.07587114e-01
5.67058796e-01
0.00000000e+00
0.00000000e+00
-4.66531997e-01
2.15670759e-01
1.00617903e-01
0.00000000e+00
-5.71938810e-02
-2.60001794e-01
5.93652200e-01
0.00000000e+00
2.15301337e-01
-1.83640475e-01
8.61751959e-02
0.00000000e+00
4.06309340e-01
-5.21214291e-01
4.88611253e-01
1.02628451e+00
-6.24199719e-01
2.15670759e-01
0.00000000e+00
-7.49185801e-01
-1.29747356e+00
9.66191961e-01
-8.68719416e-01
4.00749391e-01
6.13419138e-01
0.00000000e+00
1.05145235e-01
-1.97610554e+00
4.33447938e-01
9.32666648e-01
8.64228139e-02
1.20576997e+00
3.55519668e-02
-6.79592441e-02
-7.17537656e-01
4.62065217e-01
6.58738972e-01
1.88097610e-01
-2.06104299e-01
6.48733481e-02
6.13398423e-02
-8.20454718e-01
4.26256458e-01
-7.69407901e-01
6.52859017e-02
2.38659371e-02
0.00000000e+00
9.69623564e-04
-8.34051178e-01
2.89794436e-01
3.05595144e-01
3.26991491e-01
-2.48133592e-01
0.00000000e+00
3.88721173e-01
-3.20132826e-01
3.82739806e-01
-6.77687592e-02
-1.53705429e-01
-2.81217063e-01
0.00000000e+00
0.00000000e+00
0.00000000e+00
0.00000000e+00
0.00000000e+00
0.00000000e+00
0.00000000e+00
0.00000000e+00
0.00000000e+00
0.00000000e+00
0.00000000e+00
0.00000000e+00
0.00000000e+00
0.00000000e+00
3.81620934e-01
-1.34126661e+00
-4.70643239e-01
0.00000000e+00
0.00000000e+00
0.00000000e+00
2.22362096e-01
-1.59043868e+00
5.14832132e-01
2.85581040e-01
-2.64586211e+00
3.60842965e-01
1.10917637e+00
1.33536111e+00
1.64495016e-01
0.00000000e+00
1.00778362e+00
2.14046600e-01
-1.26002610e+00
-3.41508420e-01
5.84716781e-01
9.04057066e-01
6.23502661e-01
-1.24594631e+00
-9.94928496e-01
2.81309413e-01
6.63700272e-02
0.00000000e+00
0.00000000e+00
0.00000000e+00
6.88997073e-03
8.41228947e-01
4.10089815e-02
-6.39339940e-02
7.50880598e-01
1.81428810e-01
-4.43436068e-01
-7.79016386e-01
1.35718481e-01
0.00000000e+00
-1.34809691e-01
-1.91338768e-01
-1.08579238e-01
3.06824773e-01
-5.07873458e-01
-4.57510407e-01
-3.55299895e-01
3.75764690e-01
3.60126182e-01
1.08296499e-01
-1.72949485e+00
0.00000000e+00
0.00000000e+00
0.00000000e+00
-1.22080334e-01
-9.88367108e-01
2.38909155e-01
3.62313458e-01
-1.16809875e+00
8.75101680e-01
4.66892604e-01
3.87482154e-01
-2.40404472e-01
0.00000000e+00
7.11822493e-01
-5.51460221e-01
-1.28320714e+00
8.57590602e-01
-7.28683984e-01
3.94527964e-01
-1.09569190e-01
-8.74844081e-01
-9.03964264e-02
1.32976739e-01
-5.44400546e-03
0.00000000e+00
0.00000000e+00
0.00000000e+00
2.02805832e-01
-7.51162275e-01
-2.17695553e-01
4.74936676e-02
2.06553546e-01
-1.10490341e-01
6.28375082e-02
5.40236178e-02
-1.31778950e-01
0.00000000e+00
-4.00251954e-02
-3.65422924e-02
1.68411851e-01
-1.38409209e-01
3.00620229e-01
-4.99557999e-02
2.29165567e-01
-1.22264700e-01
1.73711851e-01
1.47256641e-01
136
2.09902588e-01
2.76792625e-01
-4.87916116e-03
1.16305594e-01
6.49210875e-03
0.00000000e+00
0.00000000e+00
0.00000000e+00
0.00000000e+00
0.00000000e+00
5.64397294e-01
5.74585811e-01
0.00000000e+00
0.00000000e+00
0.00000000e+00
0.00000000e+00
0.00000000e+00
0.00000000e+00
0.00000000e+00
0.00000000e+00
-1.55368704e-01
-4.57828803e-01
-2.76102443e-01
1.54564285e-01
4.68747837e-01
4.76014969e-01
0.00000000e+00
0.00000000e+00
-6.98775424e-01
-1.69207185e-01
6.82629460e-01
0.00000000e+00
-2.41458723e-01
-2.42775246e-01
1.01150855e+00
0.00000000e+00
-7.05317660e-01
-9.48496313e-02
5.01168591e-01
0.00000000e+00
-5.34587050e-01
-1.80155750e-01
8.81847205e-01
0.00000000e+00
0.00000000e+00
0.00000000e+00
0.00000000e+00
3.33351096e+00
3.60996663e-01
7.31880837e-01
-1.15752379e+00
0.00000000e+00
-2.17031800e+00
2.08109780e-01
-6.57617848e-01
-1.47100539e+00
-1.33607253e-01
-3.50869148e-01
2.00855954e-01
-5.81829248e-02
-3.35757408e-01
-1.51527533e+00
-5.32584451e-01
-2.21381575e-01
1.99485557e-02
-7.69429859e-01
0.00000000e+00
1.35665527e-01
5.23917501e-01
-1.07882333e-01
-1.15683174e+00
0.00000000e+00
2.15052796e-01
5.10254740e-02
1.86292857e-02
-5.17091922e-01
0.00000000e+00
0.00000000e+00
0.00000000e+00
0.00000000e+00
0.00000000e+00
0.00000000e+00
0.00000000e+00
0.00000000e+00
0.00000000e+00
0.00000000e+00
2.14912139e-01
-1.10894518e+00
-7.92225854e-01
0.00000000e+00
0.00000000e+00
0.00000000e+00
5.48738340e-01
-1.68851314e+00
1.94054508e-01
7.67192974e-01
-2.03379364e+00
-2.02894901e-02
5.95798110e-01
1.04119419e+00
-9.70421073e-01
0.00000000e+00
1.00535566e+00
-5.92323975e-01
-9.73272595e-01
5.67522899e-01
4.21401103e-01
6.19965156e-01
3.47555596e-01
-1.16791044e+00
1.55432460e-01
3.90087505e-01
-1.61995506e+00
0.00000000e+00
0.00000000e+00
0.00000000e+00
3.50268382e-01
-1.64627598e+00
7.03019331e-02
6.83665862e-01
-1.27698037e+00
6.97155773e-01
7.90727554e-01
3.35010022e-01
2.73464109e-02
0.00000000e+00
8.58928639e-01
-7.78095344e-01
-1.00475066e+00
6.96202969e-01
-9.97346918e-01
3.58640002e-01
3.15641411e-01
-1.34464905e+00
-1.22387900e-01
3.66642208e-01
5 1
-4.9305e-01 1.5981e-01
7 0
1 0 8 2 4 18 7 
217
1.48012643e-01
-2.21810666e-01
2.01928424e-01
-2.01494360e-01
4.83069873e-02
-7.30642774e-02
-1.49950546e-01
2.57636207e-02
-3.06658360e-02
2.75160204e-01
2.07661452e-01
1.74726119e-02
7.26605858e-02
-4.27544681e-02
3.01709564e-01
-4.68081093e-03
1.52401936e-01
3.46272520e-02
1.04718041e-03
2.12414136e-01
-1.30950248e-01
-1.20021908e-04
2.87312991e-01
-5.73739250e-02
-9.61883187e-05
2.52793109e-01
6.09160523e-02
-1.60078506e-02
1.29167459e-01
0.00000000e+00
0.00000000e+00
0.00000000e+00
0.00000000e+00
0.00000000e+00
0.00000000e+00
0.00000000e+00
0.00000000e+00
-3.00988202e-01
-2.46333961e-01
-2.04734353e-01
-1.24136083e-02
1.25414592e-01
5.78211864e-01
2.08856311e-01
0.00000000e+00
-3.67360583e-01
-4.00127772e-01
2.00471156e-01
0.00000000e+00
-4.00908992e-02
-4.13404573e-01
8.06749958e-01
0.00000000e+00
-1.06361302e-01
1.95436051e-01
-6.68618940e-02
0.00000000e+00
-3.50114893e-02
-2.52679788e-01
6.27253780e-01
2.69217753e-01
-8.27296306e-01
7.06091195e-01
-3.55579299e-01
-5.15196784e-01
-7.72682305e-01
4.90655565e-01
-7.81466138e-01
5.28133161e-01
2.79941426e-01
0.00000000e+00
-5.38880146e-01
-1.69225529e+00
4.52140112e-01
8.76096484e-01
2.44696804e-01
5.97513483e-01
9.43250637e-02
-6.39129408e-01
-8.51150437e-01
4.87397177e-01
5.69493167e-01
2.05419810e-01
3.33892088e-01
-1.34564003e-01
-7.91987112e-02
-2.52348816e-01
3.70437137e-01
-3.45166563e-01
-8.66177955e-03
2.72761696e-02
0.00000000e+00
-4.94123154e-01
-1.19356232e+00
3.70318765e-01
2.99683553e-01
2.71817031e-01
5.86555477e-02
0.00000000e+00
6.23532524e-02
-3.53946530e-01
1.44543706e-01
-1.10505700e-01
-5.88843151e-02
7.04575868e-02
-1.69222210e-01
-2.85576675e-01
-3.92680875e-01
4.33846599e-01
-7.30791863e-02
1.68964929e-01
2.77911542e-01
0.00000000e+00
0.00000000e+00
0.00000000e+00
0.00000000e+00
0.00000000e+00
0.00000000e+00
0.00000000e+00
-1.47640787e-01
-1.65858107e+00
-4.74819465e-01
0.00000000e+00
0.00000000e+00
0.00000000e+00
3.22006343e-01
-7.28481006e-01
8.48439250e-02
5.32614234e-02
-7.35668761e-01
-4.98439979e-02
2.49104351e-01
-3.42843539e-01
5.47002654e-01
0.00000000e+00
1.40667237e+00
-3.71581518e-01
-8.43616487e-01
-6.37935541e-03
5.53108682e-01
-1.08063018e+00
2.14690953e-01
-4.00795403e-01
-2.52338953e-01
9.06669036e-01
-4.45691532e-02
0.00000000e+00
0.00000000e+00
0.00000000e+00
-4.51999481e-02
4.28957895e-01
6.68001681e-02
3.34009594e-02
-4.64910051e-01
-7.68660025e-02
6.13297769e-02
-7.57619297e-02
-8.76140901e-02
0.00000000e+00
-6.55428957e-02
3.91787930e-01
-1.79233152e-01
1.99738397e-01
-3.84430240e-01
2.80942760e-01
2.24745948e-02
-1.77270001e-01
1.08376765e-01
-8.15500887e-02
-1.75744919e+00
0.00000000e+00
0.00000000e+00
0.00000000e+00
-7.41262158e-02
-8.35309980e-01
3.31357947e-02
2.85243963e-01
-3.35515228e-01
4.47154234e-01
5.15226734e-01
3.02449639e-01
-1.61962514e-01
0.00000000e+00
1.42851034e-01
-1.97162420e-01
-7.88042244e-01
2.74119848e-01
-3.12721659e-01
1.27777866e-01
-2.38815052e-01
-5.99540177e-01
-6.67629549e-02
-2.75449856e-01
-8.08058975e-02
0.00000000e+00
0.00000000e+00
0.00000000e+00
1.64265759e-01
-1.21938962e-01
9.45443495e-02
9.07683223e-02
-3.65867044e-01
3.88041889e-01
7.14122136e-02
1.25258340e-01
-1.18900600e-01
0.00000000e+00
9.90956302e-02
-4.05357286e-01
-3.90946850e-01
4.00975821e-02
7.00939450e-02
1.74531229e-01
3.04358829e-01
-4.23886507e-01
2.67119741e-02
9.69112900e-02
136
6.10646976e-01
2.27788012e-01
2.10999161e-03
1.86987428e-01
-4.52973286e-04
5.05234954e-02
1.11139233e-03
1.45348041e-01
1.18767103e-04
5.81797123e-01
-9.21330628e-02
1.29554668e-01
0.00000000e+00
0.00000000e+00
0.00000000e+00
0.00000000e+00
0.00000000e+00
0.00000000e+00
0.00000000e+00
0.00000000e+00
-5.89383230e-02
5.79645764e-02
4.46100504e-02
1.71088022e-01
2.66581456e-01
1.33794913e-01
-4.36932330e-03
0.00000000e+00
-2.72952782e-01
2.95727237e-01
3.54149744e-01
0.00000000e+00
-3.92266959e-01
4.82917995e-02
4.60270364e-01
0.00000000e+00
-3.85440406e-01
9.92532624e-02
3.22693999e-01
0.00000000e+00
-2.02495318e-01
-1.48502396e-01
4.32002827e-01
0.00000000e+00
0.00000000e+00
0.00000000e+00
3.11337504e-01
-1.66519968e-02
2.49637111e-01
1.68020749e-01
-1.26795615e+00
0.00000000e+00
-1.24597373e+00
4.97886681e-01
-3.45227250e-01
-1.36727983e+00
4.43014586e-01
-2.96679277e-02
8.03656615e-02
1.03702792e-01
1.78684270e-01
-7.31151880e-01
3.10664011e-01
-1.39659162e-01
2.45384843e-01
-7.55282428e-01
0.00000000e+00
3.04455560e-01
5.61566406e-01
-3.50552233e-02
-1.28428240e+00
0.00000000e+00
5.22421105e-01
1.92908833e-01
7.54784339e-02
-4.79725934e-01
9.07201229e-01
-3.87740939e-01
-3.96946274e-01
6.33175127e-02
-2.54393035e-01
0.00000000e+00
0.00000000e+00
0.00000000e+00
0.00000000e+00
0.00000000e+00
-5.75750344e-01
-1.42785955e+00
-1.07183777e+00
0.00000000e+00
0.00000000e+00
0.00000000e+00
4.97695125e-01
-7.09379209e-01
2.26295939e-01
4.55026002e-01
-1.98014003e+00
-1.03840878e-01
4.36359576e-01
4.80570429e-01
-2.43932979e-01
0.00000000e+00
1.08725266e+00
-5.28214942e-01
-9.98529451e-01
4.94756314e-01
2.75524074e-01
-1.29563855e-01
2.23139629e-01
-9.25639023e-01
-7.95766887e-02
4.50359540e-01
-1.83747484e+00
0.00000000e+00
0.00000000e+00
0.00000000e+00
3.79662031e-01
-2.32677725e+00
-4.78799814e-03
5.75918911e-01
-1.46246112e+00
4.39484804e-01
7.31233337e-01
4.84172066e-01
-1.70946558e-01
0.00000000e+00
9.83500300e-01
-5.21519795e-01
-9.21483517e-01
8.17517216e-01
-6.04371750e-01
3.78027308e-01
2.81888177e-01
-1.32313630e+00
-5.22477161e-03
4.31830072e-01
11 1
-5.8270e-01 1.7475e-01
8 1
1 0 8 2 4 18 7 5 
217
-1.05441900e-01
-6.08303704e-01
-9.59817718e-02
-7.47250888e-01
-2.37552955e-01
5.14850979e-01
4.63191977e-01
-9.18880339e-03
4.24822681e-01
-7.17172283e-01
-8.85681244e-01
3.30395112e-01
0.00000000e+00
0.00000000e+00
2.94530424e-01
2.01621190e-03
-1.40181203e-02
1.82510227e-01
6.26596091e-03
2.21470276e-01
0.00000000e+00
0.00000000e+00
0.00000000e+00
0.00000000e+00
0.00000000e+00
0.00000000e+00
0.00000000e+00
7.46038112e-01
8.67535006e-01
0.00000000e+00
0.00000000e+00
0.00000000e+00
0.00000000e+00
0.00000000e+00
0.00000000e+00
0.00000000e+00
0.00000000e+00
1.08950780e-01
-6.19551801e-02
-2.02903634e-01
-1.16717262e-01
-1.81270191e-01
1.10456783e-01
2.37996804e-01
0.00000000e+00
-2.01784457e-01
-2.41534110e-01
2.17506348e-01
0.00000000e+00
-2.44279462e-01
-3.08268221e-01
4.38119886e-01
0.00000000e+00
7.66318832e-02
-2.15971081e-01
-5.66152692e-02
0.00000000e+00
4.70761375e-02
-1.71169113e-01
5.54845559e-01
1.56448034e-01
-8.33915254e-01
5.72025320e-01
0.00000000e+00
-9.36942525e-01
-6.53987169e-01
5.65096892e-01
-2.97531479e-01
2.66403733e-01
5.60855961e-01
0.00000000e+00
-3.22355899e-01
-2.18768097e+00
4.18535874e-01
1.11866615e+00
-2.01621876e-01
6.27284452e-01
0.00000000e+00
-4.21766686e-01
-1.03731616e+00
2.66785328e-01
-3.09173100e-02
4.95394582e-02
-2.09974820e-01
0.00000000e+00
-3.40240016e-01
-3.57704552e-01
5.37464725e-01
-3.61455770e-01
-3.02666609e-01
-1.58362163e-01
0.00000000e+00
-3.83564459e-01
-1.12903033e+00
2.41801993e-01
2.25527572e-01
3.63205655e-02
-1.19450278e+00
0.00000000e+00
1.49595286e-01
-2.72699024e-01
2.88646382e-01
1.93448937e-02
-5.43683568e-01
-8.83819753e-01
0.00000000e+00
1.43379058e-02
-1.09491230e-01
-9.45837428e-02
5.59609629e-02
-2.51960630e-02
-5.44722041e-02
0.00000000e+00
-5.91790497e-02
-2.38538728e-01
-2.92226888e-02
-4.10932870e-01
-1.70401616e-02
-4.04039473e-01
-5.66222280e-02
-1.20128367e+00
-4.57010811e-01
0.00000000e+00
0.00000000e+00
0.00000000e+00
3.03690834e-01
-3.49176374e-02
6.92605552e-01
-4.10895076e-01
-2.13486173e+00
1.36496254e-01
1.10388608e+00
6.41634229e-01
9.06516906e-01
0.00000000e+00
7.95659219e-01
-4.07476601e-01
-2.27937201e+00
2.77835138e-01
2.46351645e-01
2.76899239e-01
1.63136167e-01
-2.37636851e-01
-2.86736191e-01
-2.09825983e-01
-2.57163290e-01
0.00000000e+00
0.00000000e+00
0.00000000e+00
3.24558002e-02
-1.01524036e+00
-3.85829875e-01
3.47758456e-01
5.51687578e-01
-1.38310717e-01
-5.70766935e-01
-1.81182561e-01
-9.76463480e-01
0.00000000e+00
1.59782404e-01
3.25362586e-01
7.81867009e-01
5.78082571e-01
-4.84424367e-01
-2.03376023e-01
-3.48948479e-01
9.19085944e-02
6.33284336e-01
5.45190167e-01
-1.67306210e+00
0.00000000e+00
0.00000000e+00
0.00000000e+00
7.06676006e-02
-6.26700632e-01
-2.13749556e-01
4.16844371e-01
-8.26858959e-01
7.57078695e-01
6.99074326e-01
4.79172470e-01
2.02009702e-01
0.00000000e+00
5.28109938e-01
-5.36078966e-01
-1.19902670e+00
2.99471759e-01
-4.88746548e-01
1.22911417e-01
2.50348430e-01
-1.44542136e+00
-1.69985307e-01
7.81722533e-03
-2.55514002e-02
0.00000000e+00
0.00000000e+00
0.00000000e+00
1.30228067e-01
-1.55366295e+00
4.21268660e-01
1.06711663e-01
-5.01335225e-01
1.01590692e-01
8.09028245e-02
-1.76291568e-02
-5.36343379e-01
0.00000000e+00
1.46634894e-01
1.85810097e-01
1.79200757e-01
3.18432405e-01
2.56227824e-02
7.48392739e-02
-9.95083681e-02
3.65037528e-01
2.90845147e-01
2.55802883e-01
136
2.29094219e-01
-6.60520356e-02
6.01213267e-03
3.38242231e-01
5.67029564e-03
0.00000000e+00
0.00000000e+00
0.00000000e+00
0.00000000e+00
0.00000000e+00
2.26133226e-01
1.81973351e-01
0.00000000e+00
0.00000000e+00
0.00000000e+00
0.00000000e+00
0.00000000e+00
0.00000000e+00
0.00000000e+00
0.00000000e+00
-2.15892035e-01
-4.29756383e-01
-3.68108704e-01
-1.34347041e-01
1.82727319e-01
4.52264679e-01
7.42206383e-01
0.00000000e+00
-8.04925930e-01
-2.69414419e-01
4.98313458e-01
0.00000000e+00
-3.62055703e-01
4.49977019e-02
1.20588984e+00
0.00000000e+00
-8.61633091e-01
-1.11436425e-01
3.04679823e-01
0.00000000e+00
-5.32051821e-01
1.75908197e-01
9.40822585e-01
0.00000000e+00
0.00000000e+00
0.00000000e+00
0.00000000e+00
7.86574168e-01
-2.64662458e-02
3.36543912e-01
-1.21101627e+00
0.00000000e+00
-2.56007087e+00
2.47394391e-01
-7.33210947e-01
-1.37540889e+00
0.00000000e+00
1.99906959e+00
6.92631752e-01
3.20584437e-01
-6.19151375e-01
-1.52877659e+00
-4.58783795e-01
-2.01911763e-01
7.69856010e-02
-7.99128529e-01
0.00000000e+00
-2.16038221e-01
4.41578609e-01
-1.55421227e-01
-9.83400948e-01
0.00000000e+00
2.58165038e-01
6.34822806e-02
5.24483785e-02
-5.84656716e-01
0.00000000e+00
9.18086709e-01
1.81527507e-01
2.05624696e-01
-2.70626750e-01
0.00000000e+00
2.83231098e-02
-4.83172148e-01
1.29912454e-01
-3.34218776e-01
2.25148573e-01
-1.04109782e+00
-6.82089350e-01
0.00000000e+00
0.00000000e+00
0.00000000e+00
3.37563909e-01
-5.77042200e-01
1.58143885e-01
6.98284431e-01
-1.57629143e+00
2.38698446e-01
5.36972524e-01
9.08282349e-01
-5.06018133e-01
0.00000000e+00
6.62549750e-01
-5.29593078e-01
-1.29709737e+00
2.15415251e-01
6.19049142e-01
5.67575891e-01
2.81669426e-01
-1.28179817e+00
-2.28254886e-01
8.98009051e-02
-1.54365509e+00
0.00000000e+00
0.00000000e+00
0.00000000e+00
2.78249410e-01
-1.58688841e+00
-4.37679185e-03
6.14186723e-01
-1.17890435e+00
8.26993338e-01
8.43883819e-01
2.89628272e-01
-2.81142810e-02
0.00000000e+00
7.02097316e-01
-7.06649162e-01
-8.91528420e-01
6.79947109e-01
-9.66411692e-01
3.46309478e-01
2.91921664e-01
-1.25568118e+00
-5.62623771e-02
2.57944453e-01
15 2
-6.1932e-01 1.9497e-01
8 4
1 0 8 2 4 18 7 5 
217
1.53540508e-01
6.68767009e-02
-2.16171644e-01
-5.63708254e-01
-7.10672982e-02
-4.02149197e-02
-8.85635506e-02
1.76321869e-01
5.31542357e-02
2.33727897e-01
2.19293334e-01
-1.86360457e-01
4.07237871e-02
-8.11072186e-01
0.00000000e+00
0.00000000e+00
0.00000000e+00
0.00000000e+00
0.00000000e+00
0.00000000e+00
-5.30860081e-03
1.40784346e-02
2.18193878e-02
1.58849109e-01
3.28401849e-03
1.89102887e-01
-3.01372801e-01
-1.71436962e-02
4.74013387e-01
0.00000000e+00
0.00000000e+00
0.00000000e+00
0.00000000e+00
0.00000000e+00
0.00000000e+00
0.00000000e+00
0.00000000e+00
-2.26717597e-01
-1.78488203e-01
-2.34443180e-01
-1.12715687e-01
1.24470257e-01
2.51137641e-01
5.30297277e-01
0.00000000e+00
-5.99654167e-01
-4.24071418e-01
4.21436157e-01
0.00000000e+00
-1.65782562e-01
-2.16684095e-01
8.49122213e-01
0.00000000e+00
-1.60944365e-01
-9.98194089e-02
1.88284131e-01
0.00000000e+00
-8.83583625e-02
-1.30234807e-01
5.80247192e-01
2.21229135e-01
-7.29350239e-01
6.61661612e-01
-8.12208057e-02
-7.89588923e-01
-1.23773100e+00
5.61601917e-01
-3.06303140e-01
4.62748319e-01
2.52824001e-01
0.00000000e+00
-9.76327996e-01
-1.62985327e+00
5.77495063e-01
4.46044600e-01
5.90784901e-01
5.40400522e-01
-6.16821209e-02
-6.13086950e-01
-9.39205894e-01
5.49269586e-01
5.34836910e-01
2.79039993e-01
9.89291124e-02
-8.51004069e-02
-5.05334642e-02
-1.90151960e-01
1.48701145e-01
-6.79035707e-02
1.40473234e-01
1.06622895e-02
0.00000000e+00
-6.03033459e-01
-1.37720830e+00
4.20078812e-01
3.52932123e-01
3.36495156e-01
-1.19139130e-01
0.00000000e+00
-7.25081014e-02
-2.86550400e-01
9.02603095e-02
-3.66834251e-01
1.35788300e-01
2.07545359e-01
2.37656755e-01
-2.68273033e-01
-6.60949804e-01
1.08389908e-01
-3.51685994e-03
7.57668775e-02
-3.25464910e-02
0.00000000e+00
4.35546132e-01
-2.22298018e-01
-1.27166723e-01
-6.11711111e-01
-1.54838901e-01
-2.53172283e-01
3.36831515e-01
-1.81113026e+00
-7.29239046e-01
0.00000000e+00
0.00000000e+00
0.00000000e+00
2.91684386e-01
-1.21383908e-01
-1.88031686e-01
-1.55845315e-01
-4.47472503e-01
5.32838035e-01
5.78541789e-01
1.69757480e-01
-1.64985378e-02
0.00000000e+00
1.14622269e+00
-3.84005013e-01
-8.41379196e-01
5.79781091e-02
-9.62910861e-02
-3.14965329e-01
-4.74435921e-01
-3.07088887e-01
-4.38400421e-01
2.79536267e-01
8.05392723e-02
0.00000000e+00
0.00000000e+00
0.00000000e+00
1.25254515e-01
-4.70190849e-01
1.11729248e-01
2.94476386e-01
-3.86358680e-01
-3.56029699e-01
1.20854947e-02
-9.74735514e-02
-2.14805969e-01
0.00000000e+00
1.42441294e-01
2.31114610e-01
-1.21217349e-01
1.82838575e-01
-2.77114961e-02
2.32825137e-01
3.39184429e-01
-4.23027054e-01
2.82584051e-01
2.22820180e-01
-1.85746391e+00
0.00000000e+00
0.00000000e+00
0.00000000e+00
-2.99209775e-02
-1.59851373e-01
2.11816423e-01
3.08779685e-01
-3.19679787e-01
-1.50820746e-01
-2.79358435e-02
6.75615757e-02
-2.12021117e-01
0.00000000e+00
2.70448250e-01
4.12913449e-02
-3.97743108e-01
3.80239888e-01
-4.26710182e-01
-2.54704526e-01
-7.61855561e-01
-1.87464378e-01
-9.48642766e-02
-1.14029204e-01
-4.78741535e-02
0.00000000e+00
0.00000000e+00
0.00000000e+00
2.16573774e-02
-4.70714980e-01
-4.55427164e-02
-1.62568270e-01
-1.67336992e-01
5.32721941e-01
2.00113514e-01
4.43255082e-02
2.52258169e-01
0.00000000e+00
-4.37093839e-02
-2.35351937e-01
-4.42148370e-01
-4.26128690e-02
2.49800436e-01
2.77490575e-01
4.39409656e-01
-2.38134326e-01
-1.40625138e-01
-7.69063465e-02
136
8.45312845e-01
0.00000000e+00
0.00000000e+00
0.00000000e+00
0.00000000e+00
4.21740039e-02
1.55967427e-02
7.58247485e-01
3.16054366e-03
5.11873276e-01
4.13497236e-02
3.31611726e-01
0.00000000e+00
0.00000000e+00
0.00000000e+00
0.00000000e+00
0.00000000e+00
0.00000000e+00
0.00000000e+00
0.00000000e+00
-9.95375790e-02
-4.78851330e-02
-6.37989043e-03
8.49941163e-02
2.23524507e-01
4.22852345e-01
2.42894522e-01
0.00000000e+00
-5.53149056e-01
4.04357213e-01
5.56631150e-01
0.00000000e+00
-6.11222188e-01
1.68771726e-01
7.10554281e-01
0.00000000e+00
-6.87105174e-01
2.87545527e-01
3.73886823e-01
0.00000000e+00
-5.26269361e-01
3.42491971e-02
6.62212750e-01
0.00000000e+00
0.00000000e+00
0.00000000e+00
6.15081928e-01
3.04691693e-01
1.06432254e-01
2.77374620e-01
-1.07084748e+00
0.00000000e+00
-2.33430698e+00
3.04130066e-01
-6.33078130e-01
-1.24179530e+00
4.11148103e-01
-4.13166160e-03
2.22089652e-01
6.98340605e-02
-9.83218841e-02
-7.91131569e-01
8.41744438e-02
-1.06504524e-01
1.63061824e-01
-7.02615769e-01
0.00000000e+00
1.02772996e-01
4.90297950e-01
-1.84594700e-02
-1.17956736e+00
0.00000000e+00
6.59961875e-01
2.01116542e-01
1.17804573e-01
-4.95058488e-01
7.43003829e-01
-2.95032864e-01
-1.58743746e-01
2.79875517e-02
-3.20362947e-01
0.00000000e+00
3.74572878e-01
-3.72026444e-01
1.59549986e-01
-2.75905322e-01
-7.05723954e-01
-1.46264051e+00
-1.11753254e+00
0.00000000e+00
0.00000000e+00
0.00000000e+00
3.57920303e-01
-3.08134600e-01
2.20737308e-01
3.56807053e-01
-1.85843021e+00
-1.76916501e-01
3.46740227e-01
3.68444650e-01
-1.43981645e-02
0.00000000e+00
1.07569375e+00
-3.40054175e-01
-9.62183724e-01
4.37136217e-01
2.01625957e-01
-3.20581601e-01
1.74093977e-01
-8.88049062e-01
-2.02893544e-01
4.14909603e-01
-1.86015609e+00
0.00000000e+00
0.00000000e+00
0.00000000e+00
4.22403062e-01
-2.08093991e+00
1.62999613e-02
6.02786457e-01
-1.39101953e+00
4.67534477e-01
7.43820899e-01
5.38890935e-01
-2.84747407e-01
0.00000000e+00
9.36595569e-01
-6.31320939e-01
-9.81141546e-01
7.78940029e-01
-6.42815087e-01
4.05918774e-01
2.06051979e-01
-1.47652416e+00
8.60290461e-02
4.23081309e-01
3 1
-5.6701e-01 2.0005e-01
8 0
1 0 8 2 4 18 7 5 
217
1.60159879e-01
-2.12842267e-01
2.64667268e-01
-1.44773014e-01
2.18497965e-03
-1.02819733e-01
-1.22466322e-01
-1.23660139e-01
-1.63460030e-01
2.60099913e-01
2.05277166e-01
-2.82089222e-02
2.38624085e-01
7.94188677e-02
3.85032176e-01
-2.09533217e-03
2.42899138e-01
-2.31343631e-02
1.10751884e-03
3.07896991e-01
-2.27070896e-01
1.29828446e-05
3.85495407e-01
2.53329623e-02
-1.81603907e-04
2.69479907e-01
1.21059779e-01
-7.39886975e-02
1.31579873e-01
0.00000000e+00
0.00000000e+00
0.00000000e+00
0.00000000e+00
0.00000000e+00
0.00000000e+00
0.00000000e+00
0.00000000e+00
-2.05375176e-01
-2.85016459e-01
-1.79767875e-01
-1.70166766e-01
5.64307026e-02
2.91030000e-01
6.53025451e-01
0.00000000e+00
-3.14303476e-01
-4.15082988e-01
3.08296406e-01
0.00000000e+00
-3.17136075e-01
-3.75212901e-01
7.54986515e-01
0.00000000e+00
-2.46691286e-01
8.29358719e-02
1.84119131e-02
0.00000000e+00
-1.02557483e-01
8.20752003e-02
6.84438182e-01
-1.64021186e-01
2.08312239e-01
1.15868826e-01
-1.04580708e-01
-5.20704109e-01
-1.00373829e+00
3.96387748e-01
-8.56921322e-01
3.89056949e-01
1.68080180e-01
0.00000000e+00
-9.77234758e-01
-1.60082177e+00
6.81245471e-01
9.82709157e-01
4.59602728e-01
7.09944792e-01
1.30893843e-01
-6.97327402e-01
-6.64685225e-01
5.60541272e-01
3.64175248e-01
1.66052166e-01
2.58295741e-01
-2.30234809e-01
-1.28217710e-01
-2.34144993e-01
4.24942413e-01
-2.67268479e-01
9.36699855e-02
2.63521126e-01
0.00000000e+00
-4.48018921e-01
-1.28356916e+00
3.76989483e-01
2.37011307e-01
2.31189317e-01
-2.37973213e-02
0.00000000e+00
3.72724098e-02
-5.34022428e-01
8.79450508e-02
6.78034623e-02
3.49424185e-02
-2.27578451e-02
-2.24180601e-01
-2.64625561e-01
-4.57043912e-01
5.06864633e-01
-1.76942197e-01
1.42101408e-01
2.24167544e-01
0.00000000e+00
5.57642121e-02
-7.18611401e-02
-2.18232729e-02
-1.80674058e-01
1.26218940e-01
1.23836628e-01
-3.26154760e-01
-1.53018860e+00
-6.56552384e-01
0.00000000e+00
0.00000000e+00
0.00000000e+00
4.61253079e-01
-8.03060618e-01
6.80838679e-02
1.72291148e-01
-7.90717617e-01
1.42955246e-01
2.08429642e-01
-3.68102585e-01
3.09642450e-01
0.00000000e+00
1.11839183e+00
-2.57019651e-01
-7.52050916e-01
1.08939613e-01
5.74644525e-01
-1.05814679e+00
2.36113916e-01
-5.71695077e-01
-1.84393514e-01
7.27889071e-01
-4.57906553e-02
0.00000000e+00
0.00000000e+00
0.00000000e+00
-8.09077820e-02
5.09993020e-01
1.44959851e-01
-9.26289005e-02
-4.27466458e-01
-1.68912894e-01
1.07250326e-01
-2.09458546e-02
6.61146981e-02
0.00000000e+00
4.33976637e-02
2.93347669e-01
-2.44719766e-01
1.00780987e-01
-3.87539669e-01
2.79631433e-01
8.29122730e-03
-2.41417880e-01
2.61735225e-02
3.88081516e-02
-1.76906033e+00
0.00000000e+00
0.00000000e+00
0.00000000e+00
-5.51925010e-02
-8.89445106e-01
-4.32909329e-01
1.71242463e-01
-5.78839199e-01
4.65226807e-01
8.34009721e-01
3.90474105e-01
-2.18721384e-01
0.00000000e+00
1.94882719e-01
-1.53850551e-01
-7.82557147e-01
3.94386646e-01
-3.39236428e-01
4.41993013e-01
-2.16807147e-01
-6.16077903e-01
3.09890747e-02
-4.08628186e-01
-9.34214540e-02
0.00000000e+00
0.00000000e+00
0.00000000e+00
2.33059050e-01
-5.11647151e-01
1.82434256e-01
1.27221227e-01
-5.03599459e-01
1.91936145e-01
4.81881542e-02
1.53515826e-01
-2.15573578e-02
0.00000000e+00
1.11858645e-01
-2.63493262e-01
-2.97952328e-01
4.92939038e-03
2.20743407e-01
1.16434110e-01
3.55525339e-01
-3.87915430e-01
-2.36455110e-02
1.70543497e-01
136
5.55346137e-01
2.76902998e-01
-7.59354934e-04
1.84929033e-01
-8.23621179e-04
-2.21293013e-02
1.76550987e-03
1.15643408e-01
1.67248287e-04
5.17263523e-01
-4.73776192e-02
1.21457622e-01
0.00000000e+00
0.00000000e+00
0.00000000e+00
0.00000000e+00
0.00000000e+00
0.00000000e+00
0.00000000e+00
0.00000000e+00
-5.87317914e-02
-1.54422462e-03
6.74497961e-03
1.18973898e-01
2.39680072e-01
2.48952209e-01
4.09484337e-03
0.00000000e+00
-2.70468222e-01
2.51627282e-01
3.74025019e-01
0.00000000e+00
-3.43044901e-01
3.37821044e-02
4.19641616e-01
0.00000000e+00
-4.42483612e-01
8.87489880e-02
3.48337335e-01
0.00000000e+00
-2.57581031e-01
-1.17149767e-01
4.77428236e-01
0.00000000e+00
0.00000000e+00
0.00000000e+00
3.29814535e-01
-8.03228380e-02
2.33454666e-01
1.51178326e-01
-1.17915639e+00
0.00000000e+00
-1.31610164e+00
4.93985313e-01
-3.48398845e-01
-1.08469177e+00
3.54396085e-01
-1.21262050e-02
9.70875688e-02
1.02811907e-01
1.12760204e-01
-6.94527232e-01
2.47456492e-01
-1.52943735e-01
2.15219291e-01
-6.23083021e-01
0.00000000e+00
2.09137725e-01
5.51630555e-01
-4.43421164e-02
-1.16071208e+00
0.00000000e+00
4.51831185e-01
2.28456686e-01
3.53097569e-02
-4.89786054e-01
8.43653982e-01
-3.83305774e-01
-3.71947385e-01
6.69222680e-02
-2.92742144e-01
0.00000000e+00
4.23701078e-01
-3.48149013e-01
2.15987607e-01
-1.55047298e-01
-5.07041020e-01
-1.45761754e+00
-1.05252935e+00
0.00000000e+00
0.00000000e+00
0.00000000e+00
5.13521986e-01
-9.27510315e-01
1.79031651e-01
4.43424868e-01
-1.89798010e+00
-1.01859622e-01
4.26209409e-01
5.74906352e-01
-1.51564499e-01
0.00000000e+00
1.11710658e+00
-5.02576841e-01
-9.79900715e-01
4.82072478e-01
2.47385492e-01
-1.15121157e-01
2.38386567e-01
-9.92445240e-01
-9.29242568e-02
4.87308020e-01
-1.85154172e+00
0.00000000e+00
0.00000000e+00
0.00000000e+00
3.47552641e-01
-1.92823977e+00
5.82517118e-02
5.25884620e-01
-1.36819409e+00
6.08726875e-01
6.23067325e-01
4.67621788e-01
-1.95748791e-01
0.00000000e+00
9.03926555e-01
-6.69333249e-01
-9.22581599e-01
7.81589276e-01
-6.79286237e-01
3.20861239e-01
2.13768180e-01
-1.32538637e+00
-2.44959167e-02
4.10474088e-01
16 1
-9.4813e-01 2.9149e-01
8 1
1 0 8 2 4 18 7 5 
217
-1.24209186e-01
-3.46218716e-01
-2.91346393e-02
-4.21349181e-01
-6.39236134e-02
3.04635581e-01
1.06337200e-01
-1.54635222e-01
-4.18526249e-01
2.33485984e-01
-1.95870699e-02
5.56100660e-01
0.00000000e+00
0.00000000e+00
-2.49472944e-01
5.81074205e-03
6.72176522e-01
1.25263758e-01
1.36127516e-02
7.37872059e-01
0.00000000e+00
0.00000000e+00
0.00000000e+00
0.00000000e+00
0.00000000e+00
0.00000000e+00
0.00000000e+00
-2.86416184e-01
-2.50855028e-01
0.00000000e+00
0.00000000e+00
0.00000000e+00
0.00000000e+00
0.00000000e+00
0.00000000e+00
0.00000000e+00
0.00000000e+00
-1.69866686e-01
-2.04898252e-01
-4.34098730e-01
-2.29696686e-01
1.10195528e-02
3.25776747e-01
5.77554868e-01
0.00000000e+00
-1.46166157e-01
-6.81556369e-02
-4.72064670e-02
0.00000000e+00
-1.93502343e-01
-4.47835802e-01
5.87731397e-01
0.00000000e+00
-5.89431216e-02
-3.16171608e-01
2.00609834e-01
0.00000000e+00
5.42012101e-02
1.40255097e-02
2.97203999e-01
3.16346230e-01
-7.81780425e-01
3.41225009e-01
0.00000000e+00
-8.18137537e-01
-1.25832554e+00
8.01896817e-01
-5.51882329e-01
-1.07968466e-01
-3.47890944e-01
0.00000000e+00
-3.44410412e-01
-1.48668487e+00
2.41392939e-01
8.91918204e-01
-2.11917129e-02
1.06028169e+00
0.00000000e+00
-4.36033157e-01
-6.65202186e-01
2.00038965e-01
1.92274638e-01
1.11785006e-01
-1.33955723e-01
0.00000000e+00
-3.15135009e-01
-7.36229095e-01
1.63715856e-01
-1.41453908e-02
2.72099669e-02
1.31331331e-01
0.00000000e+00
-1.53178000e-01
-9.16667358e-01
8.56641341e-02
4.36437083e-01
-5.66953198e-02
-3.81576461e-01
0.00000000e+00
-1.33883224e-01
-2.02426804e-01
-4.79945973e-02
-1.37936918e-02
5.76686352e-02
-3.50764416e-02
0.00000000e+00
-1.55108562e-01
-2.35987561e-01
1.43362197e-01
7.75323555e-02
-1.12462821e-01
4.88718964e-01
0.00000000e+00
-1.25895483e-01
-1.85718634e-01
2.47128187e-02
-5.04205628e-01
-2.30265220e-02
1.63693217e-01
3.52717472e-01
-1.10583086e+00
-9.07088031e-02
0.00000000e+00
0.00000000e+00
0.00000000e+00
4.03148048e-01
-3.57143299e-01
5.93709990e-02
8.32942206e-01
-1.84827281e+00
3.69695171e-01
6.09401014e-01
8.91796299e-01
5.57911828e-02
0.00000000e+00
1.09480258e+00
-6.05916456e-01
-1.59327866e+00
2.55665216e-01
5.60217555e-02
7.30874071e-01
6.11055417e-01
-1.23800004e+00
-6.92820375e-01
2.74158871e-01
-3.32268909e-01
0.00000000e+00
0.00000000e+00
0.00000000e+00
1.02525814e-01
-1.28900635e+00
-3.33151888e-01
2.60697524e-02
4.08541582e-01
1.52315327e-02
3.19652011e-01
-3.99960057e-02
6.29215731e-02
0.00000000e+00
-3.43668805e-01
-4.10507407e-02
5.05853322e-02
2.35277218e-01
-3.07799227e-01
-1.21171343e-01
-2.03287733e-01
4.56098370e-01
7.18988549e-01
-4.90285555e-02
-1.51342328e+00
0.00000000e+00
0.00000000e+00
0.00000000e+00
2.01653404e-01
-9.14014092e-01
-2.85113837e-01
6.55421504e-01
-1.50996052e+00
9.03134298e-01
6.34824937e-01
3.04459819e-01
6.13897076e-01
0.00000000e+00
3.13347701e-01
1.92677975e-01
-1.55960871e+00
8.89592797e-01
-3.59963962e-01
3.70133712e-01
-3.93868035e-01
-1.99549993e+00
-1.86442175e-01
6.11904759e-01
-9.03742460e-02
0.00000000e+00
0.00000000e+00
0.00000000e+00
-3.13165453e-02
-8.15920638e-01
3.33585334e-01
-2.60577154e-02
4.57257060e-01
-1.54599559e-01
2.26026803e-01
1.30949940e-02
-5.47154925e-01
0.00000000e+00
3.55762925e-01
-4.44633716e-01
5.49252581e-01
1.11439436e-02
-2.89490520e-01
-1.66330036e-01
3.08338821e-01
1.21632251e-01
3.19071013e-01
-3.10036316e-01
136
3.31078092e-01
1.51679170e-03
4.46136851e-03
3.49021256e-01
4.73861995e-03
0.00000000e+00
0.00000000e+00
0.00000000e+00
0.00000000e+00
0.00000000e+00
3.38018052e-01
2.54606437e-01
0.00000000e+00
0.00000000e+00
0.00000000e+00
0.00000000e+00
0.00000000e+00
0.00000000e+00
0.00000000e+00
0.00000000e+00
-2.42880678e-01
-4.41387538e-01
-3.55831221e-01
-9.81543179e-02
1.53464800e-01
3.63513038e-01
9.55505432e-01
0.00000000e+00
-6.79506068e-01
-3.28016324e-01
5.74009162e-01
0.00000000e+00
-4.22710603e-01
1.20418904e-01
1.34703742e+00
0.00000000e+00
-9.08699704e-01
-1.74166315e-01
2.37379369e-01
0.00000000e+00
-5.04532447e-01
8.85196753e-02
9.84496444e-01
0.00000000e+00
0.00000000e+00
0.00000000e+00
0.00000000e+00
7.04735191e-01
-7.81226669e-02
2.98795034e-01
-1.26153521e+00
0.00000000e+00
-2.51550493e+00
3.02480216e-01
-7.45785764e-01
-1.18808683e+00
0.00000000e+00
2.11489606e+00
6.81401858e-01
3.05576195e-01
-5.05357411e-01
-1.19944003e+00
-4.45835800e-01
-2.01298222e-01
6.21850270e-02
-6.81909490e-01
0.00000000e+00
-3.26542672e-01
3.89201960e-01
-1.51669318e-01
-9.90919294e-01
0.00000000e+00
3.49884178e-01
9.51088934e-02
4.75793507e-02
-4.10782015e-01
0.00000000e+00
1.15424809e+00
1.04765491e-01
2.66584575e-01
-2.59387942e-01
0.00000000e+00
-3.17246902e-01
-4.71330892e-01
3.90902610e-02
-3.16827611e-01
2.44767441e-02
-9.96304283e-01
-8.38180898e-01
0.00000000e+00
0.00000000e+00
0.00000000e+00
3.06011539e-01
-6.09270414e-01
1.88001574e-01
4.80884968e-01
-1.50262468e+00
2.13801612e-01
3.67955112e-01
8.48962743e-01
-4.34929807e-01
0.00000000e+00
6.67505647e-01
-3.33859778e-01
-1.25235063e+00
3.00575980e-01
5.51615017e-01
4.14753730e-01
1.63704659e-01
-1.18252567e+00
-1.87639808e-01
1.61247310e-01
-1.59786875e+00
0.00000000e+00
0.00000000e+00
0.00000000e+00
2.95829795e-01
-1.96609970e+00
2.58613135e-02
5.84301224e-01
-1.17879907e+00
8.31656304e-01
8.15501511e-01
3.74041158e-01
-6.96511993e-02
0.00000000e+00
7.29034063e-01
-7.29213744e-01
-9.14378968e-01
7.61075190e-01
-8.50606316e-01
3.42572170e-01
3.27515150e-01
-1.23662503e+00
-2.42635446e-02
2.84380943e-01
17 1
-9.5123e-01 2.9413e-01
8 0
1 0 8 2 4 18 7 5 
217
2.10699819e-01
-3.40688708e-01
2.15513796e-01
7.93220734e-02
5.38008142e-02
-1.20924883e-01
-7.03841609e-02
-1.34242427e-02
6.70030803e-02
1.13603226e-01
-1.81535771e-02
7.73164827e-02
1.78433663e-01
2.08028963e-01
2.39560797e-01
2.16085419e-03
1.61574886e-01
1.05438860e-01
1.49687106e-03
2.08841460e-01
-1.99918994e-02
9.42034919e-04
2.73649821e-01
-1.14307938e-01
-1.32272503e-04
3.43429298e-01
-3.48419168e-02
4.40321128e-02
2.07100149e-01
0.00000000e+00
0.00000000e+00
0.00000000e+00
0.00000000e+00
0.00000000e+00
0.00000000e+00
0.00000000e+00
0.00000000e+00
-2.47704668e-01
-2.07823190e-01
-1.68088597e-01
-9.21822691e-02
1.88652476e-01
1.65452966e-01
5.72393101e-01
0.00000000e+00
-2.53419245e-01
-5.61401670e-01
2.97545540e-01
0.00000000e+00
-6.57107416e-02
-3.11802556e-01
7.99349416e-01
0.00000000e+00
-2.93004565e-01
1.88845488e-01
5.63225816e-03
0.00000000e+00
-1.22614780e-01
-1.39281219e-01
6.66561894e-01
9.65748308e-02
-6.54085891e-01
7.68210879e-01
-2.36850530e-01
-5.86789428e-01
-8.47392520e-01
6.11866558e-01
-8.18945705e-01
4.22473218e-01
2.83208422e-01
0.00000000e+00
-7.33100333e-01
-1.39741651e+00
5.13950070e-01
8.81472668e-01
4.31499081e-01
5.46557745e-01
-4.00780037e-02
-5.75724190e-01
-1.07250997e+00
5.66216505e-01
3.38402786e-01
2.60285508e-01
4.40548702e-01
-2.48048719e-02
-7.06343851e-02
-2.05058447e-01
1.15925070e-01
-1.86942904e-01
1.90214006e-01
9.31096245e-02
0.00000000e+00
-4.77757268e-01
-1.26965351e+00
4.11951253e-01
3.26930786e-01
2.76505835e-01
-1.71274621e-01
0.00000000e+00
-1.22380810e-01
-1.77980336e-01
9.49628441e-02
-1.20876217e-01
2.38117785e-01
-1.33166303e-01
-8.32042173e-02
-2.31398052e-01
-3.52853390e-01
3.30549399e-01
2.98918470e-01
1.94752690e-01
1.57723959e-01
0.00000000e+00
2.56791391e-01
-1.40543584e-01
-1.62086099e-02
-4.35781040e-01
-2.98829621e-02
-3.01413448e-01
-3.38071552e-02
-1.67200919e+00
-5.88148722e-01
0.00000000e+00
0.00000000e+00
0.00000000e+00
1.18604274e-01
-4.65574866e-01
4.39101921e-02
-2.37236910e-01
-7.77778016e-01
-3.34300941e-01
3.17850179e-01
-6.52988102e-01
1.03106608e+00
0.00000000e+00
1.59034820e+00
-1.64401154e-01
-1.04093855e+00
-3.37593862e-02
6.60118455e-01
-1.28211310e+00
3.87713203e-01
-5.52173283e-01
-6.24965577e-02
8.66001562e-01
1.14373088e-02
0.00000000e+00
0.00000000e+00
0.00000000e+00
7.53626167e-02
3.10328162e-01
1.36827884e-02
2.34641145e-01
-4.60220705e-01
1.98179906e-02
3.87041292e-03
2.54214925e-01
-4.03454002e-01
0.00000000e+00
-2.41208738e-01
3.51679088e-01
-8.50524044e-03
2.37409653e-01
-4.58732840e-01
5.64421874e-01
-2.39020889e-02
-3.06873639e-01
-2.21903271e-02
-1.28903767e-01
-1.70441836e+00
0.00000000e+00
0.00000000e+00
0.00000000e+00
1.41969990e-01
-7.64361247e-01
1.85968735e-01
6.31674859e-02
-4.11934244e-01
9.34645172e-01
4.98541925e-01
5.11369815e-01
-1.60113236e-01
0.00000000e+00
1.90528889e-01
-4.09251791e-01
-1.04941290e+00
2.13808061e-01
-4.33754642e-01
1.11941023e-02
3.42363826e-02
-8.40570578e-01
-6.07602799e-02
-3.59689997e-01
-1.50162746e-01
0.00000000e+00
0.00000000e+00
0.00000000e+00
1.20108625e-01
-1.10424281e-01
1.82320360e-02
1.52236679e-01
-3.62569449e-01
1.08471209e-01
-1.54963669e-02
7.54583662e-02
-8.88446572e-02
0.00000000e+00
1.15103285e-01
-4.31184475e-01
-2.09723122e-01
3.37770629e-02
9.48184179e-02
1.23633862e-01
2.12422951e-01
-1.67775055e-01
-7.92946235e-02
2.60886788e-01
136
5.19922497e-01
3.04486581e-01
-4.32530384e-03
1.46815753e-01
-1.07287831e-03
-1.31957825e-02
8.50891116e-04
8.18159461e-02
1.91525439e-05
5.16957571e-01
-6.87945308e-02
1.03012819e-01
0.00000000e+00
0.00000000e+00
0.00000000e+00
0.00000000e+00
0.00000000e+00
0.00000000e+00
0.00000000e+00
0.00000000e+00
-2.91565484e-02
1.87355698e-02
5.62145111e-03
3.63019114e-02
1.12992774e-01
2.42003871e-01
1.20808166e-01
0.00000000e+00
-2.61512623e-01
2.08661028e-01
3.04408477e-01
0.00000000e+00
-4.37095395e-01
5.67226400e-02
5.25499901e-01
0.00000000e+00
-4.02926136e-01
1.69289348e-01
2.66982353e-01
0.00000000e+00
-3.30336331e-01
-4.79048666e-02
4.55518799e-01
0.00000000e+00
0.00000000e+00
0.00000000e+00
4.16718464e-01
-1.73350118e-02
9.77425724e-02
2.35835817e-01
-1.20743014e+00
0.00000000e+00
-1.41367743e+00
5.18845328e-01
-3.60662287e-01
-1.05875782e+00
3.56055598e-01
-5.85378491e-02
2.00282501e-01
7.01889902e-02
8.29746679e-02
-5.08895890e-01
2.85088531e-01
-1.34698148e-01
2.11746055e-01
-5.52565892e-01
0.00000000e+00
1.64061303e-01
5.27833360e-01
-2.81161375e-02
-1.20497903e+00
0.00000000e+00
4.35795730e-01
1.48087172e-01
7.61854266e-02
-5.24954333e-01
6.94764776e-01
-3.25219219e-01
-1.82849924e-01
2.97992799e-02
-2.58551369e-01
0.00000000e+00
4.59035891e-01
-3.71120844e-01
2.00737459e-01
-2.32090181e-01
-5.39672906e-01
-1.48065984e+00
-1.08428326e+00
0.00000000e+00
0.00000000e+00
0.00000000e+00
4.83856570e-01
-5.49611402e-01
2.28064339e-01
4.26406962e-01
-1.85734388e+00
-1.46767321e-01
3.83004161e-01
4.31986484e-01
-9.98595929e-02
0.00000000e+00
1.10803938e+00
-4.51339996e-01
-9.97669161e-01
4.68571126e-01
2.30747890e-01
-2.33425413e-01
2.11160385e-01
-1.05272163e+00
-1.47854923e-01
4.80472756e-01
-1.90754391e+00
0.00000000e+00
0.00000000e+00
0.00000000e+00
3.75721237e-01
-2.25954775e+00
3.14070528e-02
5.23231094e-01
-1.43364362e+00
5.35194176e-01
7.29652148e-01
5.50014395e-01
-1.49605918e-01
0.00000000e+00
8.51778787e-01
-5.43334553e-01
-1.01242249e+00
7.12228793e-01
-4.85023229e-01
4.84646393e-01
2.85735639e-01
-1.47408375e+00
-2.39756729e-02
3.94483371e-01
10 1
-1.1085e+00 3.3475e-01
8 1
1 0 8 2 4 18 7 5 
217
1.37263655e-01
-3.10782365e-01
-2.00033213e-01
-1.16489786e-01
1.95553086e-01
-1.45761534e-02
1.82050599e-02
-3.30851254e-01
-4.42643888e-01
-2.19978297e-01
-7.51950021e-01
9.77935655e-02
1.11809942e+00
5.71480176e-01
1.70745320e-01
-1.19677684e-02
7.88369548e-01
-2.71569579e-02
1.44389683e-02
6.77235380e-01
0.00000000e+00
0.00000000e+00
0.00000000e+00
0.00000000e+00
0.00000000e+00
0.00000000e+00
0.00000000e+00
8.21792317e-02
6.18286477e-02
0.00000000e+00
0.00000000e+00
0.00000000e+00
0.00000000e+00
0.00000000e+00
0.00000000e+00
0.00000000e+00
0.00000000e+00
1.85708859e-01
-1.86468832e-01
-2.95092107e-01
-1.39421957e-01
-6.79632340e-02
5.65962118e-02
5.83904712e-01
0.00000000e+00
-1.86509749e-01
-3.61731393e-01
7.46895438e-02
0.00000000e+00
-1.37799176e-01
-2.57462762e-01
6.53689955e-01
0.00000000e+00
1.43045201e-02
6.89032174e-02
4.60856906e-02
0.00000000e+00
9.88218754e-02
-4.51839581e-01
5.76111513e-01
2.14796066e-01
-8.83956561e-01
8.06424150e-01
0.00000000e+00
-1.00213052e+00
-1.27347336e+00
7.77680493e-01
-6.40107789e-01
3.61713680e-01
3.85269846e-01
0.00000000e+00
-2.11182529e-01
-1.41954852e+00
1.64588418e-01
9.41570990e-01
1.83857765e-01
1.10273850e+00
0.00000000e+00
-3.44258170e-01
-8.14270232e-01
2.42470937e-01
8.31191413e-01
2.39050887e-01
2.23216371e-01
0.00000000e+00
-2.15123580e-01
-1.21066137e+00
4.17241338e-01
-4.88266877e-01
-6.48541031e-02
-4.91284414e-02
0.00000000e+00
-1.61451469e-01
-8.73376148e-01
1.52355143e-01
4.10407156e-01
1.46359980e-01
1.72314019e-01
0.00000000e+00
1.33309608e-01
-2.72257506e-01
8.43981679e-02
-1.15989258e-02
-8.04441219e-02
-1.27903533e-02
0.00000000e+00
-2.20962938e-02
-8.31014961e-02
2.04151601e-01
-6.32537659e-02
-4.47916527e-02
2.89410958e-01
0.00000000e+00
4.72973784e-02
-2.74407600e-01
-1.00642122e-02
-4.78374148e-01
1.00030488e-01
-1.36786258e-01
7.31290238e-02
-1.43395249e+00
-4.50692245e-01
0.00000000e+00
0.00000000e+00
0.00000000e+00
2.42600363e-01
-1.31523893e-03
1.20778953e+00
4.97278089e-02
-2.63131782e+00
5.66085148e-01
1.01573595e+00
5.95553371e-01
-3.23399451e-01
0.00000000e+00
1.02863779e+00
-1.17610530e-01
-1.37865522e+00
-4.00870297e-01
7.89291637e-01
6.55687823e-01
4.49424771e-01
-1.13843447e+00
-6.51633027e-01
-4.07990400e-01
-4.67940888e-02
0.00000000e+00
0.00000000e+00
0.00000000e+00
-3.79170597e-02
-4.34351205e-01
-7.34952072e-01
3.38922727e-01
8.38655501e-01
1.28135813e-01
-3.96355865e-01
-2.12761073e-01
2.06543697e-01
0.00000000e+00
-2.93027772e-01
5.87314931e-01
-2.92690231e-01
1.82857987e-01
-7.45856682e-01
-7.11883340e-02
2.03490424e-01
5.30375154e-02
1.32242927e-01
5.01104683e-01
-1.68899844e+00
0.00000000e+00
0.00000000e+00
0.00000000e+00
-2.96979495e-02
-1.04994295e+00
-1.87519543e-01
2.62146164e-01
-1.52344762e+00
6.99775755e-01
2.82745401e-01
2.62888244e-01
7.48687452e-01
0.00000000e+00
7.00503251e-01
-1.56516221e-01
-1.22262686e+00
5.81478291e-01
-4.76394719e-01
5.34003516e-01
-1.40742929e-01
-9.78178520e-01
-1.00520040e-02
1.38928116e-02
-8.75957116e-02
0.00000000e+00
0.00000000e+00
0.00000000e+00
2.45024260e-01
-8.87919552e-01
3.75661653e-02
7.20741442e-02
3.19226956e-01
-1.31575005e-01
1.89739207e-01
1.50528804e-01
-4.75015692e-01
0.00000000e+00
-9.10412179e-02
-1.49418824e-01
1.18830433e-01
2.97142446e-01
-4.03864544e-02
-4.12829377e-02
1.56054561e-01
-3.18356666e-01
2.87074881e-01
1.74138780e-01
136
1.20553325e-01
4.83856732e-02
-8.56102532e-04
2.01212505e-01
5.18003182e-03
0.00000000e+00
0.00000000e+00
0.00000000e+00
0.00000000e+00
0.00000000e+00
2.20790505e-01
2.09016911e-01
0.00000000e+00
0.00000000e+00
0.00000000e+00
0.00000000e+00
0.00000000e+00
0.00000000e+00
0.00000000e+00
0.00000000e+00
-3.38682739e-01
-5.28973458e-01
-4.26226071e-01
-1.75787110e-01
2.13175703e-01
5.22689042e-01
8.54389618e-01
0.00000000e+00
-6.75122117e-01
-4.07382298e-01
4.09703529e-01
0.00000000e+00
-4.62369038e-01
-7.31287907e-02
1.27555843e+00
0.00000000e+00
-9.77730242e-01
-2.25450882e-01
3.53939295e-01
0.00000000e+00
-4.80307768e-01
1.58366903e-01
1.22450796e+00
0.00000000e+00
0.00000000e+00
0.00000000e+00
0.00000000e+00
7.70060969e-01
-3.90206036e-02
2.83568715e-01
-1.30872030e+00
0.00000000e+00
-2.59493853e+00
2.51981706e-01
-7.69792251e-01
-1.10385675e+00
0.00000000e+00
2.58871997e+00
5.31739063e-01
4.46173450e-01
-5.12585228e-01
-1.08109542e+00
-5.81922557e-01
-2.53555856e-01
4.27680935e-03
-7.70210265e-01
0.00000000e+00
-6.89724395e-02
4.05935426e-01
-1.11801233e-01
-8.93510547e-01
0.00000000e+00
1.63355962e-01
6.13344688e-02
1.48500035e-02
-4.46462460e-01
0.00000000e+00
1.10574334e+00
1.83910901e-01
2.40074746e-01
-2.56121975e-01
0.00000000e+00
-1.59052845e-01
-4.49808345e-01
7.37255093e-02
-2.83465276e-01
2.31449003e-01
-9.52554108e-01
-7.58154962e-01
0.00000000e+00
0.00000000e+00
0.00000000e+00
4.24001811e-01
-9.35155096e-01
2.35793047e-01
5.75627878e-01
-1.70413957e+00
9.84390827e-02
5.20388599e-01
9.08731401e-01
-4.67302440e-01
0.00000000e+00
7.97531372e-01
-6.34951039e-01
-1.16831900e+00
4.85001520e-01
4.24477038e-01
4.98913387e-01
1.66611743e-01
-1.18582483e+00
-2.00485571e-02
2.22068693e-01
-1.63201965e+00
0.00000000e+00
0.00000000e+00
0.00000000e+00
3.07554464e-01
-1.97530204e+00
4.28408854e-02
5.99938611e-01
-1.10583245e+00
7.87881401e-01
8.05981856e-01
3.77069273e-01
2.84808582e-02
0.00000000e+00
6.81089523e-01
-7.47101591e-01
-9.30073025e-01
6.62258564e-01
-8.19529997e-01
4.15054756e-01
2.98008540e-01
-1.25658290e+00
-7.03488540e-02
2.66592475e-01
12 1
-1.2599e+00 3.5426e-01
8 0
1 0 8 2 4 18 7 5 
217
4.63976424e-01
-4.74371426e-01
7.02916638e-02
-8.62189139e-02
2.97018022e-02
-1.83295923e-01
-9.90552277e-02
3.35327932e-01
2.18681029e-01
-1.78165155e-01
-1.28057997e-02
-6.47828634e-02
3.27454621e-01
2.62750281e-01
-8.46772516e-02
9.48607282e-03
5.81123230e-01
1.13709354e-02
3.60131852e-03
3.95747954e-01
4.23386162e-01
-2.29805263e-04
3.37397803e-01
1.13896578e-01
1.79790776e-04
4.67273199e-01
3.62722598e-01
7.13335438e-02
5.83171001e-02
0.00000000e+00
0.00000000e+00
0.00000000e+00
0.00000000e+00
0.00000000e+00
0.00000000e+00
0.00000000e+00
0.00000000e+00
-1.62179152e-01
-1.96477414e-01
-8.85497478e-02
-6.76376038e-02
1.67540856e-01
2.02573509e-01
6.08705976e-01
0.00000000e+00
-7.88092148e-02
-4.33505683e-01
2.71753719e-01
0.00000000e+00
-3.12938885e-01
-1.10018289e-01
4.59543267e-01
0.00000000e+00
8.67313304e-05
5.59726555e-02
2.41514458e-01
0.00000000e+00
-3.35649746e-01
-6.85818123e-02
7.74609223e-01
1.85070770e-01
-3.14728768e-01
5.93634422e-01
-3.01377056e-03
-5.53119358e-01
-6.30359070e-01
6.35222863e-01
-1.00158356e+00
3.84886689e-01
3.78109784e-01
0.00000000e+00
-7.27311115e-01
-1.09181403e+00
6.66974881e-01
1.08989367e+00
5.24312658e-01
5.25426023e-01
3.76735056e-01
-3.19722389e-01
-4.81406009e-01
2.56384274e-01
6.99279425e-01
1.50579483e-01
1.79364303e-01
-2.67315231e-01
6.33401446e-02
-3.60561677e-01
5.27371257e-01
-4.47308119e-01
1.40580253e-01
5.99990364e-02
0.00000000e+00
-3.10574487e-01
-1.15468634e+00
3.97679814e-01
3.50125757e-01
3.76871096e-01
1.87682719e-01
0.00000000e+00
1.21671088e-02
-1.89469135e-01
2.36220549e-01
-1.97818419e-01
2.15588766e-01
1.00535906e-01
6.57332763e-02
-1.44637441e-01
-2.17807584e-01
2.53945871e-01
2.41859950e-01
2.88934717e-01
2.09075472e-01
0.00000000e+00
2.45534916e-01
-8.03815248e-02
2.80943089e-02
-4.65032490e-01
1.90347199e-01
-1.89467181e-01
-6.18623250e-01
-1.84597574e+00
-8.87571499e-01
0.00000000e+00
0.00000000e+00
0.00000000e+00
-1.87108883e-01
-5.01989961e-01
-1.98420487e-01
3.57559800e-01
-6.13731774e-01
-9.91030644e-01
1.27687253e-03
-7.80248256e-01
1.21803895e+00
0.00000000e+00
1.33970912e+00
-6.49568376e-01
-6.21577539e-01
2.43538195e-01
5.39103842e-01
-7.67038069e-01
2.79481691e-01
-4.17156025e-01
1.59720260e-01
7.01869788e-01
-1.19229428e-01
0.00000000e+00
0.00000000e+00
0.00000000e+00
3.00432020e-01
4.23284282e-01
2.19062232e-01
5.79928647e-02
-6.59296622e-01
3.04145476e-01
2.98842621e-01
4.34223568e-01
-6.09050748e-01
0.00000000e+00
-2.79448028e-02
2.12482935e-01
-4.45915935e-01
1.43951675e-01
-3.76588440e-01
2.79390014e-01
-4.12671959e-02
-2.63774181e-01
-2.74456300e-01
-9.47428933e-02
-1.75400559e+00
0.00000000e+00
0.00000000e+00
0.00000000e+00
2.52915615e-01
-7.02767652e-01
-1.93466783e-01
-1.39510860e-01
-6.29160873e-01
7.49863689e-01
-5.86143919e-02
7.47898982e-01
-1.01868145e-01
0.00000000e+00
4.12634312e-01
-5.99919953e-01
-1.16415023e+00
1.22837987e-02
-9.26803649e-02
5.95110024e-01
-5.27688112e-02
-8.23592236e-01
9.67436334e-02
-6.29553483e-02
-2.13888830e-01
0.00000000e+00
0.00000000e+00
0.00000000e+00
7.97902770e-02
-4.96947516e-01
1.60028218e-01
2.97036180e-01
-4.74492834e-01
1.23262508e-02
3.89205224e-01
-2.01454352e-02
4.51080679e-02
0.00000000e+00
1.54993279e-01
4.57047456e-02
-3.55711500e-01
2.00953444e-01
-2.05713298e-02
5.51191034e-02
2.16653127e-01
-4.55244818e-01
-2.09610953e-01
1.61917640e-01
136
4.46210496e-01
-2.44218589e-01
2.24505670e-02
2.65223076e-01
9.45015215e-04
1.80185737e-01
1.16421620e-03
2.45020272e-01
9.97323076e-05
4.29421253e-01
-4.87823183e-02
1.13023369e-01
0.00000000e+00
0.00000000e+00
0.00000000e+00
0.00000000e+00
0.00000000e+00
0.00000000e+00
0.00000000e+00
0.00000000e+00
1.85014920e-02
8.36729557e-03
-3.08139073e-02
7.91669978e-03
7.69278521e-02
1.44237967e-01
2.12030946e-01
0.00000000e+00
-2.03223928e-01
1.90117926e-01
2.49982370e-01
0.00000000e+00
-3.78541176e-01
2.05787149e-02
4.81849961e-01
0.00000000e+00
-3.41589605e-01
1.60427089e-01
1.27705793e-01
0.00000000e+00
-3.01023367e-01
-1.77427603e-02
4.49046909e-01
0.00000000e+00
0.00000000e+00
0.00000000e+00
4.18804011e-01
-5.68004718e-02
7.80579191e-02
2.53413107e-01
-1.16237362e+00
0.00000000e+00
-1.21019099e+00
5.22731818e-01
-2.97051258e-01
-9.95946336e-01
2.85016948e-01
-9.29747336e-02
2.19727529e-01
6.23430026e-02
1.05175884e-02
-4.73368716e-01
2.12256401e-01
-1.24519825e-01
1.86349554e-01
-4.30382899e-01
0.00000000e+00
1.24500915e-01
5.23289850e-01
-2.92811984e-02
-1.13055384e+00
0.00000000e+00
3.60084459e-01
1.25229484e-01
8.96054287e-02
-4.83634169e-01
5.74170752e-01
-2.72338641e-01
-1.12139812e-01
4.04733854e-02
-2.95523642e-01
0.00000000e+00
3.34496154e-01
-3.35765214e-01
1.81046716e-01
-2.74251262e-01
-4.78657916e-01
-1.54359629e+00
-1.05424668e+00
0.00000000e+00
0.00000000e+00
0.00000000e+00
5.00234665e-01
-6.37169159e-01
1.70368499e-01
3.69923766e-01
-1.82952443e+00
-1.78852173e-01
3.56793358e-01
4.18517509e-01
-2.90029420e-03
0.00000000e+00
1.09959768e+00
-2.33307831e-01
-1.01693535e+00
4.40834406e-01
1.90815356e-01
-2.34967336e-01
2.29867923e-01
-1.08606609e+00
-1.51290699e-01
5.39813526e-01
-1.96077841e+00
0.00000000e+00
0.00000000e+00
0.00000000e+00
3.50470368e-01
-1.97842000e+00
2.89457505e-02
4.84550001e-01
-1.35230825e+00
6.94739156e-01
6.85731971e-01
5.56465087e-01
-1.60788832e-01
0.00000000e+00
7.98547263e-01
-6.47228786e-01
-1.07302785e+00
6.65088841e-01
-4.80978313e-01
4.10338356e-01
2.68682276e-01
-1.47945108e+00
-6.36659263e-02
3.31531561e-01
21 1
-1.2721e+00 3.6114e-01
8 0
1 0 8 2 4 18 7 5 
217
3.74571257e-01
-5.41543674e-01
2.93728088e-02
-4.50896424e-02
-1.08201789e-01
2.90026924e-01
2.14184023e-01
-4.65947497e-02
2.51935032e-01
-2.27176275e-01
-9.53823401e-02
3.19650081e-02
1.12036330e-01
1.00729085e-01
-1.92806821e-01
2.47264971e-02
7.03634775e-02
2.34799054e-01
-1.12306242e-03
3.56956188e-01
2.31084802e-01
2.09602452e-03
2.34246392e-01
1.01494223e-01
5.72826630e-04
3.67436322e-01
1.37324798e-01
1.23299870e-01
1.50747649e-01
0.00000000e+00
0.00000000e+00
0.00000000e+00
0.00000000e+00
0.00000000e+00
0.00000000e+00
0.00000000e+00
0.00000000e+00
-1.44214466e-01
-1.24389794e-01
-1.47321002e-01
-9.46949621e-02
1.75642493e-01
3.89863216e-01
3.19685772e-01
0.00000000e+00
-4.77218666e-02
-3.07388142e-01
1.94236915e-01
0.00000000e+00
-3.16548264e-01
6.36024015e-02
5.01206926e-01
0.00000000e+00
-2.15095750e-01
-1.53122452e-01
3.77739344e-01
0.00000000e+00
-2.52854167e-01
2.63524197e-02
5.04163893e-01
4.04734108e-01
-4.08402422e-01
3.78239570e-01
2.30980552e-01
-6.01536325e-01
-5.17169588e-01
4.83539020e-01
-6.35869291e-01
2.61588010e-01
2.84921412e-01
0.00000000e+00
-8.32220048e-01
-1.05203496e+00
7.07417547e-01
7.85442896e-01
4.99373758e-01
6.96030109e-01
1.67358467e-01
-3.18710419e-01
-4.48399773e-01
5.27851941e-01
8.32259468e-03
-1.92873255e-03
2.15146122e-01
-3.97208406e-03
9.13600537e-02
-7.01371393e-02
8.88308489e-02
7.65233141e-02
1.98352438e-01
7.46518126e-02
0.00000000e+00
-2.03108217e-01
-1.26458483e+00
3.83666783e-01
3.72318154e-01
1.94012691e-01
2.92196051e-01
0.00000000e+00
2.07910179e-01
-6.60110534e-01
1.84381335e-01
5.39952786e-02
-1.77202568e-02
-3.97837496e-01
3.49010952e-02
-1.82184421e-01
-3.58539192e-01
3.89340141e-01
-1.51430526e-01
1.32514442e-01
3.06288746e-02
0.00000000e+00
1.45807782e-01
-9.27291070e-02
2.38565541e-01
-6.22451098e-01
-9.80206635e-03
-3.17340357e-01
-3.17947993e-01
-1.78338477e+00
-7.73152939e-01
0.00000000e+00
0.00000000e+00
0.00000000e+00
-3.91206771e-01
7.75951816e-02
-1.72821340e-01
2.08431985e-01
-6.49849635e-01
-3.88850881e-01
2.49752644e-01
-1.73554870e-01
1.94305019e-01
0.00000000e+00
1.60324284e+00
-3.89783494e-01
-6.09327091e-01
7.96347965e-02
2.98259439e-02
-4.95430273e-01
2.86943738e-01
-3.60084341e-01
-2.45872954e-01
3.73896565e-01
-1.21079583e-01
0.00000000e+00
0.00000000e+00
0.00000000e+00
4.99493459e-01
2.04343585e-01
3.15996170e-01
6.34704767e-02
-1.02523635e+00
4.32518001e-02
6.72226956e-02
2.93413951e-01
-2.36242484e-01
0.00000000e+00
-1.18777138e-01
1.72918497e-01
-4.39369586e-01
2.15000124e-01
-1.05024276e-01
1.95513750e-01
3.19191850e-02
-2.76831357e-01
-1.37362995e-01
1.15220912e-01
-1.82744804e+00
0.00000000e+00
0.00000000e+00
0.00000000e+00
-4.47146522e-03
-5.38335791e-01
-2.41400669e-01
-1.60307619e-01
-6.48144992e-01
2.50995413e-01
2.03952217e-01
4.79319463e-01
-9.83556537e-02
0.00000000e+00
5.21275422e-01
-4.62758721e-01
-9.26340310e-01
4.73723964e-01
-2.18729989e-01
5.12662239e-01
9.93417921e-02
-7.81725223e-01
-1.99266838e-01
-8.88812842e-02
-1.31106968e-01
0.00000000e+00
0.00000000e+00
0.00000000e+00
2.60312136e-01
-5.64876026e-01
3.03666957e-01
4.00009439e-01
-6.61588211e-01
2.43641460e-01
2.65416789e-01
1.33879982e-01
-1.05316360e-01
0.00000000e+00
1.75287509e-01
-2.50173371e-02
-4.07320131e-01
-1.91034185e-01
2.86406534e-02
2.68881412e-02
2.42646035e-01
-3.14058262e-01
-1.01059428e-01
1.58773870e-01
136
4.32628401e-01
-2.00615816e-01
2.17314757e-02
2.22112995e-01
1.42517383e-03
1.84122098e-01
7.88971547e-04
2.27009123e-01
1.51137031e-04
3.89056950e-01
-2.43449383e-02
1.24013743e-01
0.00000000e+00
0.00000000e+00
0.00000000e+00
0.00000000e+00
0.00000000e+00
0.00000000e+00
0.00000000e+00
0.00000000e+00
4.32221504e-02
1.96944951e-03
-2.26536542e-02
-1.75992582e-02
8.76367157e-02
1.34510319e-01
2.05878735e-01
0.00000000e+00
-1.55982394e-01
2.01355456e-01
2.35131453e-01
0.00000000e+00
-4.15780196e-01
1.79933806e-02
4.85432179e-01
0.00000000e+00
-4.03562792e-01
2.15350329e-01
1.27036327e-01
0.00000000e+00
-2.97319490e-01
7.57840444e-03
4.15731799e-01
0.00000000e+00
0.00000000e+00
0.00000000e+00
4.63088645e-01
-2.11471299e-02
7.00548831e-02
2.72190114e-01
-1.19261470e+00
0.00000000e+00
-1.26605685e+00
5.27385214e-01
-3.11278560e-01
-9.32304652e-01
2.89751986e-01
-7.07596623e-02
2.59088773e-01
6.21117090e-02
8.79471327e-03
-3.76500254e-01
2.32651946e-01
-1.21043410e-01
1.88579291e-01
-4.60559375e-01
0.00000000e+00
9.21100331e-02
5.15914599e-01
-3.15949321e-02
-1.11143463e+00
0.00000000e+00
3.62201051e-01
1.20021175e-01
1.00052627e-01
-4.46190627e-01
5.34768764e-01
-2.31637392e-01
-7.68744258e-02
3.72375767e-02
-2.81902491e-01
0.00000000e+00
3.25286485e-01
-3.47187293e-01
1.72472407e-01
-2.46591953e-01
-5.04858911e-01
-1.57637465e+00
-1.09014431e+00
0.00000000e+00
0.00000000e+00
0.00000000e+00
4.87746167e-01
-6.61592567e-01
1.83846654e-01
3.75700351e-01
-1.78554232e+00
-2.05586214e-01
3.70287282e-01
4.03334379e-01
6.37070881e-03
0.00000000e+00
1.06911939e+00
-2.66547538e-01
-1.03443823e+00
4.09741123e-01
2.24062311e-01
-2.02946944e-01
2.27048850e-01
-1.12402042e+00
-1.29846516e-01
5.63119227e-01
-1.97742474e+00
0.00000000e+00
0.00000000e+00
0.00000000e+00
3.59220247e-01
-2.02095850e+00
1.35189928e-02
4.81770946e-01
-1.37591733e+00
6.93813357e-01
6.69601252e-01
5.62741373e-01
-1.76254504e-01
0.00000000e+00
7.72829503e-01
-6.30985704e-01
-1.09003637e+00
6.89625271e-01
-4.18514188e-01
4.48158219e-01
2.69627523e-01
-1.47692373e+00
-5.97803216e-02
3.11039225e-01
