0 1 -999999999 -1 -1
1 1 0 -1 -1
0.2383 -0.523
356
1.42900264e-01
4.88306875e-02
9.40695765e-02
1.09716202e+00
-4.23587779e-01
-5.84812903e-01
2.81941934e-01
0.00000000e+00
0.00000000e+00
8.28251891e-01
5.96605015e-03
1.10749612e+00
8.26583596e-01
5.67869740e-01
2.40265898e-01
2.89026378e-01
0.00000000e+00
0.00000000e+00
0.00000000e+00
0.00000000e+00
0.00000000e+00
0.00000000e+00
0.00000000e+00
0.00000000e+00
0.00000000e+00
0.00000000e+00
0.00000000e+00
0.00000000e+00
0.00000000e+00
0.00000000e+00
0.00000000e+00
0.00000000e+00
0.00000000e+00
0.00000000e+00
0.00000000e+00
0.00000000e+00
0.00000000e+00
0.00000000e+00
0.00000000e+00
0.00000000e+00
0.00000000e+00
0.00000000e+00
0.00000000e+00
0.00000000e+00
0.00000000e+00
0.00000000e+00
0.00000000e+00
0.00000000e+00
0.00000000e+00
0.00000000e+00
0.00000000e+00
-7.66581244e-01
-1.53059163e-01
8.88072016e-01
0.00000000e+00
0.00000000e+00
0.00000000e+00
0.00000000e+00
-7.43551174e-02
1.25190575e-01
1.49891675e-01
-2.75491537e-04
1.76133699e-01
-1.37972799e-01
1.00043029e-01
-4.64559554e-01
-2.08813022e-01
-5.87201900e-01
2.07415101e-01
-1.95681535e-02
-7.59216299e-02
2.44886113e-02
-3.69748793e-03
-3.07471728e-01
-6.54824111e-01
5.93714693e-03
-2.62293511e-01
5.65820662e-01
-3.35904718e-02
-4.52096228e-01
0.00000000e+00
0.00000000e+00
0.00000000e+00
0.00000000e+00
0.00000000e+00
0.00000000e+00
0.00000000e+00
-1.26153220e-01
1.52174611e-01
1.16878872e-01
-4.78507349e-01
-3.13981066e-01
-9.44281665e-01
-4.23800247e-01
-6.08173857e-01
-4.64592933e-01
6.64603404e-02
-1.65180861e-01
3.55568399e-01
-5.09831669e-02
-1.54338252e-01
-2.08224935e-01
0.00000000e+00
0.00000000e+00
2.15463463e+00
3.09913278e+00
0.00000000e+00
0.00000000e+00
0.00000000e+00
0.00000000e+00
0.00000000e+00
0.00000000e+00
4.08674294e-01
2.36227352e-01
2.65950857e-01
-2.26087112e-01
-7.74527646e-01
-1.92197211e+00
1.65646539e+00
3.19078565e-01
6.41568248e-02
-1.24181516e+00
-9.44418658e-02
-2.06562346e+00
7.12263248e-01
4.74847046e-02
-1.27796824e-03
-4.17575337e-01
-1.03958032e+00
-8.95367129e-01
5.90529959e+00
5.89908246e+00
5.89685290e+00
5.85483219e+00
6.01066165e+00
5.82431816e+00
1.49358272e-01
2.33002248e-01
2.17399737e-01
1.01560251e-01
1.72307145e-01
-7.08124619e-01
-2.40952111e-01
-3.52011264e-01
-2.44618635e-01
-3.53973119e-01
-4.72041702e-01
-5.50036756e-01
0.00000000e+00
0.00000000e+00
0.00000000e+00
0.00000000e+00
-1.36217971e+00
2.77921538e+00
0.00000000e+00
0.00000000e+00
1.50507998e+00
7.28780785e-01
0.00000000e+00
-1.54873818e+00
-8.09813029e-01
-7.92905467e-01
-1.20192133e+00
-6.14588867e-01
-2.01173436e+00
0.00000000e+00
0.00000000e+00
0.00000000e+00
5.60465145e-02
-1.24104307e-01
-2.90519276e-01
-9.16686499e-02
-1.94977452e+00
6.32460867e-01
2.39399011e-01
-6.97633704e-01
1.14914753e+00
0.00000000e+00
1.22476648e+00
8.52885092e-01
-3.25286069e-01
8.34432687e-02
-1.28346617e+00
-6.11032846e-01
1.45204636e-01
-1.34235826e+00
-3.94184348e-01
7.14940390e-01
2.82411060e-01
0.00000000e+00
0.00000000e+00
0.00000000e+00
2.89244176e-01
-7.21474361e-01
-4.67284927e-02
2.76173338e-01
1.19804328e-01
1.39335896e-01
1.64530583e-01
1.62653684e-01
-1.25408465e-01
0.00000000e+00
-1.94190357e-01
-3.26640018e-01
-5.67698407e-03
-9.88224197e-03
-1.12098176e-01
3.94358623e-01
7.52270315e-02
2.01022791e-01
2.27103386e-02
-2.05506351e-02
-1.15389006e+00
-4.14316080e-01
0.00000000e+00
7.08715563e-02
-3.82200622e-02
6.11113361e-01
7.69335804e-02
-1.10236302e+00
-3.78557613e-01
0.00000000e+00
0.00000000e+00
0.00000000e+00
-2.77358823e-01
3.69732151e-01
-3.11915647e-01
3.91974001e-01
-1.50327030e-01
5.40119021e-01
4.25007215e-01
-1.37265348e+00
4.03057171e-01
0.00000000e+00
3.66904237e-01
8.30550787e-01
3.53609625e-01
-2.42007173e-01
-1.15308072e+00
-6.68939646e-01
-9.34492062e-02
-5.15381004e-03
-9.24653483e-02
3.07839058e-01
-7.39573984e-01
0.00000000e+00
-1.82078780e-01
-3.62103393e-01
-8.57844299e-01
-3.95496949e-01
0.00000000e+00
8.55577674e-02
6.00690444e-01
7.27987792e-01
7.22914314e-02
-1.19577617e+00
-4.62347349e-01
0.00000000e+00
0.00000000e+00
-5.34140544e-01
-1.40749433e+00
0.00000000e+00
0.00000000e+00
0.00000000e+00
-4.89709920e-01
2.12060171e-01
-4.83702750e-01
-4.17685015e-01
-8.20166360e-01
6.82958506e-01
1.79877822e-01
4.88329247e-02
-1.41773560e-02
0.00000000e+00
-1.87074311e-01
9.05608865e-01
-5.25043595e-01
3.21733054e-01
-4.55956436e-01
-1.59290358e-01
-1.95409158e-02
-3.12764753e-01
1.81353185e-02
1.08410773e-01
4.42197148e-01
0.00000000e+00
0.00000000e+00
0.00000000e+00
5.61633506e-02
-5.51324932e-01
4.18486331e-02
4.21681804e-01
9.41599911e-02
6.87152404e-02
3.09577735e-01
-1.67200749e-01
4.04604957e-01
0.00000000e+00
1.21318124e-01
-7.14766648e-02
1.14380630e-01
9.65399298e-02
-1.16881110e-01
-1.09439872e-01
2.20424509e-02
-3.31743931e-01
-1.79322488e-02
5.71638111e-02
-8.29601167e-01
-1.65407671e-01
2.90781347e-01
-2.28879691e-01
-2.27309326e-01
3.67834847e-01
1.08851544e-01
-6.42094062e-01
-1.34768238e-01
0.00000000e+00
0.00000000e+00
0.00000000e+00
-1.85300611e-01
7.21858690e-02
2.48710344e-01
-9.77416031e-01
-3.44064276e-02
-1.77890934e-01
-6.94393651e-01
4.79177375e-01
-3.61379484e-01
0.00000000e+00
-1.45711672e-01
-3.88015519e-01
-1.39762452e-01
9.53750647e-02
5.77263017e-01
4.73818767e-01
1.87587382e-01
4.82245418e-01
4.48845855e-01
-9.57005463e-02
-6.64193496e-01
2.24713276e+00
-9.96255222e-02
0.00000000e+00
-5.77893167e-01
-6.27497796e-01
1.00788362e-01
-7.28286158e-01
0.00000000e+00
4.01526960e-01
1.22995271e-01
-1.15202003e+00
4.96046291e-02
1.29025973e+00
-1.24065510e+00
0.00000000e+00
247
-1.12241907e+00
-3.90357556e-01
-7.32061512e-01
1.67181674e-01
-5.57539229e-01
0.00000000e+00
0.00000000e+00
0.00000000e+00
0.00000000e+00
0.00000000e+00
5.98323486e-01
-5.73830020e-01
-5.26491826e-01
3.76977361e+00
0.00000000e+00
0.00000000e+00
0.00000000e+00
0.00000000e+00
0.00000000e+00
0.00000000e+00
0.00000000e+00
0.00000000e+00
0.00000000e+00
0.00000000e+00
0.00000000e+00
0.00000000e+00
0.00000000e+00
0.00000000e+00
0.00000000e+00
0.00000000e+00
0.00000000e+00
0.00000000e+00
0.00000000e+00
0.00000000e+00
0.00000000e+00
0.00000000e+00
0.00000000e+00
0.00000000e+00
0.00000000e+00
0.00000000e+00
0.00000000e+00
8.17123167e-02
-1.85501208e-04
1.22032087e-01
-1.20607392e-02
-1.12274338e+00
9.80918622e-03
-2.03420093e-01
-1.09126494e-01
0.00000000e+00
0.00000000e+00
0.00000000e+00
0.00000000e+00
0.00000000e+00
0.00000000e+00
0.00000000e+00
-4.07708424e-01
-1.26156790e-01
-5.88553854e-01
2.65516755e+00
4.54025417e+00
0.00000000e+00
0.00000000e+00
0.00000000e+00
0.00000000e+00
0.00000000e+00
0.00000000e+00
1.16990408e-01
6.90599754e-02
-4.57915714e-01
-5.04675891e-01
-1.01441063e+00
-1.98663478e+00
-4.50649435e-01
0.00000000e+00
0.00000000e+00
0.00000000e+00
0.00000000e+00
0.00000000e+00
1.06389781e+00
-1.66101056e-02
-1.21305720e-01
-4.55035477e-01
-1.42944944e+00
-1.56459552e+00
8.94708214e+00
9.27624974e+00
9.22416066e+00
9.49352529e+00
9.19185876e+00
8.92453302e+00
1.99651896e-01
-2.25336475e-01
2.15899632e-01
3.48747851e-02
1.11663331e-01
-1.00275147e+00
2.23568153e-01
-2.01342640e-01
-7.17070502e-01
-9.24662772e-01
0.00000000e+00
-3.59083311e-01
0.00000000e+00
-3.13957478e+00
6.22504001e+00
0.00000000e+00
2.01715572e+00
1.33408919e+00
0.00000000e+00
-3.05948564e+00
-1.70400373e+00
-2.07358289e+00
-9.61649896e-01
-1.64153770e+00
-3.77758662e+00
0.00000000e+00
0.00000000e+00
0.00000000e+00
1.66370291e+00
2.43976431e-01
1.58835289e+00
3.53267915e-01
0.00000000e+00
1.43181257e+00
1.11462311e+00
1.72298080e+00
1.31350649e+00
0.00000000e+00
2.18877578e+00
1.09011276e+00
1.32545050e+00
1.38081528e+00
7.52856579e-01
1.11133602e+00
1.44567331e+00
-2.39981389e-02
3.66830406e-01
1.31378111e+00
-2.13102750e+00
-9.60761792e-01
0.00000000e+00
8.57769783e-01
4.93419915e-01
-3.38928939e-01
0.00000000e+00
0.00000000e+00
0.00000000e+00
5.14476536e-01
4.34076859e-01
2.65150994e-01
4.24604952e-01
0.00000000e+00
7.58267651e-01
1.83946030e-01
9.13560362e-01
2.26962666e-01
0.00000000e+00
2.63703999e-01
6.42180290e-02
1.63474806e-02
7.10639295e-01
8.26180279e-01
6.66880534e-01
5.21920231e-01
4.99939666e-01
6.91578899e-01
2.08787744e-01
-1.17026571e+00
0.00000000e+00
-7.83396806e-01
5.62133912e-02
-1.64655912e+00
-7.43241935e-01
0.00000000e+00
4.28752856e-01
1.02602414e+00
-9.03317189e-01
0.00000000e+00
0.00000000e+00
6.71880086e-01
-2.60318759e+00
0.00000000e+00
0.00000000e+00
0.00000000e+00
-1.87471736e-01
2.26537371e+00
3.38582987e-01
7.46733764e-02
0.00000000e+00
1.39136309e+00
1.19382770e+00
1.33712198e-01
-2.10027037e-01
0.00000000e+00
7.82813682e-01
1.67552373e+00
1.26148529e+00
1.48890850e+00
-2.45905210e-01
1.53594263e-01
3.17966010e-01
0.00000000e+00
9.45343405e-01
1.29761468e+00
-9.55343515e-01
-5.00868614e-01
3.73946318e-01
-4.34952491e-01
0.00000000e+00
-3.74099237e-01
0.00000000e+00
0.00000000e+00
0.00000000e+00
6.47903117e-01
0.00000000e+00
0.00000000e+00
1.15059475e+00
0.00000000e+00
6.54633348e-01
1.03118755e+00
4.70572598e-01
1.17948682e+00
0.00000000e+00
5.80270458e-01
8.92038449e-01
0.00000000e+00
7.45251100e-01
0.00000000e+00
0.00000000e+00
7.11757501e-01
0.00000000e+00
0.00000000e+00
6.84814795e-01
-4.54474901e-01
1.13524411e+00
2.45893011e-01
0.00000000e+00
-1.64784408e+00
-4.60781282e-01
7.77707901e-01
0.00000000e+00
0.00000000e+00
-1.18706280e+00
3.01661487e+00
0.00000000e+00
0.00000000e+00
6 -999999999 4 0 -1
2 0 2 1 -1
-4.9642e-01 5.0163e-01
356
-5.91008887e-02
0.00000000e+00
0.00000000e+00
0.00000000e+00
0.00000000e+00
0.00000000e+00
0.00000000e+00
0.00000000e+00
0.00000000e+00
0.00000000e+00
0.00000000e+00
0.00000000e+00
0.00000000e+00
0.00000000e+00
0.00000000e+00
0.00000000e+00
-1.85546191e-01
1.26445302e-01
-9.45779330e-02
-1.90856909e-01
0.00000000e+00
0.00000000e+00
0.00000000e+00
0.00000000e+00
0.00000000e+00
0.00000000e+00
0.00000000e+00
0.00000000e+00
3.09102979e-02
1.02668330e-01
-2.28156561e-01
4.59773791e-01
-5.18874680e-01
-2.26771427e+00
-1.52819296e+00
9.79675657e-01
2.35027002e-02
1.56642939e+00
5.59016242e-02
1.16105868e+00
1.24162653e+00
0.00000000e+00
0.00000000e+00
0.00000000e+00
0.00000000e+00
0.00000000e+00
0.00000000e+00
0.00000000e+00
0.00000000e+00
0.00000000e+00
0.00000000e+00
-2.28053441e-01
-4.95418952e-02
-6.73822589e-01
0.00000000e+00
0.00000000e+00
0.00000000e+00
0.00000000e+00
-2.01994413e-01
-9.35376865e-02
-1.28636369e-01
2.99174077e-01
1.46113523e-01
1.86766039e-01
2.54548216e-01
-3.67772556e-01
-1.29131845e-01
-2.88837151e-01
0.00000000e+00
0.00000000e+00
0.00000000e+00
0.00000000e+00
0.00000000e+00
0.00000000e+00
4.77633864e-02
1.47428083e-02
-5.04667834e-03
-1.04371506e-01
-3.01794672e-05
1.52778938e-01
0.00000000e+00
0.00000000e+00
0.00000000e+00
0.00000000e+00
0.00000000e+00
0.00000000e+00
0.00000000e+00
-4.30707756e-01
-3.16104042e-01
6.88128871e-01
-1.93412410e-02
-1.63845507e-01
-1.06092423e-01
-1.64635258e-01
-6.16252886e-01
-4.42999496e-01
1.44398820e-01
1.64181954e-01
-5.16593247e-01
-5.26055568e-02
4.31845028e-02
1.71866098e-01
1.00483070e+00
2.15923071e-01
9.65834498e-01
6.63990352e-01
0.00000000e+00
0.00000000e+00
0.00000000e+00
0.00000000e+00
0.00000000e+00
0.00000000e+00
5.43956191e-01
5.43917346e-01
7.15722270e-01
-2.13758397e-01
-7.59508234e-01
-1.85526456e+00
2.33507618e+00
8.63873412e-01
-4.71752290e-01
-9.47008850e-01
-4.67395254e-01
-2.57071058e+00
1.32772018e+00
3.35266616e-01
2.26173658e-01
-1.80847317e-01
-6.97508331e-01
-4.75978662e-01
2.69129781e+00
2.87708059e+00
2.84016948e+00
2.82874988e+00
3.09505488e+00
2.75313735e+00
4.33705060e-01
5.61155588e-01
3.77083027e-01
1.01836280e+00
6.67413698e-01
-3.75494653e-01
3.46547740e-01
-1.60645899e-01
-3.79759380e-01
4.36443701e-02
3.80083699e-02
2.90198920e-01
0.00000000e+00
0.00000000e+00
0.00000000e+00
0.00000000e+00
-1.25791738e+00
2.73508444e+00
0.00000000e+00
0.00000000e+00
1.19881649e+00
4.10468280e-01
0.00000000e+00
0.00000000e+00
1.37967414e-01
-7.20518641e-03
-1.16290280e+00
-7.15886054e-01
-1.02493539e+00
0.00000000e+00
0.00000000e+00
0.00000000e+00
7.53996795e-01
5.00442972e-02
-8.36338356e-01
6.86645225e-01
-1.58170153e+00
4.18769013e-01
4.38777613e-01
-2.54963438e-01
1.40074561e+00
0.00000000e+00
1.06552213e+00
3.60423982e-01
-3.35874999e-01
-2.24674304e-01
-1.93204331e+00
8.93577428e-02
-1.30150889e-01
-1.12034421e+00
-4.93451961e-01
6.20325198e-01
-1.33716807e-01
0.00000000e+00
0.00000000e+00
0.00000000e+00
-6.81009860e-02
-3.19694545e-01
8.49036910e-03
-2.22738385e-01
2.24505301e-01
-2.42059275e-02
-1.44305678e-01
2.11682035e-01
-2.58640305e-01
0.00000000e+00
-2.27952633e-01
-1.10296427e-01
6.05301759e-02
1.92028487e-01
2.37755208e-01
4.31456630e-02
-8.09450790e-03
1.42132296e-01
2.67357800e-01
-1.37314747e-01
-3.82986909e-01
2.47648626e-02
0.00000000e+00
0.00000000e+00
0.00000000e+00
-5.36731829e-02
1.21015572e-01
-4.25775261e-02
9.57249867e-02
0.00000000e+00
0.00000000e+00
0.00000000e+00
2.39293145e-01
8.07643322e-01
-3.56874781e-01
2.73251407e-01
6.66762022e-02
6.54651176e-02
1.90179355e-01
-9.86904539e-01
5.70574079e-01
0.00000000e+00
7.15360160e-01
2.54929682e-01
-1.12823018e-02
-6.85545530e-01
-3.94719858e-01
-5.27487694e-01
-8.74311761e-02
-7.23038498e-03
-4.36201923e-01
4.06030703e-01
-4.07751772e-01
0.00000000e+00
0.00000000e+00
0.00000000e+00
-6.41948478e-01
1.13202552e-01
0.00000000e+00
0.00000000e+00
0.00000000e+00
5.64525040e-01
-1.80716848e-01
-2.70605640e-01
-7.55151029e-01
0.00000000e+00
0.00000000e+00
0.00000000e+00
-7.23091240e-01
0.00000000e+00
0.00000000e+00
0.00000000e+00
-9.41549292e-01
-5.95474267e-01
-3.44762521e-01
-1.21286201e-01
-1.03210601e+00
9.02002597e-01
3.29595123e-01
-1.95988293e-01
-1.20525987e-01
0.00000000e+00
-2.15999407e-01
1.09192231e+00
-5.74005079e-01
6.40506719e-01
-3.54197063e-02
-3.43209105e-02
7.35900463e-04
-2.72470221e-01
7.05582510e-01
9.04714943e-02
-3.07185855e-01
0.00000000e+00
0.00000000e+00
0.00000000e+00
4.61368732e-02
-6.14944606e-02
-1.13485602e-01
-9.95412863e-02
2.58719643e-01
-1.39951075e-02
-4.90214585e-02
-3.19536545e-02
5.25255129e-02
0.00000000e+00
-1.78325668e-02
-9.72362415e-02
2.05899001e-01
4.48295673e-02
-3.59115794e-01
-1.51343676e-02
2.06516323e-02
5.00434902e-02
-1.43024633e-01
1.58435973e-02
-3.19748885e-01
9.72429924e-02
0.00000000e+00
0.00000000e+00
0.00000000e+00
-3.28299938e-02
1.26203176e-01
3.86981060e-03
2.48302992e-01
0.00000000e+00
0.00000000e+00
0.00000000e+00
-1.04722413e-01
3.03387525e-02
1.86267210e-01
-5.34604612e-02
-3.69323791e-02
-2.32195415e-01
-2.91125875e-01
6.45011223e-01
-3.83460215e-01
0.00000000e+00
-3.79095666e-01
2.48375399e-01
-1.61565855e-01
1.58260566e-01
2.20025920e-01
4.44863651e-01
4.97862088e-02
2.05549312e-02
7.35069069e-02
-1.86129496e-01
-4.16991878e-01
0.00000000e+00
5.07223941e-02
-2.26693034e-01
-4.03342355e-01
-1.04448179e-01
0.00000000e+00
0.00000000e+00
0.00000000e+00
-3.92962687e-02
-4.57062416e-02
-1.94456685e-02
-2.98894176e-01
0.00000000e+00
0.00000000e+00
0.00000000e+00
247
-1.29454513e-01
0.00000000e+00
0.00000000e+00
0.00000000e+00
0.00000000e+00
0.00000000e+00
0.00000000e+00
0.00000000e+00
0.00000000e+00
0.00000000e+00
0.00000000e+00
0.00000000e+00
0.00000000e+00
0.00000000e+00
-9.93104904e-02
-3.01440228e-02
3.04761408e-02
-1.29786631e-01
-6.66482524e-02
0.00000000e+00
0.00000000e+00
0.00000000e+00
0.00000000e+00
0.00000000e+00
0.00000000e+00
0.00000000e+00
0.00000000e+00
-1.29454513e-01
0.00000000e+00
1.47250365e+00
-1.60195816e+00
0.00000000e+00
-9.36406579e-02
-5.53752096e-01
0.00000000e+00
0.00000000e+00
0.00000000e+00
0.00000000e+00
0.00000000e+00
0.00000000e+00
0.00000000e+00
0.00000000e+00
0.00000000e+00
-2.60167678e-02
1.28798849e-02
1.27408243e-01
-4.98157761e-03
-2.48996443e-01
-5.47597027e-04
0.00000000e+00
0.00000000e+00
0.00000000e+00
0.00000000e+00
0.00000000e+00
0.00000000e+00
0.00000000e+00
-2.92909806e-01
-2.11225872e-01
3.75135862e-01
9.05410273e-01
9.75769277e-01
0.00000000e+00
0.00000000e+00
0.00000000e+00
0.00000000e+00
0.00000000e+00
0.00000000e+00
4.97120467e-01
4.76623432e-01
3.99501945e-01
-8.45439262e-02
-7.13047215e-01
-1.61051949e+00
2.03502364e+00
-1.81692933e-01
-1.37602584e-01
-1.12483919e+00
1.54297741e-01
-2.29272463e+00
6.88566618e-01
2.83845524e-01
-1.05848993e-02
3.78376491e-02
-4.80441702e-01
-7.69090188e-02
3.54931473e+00
3.62284573e+00
3.53339785e+00
3.60192092e+00
3.78865763e+00
3.39903003e+00
4.90689680e-01
4.90052179e-01
5.32259196e-01
4.72053969e-01
3.07777197e-01
-8.17835176e-01
3.68014860e-01
-1.71519559e-02
1.00154660e-01
-2.75882872e-01
-8.24009491e-02
-4.95553114e-01
0.00000000e+00
-1.54753796e+00
2.91434747e+00
0.00000000e+00
1.41808345e+00
3.65855695e-01
0.00000000e+00
0.00000000e+00
-1.59232572e-01
-8.75632214e-01
-5.12251267e-01
-5.92972523e-01
-1.03486479e+00
0.00000000e+00
0.00000000e+00
0.00000000e+00
2.33119320e-01
-5.46081847e-01
-9.63941908e-02
-9.20362593e-02
-1.40875728e+00
4.88912004e-01
4.58911703e-02
7.15483147e-02
6.47663106e-01
0.00000000e+00
6.85374326e-01
9.11937541e-01
-3.58054084e-01
2.93740183e-01
-5.54228955e-01
3.47558076e-02
1.22931216e-01
-1.18951744e+00
-3.76608600e-01
5.09408916e-02
-3.34426386e-01
2.12139896e-01
0.00000000e+00
0.00000000e+00
0.00000000e+00
-2.48764821e-01
0.00000000e+00
0.00000000e+00
0.00000000e+00
-9.51509106e-02
-3.82320970e-01
1.13067256e-01
4.44459025e-02
1.14845626e-01
2.08533928e-02
-8.79900519e-02
2.01472967e-01
-4.82017259e-01
0.00000000e+00
-1.49823475e-02
-2.27253104e-01
-1.39699428e-01
7.50787133e-02
3.95632152e-01
1.74538635e-02
-1.15780309e-01
1.68553163e-01
2.89377960e-01
-1.44351436e-01
-5.46566283e-01
0.00000000e+00
0.00000000e+00
6.21554089e-02
-7.00438400e-01
-3.71372468e-01
0.00000000e+00
0.00000000e+00
0.00000000e+00
-3.29065932e-01
0.00000000e+00
0.00000000e+00
-1.76451036e-01
-1.10522379e+00
0.00000000e+00
0.00000000e+00
0.00000000e+00
-4.89412458e-01
4.92970477e-02
-1.55681088e-01
-4.75723597e-01
-7.23194816e-01
5.70246965e-01
4.56779955e-02
-9.87288080e-02
2.62821951e-01
0.00000000e+00
-5.75635445e-02
7.59455192e-01
-7.30355394e-01
6.76394628e-01
-4.56907116e-01
-9.64387396e-02
3.50532108e-01
-4.38486572e-01
-7.91762069e-03
-8.92399251e-02
-2.65002222e-01
2.99537783e-01
0.00000000e+00
0.00000000e+00
0.00000000e+00
-3.42165722e-01
0.00000000e+00
0.00000000e+00
0.00000000e+00
1.24819973e-01
-1.53577407e-01
-1.02942894e-01
3.38414734e-01
2.17230344e-02
1.12199724e-01
1.72315701e-01
-2.11871105e-01
1.93898105e-01
0.00000000e+00
1.63595778e-01
-6.51097259e-02
3.72022410e-02
-2.48749948e-02
-6.34184042e-01
-1.81702949e-01
-1.21949627e-01
7.32237118e-02
-2.07718405e-01
1.24372427e-01
-5.64540005e-01
4.72369458e-02
1.46605703e-01
8.60644719e-02
-8.40221568e-01
-8.11789050e-01
0.00000000e+00
0.00000000e+00
0.00000000e+00
-2.84325181e-02
0.00000000e+00
0.00000000e+00
0.00000000e+00
1 1
-5.2157e-02 3.9539e-02
2 -1
0 6 
217
9.59012652e-01
-3.64712912e-01
-7.35401577e-01
-1.05639508e+00
7.40297846e-01
-8.00392093e-01
1.09158045e-01
6.63758302e-01
9.21167808e-02
5.11699403e-01
0.00000000e+00
0.00000000e+00
0.00000000e+00
0.00000000e+00
6.13967663e-01
-5.48082852e-03
2.06964984e-01
-1.17595670e-01
4.44352720e-03
1.95554315e-01
9.46408963e-01
-8.82171836e-03
-5.80515511e-01
-4.83768305e-01
-4.96432731e-04
8.99297064e-01
0.00000000e+00
0.00000000e+00
0.00000000e+00
0.00000000e+00
0.00000000e+00
0.00000000e+00
0.00000000e+00
8.97107680e-01
1.06641333e+00
0.00000000e+00
-3.32567284e-01
3.98222121e-01
8.93357815e-01
0.00000000e+00
0.00000000e+00
0.00000000e+00
0.00000000e+00
0.00000000e+00
-3.32567284e-01
4.96881587e-01
-9.86594656e-02
8.93357815e-01
0.00000000e+00
0.00000000e+00
0.00000000e+00
0.00000000e+00
0.00000000e+00
0.00000000e+00
0.00000000e+00
0.00000000e+00
0.00000000e+00
0.00000000e+00
0.00000000e+00
0.00000000e+00
8.93357815e-01
-9.86594656e-02
4.96881587e-01
0.00000000e+00
5.97867835e-01
0.00000000e+00
-3.76268828e-01
8.36872615e-01
1.76650823e+00
-1.93213936e-01
0.00000000e+00
1.64314302e-01
-1.05161359e+00
9.36696729e-01
-8.44616542e-01
0.00000000e+00
0.00000000e+00
0.00000000e+00
0.00000000e+00
0.00000000e+00
0.00000000e+00
0.00000000e+00
0.00000000e+00
0.00000000e+00
0.00000000e+00
0.00000000e+00
0.00000000e+00
0.00000000e+00
0.00000000e+00
0.00000000e+00
0.00000000e+00
0.00000000e+00
0.00000000e+00
0.00000000e+00
0.00000000e+00
0.00000000e+00
0.00000000e+00
0.00000000e+00
0.00000000e+00
0.00000000e+00
0.00000000e+00
0.00000000e+00
0.00000000e+00
0.00000000e+00
0.00000000e+00
0.00000000e+00
0.00000000e+00
0.00000000e+00
0.00000000e+00
0.00000000e+00
0.00000000e+00
0.00000000e+00
0.00000000e+00
0.00000000e+00
0.00000000e+00
0.00000000e+00
0.00000000e+00
0.00000000e+00
0.00000000e+00
-1.29056890e+00
-4.80499332e-01
-3.05665452e+00
0.00000000e+00
0.00000000e+00
0.00000000e+00
3.30919845e+00
-4.13154477e-01
1.30214445e+00
1.12484899e+00
-9.43056678e-02
1.97722604e+00
1.20524052e+00
1.91967385e+00
1.46484919e+00
0.00000000e+00
2.03866627e+00
2.04824748e+00
-6.26860972e-01
9.83827983e-01
4.75173039e-01
1.85996345e+00
1.70452395e+00
-5.31098107e-01
5.56213772e-01
1.67085119e+00
-4.88025188e-01
0.00000000e+00
0.00000000e+00
0.00000000e+00
2.56178104e-01
-2.03410961e-01
2.31138065e-01
1.72006898e+00
-4.17072413e-02
5.78101370e-01
2.05903250e+00
1.56552932e+00
6.24358792e-01
0.00000000e+00
1.80523615e+00
-2.58180360e-01
1.03022840e+00
2.01673048e+00
2.06398260e+00
-7.35815082e-01
-3.72256135e-01
4.37782097e-01
7.96458350e-01
1.62714086e+00
-1.15906082e+00
0.00000000e+00
0.00000000e+00
0.00000000e+00
1.55176154e-01
-6.23939647e-02
-4.75449864e-01
-1.34889297e+00
-1.25865774e-01
4.90735374e-01
3.28723613e-01
4.57130924e-01
1.19102372e+00
0.00000000e+00
1.00000768e+00
1.97742675e+00
-3.57973509e-01
9.88502722e-01
1.29746149e-01
-7.77778259e-01
4.41839066e-01
-1.32946512e+00
-7.36400489e-02
6.85380345e-01
-5.94429458e-01
0.00000000e+00
0.00000000e+00
0.00000000e+00
6.25555978e-01
-1.94339207e-01
-1.08031866e+00
-4.64321698e-01
-2.12829273e-02
1.03943651e-01
-5.60498765e-01
-5.41310898e-01
1.02755302e-01
0.00000000e+00
8.28626639e-02
9.77205290e-01
6.80504692e-03
1.09636846e+00
-4.47502112e-01
7.29938687e-01
-8.75599720e-01
7.79401437e-01
5.60338827e-01
6.47417027e-01
136
1.28205094e+00
6.45417760e-01
-6.36643419e-03
2.23083906e-01
1.14507039e-03
2.32706641e-01
4.81867236e-04
1.80842630e-01
-3.03877687e-04
0.00000000e+00
0.00000000e+00
0.00000000e+00
0.00000000e+00
0.00000000e+00
0.00000000e+00
0.00000000e+00
1.60519490e-01
3.70475649e-01
7.51055798e-01
-2.73918465e-01
3.40593417e-01
1.21537598e+00
0.00000000e+00
0.00000000e+00
0.00000000e+00
0.00000000e+00
0.00000000e+00
-2.73918465e-01
6.11039935e-01
-2.70446518e-01
1.21537598e+00
0.00000000e+00
0.00000000e+00
0.00000000e+00
0.00000000e+00
0.00000000e+00
0.00000000e+00
0.00000000e+00
0.00000000e+00
0.00000000e+00
0.00000000e+00
0.00000000e+00
0.00000000e+00
0.00000000e+00
0.00000000e+00
0.00000000e+00
1.42464989e-01
-6.86829972e-01
1.33058261e-01
-6.41987349e-01
0.00000000e+00
0.00000000e+00
3.37121470e-01
-4.26289547e-01
2.13957955e-01
-4.96180166e-01
0.00000000e+00
0.00000000e+00
0.00000000e+00
0.00000000e+00
1.21537598e+00
-2.70446518e-01
6.11039935e-01
0.00000000e+00
0.00000000e+00
0.00000000e+00
0.00000000e+00
0.00000000e+00
0.00000000e+00
0.00000000e+00
0.00000000e+00
0.00000000e+00
0.00000000e+00
0.00000000e+00
0.00000000e+00
0.00000000e+00
0.00000000e+00
0.00000000e+00
0.00000000e+00
0.00000000e+00
0.00000000e+00
0.00000000e+00
0.00000000e+00
0.00000000e+00
0.00000000e+00
0.00000000e+00
-6.86668428e-01
-9.69045137e-01
-2.29400019e+00
0.00000000e+00
0.00000000e+00
0.00000000e+00
2.39153376e+00
-3.60392716e-01
1.36038613e+00
1.77239681e+00
-1.11072976e+00
1.87106695e+00
1.78783000e+00
2.19045216e+00
1.28501302e+00
0.00000000e+00
2.62731072e+00
2.00069852e+00
2.00905921e-01
1.84779374e+00
1.72596776e+00
1.82798370e+00
1.93967750e+00
-8.73832194e-01
3.91795526e-01
2.05233346e+00
-2.12566690e+00
0.00000000e+00
0.00000000e+00
0.00000000e+00
1.21054573e+00
2.26498051e+00
4.88827862e-01
6.24115781e-01
-7.15222239e-01
1.29784912e+00
1.16856163e+00
1.10469861e+00
8.65684837e-02
0.00000000e+00
1.83905187e+00
2.59342312e+00
-6.67481600e-02
1.05356287e+00
5.66479124e-02
7.82274197e-01
9.87234080e-01
-7.98213340e-01
3.33415605e-01
1.27591255e+00
3 1
-3.6298e-01 1.5940e-01
3 0
0 6 1 
217
1.58634522e-01
-2.41572813e-01
4.84223302e-01
3.03461935e-01
4.16368105e-01
-3.68219222e-01
1.02502423e-01
-2.18470175e-01
-3.18480907e-01
-4.09466145e-05
-4.87207873e-01
6.19750231e-01
4.45452774e-01
3.31957197e-01
7.35731383e-01
-1.25802758e-02
6.42673684e-01
7.61688787e-01
-8.18419946e-03
2.31651670e-01
-7.21507150e-01
3.61956588e-03
5.27139696e-01
0.00000000e+00
0.00000000e+00
0.00000000e+00
0.00000000e+00
0.00000000e+00
0.00000000e+00
0.00000000e+00
0.00000000e+00
0.00000000e+00
0.00000000e+00
1.39520670e-01
1.91138512e-02
0.00000000e+00
0.00000000e+00
-6.19897127e-01
3.13262893e-01
4.17238053e-01
0.00000000e+00
0.00000000e+00
0.00000000e+00
0.00000000e+00
0.00000000e+00
-1.60577700e-01
-2.82531884e-01
-2.08530257e-01
0.00000000e+00
2.90301345e-01
2.31491806e-01
4.17238053e-01
0.00000000e+00
0.00000000e+00
0.00000000e+00
0.00000000e+00
0.00000000e+00
0.00000000e+00
0.00000000e+00
0.00000000e+00
4.99009140e-01
-2.27827620e-01
-1.60577700e-01
0.00000000e+00
-1.79796918e-01
0.00000000e+00
2.96054103e-01
8.94607306e-01
4.23773367e-02
6.42521083e-01
0.00000000e+00
9.66803830e-04
-6.12395901e-01
4.08825271e-01
-5.72051363e-01
-2.51157553e-01
2.13641423e-02
-2.75894791e-01
-3.27714349e-01
-5.06108420e-01
5.59306166e-01
6.55242073e-02
2.02937496e-01
4.74470463e-01
0.00000000e+00
0.00000000e+00
0.00000000e+00
0.00000000e+00
0.00000000e+00
0.00000000e+00
0.00000000e+00
0.00000000e+00
0.00000000e+00
0.00000000e+00
0.00000000e+00
0.00000000e+00
0.00000000e+00
0.00000000e+00
0.00000000e+00
0.00000000e+00
0.00000000e+00
0.00000000e+00
0.00000000e+00
0.00000000e+00
0.00000000e+00
0.00000000e+00
0.00000000e+00
0.00000000e+00
0.00000000e+00
0.00000000e+00
0.00000000e+00
0.00000000e+00
0.00000000e+00
0.00000000e+00
0.00000000e+00
0.00000000e+00
0.00000000e+00
0.00000000e+00
0.00000000e+00
-6.99005164e-01
-2.72152258e+00
-7.21852087e-01
0.00000000e+00
0.00000000e+00
0.00000000e+00
5.42575281e-01
-1.34503198e+00
-5.13999994e-02
1.41461754e-02
-1.68683732e+00
1.88317592e-01
2.61699971e-01
5.40688401e-01
3.45607976e-01
0.00000000e+00
1.06409431e+00
-1.86959913e-01
-1.14845496e+00
3.34391217e-01
6.60871006e-01
6.13180586e-01
3.97423721e-01
-1.48949844e+00
-3.73916794e-01
5.97251086e-01
-1.83208514e-01
0.00000000e+00
0.00000000e+00
0.00000000e+00
2.53166001e-01
-2.64999918e-01
-3.56084601e-03
4.09192588e-01
-3.97183084e-01
2.08549965e-01
1.60792126e-01
1.16242112e-01
-3.97106946e-03
0.00000000e+00
-5.34551515e-02
3.16140785e-01
1.73588040e-01
1.62625418e-02
-1.02465386e-01
-1.11864133e-01
-3.43447748e-02
-5.79963300e-01
-2.18106168e-01
-6.72288424e-02
-2.49861709e+00
0.00000000e+00
0.00000000e+00
0.00000000e+00
-2.56667840e-01
1.10358460e+00
-7.34178442e-01
1.18119521e-01
-6.03644067e-01
4.71553132e-01
-1.82143855e-01
-3.95240732e-02
-2.71373951e-01
0.00000000e+00
1.03087346e-01
1.76330234e+00
-7.32180762e-01
2.79639964e-01
-1.39089115e+00
-1.46574948e-01
-2.33322990e-01
-7.92726549e-01
-7.91813635e-01
-1.62861746e-01
5.48501473e-02
0.00000000e+00
0.00000000e+00
0.00000000e+00
1.42624728e-01
-3.56840066e-02
7.41059558e-02
-2.87196975e-01
-7.19302876e-01
2.71741295e-01
5.71910163e-01
1.43710462e-01
3.75404892e-01
0.00000000e+00
6.82416028e-02
-1.58657369e-01
-6.47610891e-01
1.02342073e-02
6.81337993e-01
1.57035532e-01
7.61857893e-02
-7.50879324e-01
7.40622282e-02
7.58674022e-03
136
5.75644413e-01
2.85635305e-01
-4.50572478e-03
1.56817076e-01
1.59905606e-03
3.30742900e-01
-2.44028266e-04
-1.97550868e-01
1.02433059e-02
0.00000000e+00
0.00000000e+00
0.00000000e+00
0.00000000e+00
0.00000000e+00
0.00000000e+00
0.00000000e+00
3.41571491e+00
3.48305564e+00
0.00000000e+00
-6.18424059e-01
-2.77386894e-01
5.88139302e-01
8.83316064e-01
0.00000000e+00
0.00000000e+00
0.00000000e+00
0.00000000e+00
-6.18424059e-01
-5.02322966e-02
1.51817832e-01
8.93003883e-01
-3.78972430e-01
3.65303172e-01
-6.70167753e-01
8.83316064e-01
0.00000000e+00
0.00000000e+00
0.00000000e+00
0.00000000e+00
0.00000000e+00
0.00000000e+00
0.00000000e+00
0.00000000e+00
0.00000000e+00
0.00000000e+00
0.00000000e+00
0.00000000e+00
-3.12618873e-01
2.69731913e-01
-3.19357676e-01
-1.18757167e+00
0.00000000e+00
-6.82325613e-01
-6.16480223e-01
1.31489673e-01
-6.98851891e-01
2.38304787e-01
1.37860573e-01
7.24402862e-01
2.88539398e-02
-1.02429065e-01
-8.97322351e-01
-5.02322966e-02
0.00000000e+00
0.00000000e+00
0.00000000e+00
0.00000000e+00
0.00000000e+00
0.00000000e+00
0.00000000e+00
0.00000000e+00
0.00000000e+00
0.00000000e+00
0.00000000e+00
0.00000000e+00
0.00000000e+00
0.00000000e+00
0.00000000e+00
0.00000000e+00
0.00000000e+00
0.00000000e+00
0.00000000e+00
0.00000000e+00
0.00000000e+00
0.00000000e+00
0.00000000e+00
-8.87801076e-01
-1.70448628e+00
-1.10703683e+00
0.00000000e+00
0.00000000e+00
0.00000000e+00
9.38199929e-01
-2.33911358e+00
1.97624832e-01
3.85902757e-01
-2.78342621e+00
5.71266874e-01
4.75586090e-01
9.95181484e-01
1.02045457e-01
0.00000000e+00
1.16797922e+00
1.01441372e-01
-1.12366377e+00
4.73457873e-01
8.26770347e-01
6.77612875e-01
5.44976994e-01
-2.19963662e+00
-7.05007087e-01
5.85764323e-01
-1.81790447e+00
0.00000000e+00
0.00000000e+00
0.00000000e+00
4.37311290e-01
1.58072641e+00
-1.13231598e-01
-5.82080059e-02
-1.96368968e+00
3.28590848e-01
-8.01640458e-02
3.67988979e-01
-7.55995946e-01
0.00000000e+00
7.69168684e-01
8.15248715e-01
-9.18243315e-01
2.37705974e-01
-6.53368220e-01
1.07735662e-01
6.20351756e-02
-1.84040005e+00
-4.94679710e-01
3.53564360e-01
5 1
-6.8607e-01 2.3926e-01
4 0
0 6 1 3 
217
-5.14880158e-01
-2.77542272e-01
8.78834405e-01
-3.62627649e-01
8.86388119e-02
-3.83310678e-03
7.66512459e-02
-9.06883927e-02
-5.18275692e-01
5.65162641e-01
1.80167203e-01
5.94843645e-02
0.00000000e+00
0.00000000e+00
1.01806665e+00
-2.71290126e-02
4.10917592e-01
5.84135286e-01
-4.50186296e-03
1.59937789e-03
-6.35088464e-01
-5.74402081e-04
4.32565694e-01
0.00000000e+00
0.00000000e+00
0.00000000e+00
0.00000000e+00
0.00000000e+00
0.00000000e+00
0.00000000e+00
0.00000000e+00
0.00000000e+00
0.00000000e+00
-1.34940685e-01
-3.79939473e-01
0.00000000e+00
0.00000000e+00
-4.52216144e-01
-3.58578274e-01
2.79763797e-02
3.75612240e-01
0.00000000e+00
0.00000000e+00
0.00000000e+00
0.00000000e+00
-3.90537040e-01
-1.14391575e-01
1.28507934e-01
0.00000000e+00
9.58776235e-02
0.00000000e+00
-2.39094622e-01
0.00000000e+00
-1.87409731e-01
-3.58466935e-01
4.25147400e-01
0.00000000e+00
2.66223112e-01
0.00000000e+00
3.75612240e-01
2.14467536e-01
-4.10852914e-02
-5.80588044e-01
0.00000000e+00
-9.89207074e-01
0.00000000e+00
2.90147063e-01
9.87644279e-01
1.84179852e-01
4.72568588e-01
0.00000000e+00
-3.25847630e-01
-7.88022467e-01
1.05600784e-01
-5.65154840e-01
-2.94633312e-01
-3.78114735e-01
-1.96769560e-01
-4.10696019e-01
3.81208031e-01
4.18877189e-01
2.45389137e-01
-3.26291769e-01
-3.77654438e-01
-8.03205249e-01
2.49199494e-01
9.73022045e-02
-5.81553756e-02
-3.08450329e-02
9.72809727e-02
1.04336333e-01
0.00000000e+00
0.00000000e+00
0.00000000e+00
0.00000000e+00
0.00000000e+00
0.00000000e+00
0.00000000e+00
0.00000000e+00
0.00000000e+00
0.00000000e+00
0.00000000e+00
0.00000000e+00
0.00000000e+00
0.00000000e+00
0.00000000e+00
0.00000000e+00
0.00000000e+00
0.00000000e+00
0.00000000e+00
0.00000000e+00
0.00000000e+00
0.00000000e+00
0.00000000e+00
0.00000000e+00
0.00000000e+00
0.00000000e+00
0.00000000e+00
0.00000000e+00
-7.52006067e-01
-2.41328774e+00
-9.24267851e-01
0.00000000e+00
0.00000000e+00
0.00000000e+00
7.60450578e-01
-1.23742514e+00
3.14074778e-01
-2.02599220e-02
-1.33789349e+00
1.45056517e-01
6.48474775e-01
6.78933919e-01
-5.94909464e-02
0.00000000e+00
9.39048825e-01
1.43563996e-01
-1.25775803e+00
1.91468065e-01
6.00901087e-01
2.06740941e-01
3.93122780e-01
-1.80015723e+00
-5.79959676e-01
3.46840329e-01
-1.22755877e-01
0.00000000e+00
0.00000000e+00
0.00000000e+00
2.75047180e-01
-6.28306615e-01
-3.48344214e-01
5.39345577e-01
-1.92225028e+00
3.88427749e-01
2.67209051e-02
1.27609492e-01
7.20071969e-02
0.00000000e+00
1.61668863e-01
6.13609769e-02
3.31892380e-01
4.12186568e-01
-2.15943635e-01
2.48515995e-01
2.17200313e-01
-2.36760498e-01
5.37101543e-02
3.13156019e-01
-2.30676357e+00
0.00000000e+00
0.00000000e+00
0.00000000e+00
-4.09678376e-01
2.46381839e+00
6.02602618e-02
6.97746387e-01
-5.18872330e-01
5.02450380e-01
-1.39231465e-01
1.27935643e-01
-6.18940809e-01
0.00000000e+00
1.68194696e-01
2.10476244e+00
-1.22558554e+00
-2.36394384e-01
-1.23559046e+00
-7.87484639e-01
-8.70710038e-01
-1.51412171e+00
-5.82195579e-01
-2.93126436e-01
-1.78638477e-02
0.00000000e+00
0.00000000e+00
0.00000000e+00
4.65400598e-01
-1.28217596e+00
2.89903945e-01
-8.06304875e-01
-6.58965961e-01
6.04537101e-01
9.38213483e-02
1.61924153e-01
2.55995996e-02
0.00000000e+00
1.58807110e-01
-7.59841306e-01
-3.47401653e-01
1.24914142e-01
5.75855265e-01
4.63824301e-01
4.03839947e-01
2.27850937e-01
-1.42740773e-01
3.83288235e-01
136
6.07884220e-01
2.84588786e-01
-3.66720021e-03
1.97167624e-01
1.08898655e-03
3.62352633e-01
6.10940312e-04
-2.36224822e-01
6.64857127e-02
0.00000000e+00
0.00000000e+00
0.00000000e+00
0.00000000e+00
0.00000000e+00
0.00000000e+00
0.00000000e+00
3.06594815e+00
3.15645640e+00
0.00000000e+00
-2.00096320e-01
-3.71365112e-01
-8.58418816e-02
7.60201902e-01
5.04985632e-01
0.00000000e+00
0.00000000e+00
0.00000000e+00
-2.00096320e-01
-3.40300106e-01
5.89346154e-01
9.07407741e-01
-3.25105884e-01
1.55983503e-01
-1.28339615e-01
1.74311479e-01
0.00000000e+00
-3.02612046e-01
-5.18831902e-01
6.01731565e-01
0.00000000e+00
4.56493456e-01
-4.72334598e-01
5.04985632e-01
0.00000000e+00
0.00000000e+00
0.00000000e+00
0.00000000e+00
-8.00152506e-01
3.29608411e-01
-2.54844211e-01
-1.19208478e+00
0.00000000e+00
-1.05039224e+00
-6.32607706e-01
7.08001294e-02
-6.24435656e-01
2.72403841e-01
1.68935968e-01
8.42435631e-01
1.03908298e-01
3.26176591e-01
-3.10271244e-01
3.41161422e-01
-3.07794881e-01
1.40281490e-01
9.82783149e-02
0.00000000e+00
0.00000000e+00
0.00000000e+00
0.00000000e+00
0.00000000e+00
0.00000000e+00
0.00000000e+00
0.00000000e+00
0.00000000e+00
0.00000000e+00
0.00000000e+00
0.00000000e+00
0.00000000e+00
0.00000000e+00
0.00000000e+00
0.00000000e+00
0.00000000e+00
0.00000000e+00
0.00000000e+00
0.00000000e+00
-9.09634535e-01
-1.81922846e+00
-1.12076312e+00
0.00000000e+00
0.00000000e+00
0.00000000e+00
8.91435557e-01
-2.24528409e+00
1.90018765e-01
4.32184142e-01
-2.68109416e+00
5.31148947e-01
4.58781890e-01
9.52502511e-01
1.99435370e-01
0.00000000e+00
1.13142660e+00
1.15266041e-01
-1.15858072e+00
4.08722936e-01
7.87893073e-01
6.41391655e-01
5.29240969e-01
-2.15138942e+00
-7.13272571e-01
5.59409388e-01
-1.89132717e+00
0.00000000e+00
0.00000000e+00
0.00000000e+00
3.30291899e-01
1.57715859e+00
-4.83901228e-01
-9.05279660e-02
-2.03124769e+00
2.12966376e-01
1.77680656e-01
3.42475185e-01
-4.88724420e-01
0.00000000e+00
6.96722403e-01
9.78095072e-01
-9.40804106e-01
2.44198166e-01
-5.37866442e-01
1.49935981e-01
1.22763851e-01
-1.86069529e+00
-4.85233094e-01
1.95384885e-01
19 2
-8.5107e-01 2.2929e-01
5 6
0 6 1 3 5 
217
-2.14344032e-01
-1.45258240e-01
8.52144847e-01
-5.02032883e-02
-6.90420572e-01
-4.13895074e-01
-4.91613398e-03
2.25184782e-01
1.78041704e-01
9.78184980e-02
3.51001444e-01
-1.80868170e-01
-4.80504746e-02
4.41179545e-01
0.00000000e+00
0.00000000e+00
0.00000000e+00
0.00000000e+00
0.00000000e+00
0.00000000e+00
0.00000000e+00
0.00000000e+00
0.00000000e+00
-3.79950601e-01
1.28698787e-04
6.34499475e-01
0.00000000e+00
0.00000000e+00
0.00000000e+00
0.00000000e+00
0.00000000e+00
0.00000000e+00
0.00000000e+00
-4.08512455e-01
-1.38697958e-01
3.32866381e-01
0.00000000e+00
-4.68663087e-01
-3.62803795e-01
-3.33491066e-01
1.41431413e-01
3.13404167e-01
0.00000000e+00
0.00000000e+00
0.00000000e+00
-1.77977622e-01
-4.47410326e-01
3.68029102e-01
0.00000000e+00
3.44587461e-01
-3.51206742e-01
5.61714932e-01
0.00000000e+00
-4.02907520e-01
-7.98594791e-01
3.78711784e-01
0.00000000e+00
-6.44237453e-02
0.00000000e+00
2.52480313e-01
-4.61499679e-03
-8.99352086e-02
-6.15572163e-01
-6.10003531e-01
-8.64555207e-01
0.00000000e+00
8.21337347e-01
8.38529051e-01
4.38877359e-01
1.01841997e+00
0.00000000e+00
-4.81143945e-02
-4.23251265e-01
8.37293755e-02
-9.67749529e-01
-2.49959013e-01
-3.47269874e-01
-2.17761026e-01
-4.01297032e-01
0.00000000e+00
0.00000000e+00
0.00000000e+00
3.68275847e-01
2.04464548e-01
5.33860219e-01
4.12512843e-03
4.08036090e-01
-6.59729251e-01
3.01593027e-02
-9.26001286e-02
-3.16664590e-01
5.46905376e-01
4.71176959e-02
-3.15092444e-01
-5.51930666e-01
-2.97016037e-01
-2.56436438e-01
-2.15415925e-01
0.00000000e+00
0.00000000e+00
0.00000000e+00
0.00000000e+00
0.00000000e+00
0.00000000e+00
0.00000000e+00
0.00000000e+00
0.00000000e+00
0.00000000e+00
0.00000000e+00
0.00000000e+00
0.00000000e+00
0.00000000e+00
0.00000000e+00
0.00000000e+00
0.00000000e+00
0.00000000e+00
0.00000000e+00
0.00000000e+00
0.00000000e+00
-6.12963996e-01
-2.43713024e+00
-7.12101647e-01
0.00000000e+00
0.00000000e+00
0.00000000e+00
3.55951849e-01
-6.40384884e-01
-1.81166960e-01
2.24960075e-02
-7.19133579e-01
3.49390477e-01
3.74374639e-01
1.24100937e-01
-5.86671429e-01
0.00000000e+00
7.12110174e-01
-4.88343501e-01
-9.12997689e-02
2.65355047e-01
2.37002790e-02
6.27640233e-01
5.34074509e-02
-6.88081271e-01
-4.68379115e-01
2.42831767e-01
-1.07829480e-01
0.00000000e+00
0.00000000e+00
0.00000000e+00
2.35774958e-01
-4.18999234e-01
-4.23140414e-02
2.93630776e-01
-7.29437897e-01
5.38601297e-02
8.31991129e-02
1.87479643e-01
3.14818138e-01
0.00000000e+00
1.96552183e-01
5.39542879e-02
-3.69866582e-01
1.08816360e-01
1.03061354e-01
3.21200900e-02
2.56340601e-01
-6.26618132e-01
-4.63394326e-02
2.06138207e-01
-1.95535943e+00
0.00000000e+00
0.00000000e+00
0.00000000e+00
-2.25082562e-02
1.37275492e+00
-5.37561475e-02
-3.44137597e-02
-3.95374805e-01
8.13863625e-02
-4.86056522e-01
2.05548243e-01
-6.29280751e-01
0.00000000e+00
5.64974038e-02
1.61570008e+00
-5.16413041e-01
-3.12466702e-01
-1.20328069e+00
-1.01792307e-01
1.60017591e-01
-5.02445537e-01
-4.03146922e-01
-7.86328588e-01
-1.64667482e-01
0.00000000e+00
0.00000000e+00
0.00000000e+00
8.14386077e-02
2.10325537e-02
-1.50507165e-01
-2.53231807e-01
-5.22535799e-01
-9.44696619e-03
9.15076463e-02
6.91642753e-02
-8.24657040e-02
0.00000000e+00
1.31822335e-01
2.10694031e-01
-3.26113504e-01
3.64140814e-01
3.16540457e-01
1.35823909e-01
-8.58459909e-02
-5.02073563e-01
-1.11160240e-02
3.56504412e-01
136
5.07794097e-01
0.00000000e+00
0.00000000e+00
4.30856855e-02
8.15334042e-03
1.12825794e-01
3.33123875e-03
3.45091816e-01
3.88459030e-04
0.00000000e+00
0.00000000e+00
0.00000000e+00
0.00000000e+00
0.00000000e+00
0.00000000e+00
0.00000000e+00
-1.97130647e-02
2.21086942e-02
5.05468919e-01
7.38313193e-02
-1.26655058e-01
-4.07043282e-02
1.35244675e-01
2.93329940e-01
1.72747549e-01
0.00000000e+00
0.00000000e+00
1.02330632e-01
-2.58925174e-01
-2.23687849e-02
6.34778371e-01
-1.40204916e-01
3.60038258e-01
-3.21453589e-01
1.17051073e-01
0.00000000e+00
-2.46703906e-01
-2.68436238e-01
4.73610086e-01
0.00000000e+00
2.99879313e-01
0.00000000e+00
7.20386813e-02
0.00000000e+00
0.00000000e+00
0.00000000e+00
-3.81214737e-01
-5.62757869e-01
5.22559219e-01
-3.75801299e-02
-6.01351078e-01
0.00000000e+00
2.21423272e-02
-1.83710583e-01
3.23845578e-01
-6.97105687e-01
2.51633356e-01
1.21356307e-01
5.55626077e-01
1.79901130e-01
1.13699137e-01
2.47953335e-01
2.49556756e-01
-2.26275589e-01
1.64723412e-01
1.18431340e-01
-9.00045451e-03
3.90837869e-01
-1.94156212e-01
1.74146581e-01
-1.44179889e-01
0.00000000e+00
0.00000000e+00
0.00000000e+00
0.00000000e+00
0.00000000e+00
0.00000000e+00
0.00000000e+00
0.00000000e+00
0.00000000e+00
0.00000000e+00
0.00000000e+00
0.00000000e+00
0.00000000e+00
0.00000000e+00
0.00000000e+00
-1.01235507e+00
-1.34536485e+00
-1.10085095e+00
0.00000000e+00
0.00000000e+00
0.00000000e+00
7.91013635e-01
-1.97293957e+00
2.49782028e-01
2.24588349e-01
-2.42101988e+00
6.04316171e-01
3.87642086e-01
9.57718234e-01
1.34634132e-02
0.00000000e+00
1.08088032e+00
2.85198514e-01
-9.41202936e-01
4.36439421e-01
7.01721377e-01
6.42298735e-01
4.13596396e-01
-2.33902401e+00
-6.91292168e-01
4.75968950e-01
-1.85072136e+00
0.00000000e+00
0.00000000e+00
0.00000000e+00
1.78196873e-01
2.00493235e+00
-2.51688683e-01
-1.72074344e-01
-1.93319318e+00
-2.60386339e-01
9.54442796e-02
1.86170017e-01
-4.98622252e-01
0.00000000e+00
5.32340029e-01
2.61256006e+00
-1.10390728e+00
4.41873892e-02
-7.14125814e-01
4.43747346e-02
-9.61275012e-02
-1.94523836e+00
-6.62053651e-01
8.84903097e-02
14 2
-8.9714e-01 2.4725e-01
6 6
0 6 1 3 5 19 
217
4.09508620e-03
-1.31944228e-01
4.89322419e-01
-2.42506397e-01
-6.12555411e-01
-1.87471723e-01
-3.33254246e-02
4.69608532e-01
4.34408918e-01
-1.09014551e-01
2.93647303e-01
-2.41576939e-01
-7.80802994e-02
-2.62225977e-01
0.00000000e+00
0.00000000e+00
0.00000000e+00
0.00000000e+00
0.00000000e+00
0.00000000e+00
0.00000000e+00
0.00000000e+00
0.00000000e+00
-1.67935763e-01
9.07832158e-04
4.15996926e-01
0.00000000e+00
0.00000000e+00
0.00000000e+00
0.00000000e+00
0.00000000e+00
0.00000000e+00
0.00000000e+00
-4.02468544e-01
-1.38845873e-01
5.45409503e-01
0.00000000e+00
-4.01381073e-01
-7.04527100e-02
1.43540423e-01
4.88199894e-02
3.34232605e-01
-5.06641485e-02
0.00000000e+00
0.00000000e+00
-1.12049919e-01
-3.14603547e-01
5.99836650e-01
0.00000000e+00
3.69287640e-01
-3.82925023e-01
2.21402913e-01
0.00000000e+00
-5.36237196e-01
-8.27796475e-01
5.68940732e-01
0.00000000e+00
2.06329286e-01
0.00000000e+00
3.42672363e-01
-1.39993863e-01
1.45541868e-01
-1.45291925e-03
-4.66008145e-01
-1.19007924e+00
0.00000000e+00
9.43583788e-01
9.74195591e-01
7.16598679e-01
1.03774915e+00
0.00000000e+00
-1.48267125e-01
-4.66749814e-01
3.20535044e-01
-9.86515112e-01
-1.68172833e-01
-4.70499123e-01
-1.63115403e-01
-4.34467944e-01
0.00000000e+00
0.00000000e+00
0.00000000e+00
5.67398826e-01
1.17012442e-02
3.63787880e-01
-5.77803919e-02
5.06688018e-01
-3.00187793e-01
1.86492915e-01
-1.72460845e-03
-3.62381402e-01
3.47313619e-01
1.45609153e-01
-4.51885311e-01
-5.18141012e-01
4.74526688e-02
2.93133269e-02
-1.89463561e-01
0.00000000e+00
1.76785244e-01
1.37924623e-01
-2.68139051e-01
6.31699059e-02
9.54488929e-02
-6.24980071e-02
0.00000000e+00
0.00000000e+00
0.00000000e+00
0.00000000e+00
0.00000000e+00
0.00000000e+00
0.00000000e+00
0.00000000e+00
0.00000000e+00
0.00000000e+00
0.00000000e+00
0.00000000e+00
0.00000000e+00
0.00000000e+00
-9.21289712e-01
-2.44914475e+00
-9.67136726e-01
0.00000000e+00
0.00000000e+00
0.00000000e+00
2.89418441e-01
-8.30075095e-01
-5.94706455e-02
-1.12002061e-01
-5.63203043e-01
5.09529761e-01
5.09608984e-01
4.59900646e-02
-3.71067208e-01
0.00000000e+00
4.02480518e-01
-3.05484511e-01
-2.06059495e-01
2.28974453e-01
-3.28425990e-01
6.62243478e-01
1.53376638e-01
-6.70835051e-01
-2.11337965e-01
-1.10797999e-01
-1.22106665e-01
0.00000000e+00
0.00000000e+00
0.00000000e+00
3.05763309e-01
-4.75371907e-01
-1.80042959e-01
3.32788201e-01
-8.87427140e-01
5.94798154e-02
4.00108608e-02
2.10409956e-01
2.66570232e-01
0.00000000e+00
3.23284877e-01
4.95253137e-02
-3.16300840e-01
1.24464520e-01
1.12499542e-01
8.52248448e-02
2.27161770e-01
-6.06205469e-01
-1.54795109e-01
3.60853518e-01
-1.97994478e+00
0.00000000e+00
0.00000000e+00
0.00000000e+00
-6.64640758e-01
1.53884808e+00
-9.55448015e-02
-1.12702107e-01
-4.69673571e-01
1.52195592e-01
-1.78639470e-01
-4.42732077e-01
-7.59235856e-01
0.00000000e+00
-3.10458737e-01
2.67925054e+00
-2.27736938e-01
-1.84433286e-01
-1.06437418e+00
-3.97392448e-01
4.73254483e-02
-4.86146342e-01
-4.61176007e-01
-5.42677866e-01
-1.52176878e-01
0.00000000e+00
0.00000000e+00
0.00000000e+00
3.34716201e-01
2.42647466e-02
-1.62115554e-01
-1.12597689e-01
-4.96274896e-01
-8.89286895e-02
-6.10809256e-02
3.27923967e-01
-1.86045900e-01
0.00000000e+00
2.46502403e-01
-1.95911714e-01
-3.27907620e-01
3.24636422e-01
2.37708282e-01
1.64318941e-01
1.45350660e-02
-5.40002504e-01
1.08174982e-01
2.35907603e-01
136
4.43868946e-01
0.00000000e+00
0.00000000e+00
5.05160004e-02
6.10004357e-03
1.35781590e-01
2.41298049e-03
2.58512325e-01
1.68468902e-04
0.00000000e+00
0.00000000e+00
0.00000000e+00
0.00000000e+00
0.00000000e+00
0.00000000e+00
0.00000000e+00
-3.22789529e-02
1.49189340e-02
4.61228965e-01
-1.58678882e-02
-7.89414653e-02
5.27583215e-02
7.45233865e-02
1.52403068e-02
3.38559778e-01
5.75965067e-02
0.00000000e+00
9.48851096e-02
-3.16472281e-01
2.40139655e-02
6.63024413e-01
-1.03273323e-01
3.83823025e-01
-6.83991203e-01
3.64534477e-01
0.00000000e+00
-4.38088883e-01
-2.91437822e-01
6.00792943e-01
0.00000000e+00
4.24904574e-01
0.00000000e+00
1.57605711e-01
0.00000000e+00
0.00000000e+00
0.00000000e+00
-7.27935260e-01
-6.68319773e-01
4.99521248e-01
-7.51791304e-02
-9.22090179e-01
0.00000000e+00
-1.20137699e-01
-2.19468160e-01
2.88311800e-01
-7.91842409e-01
1.72677874e-01
9.12909429e-02
7.50107396e-01
1.21542709e-01
4.21522223e-03
2.03732408e-01
2.02053737e-01
-1.93335567e-01
1.65762717e-01
1.42965450e-01
7.39474192e-02
3.65714302e-01
-1.36878304e-01
1.61237502e-01
-1.08743226e-01
0.00000000e+00
6.99947191e-01
-1.30462572e-01
3.99465388e-01
9.66847835e-02
0.00000000e+00
0.00000000e+00
0.00000000e+00
0.00000000e+00
0.00000000e+00
0.00000000e+00
0.00000000e+00
0.00000000e+00
0.00000000e+00
0.00000000e+00
-1.03715681e+00
-1.36504588e+00
-1.10277367e+00
0.00000000e+00
0.00000000e+00
0.00000000e+00
7.92146620e-01
-1.94838446e+00
2.48793395e-01
2.46974042e-01
-2.36572248e+00
5.72392321e-01
3.94766874e-01
9.29700539e-01
-6.70630521e-03
0.00000000e+00
1.06893362e+00
2.81244813e-01
-9.42842760e-01
4.12602349e-01
7.11028724e-01
5.99112234e-01
4.47629728e-01
-2.31612846e+00
-6.82044154e-01
4.53729687e-01
-1.84979776e+00
0.00000000e+00
0.00000000e+00
0.00000000e+00
1.89469268e-01
1.95807869e+00
-2.69187252e-01
-1.47039298e-01
-1.98453084e+00
-2.79202862e-01
8.99337938e-02
1.92189138e-01
-4.75786110e-01
0.00000000e+00
5.35852973e-01
2.58762167e+00
-1.17287513e+00
-1.89186063e-03
-7.03651638e-01
4.61780805e-02
-7.22516151e-02
-1.92341024e+00
-5.41187104e-01
1.21892570e-01
7 1
-9.0443e-01 3.1523e-01
7 1
0 6 1 3 5 19 14 
217
2.81793500e-01
-2.06653435e-01
3.70534017e-01
-2.62131952e-01
-2.79117613e-02
1.28484938e+00
1.04993897e+00
9.59131096e-01
0.00000000e+00
0.00000000e+00
0.00000000e+00
0.00000000e+00
0.00000000e+00
0.00000000e+00
5.55433963e-01
-3.10352332e-02
7.06489511e-01
5.62979085e-01
-2.21121297e-02
-1.21711445e-02
-7.93393049e-01
4.60355279e-03
4.66270059e-01
-4.32264987e-02
-2.51943612e-03
5.54111885e-01
0.00000000e+00
0.00000000e+00
0.00000000e+00
0.00000000e+00
0.00000000e+00
0.00000000e+00
0.00000000e+00
-4.95643090e-01
-4.17455645e-01
0.00000000e+00
0.00000000e+00
1.37492951e+00
-3.18615727e-02
-6.72683967e-01
-7.96570380e-01
-2.50938185e-01
-1.65560131e+00
0.00000000e+00
0.00000000e+00
-1.69699399e+00
-9.17750394e-02
1.83601160e-01
-7.89132683e-01
8.39058436e-01
0.00000000e+00
1.38809439e+00
0.00000000e+00
-1.91775799e+00
0.00000000e+00
-2.19797273e-01
0.00000000e+00
5.98180122e-01
0.00000000e+00
-9.75656606e-02
4.01991527e-01
-5.04669461e-01
3.84471434e-01
0.00000000e+00
4.19011777e-01
0.00000000e+00
2.15883634e-01
1.05059968e+00
0.00000000e+00
0.00000000e+00
0.00000000e+00
-3.71041351e-01
0.00000000e+00
1.80532961e+00
-1.04089593e+00
0.00000000e+00
0.00000000e+00
-5.03379604e-01
2.62430146e-01
0.00000000e+00
3.09695671e-01
1.11777405e+00
2.13047287e-01
-6.09494871e-01
0.00000000e+00
-1.34667843e+00
0.00000000e+00
1.77857447e-01
1.66567135e-01
0.00000000e+00
0.00000000e+00
0.00000000e+00
4.41479578e-01
3.60731758e-01
7.91481808e-02
4.32531488e-01
0.00000000e+00
0.00000000e+00
0.00000000e+00
-5.71469264e-01
-1.46094098e-01
8.24757759e-01
-3.66882142e-01
0.00000000e+00
0.00000000e+00
0.00000000e+00
-8.95380655e-01
0.00000000e+00
1.31916683e+00
-8.33054220e-01
0.00000000e+00
0.00000000e+00
0.00000000e+00
0.00000000e+00
0.00000000e+00
0.00000000e+00
0.00000000e+00
0.00000000e+00
0.00000000e+00
-4.46906911e-01
-1.61653433e+00
-2.01468267e+00
0.00000000e+00
0.00000000e+00
0.00000000e+00
2.35204656e+00
-2.79598400e-02
5.38704052e-01
3.97729075e-01
-2.03050877e-01
1.12197471e+00
6.41746642e-01
1.87867309e+00
8.57096506e-01
0.00000000e+00
2.53814644e+00
6.02204012e-01
3.14247016e-01
1.09090994e+00
2.08848867e+00
1.88675303e+00
1.27607786e+00
-1.65405543e-01
5.64344764e-01
1.97775713e+00
-7.16618208e-01
0.00000000e+00
0.00000000e+00
0.00000000e+00
1.19373007e+00
-1.47782775e-02
1.44808967e+00
2.43157758e+00
-1.10887306e-01
2.07569268e+00
2.21703560e+00
3.22241830e-01
-1.78795526e-01
0.00000000e+00
-8.84785482e-01
-2.09963459e-01
-1.69760920e+00
-1.10289921e-01
-3.07266128e-01
9.66910867e-01
-6.72927172e-02
-7.03022404e-01
-3.76251642e-01
1.29567725e+00
-1.50912326e+00
0.00000000e+00
0.00000000e+00
0.00000000e+00
6.37879868e-01
2.64788902e-01
3.89185596e-01
-1.72304847e-02
-4.42736926e-02
1.46889821e-01
-1.82570192e-02
-1.55547782e-01
7.62616695e-01
0.00000000e+00
1.50044075e+00
3.17101534e+00
-9.26009794e-01
7.15032117e-01
-6.36037567e-02
9.69503850e-01
1.93677818e-01
0.00000000e+00
8.29377814e-01
1.49224961e+00
-1.65767161e+00
0.00000000e+00
0.00000000e+00
0.00000000e+00
1.92935629e-01
6.67563104e-01
-1.52036424e-01
-2.21044056e-03
-5.81301627e-02
7.58210837e-01
2.57715671e-01
-7.29840598e-01
-3.15640447e-01
0.00000000e+00
1.34567348e+00
-6.43244759e-01
8.47236228e-01
-1.24446717e+00
1.00364105e+00
-1.12127762e+00
1.24426261e-01
0.00000000e+00
1.74569446e+00
9.07592281e-01
136
4.78455695e-01
6.30634157e-01
-1.21028391e-02
7.94945201e-02
-1.23820293e-03
-9.59273210e-02
4.28995877e-04
-1.35745661e-01
-4.00927975e-04
0.00000000e+00
0.00000000e+00
0.00000000e+00
0.00000000e+00
0.00000000e+00
0.00000000e+00
0.00000000e+00
-3.12148832e-02
9.48647333e-02
4.14805845e-01
-4.12469619e-02
7.02518104e-02
6.62785236e-02
-4.09308584e-03
-8.24276252e-02
-1.22386264e-01
2.80013494e-01
3.12065804e-01
5.91832374e-02
-3.77083634e-01
4.01498336e-02
5.35374054e-01
-4.41662500e-01
7.53573903e-01
-7.68260244e-01
8.83004583e-01
0.00000000e+00
-5.01663047e-01
4.91664935e-02
3.79864920e-01
0.00000000e+00
7.52660376e-01
0.00000000e+00
5.91950784e-01
0.00000000e+00
0.00000000e+00
0.00000000e+00
-1.56381800e+00
-9.75408246e-01
4.36842621e-01
-2.75649376e-01
-6.03282671e-01
0.00000000e+00
-4.63502969e-01
-3.49874318e-01
2.13957670e-01
-5.30899564e-01
-1.05642508e-01
3.34842026e-01
4.53432647e-01
8.50839307e-02
1.11597014e-01
1.11072819e-01
-3.66068923e-02
-3.45791641e-01
2.00451798e-01
-6.45480138e-02
4.89618797e-01
3.34517813e-01
-2.15216691e-01
1.75579701e-01
-8.50084902e-02
0.00000000e+00
9.53368593e-01
-7.69964331e-02
4.12066283e-01
1.04286674e-01
0.00000000e+00
5.47505755e-01
-1.93556453e-02
2.40718389e-01
-2.40080256e-01
0.00000000e+00
0.00000000e+00
0.00000000e+00
0.00000000e+00
0.00000000e+00
-7.72387421e-01
-1.02815817e+00
-2.09511900e+00
0.00000000e+00
0.00000000e+00
0.00000000e+00
1.96409811e+00
-7.25793659e-01
1.04587690e+00
1.32358525e+00
-9.15388287e-01
1.47829351e+00
1.49395919e+00
1.87574322e+00
1.04227729e+00
0.00000000e+00
2.30708362e+00
1.57159176e+00
-1.04401720e-01
1.48334715e+00
1.22889843e+00
1.42309256e+00
1.62592591e+00
-1.29734667e+00
1.88675455e-01
1.79374494e+00
-1.95317034e+00
0.00000000e+00
0.00000000e+00
0.00000000e+00
9.00634382e-01
1.86165329e+00
2.02108297e-01
3.75717162e-01
-5.24235579e-01
5.79264773e-01
8.09185054e-01
7.98761680e-01
8.42031835e-02
0.00000000e+00
1.42701550e+00
2.13500521e+00
-3.29653467e-01
8.29669246e-01
-1.05850777e-01
5.29148094e-01
6.13034275e-01
-1.52747946e+00
1.91561756e-01
8.93064147e-01
2 1
-1.1846e+00 3.5372e-01
8 1
0 6 1 3 5 19 14 7 
217
2.96924501e-01
-1.92518925e-01
2.27173687e-01
-9.30136330e-01
-3.06783485e-02
4.16987487e-01
1.94049122e-01
-3.01923574e-01
0.00000000e+00
0.00000000e+00
0.00000000e+00
0.00000000e+00
0.00000000e+00
0.00000000e+00
-3.57594507e-01
1.70454177e-02
8.59198830e-01
-1.67586160e-01
-2.54910268e-04
1.33994280e-01
9.34150431e-01
-3.47253816e-02
8.25721313e-02
-1.12045264e-01
-1.62365576e-03
-1.17608761e+00
0.00000000e+00
0.00000000e+00
0.00000000e+00
0.00000000e+00
0.00000000e+00
0.00000000e+00
0.00000000e+00
7.62795624e-02
-2.51116130e-01
0.00000000e+00
0.00000000e+00
1.49551162e-01
-3.06426930e-01
-2.36829029e-01
-1.06023916e-01
-6.62587107e-01
1.36342762e+00
9.58127030e-02
0.00000000e+00
-5.82058605e-01
-1.19911146e+00
6.05528382e-01
-8.84828061e-01
2.24750786e-02
-4.76554780e-01
6.07388319e-01
0.00000000e+00
-1.39881314e+00
0.00000000e+00
1.27501012e-01
0.00000000e+00
1.16150929e+00
0.00000000e+00
-9.40115001e-02
2.04688790e-01
9.44270307e-01
-8.52034596e-01
0.00000000e+00
-6.24355402e-01
0.00000000e+00
4.18776082e-02
1.04322889e+00
4.07641226e-01
2.53702111e+00
0.00000000e+00
-6.57453125e-02
0.00000000e+00
1.08013543e+00
-6.36401470e-01
0.00000000e+00
0.00000000e+00
1.16048982e-01
-2.36365933e-01
0.00000000e+00
2.78467394e-01
9.91245317e-01
1.38774058e-01
6.95677776e-01
0.00000000e+00
-9.46783371e-01
0.00000000e+00
1.12070112e+00
-1.06060650e+00
0.00000000e+00
0.00000000e+00
0.00000000e+00
3.95938402e-01
3.68732923e-01
9.67332637e-01
-1.64585883e-01
0.00000000e+00
0.00000000e+00
0.00000000e+00
5.06612811e-01
2.28030193e-01
-1.45384025e-01
1.92792494e-01
0.00000000e+00
0.00000000e+00
0.00000000e+00
-5.30530805e-01
1.89091683e-01
8.98594802e-01
-7.99709451e-01
0.00000000e+00
0.00000000e+00
6.44275835e-01
2.99053773e-01
1.00305748e-01
6.79308295e-03
1.38550740e+00
-6.53198190e-01
-1.56385016e+00
-8.47035201e-01
-1.22836334e+00
-3.45129318e+00
0.00000000e+00
0.00000000e+00
0.00000000e+00
3.10497550e+00
-6.33592336e-02
2.30089231e+00
2.59083182e+00
-4.28168701e-02
1.29029688e+00
1.70254667e+00
3.14217423e+00
1.88877864e+00
0.00000000e+00
3.54895511e+00
1.90329116e+00
6.57561398e-01
1.14168382e+00
1.38864791e+00
3.08516374e+00
1.47377147e+00
-4.62078504e-01
1.64694807e+00
2.93419539e+00
-8.55714072e-01
0.00000000e+00
0.00000000e+00
0.00000000e+00
2.11605670e+00
-1.62410473e-02
2.61475223e-01
8.52020619e-01
-1.78028636e-02
1.88843519e+00
2.57253267e+00
2.17579648e-01
1.20802111e+00
0.00000000e+00
8.44897404e-01
1.38295138e+00
-8.40456595e-01
5.61100880e-01
3.06113688e-01
8.65887940e-01
3.09989133e+00
-2.65790632e-01
5.72499406e-01
-8.69410418e-02
-2.36910824e+00
0.00000000e+00
0.00000000e+00
0.00000000e+00
1.29444618e+00
3.19601972e-01
8.95778378e-02
0.00000000e+00
-1.45841540e-01
-1.19240205e+00
6.43225690e-02
3.64602519e-01
1.36959042e+00
0.00000000e+00
1.93101577e+00
2.38935227e+00
1.16860062e-01
1.05075807e+00
-3.32921029e-01
6.90065732e-01
5.07654045e-01
-9.43988289e-02
1.19218592e+00
1.96504829e+00
-5.61928085e-01
0.00000000e+00
0.00000000e+00
0.00000000e+00
4.13045036e-01
-4.51270483e-01
1.15813592e+00
0.00000000e+00
-6.71376189e-02
8.63632890e-01
1.85876140e-01
-1.40566838e+00
-8.17303509e-01
0.00000000e+00
2.45454508e-01
9.07795469e-01
1.13574869e+00
-3.39501675e-01
8.38489189e-01
7.25542521e-01
-2.50262686e-02
-5.77961697e-02
9.39834602e-01
5.02338044e-01
136
3.82808264e-01
5.11193361e-01
-1.05597568e-02
4.61905799e-02
-1.03381631e-03
-1.11664555e-01
1.29950041e-03
-6.29111218e-02
-3.55212778e-04
0.00000000e+00
0.00000000e+00
0.00000000e+00
0.00000000e+00
0.00000000e+00
0.00000000e+00
0.00000000e+00
-9.46244042e-02
7.40972644e-02
4.03335404e-01
3.07072763e-03
9.12276649e-02
5.63327090e-02
5.26653298e-02
-1.29097702e-01
-7.90389866e-02
-1.82456615e-02
4.05894183e-01
8.36281777e-02
-4.63827094e-01
5.91164103e-02
4.47838724e-01
-1.08705505e-01
5.32626585e-01
-6.90038459e-01
6.32016613e-01
0.00000000e+00
-6.33487693e-01
2.75052035e-01
3.45819365e-01
0.00000000e+00
5.14061663e-01
0.00000000e+00
6.70028582e-01
0.00000000e+00
0.00000000e+00
0.00000000e+00
-1.08729448e+00
-5.74974000e-01
5.15306324e-01
-1.57014716e-01
-8.31320875e-01
0.00000000e+00
-4.33242998e-01
-3.41084061e-01
2.26507062e-01
-4.60923759e-01
-1.27998558e-01
2.58716898e-01
4.86697332e-01
9.63088235e-02
9.60825396e-03
6.02295160e-02
-1.39601959e-01
-3.01881902e-01
1.56527901e-01
2.73234962e-01
3.10200745e-01
2.06748106e-01
-3.14297711e-01
2.07505567e-01
-3.51497060e-01
0.00000000e+00
9.21116288e-01
-7.40280226e-02
3.83812343e-01
1.20817664e-01
0.00000000e+00
4.56388318e-01
-5.48762610e-02
2.42745850e-01
-1.45274708e-01
7.37411441e-02
2.33458070e-01
-1.41129653e-01
1.07693406e-01
0.00000000e+00
-8.23362036e-01
-1.05170895e+00
-2.09043137e+00
0.00000000e+00
0.00000000e+00
0.00000000e+00
1.84471250e+00
-8.21075442e-01
1.00871436e+00
1.27959463e+00
-8.60324454e-01
1.41017030e+00
1.39809292e+00
1.80711639e+00
8.36560469e-01
0.00000000e+00
2.13556537e+00
1.48339981e+00
-2.63343282e-01
1.40800555e+00
1.15287192e+00
1.46322509e+00
1.48877829e+00
-1.29219943e+00
7.36845144e-02
1.75496611e+00
-1.88979306e+00
0.00000000e+00
0.00000000e+00
0.00000000e+00
8.45095340e-01
1.68425655e+00
1.02442047e-01
3.09443837e-01
-4.83865578e-01
3.45700917e-01
7.39782923e-01
7.91888323e-01
-6.89572156e-02
0.00000000e+00
1.34786732e+00
2.01889886e+00
-4.21506834e-01
7.77375582e-01
-1.93334227e-01
4.03794315e-01
4.38638202e-01
-1.29408537e+00
2.35063998e-02
8.20207062e-01
12 1
-1.0494e+00 3.5188e-01
8 0
0 6 1 3 5 19 14 7 
217
7.24823818e-01
-3.55590429e-01
3.20079191e-02
-2.81913170e-01
2.30065480e-01
-2.26261570e-01
5.03712110e-02
-2.65852670e-01
-1.18518097e-01
-4.65378790e-01
-1.72013048e-01
-2.18052655e-02
0.00000000e+00
0.00000000e+00
1.82159749e-01
5.73409094e-03
3.80981445e-01
6.97920897e-01
-7.67714352e-03
3.92791970e-01
-1.55256828e-01
-2.58822700e-03
4.46048291e-01
0.00000000e+00
0.00000000e+00
0.00000000e+00
0.00000000e+00
0.00000000e+00
0.00000000e+00
0.00000000e+00
0.00000000e+00
0.00000000e+00
0.00000000e+00
4.64220429e-01
2.60603389e-01
0.00000000e+00
0.00000000e+00
-5.38782976e-03
-1.89581773e-01
-2.30548327e-01
-3.02789196e-01
-2.48423559e-01
-2.56478147e-01
0.00000000e+00
0.00000000e+00
-1.16085453e+00
-3.91290068e-03
5.97445037e-02
0.00000000e+00
5.24379679e-01
0.00000000e+00
2.82432334e-01
0.00000000e+00
-5.40052066e-01
5.13328754e-01
6.01830611e-01
0.00000000e+00
7.21159762e-01
0.00000000e+00
1.25070336e+00
-1.62241499e-01
9.73432456e-01
-6.03846779e-01
0.00000000e+00
-1.01451984e+00
0.00000000e+00
1.00703159e+00
8.89574759e-01
7.32312066e-01
3.53269285e-01
0.00000000e+00
-2.03491540e-01
-7.27858893e-01
1.19919556e-01
-4.03043350e-01
8.08395801e-01
2.14151560e+00
-1.43443477e-01
1.31007493e-01
0.00000000e+00
1.00508200e+00
9.86365257e-01
-2.67822197e-01
-3.80729225e-01
0.00000000e+00
4.96511919e-01
1.04831674e-01
2.31956734e-01
-3.34096099e-01
-3.64483601e-03
-4.83705509e-01
0.00000000e+00
6.25782802e-02
-1.87060821e-01
2.87118548e-01
-4.12543208e-01
3.75126990e-01
3.58531570e-01
0.00000000e+00
4.44660674e-01
2.23273158e-01
5.87392912e-01
-1.58330778e-01
-3.07229768e-01
-1.17144575e+00
0.00000000e+00
-2.45579318e-01
-4.17390223e-01
1.52898892e-01
-1.21943501e-01
8.17504244e-01
2.48939097e-02
2.99733243e-01
1.34865041e-01
0.00000000e+00
0.00000000e+00
0.00000000e+00
1.59388700e-01
-2.50581912e-02
-7.14357786e-01
-2.24902421e+00
-8.23167245e-01
0.00000000e+00
0.00000000e+00
0.00000000e+00
8.82003592e-01
-1.60459766e+00
1.06872382e-01
5.16916300e-01
-1.99101380e+00
1.87596241e-01
6.04382036e-01
3.16093089e-01
-1.97472568e-01
0.00000000e+00
8.62203749e-01
-3.64611354e-01
-1.15355082e+00
2.23488692e-01
-2.27762335e-01
3.65521679e-01
1.19142685e+00
-1.10180543e+00
-3.63409787e-01
9.24551905e-01
-3.11637492e-01
0.00000000e+00
0.00000000e+00
0.00000000e+00
1.25365634e-01
-1.41183197e+00
-9.16374828e-02
2.36987836e-02
-2.55301321e-01
4.50640517e-01
-3.35259308e-02
5.08818727e-01
4.28053160e-01
0.00000000e+00
1.87123966e-01
3.46486067e-01
-7.10379712e-02
2.75459049e-01
3.77085537e-01
2.09804257e-01
-2.03684140e-01
-8.28397733e-01
-2.76854595e-01
-7.19020449e-02
-1.99552794e+00
0.00000000e+00
0.00000000e+00
0.00000000e+00
6.31787038e-01
2.48356940e+00
-3.85547042e-01
1.06655385e-01
-4.66027356e-01
2.20423077e-01
-5.69191238e-01
5.70808901e-02
-1.23439448e+00
0.00000000e+00
3.31742148e-01
7.26663367e-01
-1.79058577e+00
2.21699238e-01
-7.39533242e-01
-3.13018766e-01
-1.04322343e-01
-1.07100936e+00
-3.90727301e-01
2.89208414e-01
-1.97179060e-01
0.00000000e+00
0.00000000e+00
0.00000000e+00
-2.22397594e-01
-1.81357288e+00
4.06028367e-01
-3.14612864e-01
-8.20436922e-01
8.89533068e-01
2.83263136e-01
4.92862865e-01
9.24974907e-01
0.00000000e+00
1.14194732e-01
-1.34802617e-01
3.22705078e-01
-3.52428256e-02
2.10556750e-02
6.83609570e-01
2.31345698e-01
-3.34245679e-01
-6.92347629e-01
-1.99093144e-01
136
4.47492682e-01
-9.52144385e-02
7.02463320e-03
2.82373921e-01
-1.87552961e-03
2.60333199e-01
-5.59232111e-03
0.00000000e+00
0.00000000e+00
0.00000000e+00
0.00000000e+00
0.00000000e+00
0.00000000e+00
0.00000000e+00
0.00000000e+00
0.00000000e+00
1.09773527e+00
1.04811932e+00
0.00000000e+00
-1.28392040e-01
-7.55697502e-02
-1.68773141e-02
-1.60645906e-02
-1.96530043e-02
9.78148054e-02
3.05185514e-01
3.01049062e-01
1.01691742e-01
-3.50672439e-01
-9.70706828e-03
7.88114962e-01
-7.43183240e-01
3.88122419e-01
-7.08389784e-01
7.01482408e-01
0.00000000e+00
-5.44823487e-01
-3.39145427e-01
7.14304070e-01
0.00000000e+00
5.38791883e-01
-3.07646192e-01
6.66133352e-01
0.00000000e+00
0.00000000e+00
0.00000000e+00
0.00000000e+00
-1.78732988e+00
2.61443807e-01
-4.61776850e-01
-8.90324200e-01
0.00000000e+00
-1.05765364e+00
-5.63983842e-01
9.65695749e-02
-5.57241107e-01
6.14811792e-02
2.12032137e-01
6.18038147e-01
1.23197319e-01
-1.28094555e-01
5.80664705e-03
-1.46813420e-01
-1.85107995e-01
9.46050457e-02
1.37339021e-01
0.00000000e+00
1.59261080e+00
-5.49414823e-02
4.28670894e-01
-1.93559795e-01
0.00000000e+00
1.27991391e+00
-2.65636237e-02
4.49298831e-01
-5.53068834e-04
0.00000000e+00
7.43180546e-01
-3.85212914e-02
2.83741545e-01
-4.08249379e-02
3.20395129e-01
7.95153125e-02
-4.65750012e-02
9.65894769e-02
-1.94587274e-01
-8.76482944e-01
-1.72784626e+00
-1.15023437e+00
0.00000000e+00
0.00000000e+00
0.00000000e+00
8.90762710e-01
-2.29368039e+00
1.54389289e-01
5.42175552e-01
-2.80159049e+00
5.61812848e-01
4.64109587e-01
8.93552555e-01
1.88733881e-01
0.00000000e+00
1.07086897e+00
1.12220373e-01
-1.06032695e+00
4.17167352e-01
7.68653655e-01
6.46776356e-01
5.09384427e-01
-2.12730675e+00
-6.79360467e-01
5.91423112e-01
-1.80365182e+00
0.00000000e+00
0.00000000e+00
0.00000000e+00
3.58378812e-01
1.15864733e+00
-2.98482842e-01
-9.58597224e-02
-1.95027777e+00
4.95607146e-01
1.18573345e-01
3.63207791e-01
-5.01365186e-01
0.00000000e+00
7.30557510e-01
4.18899359e-01
-9.23968931e-01
2.86800589e-01
-4.10621115e-01
2.14121553e-01
4.82229773e-02
-1.73728220e+00
-4.11110709e-01
3.32300248e-01
4 2
-1.0747e+00 3.7447e-01
8 -1
0 6 1 3 5 19 14 7 
217
3.33151618e+00
5.42201080e-01
-1.88205395e+00
-2.25890276e-01
1.20100189e+00
1.08175155e+00
1.72759829e+00
2.68173893e+00
4.13186224e+00
-2.95349220e+00
0.00000000e+00
0.00000000e+00
0.00000000e+00
0.00000000e+00
3.33151618e+00
-1.91389459e-02
-1.61239860e+00
0.00000000e+00
0.00000000e+00
0.00000000e+00
0.00000000e+00
0.00000000e+00
0.00000000e+00
0.00000000e+00
0.00000000e+00
0.00000000e+00
0.00000000e+00
0.00000000e+00
0.00000000e+00
0.00000000e+00
0.00000000e+00
0.00000000e+00
0.00000000e+00
2.05353528e+00
1.27798090e+00
0.00000000e+00
2.83884946e+00
-7.23174715e-01
-1.13596247e+00
-1.63777408e+00
-2.40258033e+00
-2.61368879e+00
-2.15447163e+00
0.00000000e+00
4.82768334e+00
1.89827245e+00
2.16656328e+00
1.40431321e+00
0.00000000e+00
2.39751612e+00
0.00000000e+00
1.45721559e+00
0.00000000e+00
-4.59083365e+00
0.00000000e+00
-5.08013754e+00
0.00000000e+00
0.00000000e+00
0.00000000e+00
-3.66822835e+00
-4.06968389e-01
2.06280223e+00
-1.16316712e+00
0.00000000e+00
-2.29429906e+00
0.00000000e+00
2.44556148e+00
1.26205132e+00
3.18025376e+00
2.34856531e+00
0.00000000e+00
-5.70217465e+00
-8.65971134e-01
-1.93655335e+00
-1.07034001e+00
0.00000000e+00
0.00000000e+00
-9.04228644e-01
-4.94042804e-01
0.00000000e+00
2.44224784e+00
-5.51910287e-01
2.28753979e+00
2.55194016e+00
0.00000000e+00
-3.70569584e+00
0.00000000e+00
4.08843400e+00
-9.84090313e-01
2.94877802e+00
4.22830133e-01
0.00000000e+00
9.90441508e-01
-2.10979116e-01
9.68726293e-01
6.43251465e-01
1.37234838e+00
-2.28159343e-01
0.00000000e+00
-1.44512029e+00
-3.18867745e-01
-5.82855319e-01
-2.04998384e-01
0.00000000e+00
0.00000000e+00
0.00000000e+00
3.46181856e+00
0.00000000e+00
4.27341634e+00
-2.43652772e-01
0.00000000e+00
0.00000000e+00
1.29175895e+00
8.45457448e-01
1.38493316e-01
1.26560844e+00
2.21839686e-02
-7.13086542e-02
-1.59540768e+00
-5.28538382e-01
-4.82963202e-01
-4.01788432e+00
0.00000000e+00
0.00000000e+00
0.00000000e+00
4.76831802e+00
-9.89626340e-01
3.11120565e+00
2.53774080e+00
-1.02589439e+00
3.78866523e+00
3.75150149e+00
3.05158581e+00
2.98078094e+00
0.00000000e+00
4.02153421e+00
2.72055699e+00
1.23921279e+00
3.57006578e+00
4.78655048e+00
3.87942398e+00
3.67218851e+00
-9.09861499e-01
2.07910842e+00
2.95778462e+00
-3.37498850e-01
0.00000000e+00
0.00000000e+00
0.00000000e+00
-9.47100899e-01
-7.20705809e-01
-2.99543027e-01
2.00644517e+00
-2.35678410e-01
-2.77758387e-01
3.89856059e-01
1.16574065e+00
-7.23964596e-01
0.00000000e+00
2.37717727e-01
-4.25405842e-01
1.40512507e-01
-2.43650174e-01
-1.41712913e+00
-4.80325150e-01
1.51365107e-01
-5.43104913e-01
-3.64995283e-01
1.37492942e+00
-2.84990578e+00
0.00000000e+00
0.00000000e+00
0.00000000e+00
1.26057215e+00
-1.50178858e+00
2.44848145e+00
1.16106905e+00
-8.68150737e-01
3.88640444e-01
1.78246795e+00
1.89001767e+00
1.06186783e+00
0.00000000e+00
1.91346287e+00
2.72465565e+00
8.56902797e-01
2.49427495e+00
1.07926254e+00
1.35998235e+00
2.68756729e+00
0.00000000e+00
2.96605194e+00
2.51117419e+00
-3.80171637e-01
0.00000000e+00
0.00000000e+00
0.00000000e+00
9.38108787e-02
3.15451858e+00
-1.74457251e+00
1.68613125e+00
-3.94193898e-01
2.54064516e+00
3.13973110e-01
-5.73090587e-01
1.96528071e+00
0.00000000e+00
1.37563661e+00
2.14044159e-01
1.47846341e+00
4.41401435e-01
1.04530065e+00
6.29482601e-01
-2.77598135e-01
0.00000000e+00
-2.48968555e+00
6.88564617e-02
136
4.16434923e-01
7.64359459e-01
-1.65397422e-02
0.00000000e+00
0.00000000e+00
0.00000000e+00
0.00000000e+00
0.00000000e+00
0.00000000e+00
0.00000000e+00
0.00000000e+00
0.00000000e+00
0.00000000e+00
0.00000000e+00
0.00000000e+00
0.00000000e+00
4.83132112e-01
2.86750292e-01
0.00000000e+00
0.00000000e+00
4.58461150e-01
3.20922810e-01
1.40535486e-01
-7.96581228e-02
-1.13822387e-01
4.28274639e-02
4.42857795e-01
0.00000000e+00
-8.86091489e-01
-7.13737662e-01
3.87094422e-01
1.15227310e-01
8.82662902e-01
-1.55008974e-01
9.93714291e-01
0.00000000e+00
-2.78782923e-01
3.69349587e-01
7.89495239e-01
0.00000000e+00
2.24079762e+00
0.00000000e+00
1.39582996e+00
0.00000000e+00
0.00000000e+00
0.00000000e+00
0.00000000e+00
-5.10828510e+00
-1.52781734e-01
-1.02256894e+00
-1.30915513e+00
0.00000000e+00
-3.44196219e-01
-4.18347657e-01
2.81218418e-01
-4.98942835e-01
-6.84121338e-01
-4.44240761e-01
3.90194618e-01
-1.89997869e-01
-4.02651058e-01
1.61934087e-02
-5.32900753e-01
-2.00111449e-01
-9.23138926e-02
-1.64927149e-01
0.00000000e+00
2.67195079e+00
2.11090203e-01
6.72010348e-01
-2.27945794e-01
0.00000000e+00
3.95605505e+00
3.83397040e-01
9.93766879e-01
7.95202180e-02
0.00000000e+00
-2.35261139e-01
-1.84746271e-01
1.46738318e-01
-1.89565360e-01
-5.31767481e-02
-5.10529524e-01
-2.52575506e-01
5.99212802e-02
-3.93650321e-02
-1.01280382e+00
-1.71951519e-01
-1.31456038e+00
0.00000000e+00
0.00000000e+00
0.00000000e+00
1.11038693e+00
-3.07196756e+00
1.67826170e-01
7.15585943e-01
-3.02836097e+00
6.50677168e-01
6.54272348e-01
1.06602662e+00
1.25126184e-01
0.00000000e+00
1.30312224e+00
-8.63702768e-02
-1.31663993e+00
4.11605458e-01
8.96709663e-01
6.45823809e-01
6.41884849e-01
-2.02944874e+00
-8.14568492e-01
6.43748206e-01
-8.08075188e-01
0.00000000e+00
0.00000000e+00
0.00000000e+00
3.32998511e-01
-1.23063510e+00
6.40050257e-02
2.87750466e-01
-1.85106460e+00
8.13375405e-01
4.77173965e-01
1.60437259e-01
-1.53541089e-01
0.00000000e+00
1.16861233e+00
2.43161798e-01
-8.24372517e-01
5.79124266e-01
-1.86994823e-01
2.65064170e-01
4.45700218e-01
-1.80347753e+00
-9.70110630e-02
5.01618126e-01
15 2
-1.3336e+00 4.0727e-01
8 -1
0 6 1 3 5 19 14 7 
217
7.09756135e-01
-3.84137823e-01
-2.20477833e+00
1.53004642e-01
1.65686456e+00
-9.65420896e-01
-7.09774930e-01
-4.11657734e-01
0.00000000e+00
0.00000000e+00
0.00000000e+00
0.00000000e+00
0.00000000e+00
0.00000000e+00
7.09756135e-01
-1.73365025e-02
2.17699438e+00
0.00000000e+00
0.00000000e+00
0.00000000e+00
0.00000000e+00
0.00000000e+00
0.00000000e+00
0.00000000e+00
0.00000000e+00
0.00000000e+00
0.00000000e+00
0.00000000e+00
0.00000000e+00
0.00000000e+00
0.00000000e+00
0.00000000e+00
0.00000000e+00
1.87730519e-01
5.22025616e-01
0.00000000e+00
0.00000000e+00
-2.53059726e+00
-2.11955042e+00
-5.92989925e-01
8.22634233e-02
1.53281626e-01
0.00000000e+00
0.00000000e+00
0.00000000e+00
-6.32734195e+00
0.00000000e+00
-1.97686033e+00
0.00000000e+00
-2.09240144e+00
0.00000000e+00
-1.29719589e+00
0.00000000e+00
-4.68867548e+00
0.00000000e+00
-9.30814698e-01
0.00000000e+00
0.00000000e+00
0.00000000e+00
0.00000000e+00
1.53831280e+00
0.00000000e+00
1.75088006e+00
0.00000000e+00
-6.76188614e+00
0.00000000e+00
-2.69983618e+00
1.06310144e+00
0.00000000e+00
0.00000000e+00
0.00000000e+00
8.75033032e+00
0.00000000e+00
6.00692563e+00
-2.71819772e-01
0.00000000e+00
0.00000000e+00
1.64779949e+00
5.62699962e-01
0.00000000e+00
2.57670708e-01
3.30205065e+00
-1.75841402e+00
-4.26827248e-01
0.00000000e+00
9.66993562e-01
1.22574525e+00
4.85460961e-01
-9.25111839e-01
0.00000000e+00
0.00000000e+00
0.00000000e+00
1.98709854e+00
1.66926353e-01
1.28787177e+00
6.01144885e-01
0.00000000e+00
0.00000000e+00
0.00000000e+00
2.10558981e-01
0.00000000e+00
4.99197154e-01
-4.56863418e-01
0.00000000e+00
0.00000000e+00
0.00000000e+00
1.06679141e-01
0.00000000e+00
6.03076994e-01
-4.90814655e-01
0.00000000e+00
0.00000000e+00
6.47767142e-02
7.59114735e-01
0.00000000e+00
2.40537762e-02
-5.25609601e-01
-1.38189090e-01
-3.28610530e+00
1.81944574e-01
3.03662502e-01
-2.63273235e+00
0.00000000e+00
0.00000000e+00
0.00000000e+00
4.96404360e+00
-5.23328228e-01
1.15767496e+00
2.72569121e+00
-5.95924201e-01
3.84764163e+00
1.54027368e+00
2.43947646e+00
2.59756358e+00
0.00000000e+00
1.35341842e+00
2.42090987e+00
1.23023258e+00
0.00000000e+00
3.83550944e+00
2.27095624e+00
2.13428581e+00
-3.83789014e-01
1.29077021e+00
1.71950099e+00
-2.72237141e+00
0.00000000e+00
0.00000000e+00
0.00000000e+00
4.14270746e-01
-3.64231060e-01
2.43164903e+00
2.05249190e+00
-3.06982829e-01
1.92752068e+00
4.18280328e+00
2.91573387e+00
3.13874064e+00
0.00000000e+00
5.53420327e+00
2.23013245e+00
6.22302343e-01
0.00000000e+00
5.27397285e-01
2.17056287e+00
2.44036541e+00
-2.64090346e-01
2.55826246e+00
4.23558524e+00
-6.34094975e-01
0.00000000e+00
0.00000000e+00
0.00000000e+00
7.91429109e-01
-2.93021571e+00
1.13678749e-01
-2.01610798e-01
0.00000000e+00
6.54848233e-01
1.58615745e+00
9.55278397e-01
8.86614414e-01
0.00000000e+00
1.05088424e+00
1.00169633e+00
-1.29717233e-02
0.00000000e+00
1.32695887e+00
6.85259851e-01
1.56609146e+00
-2.53595774e-01
3.01456145e+00
7.41930951e-01
-2.11006180e+00
0.00000000e+00
0.00000000e+00
0.00000000e+00
1.62033504e+00
5.47794052e+00
1.98045430e+00
2.80199951e+00
0.00000000e+00
2.10532996e+00
1.33493797e+00
7.11760912e-01
-2.77528042e-01
0.00000000e+00
1.56048732e+00
2.60414113e+00
-1.47240548e-02
0.00000000e+00
-4.77058555e-01
9.11849044e-01
9.24078396e-01
-3.17288260e-01
-2.16924405e+00
4.46640323e-01
136
8.78775041e-01
8.78775041e-01
-2.54179628e-02
0.00000000e+00
0.00000000e+00
0.00000000e+00
0.00000000e+00
0.00000000e+00
0.00000000e+00
0.00000000e+00
0.00000000e+00
0.00000000e+00
0.00000000e+00
0.00000000e+00
0.00000000e+00
0.00000000e+00
5.76543371e-01
4.12215583e-01
0.00000000e+00
-6.28809136e-02
-5.25978651e-02
2.42525829e-03
8.25092471e-02
7.08164640e-02
-4.86962698e-02
4.35254393e-01
4.51944728e-01
-3.71626692e-01
-4.54897648e-03
-7.06246161e-01
8.23992593e-01
-2.62271554e-01
1.12390622e+00
-1.25498987e+00
1.30264592e+00
0.00000000e+00
-2.35301298e-01
2.56198741e-02
2.68801260e-01
0.00000000e+00
1.25887982e+00
0.00000000e+00
6.46376138e-01
0.00000000e+00
0.00000000e+00
0.00000000e+00
0.00000000e+00
-4.30597664e+00
-3.13555471e-02
-9.36921092e-01
-1.21036483e+00
0.00000000e+00
8.14559367e-01
-2.21957581e-01
4.58078794e-01
-6.56622684e-01
-2.23956974e-01
1.44847562e-02
6.48841171e-01
-3.25209467e-02
-5.37336427e-01
1.74131016e-01
-9.27292166e-01
-1.03844020e-01
-4.54406053e-02
-1.28388295e-01
0.00000000e+00
1.41502379e+00
1.09010499e-01
2.95740412e-01
-6.12592808e-02
0.00000000e+00
1.28153040e+00
-6.59575014e-02
4.25955166e-01
-2.78137419e-03
0.00000000e+00
7.46704651e-01
-4.68734452e-02
2.70558280e-01
-1.03513939e-01
4.05141731e-01
-1.48129951e-01
-1.90042847e-02
3.02999338e-02
-9.76848026e-02
-9.41630826e-01
-8.89332555e-02
-1.29654798e+00
0.00000000e+00
0.00000000e+00
0.00000000e+00
1.21941526e+00
-2.99168851e+00
1.15793374e-01
7.18183878e-01
-2.65446759e+00
4.84615677e-01
6.53421802e-01
1.20314777e+00
1.35488821e-01
0.00000000e+00
1.17110653e+00
-2.97004071e-01
-1.38132147e+00
4.23250095e-01
6.60605162e-01
8.13358672e-01
6.21309492e-01
-1.87289704e+00
-8.34065764e-01
5.15199932e-01
-7.33861003e-01
0.00000000e+00
0.00000000e+00
0.00000000e+00
2.35157197e-01
-8.43624803e-01
3.59562099e-03
3.00482466e-01
-1.33239010e+00
5.23420902e-01
5.11770444e-01
-3.96151536e-02
-3.71834779e-02
0.00000000e+00
1.12296782e+00
3.60640995e-01
-8.14859281e-01
5.89162924e-01
-1.36244365e-01
1.38386326e-01
3.59355527e-01
-2.02704201e+00
-2.41966617e-01
5.94124581e-01
18 2
-1.2617e+00 4.0471e-01
8 -1
0 6 1 3 5 19 14 7 
217
2.08028364e+00
9.52455236e-01
-3.05268181e+00
0.00000000e+00
-1.02754987e+00
3.05713423e+00
2.78866546e+00
6.07714567e+00
8.73969330e+00
-3.42275865e+00
0.00000000e+00
0.00000000e+00
0.00000000e+00
0.00000000e+00
2.08028364e+00
-9.84448917e-03
-3.40098506e+00
0.00000000e+00
0.00000000e+00
0.00000000e+00
0.00000000e+00
0.00000000e+00
0.00000000e+00
0.00000000e+00
0.00000000e+00
0.00000000e+00
0.00000000e+00
0.00000000e+00
0.00000000e+00
0.00000000e+00
0.00000000e+00
0.00000000e+00
0.00000000e+00
9.87998969e-01
1.09228467e+00
0.00000000e+00
0.00000000e+00
-1.14255768e+00
6.22248882e-01
6.95926664e-01
1.17425224e+00
3.17332591e+00
0.00000000e+00
0.00000000e+00
0.00000000e+00
-2.26484520e+00
2.76589718e+00
-6.58438582e-01
0.00000000e+00
-3.57150758e+00
0.00000000e+00
-1.57408405e+00
0.00000000e+00
-3.83240065e+00
0.00000000e+00
-5.71006550e-01
0.00000000e+00
0.00000000e+00
0.00000000e+00
0.00000000e+00
1.44738934e+00
-3.52796828e-01
9.85691134e-01
0.00000000e+00
1.15388244e-01
0.00000000e+00
1.03422664e+00
8.49406012e-01
9.30668756e-01
-1.21990393e+00
0.00000000e+00
-4.21794512e-01
0.00000000e+00
-4.75444069e-01
-6.46899593e-01
0.00000000e+00
0.00000000e+00
3.20848502e-01
-5.01060391e-02
0.00000000e+00
1.30368870e+00
-7.02937958e-01
5.05852481e-01
-1.87647640e+00
0.00000000e+00
-6.42510486e-01
0.00000000e+00
1.78445755e-02
-1.48053922e-01
2.70494955e+00
5.22948144e+00
0.00000000e+00
4.90078747e-01
9.78431276e-02
4.41302782e-01
-8.82025198e-01
1.14890211e+00
-7.65037802e-01
0.00000000e+00
5.18866461e+00
3.27469438e-01
5.31214428e+00
-5.61533380e-01
0.00000000e+00
0.00000000e+00
0.00000000e+00
8.81281793e-01
0.00000000e+00
1.19900185e+00
-3.74576249e-01
0.00000000e+00
0.00000000e+00
5.62218014e-01
6.92229587e-01
0.00000000e+00
0.00000000e+00
0.00000000e+00
-1.70924099e+00
-3.66282889e+00
3.67323229e-01
-3.03594609e-01
-2.84750474e+00
0.00000000e+00
0.00000000e+00
0.00000000e+00
3.70607881e+00
-3.10632248e-01
1.82263229e+00
2.06178172e+00
-3.88987446e-01
2.65249493e+00
2.44311504e+00
3.78631295e+00
2.57277949e+00
0.00000000e+00
3.79113226e+00
-1.90472666e-02
-1.86369319e-01
1.37108792e+00
4.45496204e+00
1.47642133e+00
3.10853454e+00
1.52788163e+00
1.54729233e+00
1.26718205e+00
-1.32906229e+00
0.00000000e+00
0.00000000e+00
0.00000000e+00
3.52914177e-01
-2.57717927e-01
1.08458141e+00
3.15926498e+00
-2.15785770e-01
9.80264097e-01
1.90918591e+00
9.65179640e-01
8.66345468e-01
0.00000000e+00
2.54216332e-01
-1.05530398e-02
-6.10133692e-02
2.66262498e+00
-3.97332226e-01
3.09504955e+00
-6.97835077e-02
-5.80618762e-01
-3.58313633e-01
1.96375061e+00
-2.63325240e+00
0.00000000e+00
0.00000000e+00
0.00000000e+00
1.78210458e+00
0.00000000e+00
4.15772981e-01
2.17506064e+00
-6.07083914e-02
3.06048198e+00
2.20024786e+00
2.53022058e+00
2.32000035e+00
0.00000000e+00
4.55449086e+00
2.22197499e+00
3.75320733e+00
1.23211604e+00
2.54256479e+00
3.98136517e+00
3.28372517e+00
-1.20971686e-01
-7.47127670e-01
3.57072441e+00
-1.29879757e+00
0.00000000e+00
0.00000000e+00
0.00000000e+00
1.57752868e+00
0.00000000e+00
3.16164703e+00
1.76194653e+00
-3.15346395e-02
8.54270003e-01
1.34050893e+00
1.73736719e-01
-1.32981839e+00
0.00000000e+00
-8.12384876e-01
9.81562077e-01
-3.42562432e+00
2.72304071e+00
-2.13282612e+00
-2.01800118e+00
-1.22722569e+00
-1.03602722e-01
-2.11260889e-01
-2.54346284e-01
136
7.82723479e-01
7.82723479e-01
-2.04662257e-02
0.00000000e+00
0.00000000e+00
0.00000000e+00
0.00000000e+00
0.00000000e+00
0.00000000e+00
0.00000000e+00
0.00000000e+00
0.00000000e+00
0.00000000e+00
0.00000000e+00
0.00000000e+00
0.00000000e+00
4.62093175e-01
3.20630304e-01
0.00000000e+00
6.06803493e-01
-3.05966662e-01
-2.71505143e-01
-5.15913424e-02
-3.05231026e-02
1.03245045e-01
5.50972431e-01
1.81288759e-01
-5.69367869e-01
6.87496410e-02
-2.59894644e-01
4.99512351e-01
5.68442849e-02
1.18964980e+00
-5.54155120e-01
1.17835210e+00
0.00000000e+00
1.05395561e-01
-5.01747923e-01
1.90703008e-01
0.00000000e+00
1.87324802e+00
0.00000000e+00
2.66208479e-01
0.00000000e+00
0.00000000e+00
0.00000000e+00
0.00000000e+00
-4.58909549e+00
-1.12797660e-01
-9.90382270e-01
-4.88638922e-01
0.00000000e+00
3.42887711e-01
-1.65219637e-01
3.84964571e-01
-5.52405630e-01
-2.17084709e-01
-2.17464040e-01
3.87270353e-01
-7.90727446e-02
-3.65371487e-01
-7.89598182e-02
-7.66532987e-01
-2.01839637e-01
-7.44999725e-02
-2.67744330e-01
0.00000000e+00
1.12979334e+00
2.35039681e-02
2.50660921e-01
-1.39657601e-01
0.00000000e+00
1.99859140e+00
-4.45902894e-02
6.38298199e-01
-3.15197013e-01
0.00000000e+00
1.39276945e+00
9.05705362e-02
3.24793904e-01
-2.22895586e-01
1.63607133e-01
-1.53922664e-01
3.30110630e-02
2.69903251e-02
-2.92809698e-01
-8.92462932e-01
-8.91303959e-02
-1.28607785e+00
0.00000000e+00
0.00000000e+00
0.00000000e+00
1.24360685e+00
-3.19486903e+00
-1.45319476e-02
8.37539350e-01
-2.57703911e+00
7.22025797e-01
7.05204523e-01
1.20097179e+00
1.16656170e-01
0.00000000e+00
1.03048276e+00
-3.15437363e-01
-1.29983618e+00
4.48219562e-01
6.19972074e-01
7.26991401e-01
5.94647965e-01
-1.97149455e+00
-8.29671990e-01
6.70484087e-01
-7.36292226e-01
0.00000000e+00
0.00000000e+00
0.00000000e+00
3.11766519e-01
-9.07812483e-01
1.23825743e-01
2.01880226e-01
-1.21690274e+00
5.07123795e-01
7.14157233e-01
3.47356166e-02
-1.39098419e-01
0.00000000e+00
1.17248927e+00
2.37372643e-01
-9.73852597e-01
5.18716828e-01
-2.00381182e-01
1.52592260e-01
4.24172629e-01
-1.98782213e+00
-2.32438519e-01
5.23183073e-01
21 1
-1.2892e+00 3.8656e-01
8 0
0 6 1 3 5 19 14 7 
217
8.79260232e-01
-4.76273860e-01
-2.76705946e-01
1.35797598e-01
1.02325480e-01
7.64681624e-02
1.42377353e-01
-1.42619421e-01
4.73312637e-01
-8.82772045e-01
9.31561076e-02
-6.76276437e-02
0.00000000e+00
0.00000000e+00
1.61344335e-01
-9.31991308e-04
2.63103825e-01
3.27972183e-01
5.35400851e-04
9.41275527e-02
3.89943714e-01
7.87654675e-03
1.00759390e-01
0.00000000e+00
0.00000000e+00
0.00000000e+00
0.00000000e+00
0.00000000e+00
0.00000000e+00
0.00000000e+00
0.00000000e+00
0.00000000e+00
0.00000000e+00
3.20507256e-01
5.58752976e-01
0.00000000e+00
0.00000000e+00
-3.31725881e-01
-3.28358050e-01
-4.68807013e-01
-3.78059348e-01
3.76003077e-02
3.64494802e-01
0.00000000e+00
0.00000000e+00
-6.52260189e-01
-9.54700415e-01
-9.73961913e-02
0.00000000e+00
7.49471301e-01
0.00000000e+00
3.57545209e-01
0.00000000e+00
-3.37930647e-01
4.11564746e-01
5.07584186e-01
0.00000000e+00
0.00000000e+00
0.00000000e+00
1.90886305e+00
-2.46166181e-01
5.83916076e-01
-6.21551663e-01
0.00000000e+00
-2.93759239e-01
0.00000000e+00
8.24564890e-01
9.03352328e-01
3.48454582e-01
4.45232406e-01
0.00000000e+00
-3.12714138e-01
-7.44424643e-01
4.56531002e-01
-4.75726000e-01
7.35443368e-01
5.20749333e-01
1.43170634e-01
-1.66898070e-01
0.00000000e+00
6.98293668e-01
1.91273621e-01
2.04694001e-01
3.01973047e-01
0.00000000e+00
3.86779294e-01
1.27491578e+00
3.10703321e-01
-2.98624558e-01
1.81777618e-01
-3.90362579e-02
0.00000000e+00
1.96626134e-01
-2.83234488e-01
4.23984315e-01
-6.90604396e-01
2.58649784e-01
2.31542409e-01
0.00000000e+00
6.57742841e-01
4.49107410e-01
9.56101486e-01
-2.30120325e-01
-7.34584094e-01
-1.07891102e+00
0.00000000e+00
3.05278524e-01
-2.39005525e-01
4.87715032e-01
-2.86903305e-01
8.62666765e-02
-2.15646391e-01
8.04658515e-01
1.09795352e+00
0.00000000e+00
0.00000000e+00
0.00000000e+00
-5.85722777e-01
-9.93836887e-01
-4.49957472e-01
-2.42843011e+00
-1.58116268e+00
0.00000000e+00
0.00000000e+00
0.00000000e+00
1.78162616e+00
-1.40796906e+00
7.69813071e-01
9.86895809e-01
-6.72152590e-01
1.24737986e+00
9.74914101e-01
1.07389058e+00
1.05290808e+00
0.00000000e+00
1.91547395e+00
-1.71532149e-02
3.46328584e-01
1.28196993e+00
9.17327928e-01
1.84396701e+00
1.34764885e+00
-5.02674616e-01
3.36258742e-01
1.42162283e+00
-1.20623463e+00
0.00000000e+00
0.00000000e+00
0.00000000e+00
1.07774591e+00
7.38874770e-01
9.33279655e-01
1.32320407e+00
-5.85575755e-01
1.06394784e+00
1.20952699e+00
1.47178159e+00
9.21153826e-01
0.00000000e+00
9.30727359e-01
1.53842542e+00
6.41404017e-01
9.42903621e-01
1.02159705e+00
6.62733511e-01
1.13608881e+00
2.98046806e-01
6.35070752e-01
1.01373867e+00
-2.79821476e+00
0.00000000e+00
0.00000000e+00
0.00000000e+00
1.00813746e+00
2.78513392e+00
3.77431675e-01
4.59805520e-01
-1.05600834e-01
8.13486163e-01
1.57556898e-01
9.91503185e-01
-7.22856381e-01
0.00000000e+00
9.28847413e-01
2.07623136e+00
-1.17416159e+00
8.01281510e-01
-1.00617475e+00
1.12500942e+00
-3.34545376e-01
-6.08433879e-01
-4.67251870e-01
8.90938434e-01
-7.92112313e-01
0.00000000e+00
0.00000000e+00
0.00000000e+00
8.02615581e-01
-5.64884015e-01
9.96892115e-01
5.24441981e-01
-1.74638086e-01
1.21190480e+00
1.04301578e+00
9.18787282e-01
1.41174021e+00
0.00000000e+00
8.58432385e-01
-2.13658593e-01
1.03486727e+00
8.59274229e-01
1.64863463e+00
1.79259123e-01
1.39271484e+00
3.31986182e-01
1.01861662e+00
4.80009837e-01
136
4.97855126e-01
-6.11306879e-02
7.61998887e-03
3.34020339e-01
-2.38866909e-03
2.24965475e-01
-3.49541637e-03
0.00000000e+00
0.00000000e+00
0.00000000e+00
0.00000000e+00
0.00000000e+00
0.00000000e+00
0.00000000e+00
0.00000000e+00
0.00000000e+00
1.01981227e+00
1.00697431e+00
0.00000000e+00
-2.61333641e-02
-7.62728546e-02
-6.20044216e-02
-9.38160932e-02
-4.25666625e-02
1.40535627e-01
4.88515248e-01
1.69597647e-01
7.10053584e-02
-4.05079664e-01
1.01160432e-01
7.85519194e-01
-7.93812868e-01
2.80523309e-01
-3.26139385e-01
5.68221761e-01
0.00000000e+00
-5.62246024e-01
-5.01099021e-01
7.52491649e-01
0.00000000e+00
6.48033536e-01
-2.60179754e-01
5.58180854e-01
0.00000000e+00
0.00000000e+00
0.00000000e+00
0.00000000e+00
-1.58984057e+00
2.74961436e-01
-4.07100557e-01
-9.37731491e-01
0.00000000e+00
-1.18030060e+00
-5.70170927e-01
4.41513256e-02
-6.11510660e-01
5.26869358e-03
2.76422036e-01
5.89244472e-01
1.42165739e-01
1.67912812e-02
6.10503104e-02
-1.11696787e-01
-2.16175222e-01
1.23031522e-01
1.85185867e-01
0.00000000e+00
1.46690538e+00
-4.27413528e-02
4.10668852e-01
-1.64518372e-01
0.00000000e+00
1.21173961e+00
-3.68274368e-02
4.12118040e-01
1.92645161e-02
0.00000000e+00
7.83063984e-01
1.82925004e-04
2.56169906e-01
-2.90134569e-02
4.02318986e-01
7.07109725e-02
-3.05570109e-01
1.05717113e-01
4.06864490e-02
-9.42426326e-01
-1.69909433e+00
-1.20737948e+00
0.00000000e+00
0.00000000e+00
0.00000000e+00
8.17293445e-01
-2.40398129e+00
1.49953267e-01
4.99663086e-01
-2.68961479e+00
5.42757823e-01
4.94887548e-01
8.68443514e-01
2.20844225e-01
0.00000000e+00
1.05718650e+00
1.64924312e-01
-1.08572325e+00
4.16457565e-01
7.65772624e-01
6.64977202e-01
5.08247990e-01
-2.10855886e+00
-6.74118590e-01
5.83208191e-01
-1.81268582e+00
0.00000000e+00
0.00000000e+00
0.00000000e+00
3.87878454e-01
1.20304607e+00
-2.79198430e-01
-1.38747509e-01
-1.71291869e+00
4.45737397e-01
1.18789562e-01
3.99157250e-01
-4.56660299e-01
0.00000000e+00
7.02231998e-01
4.07875521e-01
-1.00285670e+00
2.87781744e-01
-4.37718594e-01
2.56653785e-01
6.51559827e-02
-1.87555105e+00
-4.54060733e-01
2.70718418e-01
17 1
-1.3111e+00 3.6820e-01
8 0
0 6 1 3 5 19 14 7 
217
1.04836253e+00
-4.84940278e-01
-9.09626720e-02
-3.03820325e-01
3.60749961e-01
5.08719381e-01
5.28620164e-01
2.37787634e-01
3.25155879e-01
-2.95143764e-01
-6.53994220e-02
6.69758800e-01
0.00000000e+00
0.00000000e+00
3.85725127e-01
-1.38793825e-02
4.59322676e-01
2.39818123e-01
2.12929776e-03
6.95764326e-03
-2.77624188e-01
6.40960733e-03
3.58709645e-01
0.00000000e+00
0.00000000e+00
0.00000000e+00
0.00000000e+00
0.00000000e+00
0.00000000e+00
0.00000000e+00
0.00000000e+00
0.00000000e+00
0.00000000e+00
4.00373421e-01
4.32260650e-01
0.00000000e+00
0.00000000e+00
-1.04824604e+00
-6.19806109e-01
-4.49039519e-01
-1.35142193e-01
-1.71008075e-01
5.59362854e-01
1.07601681e+00
0.00000000e+00
-8.47728475e-01
-2.90076909e-01
5.12469737e-02
0.00000000e+00
-5.20507606e-01
0.00000000e+00
1.22026359e+00
0.00000000e+00
-1.16367607e+00
5.73932806e-02
2.96881256e-01
0.00000000e+00
0.00000000e+00
0.00000000e+00
3.70106036e-01
-4.70873759e-01
2.97719072e-01
-6.14707585e-01
0.00000000e+00
-1.66526467e-01
0.00000000e+00
9.47491024e-01
8.07253868e-01
2.67397972e-01
5.61093048e-01
0.00000000e+00
2.88984603e-01
-4.71541628e-01
4.96855298e-01
-4.93153115e-01
2.62522628e-01
8.69383989e-01
-1.05144797e-02
-5.50574171e-02
-1.54120605e-01
2.24426431e-01
5.67575025e-01
8.89507995e-01
8.23029914e-01
-2.52339640e-01
3.61345663e-01
0.00000000e+00
5.87105495e-01
-1.24316413e-01
3.52251012e-01
1.73093469e-01
6.11011966e-01
3.01138155e-01
1.66137067e-01
1.62528818e-01
-1.22455311e-01
-2.63164096e-02
-5.13830173e-01
0.00000000e+00
4.96077410e-01
-1.40004008e-02
2.88823365e-01
-1.76449674e-01
2.63461754e-01
3.47980922e-01
0.00000000e+00
3.01628072e-01
-3.24930531e-01
4.60651859e-01
-1.95094979e-01
2.86082598e-01
-1.73431207e-01
4.22373686e-01
2.31069839e-01
0.00000000e+00
0.00000000e+00
0.00000000e+00
6.22909297e-01
1.93506924e-01
-7.88669398e-01
-2.57046294e+00
-1.74117637e+00
0.00000000e+00
0.00000000e+00
0.00000000e+00
1.23320562e+00
-7.60641167e-01
1.28675064e+00
9.28207261e-01
-5.07942369e-01
1.09200199e+00
7.09947364e-01
1.47969756e+00
9.74937622e-01
0.00000000e+00
2.07210113e+00
1.20058642e+00
-8.24582480e-01
1.15038095e+00
1.32509894e+00
1.19044667e+00
1.46344058e+00
-9.44279321e-01
-1.07311817e-01
1.30087838e+00
-1.16921230e+00
0.00000000e+00
0.00000000e+00
0.00000000e+00
1.33928437e+00
2.45513092e-01
7.09228094e-01
1.29698728e+00
-4.68567217e-01
1.31084621e+00
1.53696102e+00
1.03824739e+00
1.15167474e+00
0.00000000e+00
7.07796011e-01
7.62779717e-01
1.36495406e+00
1.29901178e+00
5.50707302e-01
1.21778976e+00
6.77575026e-01
4.07718484e-01
1.13005827e+00
1.03549123e+00
-2.79607575e+00
0.00000000e+00
0.00000000e+00
0.00000000e+00
1.53742414e-01
2.59384522e+00
8.43917850e-01
7.48588528e-02
-2.02238838e-01
-2.45788060e-01
1.24368133e-01
2.88500624e-01
-9.50217438e-01
0.00000000e+00
1.22864187e+00
1.10644203e+00
-9.73835429e-01
-4.71189025e-01
-6.11198900e-01
3.24878505e-01
-5.34971862e-01
1.46430596e-01
3.83810083e-01
8.32061010e-01
-4.69736691e-01
0.00000000e+00
0.00000000e+00
0.00000000e+00
8.26530144e-01
7.45401456e-02
3.53784456e-01
5.36054776e-01
-1.80803093e-01
1.20203361e+00
6.58159529e-01
7.97151524e-01
1.24554754e+00
0.00000000e+00
3.20039574e-01
3.51931980e-01
6.30477432e-01
9.45523807e-01
7.59663441e-01
2.42104297e-01
1.03721215e+00
-1.83379539e-02
2.47550621e-01
2.66957149e-01
136
5.38550678e-02
1.03367779e-01
-5.02826156e-03
-1.65800971e-02
-1.82875477e-04
1.52019437e-02
9.83632899e-04
-4.81345574e-02
-2.01017459e-01
0.00000000e+00
0.00000000e+00
0.00000000e+00
0.00000000e+00
0.00000000e+00
0.00000000e+00
0.00000000e+00
2.57905694e+00
2.71188964e+00
0.00000000e+00
-3.61640412e-01
9.83014781e-02
1.06153880e-02
-6.36683211e-02
-9.97539383e-02
5.73800237e-02
2.47432206e-01
1.65188643e-01
-1.71022872e-01
-3.66106602e-01
-1.26544235e-01
5.64724511e-01
-7.01020750e-01
4.55724968e-01
-2.64395872e-01
4.67725382e-01
0.00000000e+00
-3.30607731e-01
-2.47733389e-01
6.69942973e-01
0.00000000e+00
5.16384786e-01
-3.64169194e-01
4.48375981e-01
0.00000000e+00
0.00000000e+00
0.00000000e+00
0.00000000e+00
-1.13621892e+00
3.38687840e-01
-2.55781505e-01
-7.07774169e-01
0.00000000e+00
-1.09407109e+00
-4.73287703e-01
8.60581354e-02
-6.40934142e-01
-1.48575614e-01
9.13766922e-02
6.02976320e-01
1.06377405e-01
-6.92320243e-02
1.05962304e-01
-2.77954989e-01
-2.45065839e-01
6.67972708e-02
2.54138322e-01
-9.09657967e-01
5.79030239e-01
-1.32209332e-01
2.48215895e-01
-1.77843668e-01
0.00000000e+00
1.03329396e+00
-1.35502867e-02
3.53604485e-01
3.18295431e-02
0.00000000e+00
6.91762954e-01
-3.89357069e-02
2.78401300e-01
-7.73803752e-02
2.08207052e-01
-7.76955136e-02
-3.41460001e-01
3.25944408e-02
2.04352379e-01
-9.64625103e-01
-1.83293138e+00
-1.19384907e+00
0.00000000e+00
0.00000000e+00
0.00000000e+00
8.55503108e-01
-2.16662039e+00
9.01753641e-02
5.07646272e-01
-2.69982196e+00
4.94168029e-01
4.58399441e-01
8.78559197e-01
1.55200722e-01
0.00000000e+00
1.02593027e+00
1.92199690e-01
-1.13427872e+00
4.04461447e-01
8.36113491e-01
6.40790859e-01
5.41327855e-01
-2.19304390e+00
-6.86955511e-01
6.06395660e-01
-1.94918921e+00
0.00000000e+00
0.00000000e+00
0.00000000e+00
3.27050091e-01
1.48731062e+00
-2.47505779e-01
-1.01232840e-01
-1.80458558e+00
2.60546426e-01
9.30430307e-02
3.80161254e-01
-5.72561266e-01
0.00000000e+00
5.79767239e-01
1.05036254e+00
-1.05915018e+00
2.94866595e-01
-5.60218348e-01
1.73824469e-01
6.92156051e-02
-1.91522943e+00
-5.91699356e-01
1.86845709e-01
