0 6 -999999999 -1 -1
1 2 0 -1 -1
0.009527 0.435
356
2.79171374e-01
1.25692198e-01
1.53479176e-01
9.66826506e-01
-6.09148523e-01
-4.73214453e-01
-2.09524445e-02
0.00000000e+00
0.00000000e+00
6.43698659e-02
-1.42093072e-01
0.00000000e+00
0.00000000e+00
3.08070107e-01
3.36851868e-01
3.21904532e-01
0.00000000e+00
0.00000000e+00
0.00000000e+00
0.00000000e+00
0.00000000e+00
0.00000000e+00
0.00000000e+00
0.00000000e+00
0.00000000e+00
0.00000000e+00
0.00000000e+00
0.00000000e+00
0.00000000e+00
0.00000000e+00
0.00000000e+00
0.00000000e+00
0.00000000e+00
0.00000000e+00
0.00000000e+00
0.00000000e+00
0.00000000e+00
0.00000000e+00
0.00000000e+00
0.00000000e+00
0.00000000e+00
0.00000000e+00
0.00000000e+00
0.00000000e+00
0.00000000e+00
0.00000000e+00
0.00000000e+00
0.00000000e+00
0.00000000e+00
0.00000000e+00
0.00000000e+00
-4.98556067e-01
-2.23208734e-02
8.81569231e-01
0.00000000e+00
0.00000000e+00
0.00000000e+00
0.00000000e+00
3.09877532e-01
-2.52858075e-01
2.70316446e-02
-2.75522330e-02
9.00493573e-02
1.94498859e-01
2.11199775e-01
-6.63786889e-01
-3.58986935e-01
-1.67826374e-01
-2.69382862e-01
7.02683629e-03
-1.11184261e-01
2.12602705e-01
-3.51637691e-04
-2.97036048e-01
2.17068630e-01
-8.50980560e-04
-5.05974580e-01
1.18882900e-01
-8.31864778e-04
-5.98547880e-01
0.00000000e+00
0.00000000e+00
-1.27444074e-02
-8.80528565e-02
2.87051942e-01
-2.65611184e-01
1.17927266e-02
3.46735154e-01
0.00000000e+00
0.00000000e+00
-1.63654980e-01
-3.31516540e-01
-3.94315478e-01
-4.89658970e-01
2.65296110e-02
-3.52608117e-02
-1.17045670e-01
-3.10449670e-02
-3.85897966e-02
-5.74462472e-02
1.07635949e+00
2.08153917e-01
0.00000000e+00
0.00000000e+00
3.32192816e+00
1.78959530e+00
0.00000000e+00
0.00000000e+00
0.00000000e+00
0.00000000e+00
0.00000000e+00
0.00000000e+00
4.97282642e-01
3.21672053e-01
1.32189683e-01
-4.22741431e-01
-1.14229108e+00
-2.42886865e+00
0.00000000e+00
0.00000000e+00
0.00000000e+00
0.00000000e+00
0.00000000e+00
0.00000000e+00
1.19506560e+00
2.27342579e-02
-1.23329520e-01
-4.18385886e-01
-9.22591843e-01
-1.26391653e+00
3.74810169e+00
3.69787715e+00
3.67156475e+00
3.69794696e+00
3.64010907e+00
3.63106807e+00
4.43202105e-01
4.14823851e-01
3.34151245e-01
3.36425050e-01
4.60216178e-01
-1.34384826e-01
3.55570950e-01
2.03264818e-01
2.06442428e-02
7.53415058e-02
1.47576401e-01
-2.74425238e-01
0.00000000e+00
0.00000000e+00
0.00000000e+00
0.00000000e+00
0.00000000e+00
0.00000000e+00
0.00000000e+00
0.00000000e+00
2.79171374e-01
3.95395142e-01
-2.32754910e+00
0.00000000e+00
-4.22862724e-01
-5.98422418e-01
-2.92344962e-01
-9.04615413e-01
-7.15207686e-01
0.00000000e+00
0.00000000e+00
0.00000000e+00
3.69596369e-01
-1.87701136e-01
-2.16688290e-01
2.93959201e-01
-9.25236241e-01
1.03130501e+00
1.05220398e-01
-3.21302382e-01
-3.86545491e-02
0.00000000e+00
7.01907184e-01
6.60398456e-01
-8.88763579e-01
1.57145458e-01
-6.79176049e-01
-4.24664986e-02
1.09780921e-01
-9.35222057e-01
-3.56911684e-01
4.47601782e-01
2.99768916e-01
0.00000000e+00
0.00000000e+00
0.00000000e+00
1.72973370e-01
-5.53879276e-01
5.16228805e-02
2.37147804e-02
-8.51407110e-02
-1.74530155e-01
1.53638742e-02
-6.52203998e-02
8.22888295e-02
0.00000000e+00
-9.65519493e-02
-7.13340319e-02
2.55294980e-01
1.77845500e-01
-1.86143778e-01
2.23243544e-01
1.02912313e-01
2.10387712e-01
2.03807690e-01
1.31137439e-02
-4.44812221e-01
-2.05421967e-01
-1.15305676e+00
-3.80663330e-01
3.22372599e-02
4.86215111e-01
1.39490636e-02
-7.05586141e-01
-1.01641607e-01
0.00000000e+00
0.00000000e+00
0.00000000e+00
1.98857516e-01
1.91321154e-01
-2.98510857e-01
3.75126164e-01
-4.38313487e-02
4.47604385e-01
2.18601547e-01
-1.26967910e+00
2.31262060e-01
0.00000000e+00
6.15492914e-01
5.99090332e-01
1.73846204e-01
1.34171754e-01
-1.92340951e+00
-6.41637255e-01
-3.25874895e-02
1.29801916e-01
3.52717343e-02
7.57566274e-01
-2.39390254e-01
-4.85436023e-01
-4.25660748e-01
-4.18038916e-02
-2.70395465e-01
-2.17440757e-01
-4.76762346e-01
5.86734237e-01
1.61572419e-01
5.29453083e-01
1.75790892e-02
-7.64472930e-01
-5.29547076e-02
-2.74638885e-01
4.98467893e-02
5.05176553e-02
-1.50303783e+00
0.00000000e+00
0.00000000e+00
0.00000000e+00
-8.38320699e-01
-4.98765846e-01
1.08804235e-01
1.71451798e-01
-6.82472115e-01
4.76136484e-01
5.71983566e-01
2.48394465e-01
2.12288167e-01
0.00000000e+00
-5.88352190e-01
1.49163577e-01
-7.93746670e-01
6.29423627e-01
-5.50645155e-01
1.74888989e-01
2.12454653e-01
-3.15208008e-01
3.15631782e-01
-5.06148492e-01
3.21638756e-01
0.00000000e+00
0.00000000e+00
0.00000000e+00
1.51141851e-01
-4.29644561e-01
-4.52474133e-02
6.10760808e-02
-2.16248638e-01
-6.63696261e-03
-8.35268909e-02
-1.78851138e-01
2.61914793e-02
0.00000000e+00
3.07790619e-02
7.13199251e-02
1.68918281e-01
7.19639384e-02
2.91225507e-01
2.31218370e-02
4.74356007e-03
9.75164648e-02
8.17320425e-02
2.02064329e-01
-6.52252119e-01
-1.76863388e-01
0.00000000e+00
-8.26398758e-01
-4.19635213e-01
5.59196949e-01
2.76405606e-02
-7.63700898e-01
-2.60282722e-01
0.00000000e+00
0.00000000e+00
0.00000000e+00
-3.03793993e-01
3.98499131e-01
3.76381858e-01
-5.03094816e-01
4.34741269e-01
-2.39550316e-01
-1.07177229e-01
8.50538613e-01
8.56497738e-03
0.00000000e+00
-6.06498360e-01
-4.60917268e-01
-2.90307218e-01
-3.04601352e-02
5.80566499e-01
5.08184953e-01
1.88521472e-01
8.28915912e-02
-1.90414850e-02
-1.12833227e+00
-4.75388730e-01
0.00000000e+00
-4.31436784e-01
-3.54343535e-01
-8.50785713e-01
-4.21559030e-01
0.00000000e+00
-1.80884792e-01
2.03990054e-01
4.44138804e-01
-3.33920190e-02
-8.32305815e-01
-4.29226683e-01
0.00000000e+00
0.00000000e+00
-2.31185796e-01
247
-1.37423258e-02
-5.65244998e-02
0.00000000e+00
2.49285059e-01
-3.05809558e-01
-7.91286274e-01
-1.27045609e+00
2.37896605e-01
0.00000000e+00
0.00000000e+00
6.90323062e-01
7.97647348e-02
0.00000000e+00
0.00000000e+00
0.00000000e+00
0.00000000e+00
0.00000000e+00
0.00000000e+00
0.00000000e+00
0.00000000e+00
0.00000000e+00
0.00000000e+00
0.00000000e+00
0.00000000e+00
0.00000000e+00
0.00000000e+00
0.00000000e+00
0.00000000e+00
0.00000000e+00
0.00000000e+00
0.00000000e+00
0.00000000e+00
0.00000000e+00
0.00000000e+00
0.00000000e+00
0.00000000e+00
0.00000000e+00
0.00000000e+00
0.00000000e+00
0.00000000e+00
0.00000000e+00
-1.16339102e-01
-1.21094646e-03
-2.24963174e-01
2.09254544e-03
3.90549450e-02
-1.09354144e-03
2.88505005e-01
-3.27837847e-03
0.00000000e+00
0.00000000e+00
0.00000000e+00
4.10774866e-01
3.37141747e-01
1.00113952e-01
1.99715867e-01
-1.06112219e+00
0.00000000e+00
0.00000000e+00
2.95230318e+00
1.54872674e+00
0.00000000e+00
0.00000000e+00
0.00000000e+00
0.00000000e+00
0.00000000e+00
0.00000000e+00
8.22799352e-01
4.17725525e-01
2.67001851e-01
-3.40138681e-01
-1.22980969e+00
-2.90362387e+00
0.00000000e+00
0.00000000e+00
0.00000000e+00
0.00000000e+00
0.00000000e+00
0.00000000e+00
1.19660878e+00
1.45162533e-01
-1.70388748e-01
-6.51438036e-01
-7.30067521e-01
-1.35234608e+00
4.21548175e+00
4.21835126e+00
4.13427099e+00
4.14642643e+00
3.96558444e+00
4.04167908e+00
1.63992074e-01
2.28684819e-01
2.69086021e-02
8.68009908e-02
2.91685903e-02
-3.33104331e-01
-6.10740747e-03
1.95095247e-02
-1.07231939e-01
-1.26366194e-01
2.66260154e-03
-4.11982309e-01
0.00000000e+00
0.00000000e+00
0.00000000e+00
0.00000000e+00
-1.37423258e-02
-3.56258275e-01
-2.19286873e+00
0.00000000e+00
-3.74301813e-01
-3.98874965e-01
-8.27022250e-01
-7.35446812e-01
-7.73176778e-01
0.00000000e+00
0.00000000e+00
0.00000000e+00
4.69048968e-01
-3.91410124e-01
4.95362720e-02
1.78806326e-02
-9.55484677e-01
7.55694365e-01
3.30074751e-01
-2.73510093e-02
-5.40680558e-01
0.00000000e+00
4.33632204e-01
4.48683070e-01
-4.73436318e-01
3.72717545e-01
-1.25849462e+00
1.23337661e-01
2.72070096e-01
-5.07352454e-01
-1.63910731e-01
2.72268150e-01
-5.90859256e-01
-2.76108476e-01
-1.25917564e+00
-8.25772665e-01
-5.87447893e-01
-2.35031744e-01
0.00000000e+00
0.00000000e+00
0.00000000e+00
-1.77175947e-01
-9.48902777e-02
-2.41464617e-02
5.72831802e-03
-4.27221066e-01
-3.41832916e-01
-1.24398654e-01
5.08199318e-01
8.24973147e-02
0.00000000e+00
-1.27610202e-01
1.26693559e-01
-3.09026466e-01
-8.70819404e-03
7.37531616e-01
1.71638254e-01
-1.13137514e-01
7.23895164e-04
6.78979877e-02
-1.87794308e-01
-3.14750780e-01
-4.22252852e-01
-3.41950837e-01
-2.67786049e-01
-1.82317522e-01
-9.81933376e-02
-1.15617308e+00
-3.64958138e-01
-2.14361682e-01
-8.41241845e-02
-5.80459683e-01
-1.45607453e-01
-1.38994776e-01
-1.56246906e+00
0.00000000e+00
0.00000000e+00
0.00000000e+00
-7.13529249e-01
-4.41575848e-01
1.07445505e-01
9.57363289e-02
-1.05754130e+00
7.61899670e-01
3.24471877e-01
-2.94684097e-01
-8.43062404e-02
0.00000000e+00
-4.55172037e-01
4.71042120e-01
-2.06054124e-01
6.10382378e-01
-2.60878482e-01
-1.76887529e-01
1.83644344e-01
-4.18629843e-01
2.35394125e-01
-2.43226663e-01
-7.37013160e-01
-3.73088906e-01
0.00000000e+00
-4.54042300e-02
-1.55555669e-01
-2.01888033e-02
0.00000000e+00
0.00000000e+00
0.00000000e+00
-4.12156547e-02
2.74941880e-01
-1.81856822e-01
1.62299214e-01
-3.58772219e-01
2.10828518e-01
-5.72854229e-02
-3.79316705e-01
2.47371805e-01
0.00000000e+00
2.02894074e-01
4.91726155e-01
-7.50042192e-02
3.73848754e-02
-6.90366336e-01
-2.75309311e-01
1.89239837e-03
9.75411482e-02
-7.14478488e-03
3.19202602e-01
-3.63924254e-01
0.00000000e+00
-8.90798539e-02
2.59339682e-02
-8.25455902e-01
-4.53933344e-01
0.00000000e+00
0.00000000e+00
-1.40392655e-01
-3.71522558e-01
0.00000000e+00
0.00000000e+00
-3.81575063e-01
1 -999999999 4 0 -1
1 0 2 1 -1
-2.4194e-01 7.2866e-01
356
-2.30829027e-01
0.00000000e+00
0.00000000e+00
0.00000000e+00
0.00000000e+00
0.00000000e+00
0.00000000e+00
0.00000000e+00
0.00000000e+00
0.00000000e+00
0.00000000e+00
0.00000000e+00
0.00000000e+00
0.00000000e+00
0.00000000e+00
0.00000000e+00
-4.70371539e-01
2.39542512e-01
1.41138248e+00
-8.78847756e-01
-2.99817756e-01
2.97499092e-01
0.00000000e+00
0.00000000e+00
3.16453331e-01
-2.13892430e-01
4.33834127e-02
4.64663035e-02
4.87769276e-01
4.86097525e-01
4.37515676e-01
4.89659977e-02
-2.79795025e-01
-3.56902146e-01
-7.53769459e-01
-4.63859785e-01
-3.31200078e-01
3.91511503e-01
1.55739494e-01
1.43566405e-02
1.97227973e-01
0.00000000e+00
0.00000000e+00
0.00000000e+00
0.00000000e+00
0.00000000e+00
0.00000000e+00
0.00000000e+00
0.00000000e+00
0.00000000e+00
0.00000000e+00
-2.86851431e-01
2.58687966e-01
-5.56604403e-01
0.00000000e+00
0.00000000e+00
0.00000000e+00
0.00000000e+00
-4.88248719e-01
4.96082119e-01
1.34049074e-02
2.31313003e-01
2.90187348e-01
-1.11326326e-01
2.07138177e-01
-3.72043622e-01
-2.53310741e-01
-1.49677728e-01
-5.61093558e-01
6.12814941e-03
2.37149490e-01
-1.44881584e-01
2.81710305e-03
1.46418010e-01
9.63682718e-02
1.77117615e-03
2.22137785e-02
3.78777843e-01
1.67671832e-03
-1.09482663e-01
0.00000000e+00
0.00000000e+00
2.52687308e-02
-3.43806519e-01
-2.03794294e-01
5.02822293e-02
2.61608038e-01
-2.03872117e-02
0.00000000e+00
0.00000000e+00
-1.36088485e-01
-1.42351879e-01
-3.56649808e-01
-3.66279270e-01
3.23594654e-02
-5.96486428e-02
-2.60074101e-02
3.15206203e-02
-4.49228395e-02
1.66950056e-01
2.40626601e-01
1.04143473e-01
0.00000000e+00
0.00000000e+00
1.20349739e+00
2.44493913e+00
0.00000000e+00
0.00000000e+00
0.00000000e+00
0.00000000e+00
0.00000000e+00
0.00000000e+00
6.42234774e-01
4.65699261e-01
4.31847065e-01
8.07816781e-03
-8.43580583e-01
-2.13860510e+00
0.00000000e+00
0.00000000e+00
0.00000000e+00
0.00000000e+00
0.00000000e+00
0.00000000e+00
9.34211500e-01
-1.06268601e-01
-3.03569913e-01
-5.85469182e-01
-1.09881374e+00
-1.51585822e+00
3.63405551e+00
3.57506789e+00
3.56396512e+00
3.57548789e+00
3.52795442e+00
3.47719347e+00
4.95197681e-01
4.14447370e-01
2.53681811e-01
3.37995701e-01
2.98345218e-01
-2.66278693e-01
3.17947004e-01
1.48425317e-01
2.47802664e-02
5.25974761e-02
1.56835380e-01
-1.90559760e-01
0.00000000e+00
0.00000000e+00
0.00000000e+00
0.00000000e+00
0.00000000e+00
0.00000000e+00
0.00000000e+00
0.00000000e+00
-2.30829027e-01
-1.01867196e-01
0.00000000e+00
-1.85935450e+00
-4.58253305e-01
-1.06111840e-01
-9.72660792e-01
-7.10301816e-01
-1.43091410e+00
0.00000000e+00
0.00000000e+00
0.00000000e+00
4.14315720e-01
-2.31706417e-01
-2.65936438e-01
3.27480271e-01
-7.89136010e-01
5.28112612e-01
2.94750561e-01
-1.57762851e-01
-6.28169479e-02
0.00000000e+00
6.04463761e-01
1.29890986e-01
-6.55520040e-01
2.72055745e-01
-1.50473546e+00
-1.38725410e-01
1.01038369e-01
-7.11975760e-01
-9.44487776e-03
4.24738095e-01
-1.52975316e-01
0.00000000e+00
0.00000000e+00
0.00000000e+00
3.39416723e-02
-3.06132881e-02
-6.96902882e-02
-1.34642503e-02
-9.62933685e-02
2.92972374e-03
-7.96523740e-02
-1.11751402e-01
-1.44227818e-01
0.00000000e+00
-5.99018627e-02
8.54422437e-02
1.09787532e-01
2.72938528e-02
1.38986755e-01
3.96361642e-02
-7.89351726e-02
9.97493723e-02
-2.76681531e-02
2.14553458e-02
-8.38767198e-01
-1.95721676e-01
0.00000000e+00
4.36333312e-01
3.10903319e-01
1.76973347e-01
2.02986933e-02
-3.92993715e-01
9.49362885e-02
0.00000000e+00
0.00000000e+00
0.00000000e+00
3.82816518e-01
1.09362868e-01
-3.28635192e-02
6.73703939e-01
-4.39698966e-03
2.24782961e-01
3.97192288e-01
-8.20963252e-01
-8.34914228e-02
0.00000000e+00
8.38947015e-01
-6.07475558e-01
2.76933219e-01
8.63868576e-02
-1.43094874e+00
-8.02544423e-01
1.75708663e-02
-2.89866306e-01
2.19912620e-01
9.39877350e-01
-6.43045523e-01
0.00000000e+00
2.37001546e-01
2.20192346e-01
-5.92146899e-01
-2.62531629e-01
0.00000000e+00
-2.32557928e-01
2.37271683e-01
3.08180862e-01
-3.15012266e-02
-5.39211265e-01
-3.29615269e-01
0.00000000e+00
5.57504254e-02
2.94769172e-01
-8.16413656e-01
0.00000000e+00
0.00000000e+00
0.00000000e+00
-7.19576301e-01
-2.95159545e-01
-1.17106500e-01
-2.05664423e-01
-7.83384386e-01
7.43644181e-01
9.01203944e-02
1.34261956e-01
2.15671495e-01
0.00000000e+00
-4.97300086e-01
9.12327421e-01
-7.20330876e-01
5.71934414e-01
3.59334979e-02
1.24990381e-01
4.80153860e-01
-5.27625829e-01
-1.65955660e-01
-9.33476505e-02
-1.52083508e-01
0.00000000e+00
0.00000000e+00
0.00000000e+00
9.60305918e-02
-2.86380949e-01
-4.87506508e-02
1.46676019e-01
-1.02620281e-01
1.17554010e-02
1.01905121e-01
-1.59510768e-01
-2.33271370e-01
0.00000000e+00
2.91365127e-02
-2.82035551e-01
1.61781109e-01
6.01315856e-02
1.32767581e-01
-8.24498175e-02
-1.29107016e-01
1.54729038e-01
1.99861454e-01
7.72684809e-02
-4.15741120e-01
5.19340288e-02
-3.25448157e-01
6.54838514e-02
1.06640808e-01
2.63449577e-01
9.71999051e-02
-3.08715454e-01
-7.45654886e-02
0.00000000e+00
0.00000000e+00
0.00000000e+00
-4.80029899e-01
2.68597018e-02
1.97927317e-01
-8.84012584e-01
2.30628657e-01
-3.67999435e-02
-3.95355892e-01
9.25871447e-01
2.95564929e-01
0.00000000e+00
-6.96647635e-01
7.48022645e-01
-2.94877300e-01
-2.21130299e-01
4.17343098e-01
8.08451445e-01
2.77541020e-01
1.85522594e-01
-1.12776490e-01
-1.06666830e+00
-4.67675149e-01
4.88144904e-01
4.92799243e-01
3.45887471e-01
-4.00672536e-01
-1.58045869e-01
-3.42997280e-01
-1.10015036e-01
-1.28415958e-01
2.90686661e-01
-4.17221420e-02
-4.07010388e-01
-2.42626667e-01
6.26432869e-02
2.72461565e-01
8.36508968e-03
247
-1.57840941e-01
0.00000000e+00
0.00000000e+00
0.00000000e+00
0.00000000e+00
0.00000000e+00
0.00000000e+00
0.00000000e+00
0.00000000e+00
2.40784982e-01
0.00000000e+00
0.00000000e+00
0.00000000e+00
0.00000000e+00
-1.55078202e-01
0.00000000e+00
4.26207552e-01
-5.81285754e-01
-9.61187374e-01
-1.17731686e+00
0.00000000e+00
0.00000000e+00
0.00000000e+00
7.46470284e-01
4.11648070e-02
0.00000000e+00
0.00000000e+00
-5.73148288e-01
4.15307347e-01
-1.09471929e+00
5.21571006e-01
-5.78922479e-01
2.49483418e-01
3.29886789e-01
0.00000000e+00
0.00000000e+00
0.00000000e+00
0.00000000e+00
0.00000000e+00
0.00000000e+00
0.00000000e+00
-1.98186624e-01
-8.22202121e-03
-3.26885464e-01
1.82285400e-03
8.20381202e-04
2.90882060e-03
3.66410766e-01
2.31595719e-04
0.00000000e+00
0.00000000e+00
-3.75833847e-01
-7.65546779e-01
-3.84664883e-01
2.73992240e-01
9.00668568e-01
1.93543760e-01
0.00000000e+00
0.00000000e+00
1.46526456e+00
2.59085769e+00
0.00000000e+00
0.00000000e+00
0.00000000e+00
0.00000000e+00
0.00000000e+00
0.00000000e+00
2.99550749e-01
3.91923876e-01
2.74057691e-01
-6.00200943e-02
-6.35516495e-01
-1.89310123e+00
0.00000000e+00
0.00000000e+00
0.00000000e+00
0.00000000e+00
0.00000000e+00
0.00000000e+00
8.25885540e-01
-4.55889815e-02
-3.80429760e-01
-6.95444802e-01
-1.02280812e+00
-1.43031250e+00
4.71363562e+00
4.74295991e+00
4.74011797e+00
4.67033170e+00
4.67768191e+00
4.51980923e+00
1.88166154e-01
5.03440399e-02
-6.77917921e-02
-3.31695084e-03
-3.17581424e-04
-5.50482532e-01
-2.70113544e-01
-4.83715882e-01
-4.99482449e-01
-4.27059264e-01
-4.48833735e-01
-6.29538918e-01
0.00000000e+00
0.00000000e+00
0.00000000e+00
0.00000000e+00
-1.57840941e-01
-5.49600046e-02
0.00000000e+00
-1.85743201e+00
-7.85442958e-01
-8.37662544e-01
-4.39364387e-01
-4.51902238e-01
-1.62310550e+00
0.00000000e+00
0.00000000e+00
0.00000000e+00
5.22817631e-01
-5.36897594e-01
-2.48532397e-01
3.85172026e-02
-1.19426038e+00
3.68613698e-01
-1.02585995e-03
-4.67740501e-01
9.99327493e-03
0.00000000e+00
5.96573607e-01
4.81937589e-01
-4.85538015e-01
4.23088062e-01
-7.36275686e-01
1.55814352e-01
1.70118330e-01
-9.49521231e-01
-4.26255523e-02
2.71837967e-01
-9.01172117e-01
-2.18191129e-01
0.00000000e+00
5.06700244e-01
3.23846717e-01
-2.26464822e-01
0.00000000e+00
0.00000000e+00
0.00000000e+00
-1.00763813e-01
5.61227278e-01
-5.01944455e-02
-2.82612702e-01
-2.38885724e-01
-1.42947893e-01
-2.05807045e-01
2.39484013e-01
1.29086160e-01
0.00000000e+00
-8.13085171e-02
1.90895900e-01
-2.59840357e-01
-1.32720760e-01
7.16068448e-01
-4.90247874e-02
-6.87539799e-02
1.93213119e-01
-3.36147814e-01
-3.07431902e-01
-6.82980987e-01
0.00000000e+00
6.67401486e-01
4.67918869e-01
-7.21933386e-01
-5.67251829e-01
0.00000000e+00
0.00000000e+00
8.18991713e-01
-1.54681557e-01
0.00000000e+00
0.00000000e+00
5.29270146e-01
-8.91266625e-01
0.00000000e+00
0.00000000e+00
0.00000000e+00
-4.12179787e-01
-8.03678756e-01
-9.48032813e-02
-1.53681235e-02
-1.10401982e+00
3.54473501e-01
1.54398498e-01
-1.43902714e-01
3.04225915e-01
0.00000000e+00
-2.31396973e-01
3.15455753e-01
-3.23612522e-01
8.89563463e-01
-8.81787141e-02
1.19187757e-01
2.63338570e-01
-5.01771939e-01
3.56219795e-01
7.07827563e-02
-4.30391707e-01
-1.05690882e-01
-4.69402486e-01
-1.16226368e-01
-9.27253021e-02
-1.79436012e-01
0.00000000e+00
0.00000000e+00
0.00000000e+00
9.62127781e-02
-2.64497069e-01
-1.38495409e-02
4.95868738e-01
-3.05832134e-01
1.32829412e-01
2.09422403e-01
-1.10307156e-01
-1.37719875e-01
0.00000000e+00
3.74476486e-01
-1.67502927e-01
1.47629771e-01
7.92365420e-02
-9.98643005e-01
-1.24951845e-01
-8.23215239e-02
-1.40564315e-03
1.17679437e-01
3.74239140e-01
-3.24700825e-01
1.77342570e-01
7.94436738e-02
1.69585103e-03
-4.60874918e-01
-3.33673504e-01
-4.36411407e-01
-2.40568678e-01
-7.67500350e-02
-1.27201413e-01
1.72039189e-01
-1.15702929e-01
-1.15402998e-02
4 2
2.4333e-01 1.6469e-01
2 -1
0 1 
217
-2.06874054e-01
-1.96270042e-01
-2.02707277e-01
-7.76452694e-01
-2.63308930e-01
8.19118342e-02
-2.30482688e-02
4.25435763e-01
3.37540267e-01
-4.38535749e-01
-1.54443959e-01
4.51563076e-02
-1.03613164e-01
-5.49447124e-03
5.17868036e-03
-1.53574651e-02
-4.95906823e-02
-2.38870963e-01
3.06121011e-03
-5.87663258e-02
-1.70590178e-01
9.19722306e-04
1.21744080e-01
1.97408407e-01
-7.87720445e-05
-1.30665653e-01
0.00000000e+00
0.00000000e+00
-5.31460910e-02
-2.17755820e-03
1.40881604e-01
9.53956169e-02
-1.15512689e-01
-2.72314936e-01
0.00000000e+00
0.00000000e+00
-1.54261225e-01
-1.26583893e-02
-3.99544396e-02
0.00000000e+00
0.00000000e+00
0.00000000e+00
0.00000000e+00
0.00000000e+00
-1.54261225e-01
-4.58902278e-02
3.32318385e-02
-3.99544396e-02
0.00000000e+00
0.00000000e+00
0.00000000e+00
0.00000000e+00
0.00000000e+00
0.00000000e+00
0.00000000e+00
0.00000000e+00
0.00000000e+00
0.00000000e+00
0.00000000e+00
0.00000000e+00
-3.99544396e-02
3.32318385e-02
-4.58902278e-02
1.58648007e-01
-2.79677393e-01
-6.49543651e-01
-6.22648088e-02
2.61916343e-01
-2.35798586e-02
1.72474067e-01
3.04016958e-01
-5.04168411e-01
-5.81685749e-01
-1.14008395e-01
-7.54631239e-01
1.07285793e-01
-5.71394340e-01
0.00000000e+00
0.00000000e+00
0.00000000e+00
0.00000000e+00
0.00000000e+00
0.00000000e+00
0.00000000e+00
0.00000000e+00
0.00000000e+00
0.00000000e+00
0.00000000e+00
0.00000000e+00
0.00000000e+00
0.00000000e+00
0.00000000e+00
0.00000000e+00
0.00000000e+00
0.00000000e+00
0.00000000e+00
0.00000000e+00
0.00000000e+00
0.00000000e+00
0.00000000e+00
0.00000000e+00
0.00000000e+00
0.00000000e+00
0.00000000e+00
0.00000000e+00
0.00000000e+00
0.00000000e+00
0.00000000e+00
0.00000000e+00
0.00000000e+00
0.00000000e+00
0.00000000e+00
0.00000000e+00
0.00000000e+00
0.00000000e+00
0.00000000e+00
0.00000000e+00
0.00000000e+00
0.00000000e+00
1.00621897e+00
4.65864632e-01
-2.50372888e-01
0.00000000e+00
0.00000000e+00
0.00000000e+00
4.67893432e-01
-7.31341219e-01
2.99459154e-02
1.20615752e-01
-6.74980815e-01
1.12068484e-01
4.07421435e-01
4.34100839e-01
-3.02994651e-01
0.00000000e+00
7.17541014e-01
-1.15001667e-02
-7.49770921e-01
-2.12811200e-02
5.78687194e-01
4.57088457e-01
1.05805458e-01
-7.94631240e-01
-5.75524258e-01
1.80483525e-01
-1.49077776e-01
0.00000000e+00
0.00000000e+00
0.00000000e+00
2.40203650e-01
-9.95642014e-01
-2.68038160e-02
3.96497837e-01
-7.28783073e-01
2.39447021e-01
1.25240415e-01
4.26537944e-02
-1.06872719e-01
0.00000000e+00
2.24307126e-01
-3.64420031e-02
-5.59502612e-03
2.21907618e-01
-6.92966886e-02
8.08853429e-02
1.99643164e-01
-4.17645923e-01
1.23700884e-01
3.43516634e-01
-6.93540029e-01
0.00000000e+00
0.00000000e+00
0.00000000e+00
2.62726862e-01
-5.60399007e-01
-1.09700749e-01
3.45976898e-01
-5.83777774e-01
3.92862030e-01
2.52890731e-01
-4.86354314e-01
8.98298842e-02
0.00000000e+00
1.19869914e+00
1.06949433e-01
-5.05937892e-01
1.60295561e-01
-9.62564618e-01
-1.28623495e-01
1.75582894e-02
-3.92198727e-01
-1.99663935e-01
4.07891656e-01
-1.02992120e-01
0.00000000e+00
0.00000000e+00
0.00000000e+00
3.72909528e-02
-4.21144776e-01
-5.59041526e-02
-5.03308932e-02
-5.58213753e-01
1.04922021e-01
4.88353963e-02
2.81968285e-01
-8.67208140e-02
0.00000000e+00
-1.67633533e-01
1.47738414e-02
-1.41815613e-01
1.73491487e-01
7.01586993e-01
1.47227533e-01
8.72969282e-02
-2.61666168e-01
4.99144936e-02
-6.87034954e-03
136
2.95441256e-02
-2.53511148e-02
2.71254737e-03
1.66182354e-01
-5.20925083e-04
1.08069378e-01
-3.30432150e-03
-2.19356492e-01
-5.36446766e-04
0.00000000e+00
0.00000000e+00
-2.72399279e-01
7.00583782e-02
3.01344915e-02
-4.53233223e-03
5.86489251e-02
1.47633942e-01
0.00000000e+00
0.00000000e+00
4.08117562e-01
-2.23848546e-02
-3.56188582e-01
0.00000000e+00
0.00000000e+00
0.00000000e+00
0.00000000e+00
0.00000000e+00
4.08117562e-01
4.08410096e-01
-4.30794951e-01
-3.56188582e-01
0.00000000e+00
0.00000000e+00
0.00000000e+00
0.00000000e+00
0.00000000e+00
0.00000000e+00
0.00000000e+00
0.00000000e+00
0.00000000e+00
0.00000000e+00
0.00000000e+00
0.00000000e+00
0.00000000e+00
0.00000000e+00
0.00000000e+00
2.34245154e-01
-2.56922542e-01
1.63015038e-01
9.79556828e-02
-5.03440434e-01
5.66131023e-01
2.50396635e-01
1.80656210e-01
5.50975645e-01
-4.99055499e-01
0.00000000e+00
0.00000000e+00
0.00000000e+00
0.00000000e+00
-3.56188582e-01
-4.30794951e-01
4.08410096e-01
0.00000000e+00
0.00000000e+00
0.00000000e+00
0.00000000e+00
0.00000000e+00
0.00000000e+00
0.00000000e+00
0.00000000e+00
0.00000000e+00
0.00000000e+00
0.00000000e+00
0.00000000e+00
0.00000000e+00
0.00000000e+00
0.00000000e+00
0.00000000e+00
0.00000000e+00
0.00000000e+00
0.00000000e+00
0.00000000e+00
0.00000000e+00
0.00000000e+00
0.00000000e+00
2.22608448e-01
-4.52333312e-01
-1.02665310e+00
0.00000000e+00
0.00000000e+00
0.00000000e+00
1.14629911e+00
-2.56164916e+00
1.39635703e-01
5.57468622e-01
-2.66322951e+00
7.22268574e-01
5.70418495e-01
6.54097121e-01
-5.09603623e-01
0.00000000e+00
1.24955405e+00
2.34276548e-03
-1.04061186e+00
3.81472750e-01
6.93434227e-01
8.18776785e-01
5.12489475e-01
-1.94967835e+00
-5.82462983e-01
8.32324708e-01
-1.48076609e+00
0.00000000e+00
0.00000000e+00
0.00000000e+00
6.14967915e-01
-2.62189053e+00
7.21426323e-02
7.86632391e-01
-2.22214195e+00
8.24502747e-01
8.66986913e-01
9.50053744e-02
-7.52204176e-01
0.00000000e+00
1.27116564e+00
-2.28983375e-01
-8.24396861e-01
7.65383024e-01
-3.48300811e-01
3.56174698e-01
3.61180354e-01
-1.21653820e+00
2.70493119e-02
6.92498827e-01
6 2
-1.0427e-01 2.9829e-01
3 -1
0 1 4 
217
-2.23234714e-01
-2.01847610e-02
6.66651035e-02
-5.10437293e-01
-3.44386124e-02
-4.55965766e-02
-1.78531019e-01
1.21341594e-01
4.69519091e-03
2.77918097e-01
2.46963144e-01
-2.01334123e-01
-2.61923418e-01
-2.32367259e-01
-4.82535823e-03
-9.88082413e-03
2.02077110e-02
-6.20481645e-02
4.46249246e-03
-1.84487914e-01
-4.55282063e-02
4.95547209e-03
-2.73136175e-01
-1.10832985e-01
9.88905570e-04
-1.18566766e-01
0.00000000e+00
0.00000000e+00
-1.51012090e-01
-3.10234159e-01
-1.94060162e-01
-1.13804392e-02
9.69523983e-02
3.46499739e-01
0.00000000e+00
0.00000000e+00
-4.12342241e-01
4.17927734e-02
4.01687504e-02
1.07146003e-01
0.00000000e+00
0.00000000e+00
0.00000000e+00
0.00000000e+00
-4.12342241e-01
2.99167994e-01
-3.26351684e-02
5.18426708e-02
-2.24740052e-01
-4.23141042e-07
-1.16734973e-02
1.07146003e-01
0.00000000e+00
0.00000000e+00
0.00000000e+00
0.00000000e+00
0.00000000e+00
0.00000000e+00
0.00000000e+00
0.00000000e+00
1.47315177e-01
-3.26351684e-02
7.44275187e-02
-8.89559224e-02
-5.92435037e-01
-3.40587678e-01
3.88740845e-01
-2.37221167e-01
6.94154000e-02
1.00938970e+00
-1.61375935e-01
-1.76538787e-01
-5.29870380e-01
1.23191057e-01
-3.46609238e-01
-8.51104854e-03
1.28886341e-01
2.60900692e-02
-1.20056813e-01
-3.95536421e-01
-2.03762836e-01
4.31420273e-01
7.44948664e-02
-2.70960239e-02
0.00000000e+00
0.00000000e+00
0.00000000e+00
0.00000000e+00
0.00000000e+00
0.00000000e+00
0.00000000e+00
0.00000000e+00
0.00000000e+00
0.00000000e+00
0.00000000e+00
0.00000000e+00
0.00000000e+00
0.00000000e+00
0.00000000e+00
0.00000000e+00
0.00000000e+00
0.00000000e+00
0.00000000e+00
0.00000000e+00
0.00000000e+00
0.00000000e+00
0.00000000e+00
0.00000000e+00
0.00000000e+00
0.00000000e+00
0.00000000e+00
0.00000000e+00
0.00000000e+00
0.00000000e+00
0.00000000e+00
0.00000000e+00
0.00000000e+00
0.00000000e+00
0.00000000e+00
2.53524132e-01
-4.57223071e-01
-8.93796499e-01
0.00000000e+00
0.00000000e+00
0.00000000e+00
3.43513181e-01
-4.65895174e-01
-5.54908680e-02
-9.21960709e-02
-4.70173642e-01
1.80629165e-01
1.64154459e-01
1.88196955e-01
-1.59881234e-01
0.00000000e+00
1.60042138e-01
-1.48488255e-01
-4.24332947e-01
1.77842740e-02
3.19884412e-01
2.12941151e-01
1.24581928e-01
-4.69803123e-01
-2.66920032e-01
-5.23428151e-02
4.71625245e-02
0.00000000e+00
0.00000000e+00
0.00000000e+00
3.27629904e-01
-8.79333114e-01
3.28637511e-02
3.81738416e-01
-8.53935699e-01
2.13287384e-01
2.06808922e-01
1.43325537e-01
8.65347473e-05
0.00000000e+00
4.53499962e-01
-8.58053367e-02
-1.16834096e-01
2.09256750e-01
-8.83535901e-02
1.24285881e-01
9.06213671e-02
-5.35692275e-01
-1.91972559e-02
4.42909483e-01
-1.28179495e+00
0.00000000e+00
0.00000000e+00
0.00000000e+00
1.49542542e-01
-4.73819702e-01
-1.94758747e-01
2.09272751e-01
-3.95985769e-01
1.76645664e-01
1.91934293e-01
-2.45141083e-01
-2.55385524e-01
0.00000000e+00
6.17654071e-01
-1.25023731e-01
-3.60585711e-01
1.91389008e-01
-5.12507987e-01
-8.20262785e-03
-1.24389177e-02
-3.15030589e-01
-1.06092623e-01
1.86739735e-01
3.36455420e-02
0.00000000e+00
0.00000000e+00
0.00000000e+00
1.61068265e-01
-9.68612067e-01
7.48424473e-02
5.20335951e-02
-6.68402720e-01
2.11921228e-01
1.56180900e-01
2.35030297e-01
-2.87205039e-01
0.00000000e+00
1.63810427e-01
-1.00515937e-01
-9.48750003e-02
2.82706939e-01
4.29288670e-01
2.23369581e-01
1.49119322e-01
-2.78886131e-01
1.26588501e-01
1.66182262e-01
136
1.99416709e-01
4.60551838e-02
2.98710918e-03
9.38002731e-02
7.39288345e-04
2.31150697e-01
-3.79618755e-03
-1.71589445e-01
1.23563491e-05
0.00000000e+00
0.00000000e+00
-4.56938284e-01
-1.80790659e-01
1.29987134e-02
1.20216772e-01
2.66219301e-01
4.37710866e-01
0.00000000e+00
0.00000000e+00
0.00000000e+00
1.91692338e-02
-4.13995485e-02
2.24426818e-01
0.00000000e+00
0.00000000e+00
0.00000000e+00
0.00000000e+00
0.00000000e+00
2.51821037e-01
-5.24126638e-01
-9.37210422e-02
2.91474835e-01
-1.11864119e-01
1.64185613e-01
2.24426818e-01
0.00000000e+00
0.00000000e+00
0.00000000e+00
0.00000000e+00
0.00000000e+00
0.00000000e+00
0.00000000e+00
0.00000000e+00
0.00000000e+00
0.00000000e+00
0.00000000e+00
2.10536791e-01
-2.81782775e-01
-8.31243759e-03
7.18787192e-02
-5.42328916e-01
4.57905782e-01
-2.92538238e-02
1.94785095e-01
4.54659287e-01
-4.83269032e-01
6.67708065e-02
-4.35577245e-01
3.92503629e-01
-1.44502758e-01
-9.08797282e-01
-5.24126638e-01
4.31431753e-01
0.00000000e+00
0.00000000e+00
0.00000000e+00
0.00000000e+00
0.00000000e+00
0.00000000e+00
0.00000000e+00
0.00000000e+00
0.00000000e+00
0.00000000e+00
0.00000000e+00
0.00000000e+00
0.00000000e+00
0.00000000e+00
0.00000000e+00
0.00000000e+00
0.00000000e+00
0.00000000e+00
0.00000000e+00
0.00000000e+00
0.00000000e+00
0.00000000e+00
0.00000000e+00
5.41641952e-01
-8.78095723e-02
-8.72092456e-01
0.00000000e+00
0.00000000e+00
0.00000000e+00
1.06171006e+00
-2.64158465e+00
1.91652738e-01
6.49648805e-01
-2.58942436e+00
7.16576079e-01
6.02422044e-01
6.97879908e-01
-6.72961387e-01
0.00000000e+00
1.16452758e+00
5.86250999e-02
-1.07613519e+00
4.16742984e-01
7.54597041e-01
9.00924294e-01
6.56399533e-01
-1.92882055e+00
-5.50336238e-01
7.15463759e-01
-1.28193495e+00
0.00000000e+00
0.00000000e+00
0.00000000e+00
4.93887639e-01
-2.14247794e+00
1.72414238e-02
7.66161548e-01
-2.21037687e+00
8.10730318e-01
7.99559764e-01
2.44102736e-02
-3.59976452e-01
0.00000000e+00
1.13415229e+00
5.82664289e-03
-9.84794137e-01
6.67362180e-01
-1.52681285e-01
2.61825748e-01
2.96652695e-01
-1.25813452e+00
-2.96755235e-02
5.78371259e-01
2 1
-6.2867e-01 4.0363e-01
4 1
0 1 4 6 
217
-2.13727481e-02
-1.25544179e-01
-3.96789847e-01
-3.15346922e-01
-3.04235550e-01
2.99152521e-01
5.98833157e-02
2.05816986e-01
2.72816884e-01
-2.86584996e-01
-6.10823303e-02
-1.29284276e-01
1.12449316e-02
-6.41109195e-02
-1.03552186e-01
9.67416054e-04
2.06188957e-01
-5.92875669e-03
1.08689610e-03
1.25640257e-01
1.29957086e-02
1.82162360e-03
2.11954799e-02
7.51124856e-02
1.77825013e-04
1.39214443e-01
0.00000000e+00
0.00000000e+00
-2.94284942e-02
-9.00463664e-02
1.30552384e-01
3.59037542e-02
4.49842559e-02
-1.13338282e-01
0.00000000e+00
0.00000000e+00
0.00000000e+00
3.86772617e-02
-1.60179082e-01
-6.12781953e-02
1.61407268e-01
0.00000000e+00
0.00000000e+00
0.00000000e+00
0.00000000e+00
-5.73997284e-03
-2.82218419e-02
-2.09972420e-01
1.55150458e-01
-2.54595477e-01
2.41999598e-01
2.37211131e-01
-8.25113814e-02
2.80333042e-01
-1.14650280e-01
2.12219842e-01
-1.03293544e-01
-4.35821950e-01
-7.48872183e-02
1.61407268e-01
3.09195747e-01
-2.25383503e-01
-1.05184992e-01
2.53880714e-01
-2.60294924e-01
-4.68727265e-01
6.10748975e-02
1.76027936e-01
-7.60334353e-02
2.26380807e-01
-2.57027853e-02
-4.20776041e-01
-9.66789985e-01
4.36597455e-01
-9.03001015e-01
-1.14913774e-02
1.01690207e-03
4.86873353e-02
2.76965206e-03
-9.00082833e-01
5.73363893e-03
8.18872623e-01
-7.85633744e-02
4.87960586e-01
0.00000000e+00
1.34093114e-01
-1.52925949e-01
3.73043202e-03
5.87862995e-02
-1.60934654e-01
-3.18189492e-02
0.00000000e+00
0.00000000e+00
0.00000000e+00
0.00000000e+00
0.00000000e+00
0.00000000e+00
0.00000000e+00
0.00000000e+00
0.00000000e+00
0.00000000e+00
0.00000000e+00
0.00000000e+00
0.00000000e+00
0.00000000e+00
0.00000000e+00
0.00000000e+00
0.00000000e+00
0.00000000e+00
0.00000000e+00
0.00000000e+00
0.00000000e+00
0.00000000e+00
0.00000000e+00
0.00000000e+00
0.00000000e+00
0.00000000e+00
0.00000000e+00
0.00000000e+00
7.19109771e-01
4.53526397e-01
-2.98941968e-02
0.00000000e+00
0.00000000e+00
0.00000000e+00
7.53169264e-01
-1.17087423e+00
-1.78768640e-01
4.09473442e-01
-1.02804412e+00
3.08733104e-01
3.74429028e-01
2.29563493e-01
-3.62013506e-01
0.00000000e+00
7.55264871e-01
-1.07462472e-01
-7.89040661e-01
1.19202699e-01
1.31216183e-01
6.36903156e-01
5.60966332e-01
-9.16019346e-01
-4.49192857e-01
6.92600063e-01
-4.51987665e-01
0.00000000e+00
0.00000000e+00
0.00000000e+00
2.93676933e-01
-1.13293516e+00
-2.09786557e-03
2.22575388e-01
-1.07612644e+00
2.67055910e-01
1.47008864e-01
2.46793765e-01
-3.52964628e-01
0.00000000e+00
4.50358244e-01
-2.02123377e-01
-1.19249287e-01
2.47272923e-01
1.92391928e-03
2.81541555e-01
2.38660210e-01
-4.18348676e-01
7.54046307e-02
3.79585428e-01
-4.23714054e-01
0.00000000e+00
0.00000000e+00
0.00000000e+00
8.36793362e-02
-7.15155211e-01
-1.59899998e-01
3.79264974e-01
-8.79201072e-01
5.47120442e-01
5.22498335e-01
-7.12583868e-02
-1.27991317e-01
0.00000000e+00
7.80225937e-01
5.76335544e-04
-5.66868804e-01
2.02433867e-01
-1.03544123e-01
-2.58479438e-02
1.31679358e-01
-4.86998089e-01
-1.68836699e-01
2.34409008e-01
-3.23188753e-01
0.00000000e+00
0.00000000e+00
0.00000000e+00
1.49218483e-01
-9.06346906e-01
3.72627842e-02
8.22914478e-02
-8.26544759e-01
1.88877030e-01
5.30498442e-02
1.80777403e-01
-1.94360174e-01
0.00000000e+00
5.31940118e-02
2.71970709e-02
-1.40222413e-01
3.12100395e-01
4.37730126e-01
2.15902210e-01
1.03036525e-01
-3.35026244e-01
1.34703987e-01
1.03970425e-01
136
3.21610540e-02
1.66244152e-01
-1.13125919e-02
-1.39887760e-01
6.08953665e-04
-2.40888285e-02
-7.48108933e-04
2.98934907e-02
-2.20809450e-04
0.00000000e+00
0.00000000e+00
-2.27458521e-01
-7.36394852e-02
1.24224604e-02
1.05284318e-01
1.84631643e-01
3.09206384e-02
0.00000000e+00
0.00000000e+00
0.00000000e+00
1.83622676e-01
-6.42723939e-02
2.11445268e-02
-1.02607189e-01
0.00000000e+00
0.00000000e+00
0.00000000e+00
0.00000000e+00
-9.03846199e-02
-2.00600979e-01
-2.02709009e-01
4.18983084e-01
-4.33019177e-01
4.84425730e-01
2.52882986e-01
5.56251912e-02
7.98783404e-01
-7.05102079e-01
-1.89323109e-01
-6.65126160e-03
1.44107988e-01
-1.86523338e-01
-1.02607189e-01
0.00000000e+00
0.00000000e+00
0.00000000e+00
1.24833821e-01
-2.70404040e-01
1.56699882e-01
9.55508307e-02
-5.18869367e-01
4.62084688e-01
4.19633354e-01
1.40484633e-01
3.56984221e-01
-5.08248673e-01
1.21351315e-01
-6.60789083e-01
1.83470154e-01
-1.17733670e-01
-7.19775098e-01
-5.79854172e-01
-1.50792960e-01
1.26037159e-01
4.01683351e-02
-3.26720035e-01
0.00000000e+00
0.00000000e+00
0.00000000e+00
0.00000000e+00
0.00000000e+00
0.00000000e+00
0.00000000e+00
0.00000000e+00
0.00000000e+00
0.00000000e+00
0.00000000e+00
0.00000000e+00
0.00000000e+00
0.00000000e+00
0.00000000e+00
0.00000000e+00
0.00000000e+00
0.00000000e+00
0.00000000e+00
0.00000000e+00
7.95598490e-01
3.39552167e-01
-7.30578478e-01
0.00000000e+00
0.00000000e+00
0.00000000e+00
1.07942021e+00
-2.28108658e+00
1.24774239e-01
6.54035726e-01
-2.45299170e+00
7.39299140e-01
5.72968840e-01
7.27158207e-01
-4.66392304e-01
0.00000000e+00
1.11258507e+00
3.25765949e-02
-9.98552201e-01
3.99131003e-01
7.59203936e-01
6.64285778e-01
4.61944709e-01
-2.03813230e+00
-5.58372225e-01
7.37565386e-01
-1.06046213e+00
0.00000000e+00
0.00000000e+00
0.00000000e+00
4.82705236e-01
-2.03346199e+00
-4.88527636e-02
7.34549194e-01
-2.03709506e+00
8.33500268e-01
7.72748130e-01
3.06938964e-02
-4.64693185e-01
0.00000000e+00
1.17742370e+00
-3.37534568e-02
-9.00011673e-01
7.43817210e-01
-2.03048351e-01
2.33475609e-01
3.24466091e-01
-1.29320346e+00
-8.03004994e-03
6.28308523e-01
7 1
-6.3838e-01 4.0486e-01
5 1
0 1 4 6 2 
217
-7.32172916e-02
-1.27265145e-01
-2.55088913e-01
3.75865274e-02
-2.56794100e-01
4.49592627e-01
1.97403939e-01
-8.11517038e-02
1.02696826e-01
1.20532372e-02
-2.10525632e-01
-1.94299845e-01
9.40016745e-02
2.17577542e-01
-1.37038294e-01
-1.94974298e-03
3.17868960e-01
-3.57012782e-02
1.50683490e-03
6.66357088e-02
-2.45287639e-02
-2.11625133e-04
1.56795091e-01
1.24051044e-01
2.85691304e-04
9.69949197e-03
0.00000000e+00
0.00000000e+00
-7.31353145e-02
-2.74492259e-02
1.17890858e-02
-7.76160199e-02
1.31056157e-01
-3.78619738e-02
0.00000000e+00
0.00000000e+00
0.00000000e+00
7.21897721e-02
-4.09437883e-01
-8.21970627e-02
1.29583893e-01
2.16643989e-01
0.00000000e+00
0.00000000e+00
0.00000000e+00
-2.96835248e-01
-1.26680418e-01
-1.27869781e-02
-2.94001317e-01
-4.06055777e-01
6.09433411e-01
4.53964087e-01
8.83545454e-03
6.50922801e-01
-1.52169069e-01
4.93017723e-02
-2.10626858e-01
-2.52845421e-01
4.55541409e-02
-1.39227874e-01
-7.75100646e-02
-2.70014032e-01
2.74306805e-01
2.28298714e-01
-3.47953368e-01
-6.30087130e-01
1.04418122e-01
1.53347391e-01
-5.79807593e-02
1.07193781e-01
-2.32905744e-01
-5.67700621e-01
-8.04853788e-01
5.38291695e-01
-6.97272411e-01
1.89097378e-01
2.75833819e-01
9.32625026e-02
2.73258136e-02
-6.85530514e-01
1.11970742e-01
6.50924717e-01
-3.05776350e-01
8.92279379e-02
-3.39101066e-02
-3.90521330e-02
-2.06127796e-01
9.85214631e-02
3.01959417e-02
-9.87765151e-02
-8.31152813e-02
0.00000000e+00
-1.01729851e-01
-2.36927812e-01
3.52633110e-02
-1.45361998e-01
-6.75075127e-03
-4.78650095e-01
0.00000000e+00
0.00000000e+00
0.00000000e+00
0.00000000e+00
0.00000000e+00
0.00000000e+00
0.00000000e+00
0.00000000e+00
0.00000000e+00
0.00000000e+00
0.00000000e+00
0.00000000e+00
0.00000000e+00
0.00000000e+00
0.00000000e+00
0.00000000e+00
0.00000000e+00
0.00000000e+00
0.00000000e+00
0.00000000e+00
0.00000000e+00
5.92517626e-01
6.12528805e-01
-2.37460378e-01
0.00000000e+00
0.00000000e+00
0.00000000e+00
8.68787836e-01
-1.25551036e+00
-2.03279766e-01
5.76411911e-01
-1.02934803e+00
6.04768498e-01
5.80638365e-01
3.17904704e-01
-5.75519515e-01
0.00000000e+00
8.75195319e-01
-2.35920637e-01
-8.83220093e-01
1.88862265e-01
-1.29771805e-01
5.45361547e-01
5.54133647e-01
-1.18249303e+00
-5.90379464e-01
7.35918221e-01
-3.97681496e-01
0.00000000e+00
0.00000000e+00
0.00000000e+00
2.15922290e-01
-1.13636080e+00
2.11048696e-01
1.21775735e-01
-9.66320311e-01
4.68920180e-02
-3.94530799e-02
2.16033510e-01
-1.54242016e-01
0.00000000e+00
3.51757564e-01
-3.26855317e-01
-1.96322968e-02
2.13523752e-01
2.11376693e-01
1.97895079e-01
1.82183684e-01
-2.05017374e-01
1.98768316e-01
2.83022358e-01
-4.57125519e-01
0.00000000e+00
0.00000000e+00
0.00000000e+00
2.37129213e-01
-7.38381611e-01
-1.92629822e-01
2.53118685e-01
-9.11225794e-01
6.93863915e-01
4.58964599e-01
-3.54173165e-02
-6.55109364e-02
0.00000000e+00
7.77752503e-01
1.88926025e-01
-7.46390530e-01
-3.77597685e-02
9.10775047e-02
3.11740089e-02
8.66089626e-02
-6.72792409e-01
-1.84636842e-01
3.09004094e-01
-3.00538841e-01
0.00000000e+00
0.00000000e+00
0.00000000e+00
5.61700431e-02
-8.15316350e-01
3.70103423e-02
1.77986226e-01
-7.70712833e-01
1.08324778e-01
1.20979115e-02
2.02971006e-01
-1.98595300e-01
0.00000000e+00
7.21329606e-02
-5.14454663e-02
-5.67407201e-02
4.17852820e-01
4.13938558e-01
1.53915041e-01
8.56565318e-02
-2.23073491e-01
4.60870394e-02
3.12020612e-02
136
6.53637644e-02
1.45631533e-01
-8.66688513e-03
-1.19468543e-01
8.03044256e-04
-2.20936436e-02
-2.57467782e-04
6.12944183e-02
-5.91684514e-05
0.00000000e+00
0.00000000e+00
-2.13309995e-01
-8.14763537e-02
4.23756383e-02
1.05847763e-01
1.79557478e-01
3.23692345e-02
0.00000000e+00
0.00000000e+00
0.00000000e+00
3.03971337e-01
-1.90091989e-01
-4.35416283e-02
-5.57470463e-02
4.80725910e-02
0.00000000e+00
0.00000000e+00
0.00000000e+00
-1.22277495e-01
-2.99475994e-01
-1.36996585e-01
3.35088872e-01
-2.61568328e-01
5.11824348e-01
2.17291639e-01
-1.41529528e-04
7.25948546e-01
-4.81324767e-01
-1.21895891e-01
-1.22750967e-02
8.05165533e-02
-1.32865787e-01
-2.39067400e-01
0.00000000e+00
0.00000000e+00
0.00000000e+00
1.71480106e-01
-2.48067381e-01
1.70736208e-01
1.07595199e-01
-4.56449127e-01
3.62125126e-01
3.85749076e-01
1.18469656e-01
3.29970006e-01
-5.42568523e-01
1.43329263e-01
-5.76910298e-01
2.02054335e-01
-9.73923157e-02
-6.72602918e-01
-5.65442960e-01
-3.22081298e-01
9.06651500e-02
1.71603948e-03
-3.69267660e-01
0.00000000e+00
3.21065497e-02
6.31642136e-02
1.05301639e-01
-2.51070189e-01
0.00000000e+00
0.00000000e+00
0.00000000e+00
0.00000000e+00
0.00000000e+00
0.00000000e+00
0.00000000e+00
0.00000000e+00
0.00000000e+00
0.00000000e+00
0.00000000e+00
0.00000000e+00
0.00000000e+00
0.00000000e+00
0.00000000e+00
8.21393833e-01
3.18419485e-01
-7.30119130e-01
0.00000000e+00
0.00000000e+00
0.00000000e+00
1.04220829e+00
-2.29448251e+00
7.25960053e-02
6.74125334e-01
-2.48712169e+00
7.31825734e-01
5.93057553e-01
7.60096497e-01
-4.55475128e-01
0.00000000e+00
1.12988625e+00
6.06927425e-02
-1.01912666e+00
3.96238950e-01
7.26229363e-01
7.35743482e-01
4.78942403e-01
-2.06998462e+00
-5.52483912e-01
7.46912790e-01
-1.07324787e+00
0.00000000e+00
0.00000000e+00
0.00000000e+00
5.19223991e-01
-2.03607840e+00
-3.63971647e-02
7.40931421e-01
-2.08927385e+00
8.45024568e-01
7.62246328e-01
2.88528056e-02
-4.66790294e-01
0.00000000e+00
1.18768433e+00
-4.98917861e-02
-8.78727681e-01
7.47976983e-01
-2.30053741e-01
2.30755218e-01
3.05767698e-01
-1.29265984e+00
-1.68231398e-02
6.54984676e-01
19 2
-6.3765e-01 4.0654e-01
6 6
0 1 4 6 2 7 
217
-7.73819829e-02
3.84090411e-02
1.59538202e-01
-1.71071790e-01
-2.89294129e-02
-6.43063413e-02
-9.05426981e-02
1.10607167e-01
7.09239424e-02
1.76029410e-01
2.83644131e-01
-1.37326818e-01
-3.12477946e-01
-1.20308823e-01
-9.08090931e-03
6.83663459e-04
-5.31900313e-02
-1.20542802e-01
1.82295217e-03
-7.58688184e-02
2.88838303e-01
-2.86042385e-04
-2.55859666e-01
-2.36596575e-01
5.38331227e-04
1.93890773e-03
0.00000000e+00
0.00000000e+00
-3.08482823e-01
-1.59538316e-01
-6.56210406e-02
3.32108119e-02
1.90349852e-01
2.32699532e-01
0.00000000e+00
0.00000000e+00
0.00000000e+00
-1.09495971e-01
-3.51624784e-01
-1.04560970e-01
8.40732883e-02
2.96707633e-01
1.07518821e-01
0.00000000e+00
0.00000000e+00
-3.91460002e-01
1.32561726e-01
1.34429934e-01
-4.69668548e-01
-5.21359088e-01
4.45648666e-01
2.92101081e-01
-2.73279418e-01
6.11449207e-01
-2.34234954e-01
-5.00499277e-02
-1.54001479e-01
5.20346540e-01
-7.32477884e-02
-4.66179328e-02
-1.37103138e-01
-3.74952646e-01
4.34673801e-01
-1.54878409e-02
-6.10733955e-01
-6.37005972e-01
3.52167193e-01
2.95351893e-01
1.96672620e-01
1.06272127e+00
-1.65480357e-01
-5.12492431e-01
-5.15562824e-01
2.98082581e-01
-4.21697315e-01
3.02508224e-01
2.36765396e-01
2.06880394e-02
-9.12714736e-02
-5.84958078e-01
-1.55706544e-01
4.76917142e-01
1.48907996e-01
1.06779366e-01
0.00000000e+00
-3.83279300e-01
-6.10791523e-01
3.19088111e-01
-8.68017285e-01
-1.87238636e-02
-3.46382361e-01
-4.31701322e-02
4.28125909e-03
-2.52051518e-01
1.22137732e-01
2.54571849e-03
-1.60630842e-01
-1.72396830e-01
-7.38289519e-02
6.24343809e-02
-3.24833794e-02
8.10573175e-02
-2.60828517e-01
-1.47044729e-01
-5.05630420e-02
0.00000000e+00
0.00000000e+00
0.00000000e+00
0.00000000e+00
0.00000000e+00
0.00000000e+00
0.00000000e+00
0.00000000e+00
0.00000000e+00
0.00000000e+00
0.00000000e+00
0.00000000e+00
0.00000000e+00
0.00000000e+00
1.05776623e-01
-2.28054970e-01
-1.16512730e+00
0.00000000e+00
0.00000000e+00
0.00000000e+00
5.72504726e-01
-6.51660629e-01
-1.35411890e-01
3.46833529e-01
-6.42971775e-01
2.34552021e-01
1.65348977e-01
2.32792817e-01
-2.61255912e-01
0.00000000e+00
5.41984250e-01
-1.89394626e-01
-6.55696629e-01
6.56497798e-02
3.13466189e-01
1.09860138e-01
-1.96767705e-01
-6.99316970e-01
-3.35938270e-01
2.02946824e-02
7.73969792e-02
0.00000000e+00
0.00000000e+00
0.00000000e+00
3.11874952e-01
-1.01633342e+00
2.29127015e-02
1.72756588e-01
-9.39452634e-01
1.18588476e-01
1.74230080e-01
1.61675611e-01
-9.72796834e-02
0.00000000e+00
3.78651373e-01
-1.02791638e-01
-1.28067823e-01
2.15605974e-01
-1.18654120e-01
3.59222865e-01
4.69745482e-01
-3.73592147e-01
3.13255728e-02
4.36978767e-01
-1.21247240e+00
0.00000000e+00
0.00000000e+00
0.00000000e+00
1.19692538e-01
-6.76035913e-01
-3.13537434e-01
-2.42563733e-02
-5.54927151e-01
3.33003321e-01
1.46286793e-01
-2.00012593e-01
-3.17781934e-01
0.00000000e+00
8.60833461e-01
-1.05881564e-01
-5.60682660e-01
3.66786922e-01
-3.97951450e-02
-3.63472180e-02
1.46297567e-02
-4.66161652e-01
-1.21331072e-01
3.63045521e-01
9.66293825e-03
0.00000000e+00
0.00000000e+00
0.00000000e+00
1.64626572e-01
-1.10887336e+00
1.15589705e-01
1.20268150e-01
-5.30674285e-01
1.75737475e-01
1.85343723e-01
2.15093028e-01
-1.60157529e-01
0.00000000e+00
8.16033409e-02
-8.60538825e-02
-9.07450352e-02
2.27714363e-01
2.88259128e-01
2.35955364e-01
1.22522219e-01
-1.58627511e-01
1.29421260e-01
8.26602149e-02
136
2.59649343e-01
5.49471423e-02
2.44440334e-03
5.75694920e-02
9.17172722e-04
2.14871995e-01
-2.41400729e-03
-6.77392863e-02
1.82994008e-04
0.00000000e+00
0.00000000e+00
-2.39362881e-01
-4.66566255e-02
7.11651299e-02
-2.43405523e-02
1.03374548e-01
3.95469724e-01
0.00000000e+00
0.00000000e+00
0.00000000e+00
2.79543422e-01
-1.36016719e-01
-6.21430659e-02
5.02752741e-02
1.46512990e-01
-1.56029359e-02
0.00000000e+00
0.00000000e+00
-1.26400720e-01
-6.75066615e-02
-6.13473410e-02
6.48638837e-02
-2.23685946e-01
4.65296075e-01
3.06628894e-01
-1.19224929e-01
6.35159205e-01
-3.74173609e-01
-6.68720648e-02
-5.59472452e-02
4.14894429e-01
-1.46871355e-01
-3.82072097e-01
0.00000000e+00
0.00000000e+00
0.00000000e+00
6.21920326e-02
-2.98847049e-01
1.58938216e-01
7.89410390e-02
-4.40106485e-01
3.56313538e-01
2.30253963e-01
6.69174331e-02
2.67964178e-01
-4.87337542e-01
4.52047527e-02
-2.28662049e-01
3.64648596e-01
-5.70682098e-02
-5.93981871e-01
-5.43825221e-01
-2.58434338e-01
8.51693433e-02
2.95443618e-02
-4.21723843e-01
1.97559135e-01
-1.08853625e-03
5.43716303e-02
8.81699310e-02
-3.05315152e-01
1.75533038e-01
3.55100900e-03
-1.04216629e-01
1.17005938e-01
9.51651605e-04
0.00000000e+00
0.00000000e+00
0.00000000e+00
0.00000000e+00
0.00000000e+00
0.00000000e+00
0.00000000e+00
0.00000000e+00
0.00000000e+00
0.00000000e+00
5.08692736e-01
-9.42924573e-02
-8.47330332e-01
0.00000000e+00
0.00000000e+00
0.00000000e+00
1.05717359e+00
-2.47580162e+00
1.69308591e-01
6.80792112e-01
-2.48861695e+00
7.12363753e-01
6.09906070e-01
7.11355563e-01
-5.53413652e-01
0.00000000e+00
1.13431466e+00
-5.53414273e-03
-1.01974222e+00
4.03560905e-01
7.21081707e-01
7.66467061e-01
4.83537439e-01
-1.96373169e+00
-5.34181959e-01
7.43830453e-01
-1.24602484e+00
0.00000000e+00
0.00000000e+00
0.00000000e+00
5.10185089e-01
-2.10734716e+00
-1.17896573e-02
7.41184997e-01
-2.09703519e+00
7.92684344e-01
7.85943730e-01
6.00663793e-02
-4.43341792e-01
0.00000000e+00
1.09707643e+00
-8.62982580e-02
-9.18904960e-01
7.01754330e-01
-1.49652797e-01
2.65846010e-01
2.99479194e-01
-1.26331513e+00
-1.05807537e-02
5.88020364e-01
14 2
-7.6049e-01 4.2814e-01
7 6
0 1 4 6 2 7 19 
217
-9.03577191e-02
6.95739578e-02
1.56921707e-01
-2.43790492e-01
1.26559986e-03
-7.46116683e-02
-1.19286349e-01
1.69897920e-01
4.37693928e-02
2.05531775e-01
2.07349197e-01
-1.73197398e-01
-2.23455560e-01
-2.61410773e-01
3.59429358e-03
-1.61426985e-02
3.32222581e-02
1.22706378e-01
1.00029615e-03
-3.15372245e-01
2.22139151e-01
1.21473365e-03
-2.68187905e-01
-4.38797542e-01
7.45016187e-04
1.13025537e-01
0.00000000e+00
0.00000000e+00
-9.33444566e-02
-9.63914518e-02
-3.48056647e-02
-3.19634541e-02
7.10163323e-02
9.51309758e-02
0.00000000e+00
0.00000000e+00
0.00000000e+00
9.27685034e-02
-3.47037028e-01
-2.60587295e-01
-1.28251135e-01
8.31108535e-03
2.59376650e-01
2.85061501e-01
0.00000000e+00
-3.53938190e-01
1.09359482e-01
1.11445619e-03
-4.39497380e-01
-3.20949764e-01
4.08228096e-01
2.54204361e-01
-3.42868562e-01
5.07086146e-01
-1.55340864e-01
7.15889213e-02
-3.28639997e-01
5.27299074e-01
-1.49058457e-02
-1.30976539e-02
5.84999667e-02
-3.88849944e-01
2.39992258e-01
-1.58159849e-01
-6.05505221e-01
-3.41925515e-01
4.25588305e-01
3.01238856e-01
2.47719046e-01
8.74100167e-01
-2.26190162e-01
-5.25318510e-01
-7.30510573e-01
3.75999290e-01
-4.09598187e-01
2.85151663e-01
2.36993661e-01
6.26315068e-03
-1.69261761e-01
-6.44590246e-01
-4.76373980e-02
3.66936999e-01
1.20278289e-01
-2.00168205e-02
0.00000000e+00
-3.47999410e-01
-7.23760199e-01
2.39318789e-01
-7.91596966e-01
1.18024306e-02
-2.38658633e-01
-4.33662698e-02
-2.57404757e-02
-3.31780674e-01
1.13848497e-01
1.03625090e-01
-1.35099470e-01
-7.10132522e-02
-3.26751360e-02
-6.00355876e-02
-1.48942365e-01
2.95290533e-02
-3.48438148e-02
-2.71760487e-02
-2.76521119e-02
0.00000000e+00
-1.48209124e-01
-8.02505977e-02
6.00476846e-02
-3.25569891e-01
-2.19627947e-03
9.21161354e-02
0.00000000e+00
0.00000000e+00
0.00000000e+00
0.00000000e+00
0.00000000e+00
0.00000000e+00
0.00000000e+00
2.54239250e-01
-2.77309869e-01
-1.00474563e+00
0.00000000e+00
0.00000000e+00
0.00000000e+00
5.86729284e-01
-7.95322082e-01
-4.14547296e-01
3.27080151e-01
-6.18002158e-01
3.20628530e-01
2.27305343e-01
2.27405448e-01
-2.50121595e-01
0.00000000e+00
5.46211009e-01
-2.00794681e-01
-7.12435109e-01
-2.15258378e-02
2.62720199e-01
4.02066404e-01
1.11087602e-01
-7.27264975e-01
-4.48295708e-01
1.72329840e-01
2.08431151e-02
0.00000000e+00
0.00000000e+00
0.00000000e+00
3.06497420e-01
-1.13526246e+00
8.49365657e-02
1.52060620e-01
-8.68533031e-01
1.65515745e-01
1.50211744e-01
1.56933040e-01
-1.25157622e-01
0.00000000e+00
3.91973972e-01
-1.02773996e-01
-1.03307300e-01
1.88858585e-01
-4.75809280e-02
3.06846133e-01
3.61932595e-01
-4.11724360e-01
1.21588234e-01
4.27828154e-01
-1.23086125e+00
0.00000000e+00
0.00000000e+00
0.00000000e+00
4.05794416e-01
-7.05090007e-01
-4.27472249e-01
1.29026835e-01
-5.70676464e-01
3.24913214e-01
4.15557798e-01
-3.29222090e-01
-3.07072875e-01
0.00000000e+00
7.89483507e-01
-1.66686485e-01
-5.65260670e-01
1.71928222e-01
-7.87656172e-03
6.69178888e-02
-8.80070858e-02
-4.16075204e-01
-2.48518952e-01
2.97475514e-01
-6.33686531e-03
0.00000000e+00
0.00000000e+00
0.00000000e+00
8.72746007e-02
-1.05802755e+00
1.75121163e-01
1.07197161e-01
-5.77593099e-01
1.57727628e-01
7.84213478e-02
2.99249098e-01
-1.77413496e-01
0.00000000e+00
1.00814538e-01
-1.18000403e-01
-5.73894355e-02
2.24922573e-01
2.74968005e-01
2.04760046e-01
2.28570257e-01
-2.40364532e-01
1.68971132e-01
1.14454099e-01
136
2.53643470e-01
4.26851785e-02
4.33491258e-04
6.74730463e-03
1.69528091e-03
2.48590085e-01
-2.79293663e-03
-4.43790986e-02
1.65581761e-04
0.00000000e+00
0.00000000e+00
-2.08413191e-01
-4.64978885e-02
4.69545511e-02
-1.94422114e-02
9.21079259e-02
3.88934283e-01
0.00000000e+00
0.00000000e+00
0.00000000e+00
2.23189328e-01
-8.01783501e-02
-2.16446558e-02
6.03832103e-02
7.06007008e-02
4.46128324e-02
-3.87462297e-02
0.00000000e+00
-4.35567584e-02
-9.31498773e-02
-8.16936296e-02
8.54305045e-02
-1.60710852e-01
4.13101998e-01
2.75203016e-01
-1.03500761e-01
5.09651592e-01
-3.42102768e-01
-5.89102706e-02
-9.63748530e-02
3.61651699e-01
-1.35394763e-01
-2.71273834e-01
0.00000000e+00
0.00000000e+00
0.00000000e+00
4.12320176e-02
-3.17949510e-01
1.50918768e-01
5.06726228e-02
-4.67120878e-01
3.47161998e-01
2.00701601e-01
5.35061094e-02
2.39717219e-01
-4.36376514e-01
-1.71687943e-03
-2.16272566e-01
3.31736521e-01
-6.65622940e-02
-5.33632062e-01
-5.16711874e-01
-3.92197558e-01
3.37044921e-02
1.55048271e-03
-4.16330559e-01
1.81820407e-01
-2.33699642e-02
5.70688525e-02
6.96568568e-02
-2.53868569e-01
1.72812313e-01
2.99102803e-02
-1.41145621e-01
1.21801981e-01
1.27451308e-02
0.00000000e+00
3.66393796e-01
5.80384948e-02
1.50328546e-01
-1.02411191e-01
0.00000000e+00
0.00000000e+00
0.00000000e+00
0.00000000e+00
0.00000000e+00
4.76584708e-01
-1.24975715e-01
-8.64642215e-01
0.00000000e+00
0.00000000e+00
0.00000000e+00
1.02923599e+00
-2.46492453e+00
1.76974747e-01
6.91474719e-01
-2.47370276e+00
6.83107577e-01
5.66428693e-01
7.17293216e-01
-5.25188333e-01
0.00000000e+00
1.12474300e+00
-1.26010630e-02
-1.04026569e+00
3.97062543e-01
7.15760665e-01
7.53881186e-01
4.92434147e-01
-1.89222309e+00
-5.32200710e-01
7.28067457e-01
-1.25504965e+00
0.00000000e+00
0.00000000e+00
0.00000000e+00
4.94987732e-01
-2.08546755e+00
-2.62542058e-02
7.15290066e-01
-2.04705734e+00
7.57009551e-01
7.61139193e-01
3.08662198e-02
-4.48264983e-01
0.00000000e+00
1.10111453e+00
-5.64175564e-02
-9.10818198e-01
7.08551559e-01
-1.31926225e-01
2.71483107e-01
2.82328678e-01
-1.25064516e+00
-1.64402498e-02
5.95471183e-01
5 1
-7.4164e-01 4.4927e-01
8 0
0 1 4 6 2 7 19 14 
217
-9.80020247e-02
-1.36692508e-01
3.36750357e-01
-2.13034610e-01
2.34912355e-01
-3.30436756e-01
-1.78295734e-01
-1.92046372e-01
-3.75704914e-01
1.64562931e-01
-3.04900997e-02
1.14894356e-01
2.51576368e-01
8.17763101e-02
-1.69131920e-02
2.67645333e-03
-4.20969431e-02
-1.35969481e-01
-1.43901616e-03
5.91176454e-03
4.80213897e-02
5.20416086e-04
-1.41344608e-01
6.85925880e-03
6.44622854e-04
1.40986501e-03
0.00000000e+00
0.00000000e+00
-3.19452438e-02
-4.66258270e-01
-2.34654613e-01
6.98450129e-02
2.47598112e-01
3.17412977e-01
0.00000000e+00
0.00000000e+00
0.00000000e+00
-6.17905225e-02
-1.65475977e-01
-1.48784288e-01
-1.27205590e-01
4.15486916e-02
1.66298061e-01
1.97668737e-01
0.00000000e+00
-2.96692412e-01
1.74676969e-01
-3.70132691e-02
-1.75591185e-01
-4.09327308e-01
2.73772874e-01
2.13516991e-01
-2.91132363e-01
3.61855174e-01
-2.53582797e-01
6.76102065e-02
0.00000000e+00
2.75669965e-01
1.75491223e-01
-7.67018672e-02
-2.72974760e-02
-3.70038191e-01
2.99594778e-01
1.59655410e-01
-3.56574915e-01
-7.11990244e-01
6.43468383e-02
4.66627893e-01
3.45706424e-02
2.43496233e-01
-1.36791184e-01
-4.98981172e-01
-5.06091930e-01
4.32172602e-01
-2.65530225e-01
1.05597729e-01
1.81056622e-01
3.25094342e-02
-3.07049061e-01
-4.00245964e-01
6.11989120e-02
1.02913912e-01
1.15338690e-01
6.36327088e-02
1.52333986e-02
-2.72151874e-01
-3.58741928e-01
2.29791402e-01
-6.11481193e-01
-7.08749516e-02
1.02446020e-01
-1.08491721e-01
-8.21655409e-02
-2.29180490e-01
7.79418223e-02
5.60286761e-02
1.47134151e-02
-4.50378080e-02
-7.26010744e-02
-7.36355630e-02
2.08669093e-02
4.83890641e-03
-1.73556913e-02
4.33957062e-02
-6.61823328e-03
-1.64344369e-02
-2.11106867e-01
-1.40116701e-01
2.84021263e-01
-3.24891650e-01
-1.54481984e-01
4.77082331e-02
-1.64344369e-02
-1.67853371e-01
-1.64559343e-01
8.27989391e-02
-1.34908871e-01
3.48684437e-03
9.94899893e-02
9.57938776e-02
-2.28109372e-01
-1.07186208e+00
0.00000000e+00
0.00000000e+00
0.00000000e+00
3.07237744e-01
-7.87927750e-01
-2.63706588e-01
4.28283631e-01
-8.64960822e-01
9.15781916e-02
1.04513417e-01
1.06641327e-01
-2.49014216e-01
0.00000000e+00
7.23548999e-01
-6.45551304e-03
-5.63066447e-01
7.17936780e-02
1.96596931e-01
2.23322100e-01
1.52962886e-01
-6.56405771e-01
-3.60975734e-01
2.74171859e-01
4.99139934e-02
0.00000000e+00
0.00000000e+00
0.00000000e+00
3.91178989e-01
-9.58352398e-01
9.23909643e-02
2.49038510e-01
-9.29548452e-01
2.93740324e-01
2.55552936e-01
1.82957321e-01
-2.14101350e-01
0.00000000e+00
2.15424631e-01
1.66789131e-01
-8.31894926e-02
2.22956505e-01
-1.87744142e-01
2.70482422e-01
1.42616881e-01
-5.16781888e-01
5.35570992e-02
4.02946000e-01
-8.50590580e-01
0.00000000e+00
0.00000000e+00
0.00000000e+00
-2.07998628e-01
-7.27262013e-01
-3.59471491e-02
1.52395564e-01
-5.99754955e-01
6.46931193e-01
4.84334552e-01
1.07321215e-01
-1.80578203e-01
0.00000000e+00
1.58278314e-01
-9.88569793e-02
-6.38470576e-01
1.88140473e-01
8.27306833e-01
6.17958913e-02
1.98027745e-02
-5.83404584e-01
-6.60830202e-02
-3.58541284e-01
-1.47802671e-01
0.00000000e+00
0.00000000e+00
0.00000000e+00
2.71744044e-01
-8.79406194e-01
1.96254836e-01
2.21760609e-01
-5.73010781e-01
4.18691438e-01
1.57379544e-01
3.91187456e-02
-1.11467821e-01
0.00000000e+00
2.69944480e-01
-8.47467995e-02
-3.13174253e-01
2.03799139e-01
-1.29612192e-01
1.09692935e-01
9.03123354e-02
-4.28008010e-01
6.91055015e-02
3.23819770e-01
136
2.00342605e-01
-1.71780500e-02
4.32067477e-03
7.29793706e-02
-4.93209805e-04
6.30658047e-03
5.02487498e-04
1.38234704e-01
2.08543047e-04
0.00000000e+00
0.00000000e+00
1.07906886e-02
1.92006880e-02
6.23841881e-02
-6.29186002e-02
-1.90258456e-02
1.89911486e-01
0.00000000e+00
0.00000000e+00
0.00000000e+00
1.71072994e-01
-3.72420403e-02
-4.03417906e-02
2.72003246e-02
1.06845528e-02
-1.46527030e-02
8.42859112e-02
0.00000000e+00
6.80933632e-04
-1.71195352e-02
-6.25748063e-02
-9.09505503e-02
-1.92976506e-01
2.95534280e-01
3.68796356e-01
-1.45402097e-01
4.75410619e-01
-3.03592811e-01
-5.75323187e-03
-1.00219013e-01
3.32337936e-01
-1.52612196e-01
-2.00178661e-01
0.00000000e+00
0.00000000e+00
0.00000000e+00
-7.71546409e-02
-4.38245393e-01
1.38642239e-01
-9.24141158e-03
-4.23534998e-01
1.84135156e-01
9.37080548e-02
1.05684008e-01
1.66938557e-01
-4.46339108e-01
2.98045587e-02
-8.91935990e-02
2.60039693e-01
9.11293017e-03
-3.05753826e-01
-3.78338005e-01
-2.32039851e-01
1.26084897e-01
1.35775646e-02
-5.28525523e-01
2.07230222e-01
-2.03902048e-02
-4.43166450e-02
6.42988927e-02
-2.06322503e-01
1.76976434e-01
1.78569809e-02
-2.29802260e-01
1.20536040e-01
-2.65985987e-02
8.46316918e-02
1.92323329e-01
-2.52354731e-02
1.62325461e-01
-2.33990446e-01
8.46316918e-02
1.54480847e-01
-8.04086058e-03
9.17905659e-02
-1.27435304e-01
3.73848129e-01
-3.31164853e-01
-8.85248400e-01
0.00000000e+00
0.00000000e+00
0.00000000e+00
1.02972054e+00
-2.40840930e+00
1.79058660e-01
5.90416270e-01
-2.32416654e+00
6.13149814e-01
5.59372534e-01
6.98619127e-01
-5.19663000e-01
0.00000000e+00
1.10071761e+00
-2.88440067e-02
-1.07858542e+00
3.89067424e-01
7.27274915e-01
8.29663210e-01
5.43943171e-01
-1.90347255e+00
-5.29447884e-01
6.46337039e-01
-1.27603393e+00
0.00000000e+00
0.00000000e+00
0.00000000e+00
5.24906114e-01
-1.98331081e+00
-6.55313655e-02
6.62273298e-01
-1.97845581e+00
5.52691203e-01
7.46811598e-01
5.77987406e-02
-4.28470636e-01
0.00000000e+00
1.10777440e+00
-8.89910785e-02
-8.90460593e-01
6.94849648e-01
-1.71590006e-01
3.15203176e-01
3.18575667e-01
-1.21398720e+00
-3.43558694e-02
5.98235593e-01
3 1
-8.1374e-01 4.6354e-01
8 0
0 1 4 6 2 7 19 14 
217
-2.32949101e-01
-7.78009777e-02
4.63834478e-01
-2.37359137e-02
1.57057653e-01
-4.73288710e-01
-3.30660050e-01
-1.55547157e-01
-4.18577647e-01
2.17531173e-01
1.97795018e-01
1.06326188e-01
1.61435925e-01
8.87997284e-02
1.69247949e-02
-4.85711855e-03
-2.91697589e-02
-2.28498742e-01
-4.99966640e-04
5.85975591e-02
-1.03280589e-01
6.08084633e-04
-1.08412648e-01
8.19054346e-02
5.23759794e-04
-6.58805191e-02
0.00000000e+00
0.00000000e+00
0.00000000e+00
-4.43782102e-01
-3.40809983e-01
7.41895665e-03
2.24683583e-01
3.14058742e-01
0.00000000e+00
0.00000000e+00
0.00000000e+00
-7.98501627e-02
-1.72616626e-01
-1.42910192e-01
9.88016961e-04
-1.07257065e-01
2.14558630e-02
2.47241064e-01
0.00000000e+00
-3.68896734e-01
5.22039171e-02
2.50076385e-03
-2.17782276e-01
-4.57255843e-01
4.08410822e-01
2.23308074e-01
-1.00041836e-01
3.13940691e-01
-2.39436459e-01
8.53666034e-03
0.00000000e+00
2.85982282e-01
4.18705156e-02
-4.71811928e-02
-1.24897459e-01
-2.87284921e-01
1.79233279e-01
1.01690594e-01
-2.95574397e-01
-5.38952044e-01
-5.23686313e-03
5.33401418e-01
-3.38284350e-02
1.19224943e-01
-1.91380444e-01
-4.91781759e-01
-2.95616264e-01
3.27811255e-01
-2.07844464e-01
1.22401847e-01
1.29422029e-01
9.12276078e-02
-4.22431147e-01
-5.67606747e-01
6.68896070e-02
6.29096198e-02
3.13648305e-02
3.70492850e-02
6.20210257e-02
-4.19542844e-01
-2.59304884e-01
1.95930874e-01
-6.49981039e-01
-7.13581572e-02
4.48946124e-02
-1.41387739e-01
-1.10664549e-01
-3.04956141e-01
-8.57188511e-02
2.10326659e-01
1.04822038e-01
3.34544706e-02
-1.15657459e-01
-2.41075073e-01
-1.10541605e-01
-3.64676677e-03
-1.39827854e-01
1.27430197e-01
2.77786117e-02
4.86750252e-02
-2.16968339e-01
7.46365155e-02
1.43807294e-01
-2.31098628e-01
-2.08463081e-01
3.62539820e-03
4.86750252e-02
-2.17408089e-01
-2.06365489e-01
1.21008862e-01
-2.01068612e-02
-1.85224900e-01
4.05496073e-02
2.63976804e-01
-1.23560357e-01
-9.08342924e-01
0.00000000e+00
0.00000000e+00
0.00000000e+00
3.77338462e-01
-7.52650948e-01
-1.35084813e-01
2.42811418e-01
-8.09371255e-01
1.33874791e-01
1.00630040e-01
1.28710960e-01
-2.77462887e-01
0.00000000e+00
5.57133220e-01
1.54562049e-01
-5.47067083e-01
7.83525993e-02
2.01333560e-01
1.11859928e-01
-1.46262662e-03
-7.51332028e-01
-2.83531273e-01
5.63012964e-01
7.86116964e-03
0.00000000e+00
0.00000000e+00
0.00000000e+00
3.89542685e-01
-9.60671859e-01
1.22896850e-01
3.41876491e-01
-1.09169571e+00
2.17392061e-01
2.35153595e-01
2.25517717e-01
-1.10107693e-01
0.00000000e+00
3.64669263e-01
1.59585260e-01
-1.22082847e-01
1.29467586e-01
-6.72756208e-02
2.87678346e-01
2.06958346e-01
-4.87121370e-01
-5.43113557e-02
2.20389427e-01
-9.19917989e-01
0.00000000e+00
0.00000000e+00
0.00000000e+00
3.95990973e-02
-7.14549995e-01
-3.89418556e-01
6.52533143e-02
-7.09201674e-01
6.19975681e-01
5.39597608e-01
3.26225819e-03
-2.67910440e-02
0.00000000e+00
2.55997176e-01
-1.91659047e-01
-6.54751859e-01
1.67803261e-01
6.33267944e-01
2.58178108e-01
2.90992876e-02
-4.73070269e-01
-1.25055229e-01
-2.47454050e-01
-1.17087531e-01
0.00000000e+00
0.00000000e+00
0.00000000e+00
2.10563070e-01
-8.08113453e-01
2.06616066e-01
2.37025356e-01
-8.81164447e-01
1.56485307e-01
2.41070374e-01
1.72368852e-01
-1.51979016e-02
0.00000000e+00
2.95948544e-01
4.75515410e-02
-4.01363085e-01
1.90658162e-01
-5.34335068e-05
8.64230373e-02
1.33117976e-01
-3.46374017e-01
5.35219488e-02
3.03828574e-01
136
2.08490029e-01
-1.01804993e-02
3.10239843e-03
7.94524602e-02
-5.63717538e-04
9.65737513e-03
-3.50007563e-05
1.29560693e-01
2.30836580e-04
0.00000000e+00
0.00000000e+00
-1.13911940e-02
3.26310841e-02
8.24013648e-02
-5.03886375e-02
-3.61798665e-02
1.91417279e-01
0.00000000e+00
0.00000000e+00
0.00000000e+00
1.31190716e-01
-9.97868030e-03
-2.62925057e-02
5.40298227e-02
3.12400280e-02
-1.77103632e-02
4.66244115e-02
0.00000000e+00
-2.60196667e-02
-8.03791372e-03
-7.20290295e-02
-3.54846904e-02
-2.07030184e-01
2.98267021e-01
3.70136901e-01
-1.30491662e-01
4.89257611e-01
-3.26617774e-01
6.76617176e-03
-1.18745695e-01
3.42075816e-01
-1.89030050e-01
-1.82250727e-01
0.00000000e+00
0.00000000e+00
0.00000000e+00
-5.16076954e-02
-4.60809167e-01
1.34944969e-01
-3.46861452e-03
-3.64229655e-01
2.22829701e-01
8.84557286e-02
1.08029347e-01
1.54893088e-01
-4.82962657e-01
5.89914234e-02
-1.28439785e-01
2.33028006e-01
9.47547226e-03
-3.28989223e-01
-3.86674810e-01
-2.20612801e-01
1.35443491e-01
-3.35074088e-03
-5.10060222e-01
1.92729396e-01
3.19704934e-03
-7.61182333e-02
7.63015068e-02
-2.28484392e-01
1.62198947e-01
4.48865024e-02
-2.01085795e-01
1.15266814e-01
-1.23044008e-02
7.84324496e-02
2.09350772e-01
-9.83870684e-04
1.44006597e-01
-1.70584548e-01
7.84400576e-02
1.80984343e-01
-3.62836748e-03
9.36796209e-02
-8.95218575e-02
3.51095786e-01
-3.50053705e-01
-8.98620064e-01
0.00000000e+00
0.00000000e+00
0.00000000e+00
1.02071167e+00
-2.42775059e+00
1.48973875e-01
5.94270386e-01
-2.32669338e+00
6.45497787e-01
5.72307300e-01
6.74070176e-01
-5.14151431e-01
0.00000000e+00
1.10337468e+00
-5.84989357e-02
-1.05024437e+00
3.92512863e-01
6.97804385e-01
8.30985696e-01
5.50941177e-01
-1.89702800e+00
-5.30226011e-01
6.74522665e-01
-1.27858614e+00
0.00000000e+00
0.00000000e+00
0.00000000e+00
5.14924224e-01
-2.03980935e+00
3.14865954e-03
6.72839376e-01
-1.97310990e+00
6.90880235e-01
7.19315672e-01
5.71361958e-02
-4.19262618e-01
0.00000000e+00
1.10380523e+00
-1.15125674e-01
-8.61791456e-01
6.87605398e-01
-1.76655414e-01
3.17919287e-01
2.98882417e-01
-1.26770155e+00
-7.17632665e-02
5.80176403e-01
15 2
-9.7884e-01 4.6454e-01
8 4
0 1 4 6 2 7 19 14 
217
-3.00307547e-02
-4.08472100e-02
-1.00082896e-01
-1.95727782e-01
-3.28377882e-01
2.55121778e-01
1.30786390e-01
1.74125040e-01
2.27025033e-01
-4.07740453e-02
1.67431737e-01
-4.88712678e-02
-2.26896033e-01
-2.25656210e-01
7.03221876e-04
-1.11507588e-03
7.83074973e-02
-1.76462723e-01
3.85937307e-03
7.90466840e-02
-4.38350515e-02
-2.53083841e-03
1.97181712e-01
1.89563798e-01
-4.15600799e-04
-6.10430647e-02
0.00000000e+00
0.00000000e+00
6.93617967e-02
-1.66432261e-02
-3.81852400e-02
4.84385747e-02
-2.92143564e-02
-6.37883035e-02
0.00000000e+00
0.00000000e+00
0.00000000e+00
-1.47353616e-01
-2.03442994e-01
-9.46111696e-02
8.30340918e-02
1.97133898e-01
8.81783823e-02
4.70306537e-02
0.00000000e+00
-4.56740155e-01
1.53038281e-01
7.61054552e-02
-3.42416363e-02
-4.32154420e-01
3.95346230e-01
2.22624754e-01
-3.35209934e-04
3.77662979e-01
-3.60644981e-01
1.41162421e-01
-6.84378520e-02
1.96105316e-01
-7.40620385e-02
-1.65301923e-01
-6.25459585e-02
-2.08099885e-01
2.40615089e-01
2.96348608e-01
-2.85843790e-01
-4.01715717e-01
8.53564007e-02
1.96821588e-01
-1.25891974e-01
-5.01771506e-02
7.90099247e-03
-4.26199945e-01
-7.38432994e-01
1.12476936e-01
-5.78872015e-01
2.75791261e-01
4.07070122e-01
0.00000000e+00
-9.90590501e-02
-7.52588942e-01
8.56870624e-03
7.33095645e-01
3.13097233e-02
3.81847757e-02
0.00000000e+00
-4.95909009e-02
-2.66495482e-01
1.37719089e-01
-1.03157398e-01
-9.15703778e-02
-7.04133954e-02
-1.33967520e-01
-4.54387733e-01
-3.67581270e-01
2.60606284e-01
-2.44539901e-01
2.97718214e-01
3.42631094e-01
-2.06140883e-01
-1.08009067e-01
4.28635825e-02
1.19199682e-01
-4.31562106e-01
1.64919513e-01
2.16075796e-02
-1.31076951e-02
-1.20029138e-01
-8.02738463e-02
3.38709845e-02
-2.77497823e-03
6.92350943e-02
1.44005333e-01
-1.31076951e-02
-6.07734458e-02
-5.04839866e-02
8.03843976e-02
-5.57412719e-02
-3.65340114e-02
9.26122981e-02
6.77019308e-01
3.23182955e-01
-1.83636351e-01
0.00000000e+00
0.00000000e+00
0.00000000e+00
5.90114668e-01
-9.85260665e-01
6.04664950e-02
4.41831764e-01
-9.49576494e-01
2.13804089e-01
3.49114568e-01
2.82208472e-01
-3.48494522e-01
0.00000000e+00
8.58078940e-01
-1.68118751e-01
-7.44539654e-01
-3.29795829e-02
3.72322384e-01
5.81468927e-01
2.79994440e-01
-8.64273883e-01
-4.82415926e-01
3.62618380e-01
-3.36510959e-01
0.00000000e+00
0.00000000e+00
0.00000000e+00
2.04399766e-01
-1.09763834e+00
1.64804823e-02
4.34417673e-01
-9.51211633e-01
2.46515258e-01
1.85677225e-01
1.60574556e-01
-1.88880955e-01
0.00000000e+00
2.29731555e-01
1.12404523e-01
-1.34159224e-01
2.63760693e-01
-8.86845499e-02
5.87519158e-02
1.77908241e-01
-4.03737002e-01
6.29971194e-02
3.74181732e-01
-4.62674391e-01
0.00000000e+00
0.00000000e+00
0.00000000e+00
2.73223484e-01
-6.62130797e-01
-1.10479362e-01
3.09984829e-01
-6.58572481e-01
5.21161552e-01
3.90225629e-01
-2.84434306e-01
-2.90898441e-01
0.00000000e+00
9.00958806e-01
-1.60770033e-01
-4.87778673e-01
1.89250662e-01
-2.92151561e-01
2.04458016e-01
4.23482921e-02
-4.10131430e-01
-4.32308805e-02
1.06292302e-01
-2.82369445e-01
0.00000000e+00
0.00000000e+00
0.00000000e+00
-2.65602674e-02
-5.92081867e-01
5.34240702e-02
3.99731973e-02
-6.81003097e-01
5.02424596e-01
1.86866321e-01
1.76319935e-01
2.01145516e-01
0.00000000e+00
-1.76233237e-01
6.30766006e-02
-3.29621236e-01
1.24174658e-01
5.77294622e-01
-4.71221542e-02
3.88544669e-02
-3.94567098e-01
1.31148731e-02
-1.18493447e-02
136
2.55433256e-01
3.70149118e-02
3.76607361e-03
2.10594558e-01
-1.41606719e-03
1.21413043e-01
-2.27454214e-03
-1.13589256e-01
-2.52007373e-04
0.00000000e+00
0.00000000e+00
9.87733441e-03
7.81127487e-02
1.08272824e-01
-9.04035798e-03
9.30197084e-03
5.89087363e-02
0.00000000e+00
0.00000000e+00
0.00000000e+00
2.14389357e-01
-1.38653478e-02
-3.87391576e-02
9.86316746e-02
-8.18315133e-03
-3.39348974e-02
3.79959966e-02
0.00000000e+00
-1.52047164e-02
-6.82654406e-02
-8.19233879e-02
1.52891021e-01
-2.21175576e-01
3.29169980e-01
3.08018735e-01
-1.10472508e-01
5.11258284e-01
-3.50604562e-01
-2.74599016e-02
-1.91486868e-01
3.56083212e-01
-2.18922463e-01
-1.15495754e-01
0.00000000e+00
0.00000000e+00
0.00000000e+00
-4.19155972e-02
-4.16752042e-01
1.98934284e-01
1.87681456e-02
-4.41543638e-01
2.62955384e-01
2.17960666e-01
7.64069083e-02
2.12065329e-01
-4.36928841e-01
0.00000000e+00
-1.45538851e-01
3.32854515e-01
-1.58326610e-02
-4.63476606e-01
-3.95877101e-01
-4.29367080e-01
1.89025561e-02
8.41148107e-03
-4.30165495e-01
2.06666420e-01
1.84921758e-02
-5.34428992e-04
7.99562676e-02
-2.30029466e-01
1.86039133e-01
5.08982550e-02
-1.35937819e-01
1.09421037e-01
-5.16583493e-02
1.42548335e-01
2.83010658e-01
3.58577648e-02
1.26199916e-01
-1.48249043e-01
1.40799574e-01
2.19340275e-01
2.81362065e-02
7.58327464e-02
-1.04178080e-01
4.04936176e-01
-1.60024134e-01
-9.10275144e-01
0.00000000e+00
0.00000000e+00
0.00000000e+00
1.04743236e+00
-2.40359347e+00
1.41713882e-01
5.90372806e-01
-2.39973840e+00
6.46281609e-01
5.78431910e-01
6.82055649e-01
-5.45115138e-01
0.00000000e+00
1.09055512e+00
-5.80909862e-02
-1.01653268e+00
4.00396785e-01
6.94963046e-01
7.89229141e-01
5.39766428e-01
-1.92859123e+00
-5.07234683e-01
7.47422716e-01
-1.25721782e+00
0.00000000e+00
0.00000000e+00
0.00000000e+00
5.32623531e-01
-2.14154751e+00
-3.38273775e-02
7.15491654e-01
-2.00262091e+00
6.59817497e-01
7.38910205e-01
8.11196374e-02
-5.17925345e-01
0.00000000e+00
1.11177135e+00
-1.10021910e-01
-8.63110063e-01
7.19521010e-01
-1.60818036e-01
3.07995628e-01
3.12389599e-01
-1.22819850e+00
-1.74749353e-02
6.38686663e-01
17 1
-9.9017e-01 4.8641e-01
8 0
0 1 4 6 2 7 19 14 
217
-1.10357334e-01
-1.98980022e-01
3.03799040e-01
-9.10454803e-02
2.65405775e-01
-4.22742537e-01
-3.22600084e-01
-7.45029387e-02
-3.55431573e-01
3.82865706e-02
6.64218334e-02
-5.71607924e-02
2.35846715e-01
2.01730882e-02
3.10088076e-02
-6.58018378e-03
-1.66013000e-01
-8.45267831e-02
-3.05972174e-03
-9.20082104e-02
-1.47728708e-01
-8.38249206e-04
4.83503538e-03
9.08893501e-02
7.73385588e-04
-1.33571305e-01
0.00000000e+00
0.00000000e+00
0.00000000e+00
-2.19628105e-01
-1.19386865e-01
1.17853445e-01
1.40321468e-01
7.86024198e-02
0.00000000e+00
0.00000000e+00
0.00000000e+00
2.35077545e-02
-1.44978873e-01
-1.83542277e-01
-1.91398086e-01
3.16647397e-02
6.59981015e-02
2.88718595e-01
0.00000000e+00
-2.59216818e-01
8.99396270e-02
-1.33268331e-01
-2.46453167e-01
-1.58372514e-01
2.73695382e-01
2.73465643e-01
-3.30643965e-01
3.82841807e-01
-6.05989317e-02
1.16958310e-02
-1.91181752e-01
3.28413531e-01
8.60497130e-02
-1.76205749e-01
1.67264471e-01
-3.01493622e-01
2.41991057e-02
1.38871053e-01
-5.18581788e-01
-5.46540086e-01
1.90953592e-01
4.68861601e-01
7.83998089e-02
1.76170560e-01
-1.67940305e-02
-4.58336488e-01
-3.55435341e-01
2.99963623e-01
-1.97706500e-01
6.48095615e-02
1.76641376e-01
0.00000000e+00
-2.89575101e-01
-4.71261236e-01
1.03995998e-01
8.90964298e-02
8.54150886e-02
6.73230844e-02
4.27057373e-02
-2.03433557e-01
-4.52836779e-01
2.35117579e-01
-6.01925897e-01
-1.84747094e-01
8.53870389e-02
-1.06665415e-01
-1.46217611e-01
-5.49726079e-01
1.34565159e-01
1.79791177e-02
7.96053360e-03
-1.31280907e-01
-9.27726361e-02
-4.50264975e-02
-1.20252043e-01
-8.24900857e-02
7.19796745e-02
1.09931885e-01
-2.24981905e-01
4.72651396e-02
-2.61568131e-01
-1.55725644e-01
-4.23116490e-03
-1.54236677e-01
1.08176823e-01
6.54423747e-02
4.72651396e-02
-1.17917497e-01
-5.93205522e-04
1.90786690e-01
-2.40487986e-01
-2.30491666e-01
1.86185874e-02
5.47552599e-01
-1.40314133e-01
-8.63907160e-01
0.00000000e+00
0.00000000e+00
0.00000000e+00
3.59429789e-01
-8.90439081e-01
-2.95365806e-01
3.26474892e-01
-8.81188638e-01
2.80986486e-01
-1.13000256e-02
3.17718048e-02
-2.37843605e-01
0.00000000e+00
8.14480520e-01
-3.31514598e-02
-6.61412382e-01
1.73887984e-01
3.73179677e-01
2.21755942e-01
1.50436726e-01
-7.61042325e-01
-2.29529474e-01
4.04961814e-01
3.17624491e-02
0.00000000e+00
0.00000000e+00
0.00000000e+00
3.25463121e-01
-1.08795981e+00
1.79645949e-01
2.65018246e-01
-9.14805464e-01
2.32327733e-01
3.63312110e-01
3.16598736e-01
-7.81946167e-02
0.00000000e+00
2.05610337e-01
1.34490284e-01
-1.10607276e-01
2.18206573e-01
-1.45538968e-01
3.48432862e-01
1.94631815e-01
-5.71044343e-01
-8.10176205e-02
2.37192778e-01
-9.47466852e-01
0.00000000e+00
0.00000000e+00
0.00000000e+00
-1.03522203e-01
-7.35567972e-01
-4.66784496e-02
1.81701671e-01
-6.01261048e-01
9.94151000e-01
2.82792351e-01
2.24119001e-02
-1.28765068e-01
0.00000000e+00
1.24733537e-01
-1.17645502e-01
-6.14262689e-01
1.01603873e-01
7.86497263e-01
1.05994493e-01
6.86570723e-02
-6.70542394e-01
-1.52025467e-01
-4.45739219e-01
-9.64757004e-02
0.00000000e+00
0.00000000e+00
0.00000000e+00
3.22101475e-01
-8.65402378e-01
2.07278032e-01
1.50838362e-01
-5.99538635e-01
1.75273201e-01
1.12694870e-01
6.44846439e-02
-1.87573392e-01
0.00000000e+00
4.56207067e-01
-6.87543780e-02
-1.68255559e-01
1.93030123e-01
-2.08610521e-01
1.00041554e-01
7.92129409e-02
-3.60944716e-01
5.18010036e-02
4.49640606e-01
136
2.21378124e-01
5.52960336e-04
1.73254008e-03
1.06576335e-01
-1.88357468e-03
1.87225175e-02
-1.28934680e-04
9.55263117e-02
2.12401632e-04
0.00000000e+00
0.00000000e+00
4.73651739e-03
3.07489620e-02
5.81858058e-02
-5.13154072e-02
-5.50734504e-03
1.84529591e-01
0.00000000e+00
0.00000000e+00
0.00000000e+00
1.11031551e-01
8.39827840e-03
-7.48154480e-03
3.08029184e-02
4.85596666e-02
-2.25402749e-03
3.35960030e-02
0.00000000e+00
-4.47203900e-04
-4.49611168e-02
-3.16036366e-02
-8.61536387e-02
-1.77048816e-01
2.53341589e-01
3.79398210e-01
-9.91466053e-02
4.41020461e-01
-2.74551025e-01
-3.12055590e-02
-1.07166603e-01
3.34702123e-01
-1.34682284e-01
-2.01096028e-01
0.00000000e+00
0.00000000e+00
0.00000000e+00
-7.26327650e-02
-4.19708662e-01
1.35252229e-01
-1.87639593e-02
-3.95110128e-01
2.14604346e-01
9.21336285e-02
1.15230483e-01
1.45234654e-01
-4.24200675e-01
5.65772665e-02
-9.64936948e-02
2.27293174e-01
1.49062502e-02
-3.09322910e-01
-3.33912460e-01
-2.28862972e-01
9.81839205e-02
1.92216168e-02
-4.36231763e-01
2.01984060e-01
6.64181655e-03
-7.69324765e-02
7.39688583e-02
-1.91211041e-01
1.48763889e-01
7.20612822e-02
-1.61852676e-01
1.09567655e-01
1.07385855e-02
7.24989674e-02
2.28009920e-01
2.31931997e-03
1.42430352e-01
-1.66412459e-01
7.05920005e-02
1.94101514e-01
3.31929128e-02
8.65353018e-02
-1.16659860e-01
3.20897558e-01
-3.65062292e-01
-9.20221949e-01
0.00000000e+00
0.00000000e+00
0.00000000e+00
9.82310588e-01
-2.34387707e+00
1.68167220e-01
6.12622994e-01
-2.29253515e+00
6.09780588e-01
5.42136056e-01
6.49316789e-01
-5.21182249e-01
0.00000000e+00
1.08019230e+00
-3.80508912e-02
-1.04284510e+00
3.74369552e-01
6.95718471e-01
7.79499007e-01
5.30961238e-01
-1.86169646e+00
-5.30269976e-01
6.85160143e-01
-1.26976481e+00
0.00000000e+00
0.00000000e+00
0.00000000e+00
5.06433886e-01
-1.98204689e+00
-6.25621658e-02
6.69098435e-01
-1.99224195e+00
6.25400316e-01
7.62308496e-01
8.14991121e-02
-4.26870314e-01
0.00000000e+00
1.04514279e+00
-8.46573390e-02
-9.33581476e-01
6.84671894e-01
-1.10370340e-01
3.06969381e-01
3.08087693e-01
-1.19285095e+00
-3.31855406e-02
5.58990153e-01
