0 1 -999999999 -1 -1
1 1 0 -1 -1
0.318 -0.2208
356
3.09165650e-01
3.09165650e-01
0.00000000e+00
1.19234365e+00
-1.03722620e+00
-1.17792195e+00
3.52136313e-01
0.00000000e+00
0.00000000e+00
5.88713739e-02
-7.38381384e-01
-2.24207577e-01
-3.58303553e-01
5.39617760e-01
5.82928682e-01
6.97972127e-02
0.00000000e+00
0.00000000e+00
0.00000000e+00
0.00000000e+00
0.00000000e+00
0.00000000e+00
0.00000000e+00
0.00000000e+00
0.00000000e+00
0.00000000e+00
0.00000000e+00
0.00000000e+00
0.00000000e+00
0.00000000e+00
0.00000000e+00
0.00000000e+00
0.00000000e+00
0.00000000e+00
0.00000000e+00
0.00000000e+00
0.00000000e+00
0.00000000e+00
0.00000000e+00
0.00000000e+00
0.00000000e+00
0.00000000e+00
0.00000000e+00
0.00000000e+00
0.00000000e+00
0.00000000e+00
0.00000000e+00
0.00000000e+00
0.00000000e+00
0.00000000e+00
0.00000000e+00
-7.45587667e-01
-4.04006028e-01
2.11407757e-01
0.00000000e+00
0.00000000e+00
0.00000000e+00
0.00000000e+00
-9.60775377e-02
-5.95753636e-02
2.07489895e-02
5.28412323e-01
5.33061596e-01
-1.90311986e-01
2.31365314e-01
-7.79520686e-01
-3.79932712e-01
-5.12971524e-01
-1.20758456e-01
-2.47995136e-03
-7.39660189e-02
2.41933361e-01
3.80622373e-04
-2.08740906e-01
1.01688846e-01
-2.22748557e-03
-2.16120493e-01
8.63018989e-02
-3.37355800e-04
-2.53902544e-01
0.00000000e+00
0.00000000e+00
7.84024184e-01
6.18885108e-01
5.09909771e-01
-8.58295082e-01
-3.44459584e-01
-4.00898748e-01
0.00000000e+00
0.00000000e+00
-4.17582042e-01
-2.64046145e-01
-1.06868941e+00
-7.02473656e-01
-4.92514028e-02
-1.93518563e-01
-6.01447062e-02
-6.31552446e-02
8.63357725e-02
-3.30446204e-03
3.40369349e-01
1.48150719e-01
0.00000000e+00
0.00000000e+00
3.06185101e+00
2.11094088e+00
0.00000000e+00
0.00000000e+00
0.00000000e+00
0.00000000e+00
0.00000000e+00
0.00000000e+00
5.83966419e-01
4.61599025e-01
2.16843257e-01
-2.87405962e-01
-1.12018737e+00
-2.60750072e+00
0.00000000e+00
0.00000000e+00
0.00000000e+00
0.00000000e+00
0.00000000e+00
0.00000000e+00
1.01102209e+00
-8.75929070e-02
-6.44395389e-02
-3.96939180e-01
-8.92315084e-01
-1.37151060e+00
3.38359506e+00
3.49071953e+00
3.42430778e+00
3.47853545e+00
3.50024608e+00
3.51819825e+00
2.85956143e-01
4.59646440e-01
4.00066308e-01
4.57874535e-01
4.74238895e-01
-1.59311332e-01
5.15376047e-01
3.56881092e-01
1.41939441e-01
2.59551123e-01
3.27962860e-01
-1.18391489e-01
0.00000000e+00
0.00000000e+00
0.00000000e+00
0.00000000e+00
0.00000000e+00
0.00000000e+00
0.00000000e+00
0.00000000e+00
3.09165650e-01
-2.78540046e-01
-2.01609320e+00
-4.96654206e-01
-1.18213543e-01
-3.66110464e-01
-6.18378615e-01
-9.39010556e-01
-7.36592158e-01
0.00000000e+00
0.00000000e+00
0.00000000e+00
2.01504345e-01
4.16037970e-02
2.43618588e-01
1.19342971e-01
-4.29762756e-01
8.23162712e-01
1.80708388e-01
3.00733842e-01
-4.99117385e-01
0.00000000e+00
5.32349246e-01
-1.95346750e-01
-1.11311688e+00
-1.45603710e-01
-5.18460898e-01
4.17730598e-01
4.60983899e-01
-9.30799615e-01
-4.20682095e-01
1.94559548e-01
2.92465293e-01
0.00000000e+00
0.00000000e+00
0.00000000e+00
5.58668146e-02
-4.32119754e-02
-4.60884430e-02
-1.65723839e-02
1.13528207e-01
-1.54304631e-01
1.07512489e-02
-1.85767504e-01
1.89147049e-01
0.00000000e+00
-1.49201440e-01
2.52835758e-01
1.82966409e-01
1.67064694e-01
-4.02368591e-01
8.56920756e-02
-5.96066486e-04
1.42636657e-01
1.64487635e-01
-7.44002194e-02
-4.94302514e-01
-2.23656895e-01
-6.75683517e-01
-1.52157100e-01
-1.57320676e-01
3.41970325e-01
3.80520476e-02
-6.03679268e-01
-4.57646182e-01
0.00000000e+00
0.00000000e+00
0.00000000e+00
6.09045226e-02
9.60629058e-02
-2.59870084e-01
7.09565602e-01
-1.37927017e-01
5.79619090e-01
4.40197590e-01
-1.81036850e+00
2.76581865e-02
0.00000000e+00
7.70131394e-01
3.94587230e-01
1.68613436e-01
1.18807740e-01
-1.85944748e+00
-8.95781651e-01
-1.65525165e-01
1.72456926e-01
1.91218696e-01
9.41450407e-01
-2.70645618e-01
-3.75308554e-01
-3.59913812e-01
-3.92744322e-01
-2.42289644e-01
1.05443352e-01
-4.25147917e-01
-2.15606970e-01
-3.38968390e-02
5.58879855e-01
1.40236659e-01
-5.93673162e-01
-3.47732996e-01
-1.37909566e-01
-1.53889258e-01
-1.46472704e-01
-1.30512102e+00
0.00000000e+00
0.00000000e+00
0.00000000e+00
-9.18192931e-01
-3.43831260e-01
2.16009097e-01
-5.16275799e-02
-2.37576214e-01
7.31704160e-01
4.92034533e-01
3.92608800e-01
4.58433400e-02
0.00000000e+00
-3.67050546e-01
-3.46181432e-01
-7.68608256e-01
4.21671512e-01
-4.50423756e-01
3.34929572e-01
1.29769554e-01
-4.28559674e-01
1.47159053e-01
-3.04798995e-01
3.11542207e-01
0.00000000e+00
0.00000000e+00
0.00000000e+00
3.86233278e-02
-2.14172294e-01
-6.93287852e-02
1.15759903e-01
2.78297837e-02
-1.07890290e-01
5.05389027e-02
-2.07522107e-01
1.12643219e-01
0.00000000e+00
-1.46327455e-01
7.94752271e-02
5.76810388e-02
1.57570264e-01
1.97070941e-01
5.16794544e-03
2.88618451e-02
5.31155080e-02
8.33201575e-02
4.91250751e-02
-5.88050678e-01
-1.16842300e-01
3.24836717e-03
1.41798029e-01
2.28915287e-01
3.95436199e-01
9.46245049e-02
-6.06903005e-01
-5.53388205e-01
0.00000000e+00
0.00000000e+00
0.00000000e+00
-2.32360854e-01
2.09735638e-01
3.85447232e-01
-7.45492946e-01
4.33377266e-01
-3.52180300e-01
-5.04384977e-01
1.11932026e+00
7.78652125e-02
0.00000000e+00
-5.93026086e-01
-2.56806680e-01
-2.10599427e-01
-2.27973500e-01
6.71537965e-01
5.84712735e-01
2.25238772e-01
2.11303865e-01
-5.35213762e-02
-1.29558101e+00
-4.71208377e-01
-5.84833723e-03
1.67359948e-01
2.94341210e-01
-7.17070343e-01
-2.49268164e-01
-1.87159242e-01
9.83805301e-02
2.40118725e-01
3.90032028e-01
2.13646708e-02
-6.60664863e-01
-4.67802179e-01
1.56458028e-01
2.31408006e-01
2.34098710e-01
247
-2.66484731e-01
-2.66484731e-01
0.00000000e+00
-2.87311106e-01
2.08263754e-02
0.00000000e+00
-1.36947933e+00
5.19170646e-01
0.00000000e+00
0.00000000e+00
5.61572571e-01
7.77400863e-02
-1.44637872e-01
3.59668953e-01
0.00000000e+00
0.00000000e+00
0.00000000e+00
0.00000000e+00
0.00000000e+00
0.00000000e+00
0.00000000e+00
0.00000000e+00
0.00000000e+00
0.00000000e+00
0.00000000e+00
0.00000000e+00
0.00000000e+00
0.00000000e+00
0.00000000e+00
0.00000000e+00
0.00000000e+00
0.00000000e+00
0.00000000e+00
0.00000000e+00
0.00000000e+00
0.00000000e+00
0.00000000e+00
0.00000000e+00
0.00000000e+00
0.00000000e+00
0.00000000e+00
4.25760581e-02
-2.25086357e-02
-2.30519985e-01
9.90308427e-04
-5.05334336e-02
-5.12645975e-04
-2.80073706e-02
-6.91312725e-04
0.00000000e+00
0.00000000e+00
-2.19750886e-02
2.16777791e-01
8.25601435e-03
-2.79164265e-01
-3.86900694e-02
-1.51689113e-01
0.00000000e+00
0.00000000e+00
2.21252729e+00
1.50668362e+00
0.00000000e+00
0.00000000e+00
0.00000000e+00
0.00000000e+00
0.00000000e+00
0.00000000e+00
5.79278953e-01
3.97259528e-01
4.42887264e-02
-3.15168922e-01
-9.71251320e-01
-2.21341899e+00
0.00000000e+00
0.00000000e+00
0.00000000e+00
0.00000000e+00
0.00000000e+00
0.00000000e+00
9.95900676e-01
1.58595498e-03
-1.87160883e-01
-4.76088703e-01
-8.33780932e-01
-1.27362446e+00
2.81584334e+00
3.00237231e+00
2.94475976e+00
2.94612517e+00
2.98814821e+00
2.71391672e+00
2.94432310e-01
3.30108014e-01
2.84314812e-01
5.08957060e-01
4.71194564e-01
1.00101548e-01
2.53814086e-01
1.48337599e-01
8.48647587e-02
1.43223176e-01
2.90251448e-01
-9.64922326e-02
0.00000000e+00
0.00000000e+00
0.00000000e+00
0.00000000e+00
-2.66484731e-01
-3.36551622e-01
-1.65391604e+00
-6.33632034e-01
-4.53121272e-01
-3.71974717e-01
-6.70624414e-01
-4.68911898e-01
-8.25095988e-01
0.00000000e+00
0.00000000e+00
0.00000000e+00
3.59749111e-01
-3.45654769e-01
2.09805066e-02
3.18604371e-01
-5.46913565e-01
7.09207056e-01
7.70186373e-02
3.18602365e-02
-2.76202952e-01
0.00000000e+00
5.01929606e-01
7.29273685e-02
-7.37994588e-01
1.28107811e-01
-9.80007819e-01
2.15789826e-01
1.78479997e-01
-8.43864606e-01
-8.05185101e-02
3.71406294e-01
-7.14181101e-01
-5.78157648e-01
1.99218768e-01
4.76932349e-01
5.26541839e-01
2.98090079e-01
0.00000000e+00
0.00000000e+00
0.00000000e+00
-1.04763608e-01
2.53423086e-01
-1.56746424e-03
-1.48775090e-01
-1.66906976e-02
-1.36831550e-01
4.72294036e-02
3.10368828e-01
1.07125423e-01
0.00000000e+00
-5.42907876e-03
4.73511400e-02
-1.63663699e-01
-8.96223732e-02
4.92570512e-01
1.07604215e-01
-7.51362994e-02
-4.96464646e-02
-7.23973435e-02
-2.03058861e-01
-1.36023453e-01
-3.07694345e-01
-1.40021698e-01
-1.76368748e-01
-1.10914887e-01
1.25036377e-01
-1.88579716e-01
-1.04988027e-01
-5.12699211e-02
-2.35951264e-01
-2.27154774e-01
-2.81596988e-01
-1.19049314e-01
-1.13953631e+00
0.00000000e+00
0.00000000e+00
0.00000000e+00
-6.62692011e-01
-6.22496618e-01
1.60542287e-01
9.63126773e-02
-3.18020690e-01
8.92992926e-01
3.10411395e-01
-6.85970856e-02
-4.23268746e-01
0.00000000e+00
-4.04153077e-01
-3.48647118e-01
-6.35653351e-01
6.25818156e-01
3.50101297e-01
6.44382405e-02
2.32930468e-01
-4.99451414e-01
3.10608418e-01
-2.00712066e-01
-6.38639554e-01
-6.17254041e-01
-6.30107781e-02
2.80267683e-01
4.08217336e-01
5.14466882e-01
0.00000000e+00
0.00000000e+00
0.00000000e+00
-1.15175453e-01
8.14773428e-02
3.09326031e-02
3.43747347e-01
-1.89732755e-01
1.17734418e-01
2.15835786e-01
-2.49849893e-01
3.00648945e-02
0.00000000e+00
2.34089646e-01
1.68655886e-01
-1.22520069e-01
-6.86095841e-03
-5.54819181e-01
3.92704945e-02
1.64627877e-01
3.72588163e-02
2.60942542e-02
2.63635827e-01
-2.13855132e-02
-1.53391840e-02
-2.98140209e-01
-2.73799513e-02
-5.00896758e-01
-5.33703725e-02
-2.60576888e-01
-6.80619931e-02
9.70519141e-02
-4.47526385e-01
2.67261028e-02
1.57282486e-01
4.05446176e-02
1 -999999999 4 0 -1
1 0 2 1 -1
3.8740e-02 5.9196e-01
356
1.40362619e-01
0.00000000e+00
0.00000000e+00
0.00000000e+00
0.00000000e+00
0.00000000e+00
0.00000000e+00
0.00000000e+00
0.00000000e+00
0.00000000e+00
0.00000000e+00
0.00000000e+00
0.00000000e+00
0.00000000e+00
0.00000000e+00
0.00000000e+00
-3.30100857e-02
1.73372704e-01
2.24389514e-01
-2.38421377e-01
-1.85360086e-01
7.08706818e-02
0.00000000e+00
0.00000000e+00
5.17770740e-01
5.34857411e-02
0.00000000e+00
0.00000000e+00
1.24685939e-01
3.08441634e-02
6.88594120e-02
-2.38207629e-01
3.78570248e-01
-1.43338484e+00
-1.17667955e+00
-1.78645969e-01
-3.90765953e-02
8.73221486e-01
9.02722417e-01
3.21955727e-01
1.63111075e+00
0.00000000e+00
0.00000000e+00
0.00000000e+00
0.00000000e+00
0.00000000e+00
0.00000000e+00
0.00000000e+00
0.00000000e+00
0.00000000e+00
0.00000000e+00
-6.41424565e-02
-3.13990762e-01
-3.19358438e-01
0.00000000e+00
0.00000000e+00
0.00000000e+00
0.00000000e+00
-2.03935836e-01
1.73208668e-01
3.94875936e-02
3.76538628e-01
4.18714366e-01
-2.58079807e-01
1.42787026e-01
-5.07511833e-01
-2.56690531e-01
-3.44129654e-01
0.00000000e+00
0.00000000e+00
0.00000000e+00
-2.83920938e-04
7.87995603e-04
3.96144966e-02
1.14250012e-01
2.19269875e-03
-1.88709561e-01
2.63965273e-02
3.54111751e-05
-1.32363654e-01
0.00000000e+00
0.00000000e+00
5.12297860e-02
-2.43237776e-01
5.42023999e-02
2.00596011e-03
3.79320992e-02
2.38230150e-01
0.00000000e+00
0.00000000e+00
-9.73325380e-02
-5.82453484e-02
-4.71628900e-01
-3.62066844e-01
-7.55595503e-02
-4.58146569e-03
4.81895547e-02
9.29468732e-02
6.42964277e-03
1.06715419e-01
-5.74514339e-02
-6.16713057e-02
0.00000000e+00
0.00000000e+00
2.71631432e+00
2.46663382e+00
0.00000000e+00
0.00000000e+00
0.00000000e+00
0.00000000e+00
0.00000000e+00
0.00000000e+00
1.46901034e-01
2.92176085e-01
1.96223331e-01
-1.62939546e-01
-8.33187262e-01
-2.21512534e+00
0.00000000e+00
0.00000000e+00
0.00000000e+00
0.00000000e+00
0.00000000e+00
0.00000000e+00
1.25016284e+00
-3.16503631e-01
-4.06937781e-01
-5.68899658e-01
-8.97151821e-01
-1.38694116e+00
4.71121954e+00
4.73492926e+00
4.69345405e+00
4.67514555e+00
4.71507263e+00
4.70984822e+00
3.25912834e-01
2.24914520e-01
1.06194861e-01
9.63237839e-02
8.77819161e-02
-5.54784828e-01
1.87180134e-01
9.25405525e-02
-7.89935815e-02
-5.15130695e-02
-4.64396087e-02
-4.09193077e-01
0.00000000e+00
0.00000000e+00
0.00000000e+00
0.00000000e+00
0.00000000e+00
0.00000000e+00
0.00000000e+00
0.00000000e+00
1.40362619e-01
-2.43906900e-01
-1.77259403e+00
-1.45278309e+00
-2.94077603e-01
-2.44764740e-01
-5.09280068e-01
-6.28723371e-01
-8.03357671e-01
0.00000000e+00
0.00000000e+00
0.00000000e+00
5.02042668e-01
2.02050005e-01
-8.17216891e-02
3.16040772e-01
-5.93763349e-01
4.47237382e-01
2.81730297e-01
8.56054549e-02
4.19138291e-01
0.00000000e+00
5.50903311e-01
-3.26724734e-01
-9.38089627e-01
1.88804688e-01
-1.46361811e+00
2.27698136e-01
2.99053457e-02
-7.15576788e-01
-3.64871274e-02
1.01467405e-01
-2.56672618e-02
0.00000000e+00
0.00000000e+00
0.00000000e+00
-3.83949811e-02
-5.61202140e-02
-5.05872645e-02
-7.26790239e-02
2.80769045e-02
-4.09407926e-02
-6.23416874e-02
-2.30936517e-02
-1.85901104e-01
0.00000000e+00
-7.69399356e-02
1.27259060e-01
8.40789841e-02
9.01205645e-02
2.91464155e-01
-1.16686605e-01
-4.17735832e-02
1.30872995e-01
2.72896412e-03
-1.48100468e-02
-4.98315652e-01
-1.78272434e-01
-8.49748353e-01
-1.23059371e+00
-6.39040882e-01
7.70865295e-02
5.49142172e-03
-2.60850385e-01
6.97799096e-02
0.00000000e+00
0.00000000e+00
0.00000000e+00
1.70582913e-01
5.45975765e-01
-2.90998558e-01
1.06511535e+00
-3.64971555e-01
1.31407309e-01
6.03512577e-01
-1.21645440e+00
3.68854467e-01
0.00000000e+00
7.78298450e-01
-1.24774334e-01
-2.80680836e-02
-3.85469829e-02
-1.59415826e+00
-7.71658495e-01
-1.70402002e-01
1.25883266e-01
9.52320195e-02
7.84950466e-01
-3.20043218e-01
-1.95714783e-01
-8.25900095e-01
-4.39005018e-01
-3.05042019e-01
-1.15805169e-01
-1.88406050e+00
-1.02630108e+00
-4.20507187e-01
3.51104051e-01
2.88559257e-02
-4.95765145e-01
-1.89236850e-01
-3.57765938e-01
-3.77119985e-01
-3.37441615e-01
-8.73488111e-01
0.00000000e+00
0.00000000e+00
0.00000000e+00
-9.60495443e-01
-1.18641321e+00
4.90049241e-01
1.01278718e-01
-1.87688808e-01
9.71457112e-01
4.83796506e-01
5.13550234e-01
-7.01690228e-01
0.00000000e+00
-8.54402689e-01
-1.78935323e-01
-1.07287732e+00
4.79750187e-01
4.60309543e-01
7.74113294e-01
8.18066673e-01
-7.46171720e-01
-2.04659648e-02
-5.67189141e-02
-5.43026252e-02
0.00000000e+00
0.00000000e+00
0.00000000e+00
-6.52760293e-02
1.00794948e-01
-2.22665145e-01
1.21082537e-02
-1.83122529e-01
2.57747528e-02
1.05743706e-02
-1.66714348e-01
2.65493788e-01
0.00000000e+00
-5.87820838e-03
1.05100398e-01
2.17916230e-01
1.08364568e-01
2.60283971e-02
-2.82349378e-01
-2.81121480e-01
6.60718433e-02
8.46636224e-02
1.29933321e-01
-3.10900674e-01
-6.79894437e-02
9.37278795e-02
-1.21780254e-01
9.99515900e-02
1.14818056e-01
4.69536740e-02
-2.29761173e-01
-5.81700927e-02
0.00000000e+00
0.00000000e+00
0.00000000e+00
-4.20645918e-02
-2.69385357e-01
5.34507862e-01
-1.21064450e+00
5.56112625e-01
-2.00416980e-02
-5.31509293e-01
1.13083656e+00
-2.58701037e-01
0.00000000e+00
-6.39690792e-01
5.54190473e-02
-1.28517438e-01
-3.27669513e-03
5.22504692e-01
9.86797127e-01
4.84710636e-01
-9.17604835e-02
-1.18382696e-01
-1.01508407e+00
-2.42911230e-01
2.58279421e-02
-7.41086727e-01
-3.34354680e-01
-5.62587437e-01
-1.76775296e-01
-7.24022015e-02
2.14494378e-01
1.57943782e-01
2.41769331e-01
-6.69386519e-03
-4.11850762e-01
-3.85812141e-01
5.27184171e-02
-3.79636614e-01
-3.59873215e-01
247
-3.83211335e-02
0.00000000e+00
0.00000000e+00
0.00000000e+00
0.00000000e+00
0.00000000e+00
0.00000000e+00
0.00000000e+00
0.00000000e+00
3.99262399e-03
0.00000000e+00
0.00000000e+00
0.00000000e+00
0.00000000e+00
3.21447740e-02
-7.04659075e-02
1.42605392e-01
-1.10460618e-01
-3.58213369e-01
-2.25730058e-01
0.00000000e+00
0.00000000e+00
0.00000000e+00
2.53723321e-01
-8.95697206e-04
0.00000000e+00
0.00000000e+00
-3.83211335e-02
0.00000000e+00
-7.64979870e-03
-3.06713348e-02
-7.94611826e-02
4.87159011e-02
-5.25231045e-01
0.00000000e+00
0.00000000e+00
0.00000000e+00
0.00000000e+00
0.00000000e+00
0.00000000e+00
0.00000000e+00
0.00000000e+00
0.00000000e+00
4.94394639e-05
8.99689236e-03
8.82871767e-03
1.23556775e-03
-4.71992906e-02
-1.02644811e-03
0.00000000e+00
0.00000000e+00
2.92216356e-01
1.38853985e-02
4.58873647e-01
-4.89925433e-01
-1.37036077e-01
-1.76335025e-01
0.00000000e+00
0.00000000e+00
2.15756747e+00
2.05614116e+00
0.00000000e+00
0.00000000e+00
0.00000000e+00
0.00000000e+00
0.00000000e+00
0.00000000e+00
2.54434494e-01
4.96278126e-01
3.14647195e-01
2.34614930e-02
-8.19694082e-01
-2.46501583e+00
0.00000000e+00
0.00000000e+00
0.00000000e+00
0.00000000e+00
0.00000000e+00
0.00000000e+00
1.08852771e+00
-1.19824335e-01
-2.85415193e-01
-5.52038294e-01
-8.76320025e-01
-1.34939216e+00
4.23366006e+00
4.15565432e+00
4.05749047e+00
4.07297267e+00
3.91083169e+00
3.88721399e+00
1.76918201e-01
2.48470351e-01
1.78451974e-01
8.63329072e-02
1.03421727e-01
-4.67259502e-01
2.37632578e-01
9.57132125e-02
2.16733306e-02
-3.04430562e-02
1.87832882e-01
-1.89649444e-01
0.00000000e+00
0.00000000e+00
0.00000000e+00
0.00000000e+00
-3.83211335e-02
-4.38560246e-01
-1.45696899e+00
-1.36526884e+00
-4.17500832e-01
-3.21418780e-01
-3.05116971e-01
-4.24076484e-01
-7.38919612e-01
0.00000000e+00
0.00000000e+00
0.00000000e+00
4.63512846e-01
-5.87024257e-01
1.73658855e-01
-4.69895767e-02
-6.56368187e-02
4.13402302e-01
1.32444850e-01
9.83218910e-02
-4.84072441e-01
0.00000000e+00
2.94091316e-01
2.16186126e-01
-7.38711634e-01
3.23389506e-01
-1.03218470e+00
4.87223050e-01
5.74369468e-01
-7.07867579e-01
-1.01892565e-01
-1.51140248e-01
-3.75903302e-01
1.13038906e-03
-3.40630701e-01
-1.42019420e+00
-6.97768024e-01
-1.85182728e-01
0.00000000e+00
0.00000000e+00
0.00000000e+00
-6.89967722e-02
-5.59068345e-02
-5.55762446e-02
-2.34762669e-01
-1.96866441e-03
-7.81512268e-02
-2.06137675e-01
3.23370523e-01
-2.27759058e-01
0.00000000e+00
-2.77730482e-03
9.99925146e-02
-2.34165044e-01
-1.37714306e-01
8.24726242e-01
1.09277793e-01
-1.63663997e-02
1.36468255e-01
-9.53669193e-02
-2.63368937e-01
-3.77033691e-01
-1.49847676e-01
-7.94635471e-01
-4.76857859e-01
-3.63016310e-01
-4.18631221e-01
-1.21888927e+00
-7.05295638e-01
-2.72823458e-01
5.56149113e-02
-4.26326103e-01
-4.36322563e-01
-1.66062624e-01
-7.29193455e-01
0.00000000e+00
0.00000000e+00
0.00000000e+00
-7.30663046e-01
-1.19610214e+00
3.74492378e-01
9.27123438e-02
-2.33253998e-01
5.39283436e-01
4.79011686e-01
3.59970797e-01
-3.11676294e-02
0.00000000e+00
-7.52815925e-01
-1.06875970e-01
-6.77807567e-01
7.00161225e-01
-9.07561075e-02
5.40779149e-01
5.71536912e-01
-6.75545309e-01
2.73571667e-01
-1.65725363e-01
4.29096099e-03
2.92749498e-01
-3.86463889e-02
-1.55105955e-01
1.05503798e-01
-3.72546538e-01
0.00000000e+00
0.00000000e+00
0.00000000e+00
7.80986853e-02
2.52986236e-01
-2.26677076e-01
3.31164643e-01
-3.41345562e-01
6.73117378e-02
1.48253852e-01
-3.59503389e-01
4.42928086e-01
0.00000000e+00
3.26936362e-01
2.28860138e-03
-3.76027071e-02
2.37040490e-04
-1.00417863e+00
-2.82450277e-01
-2.67255020e-01
6.53104816e-02
2.48451367e-02
4.06105263e-01
-2.88458537e-01
-1.04090463e-01
-5.75527672e-01
-3.07335265e-01
-7.33484416e-01
-5.97866469e-01
-1.19269953e-01
1.74627919e-01
1.25801284e-01
-1.35617947e-01
-1.09315879e-01
-3.63720943e-01
-1.94175854e-01
2 1
-1.1073e-01 2.3713e-01
2 1
0 1 
217
2.53742384e-01
-2.58819274e-02
-2.75642045e-01
-4.52377171e-01
-1.13698072e-01
1.99373380e-01
1.60556216e-01
2.38920144e-01
3.98144399e-01
-1.02938455e-01
6.12269351e-02
-2.20293203e-01
-2.52487095e-01
-1.51178347e-01
0.00000000e+00
0.00000000e+00
0.00000000e+00
-2.15363928e-03
-5.80272456e-03
-2.52826877e-02
1.34239456e-02
1.80070750e-03
7.90504926e-02
2.42472078e-01
2.06381203e-04
4.06931547e-02
0.00000000e+00
0.00000000e+00
7.35876986e-02
1.09182273e-01
2.27498782e-01
-2.01739914e-01
-1.09507265e-01
1.54720809e-01
0.00000000e+00
0.00000000e+00
0.00000000e+00
-2.38513964e-02
2.74239434e-01
0.00000000e+00
0.00000000e+00
0.00000000e+00
0.00000000e+00
0.00000000e+00
0.00000000e+00
-5.20165427e-02
2.81651462e-02
2.74239434e-01
0.00000000e+00
0.00000000e+00
0.00000000e+00
0.00000000e+00
0.00000000e+00
0.00000000e+00
0.00000000e+00
0.00000000e+00
0.00000000e+00
0.00000000e+00
0.00000000e+00
0.00000000e+00
2.74239434e-01
2.81651462e-02
-5.20165427e-02
8.04958130e-01
-7.73438638e-01
-1.17563285e+00
3.39345730e-01
1.16213405e+00
-1.17122838e-01
1.53927469e+00
0.00000000e+00
-4.86621967e-02
-6.84362985e-01
2.85678806e-01
-1.44964597e+00
1.67257751e-02
-1.24374490e-01
0.00000000e+00
0.00000000e+00
0.00000000e+00
0.00000000e+00
0.00000000e+00
0.00000000e+00
0.00000000e+00
0.00000000e+00
0.00000000e+00
0.00000000e+00
0.00000000e+00
0.00000000e+00
0.00000000e+00
0.00000000e+00
0.00000000e+00
0.00000000e+00
0.00000000e+00
0.00000000e+00
0.00000000e+00
0.00000000e+00
0.00000000e+00
0.00000000e+00
0.00000000e+00
0.00000000e+00
0.00000000e+00
0.00000000e+00
0.00000000e+00
0.00000000e+00
0.00000000e+00
0.00000000e+00
0.00000000e+00
0.00000000e+00
0.00000000e+00
0.00000000e+00
0.00000000e+00
0.00000000e+00
0.00000000e+00
0.00000000e+00
0.00000000e+00
0.00000000e+00
0.00000000e+00
0.00000000e+00
-4.24090881e-01
-8.13739845e-01
-7.25504553e-01
0.00000000e+00
0.00000000e+00
0.00000000e+00
3.75678344e-01
-9.00688046e-01
-2.08283279e-01
4.66397175e-01
-6.36452664e-01
1.45310122e-01
3.46125803e-01
5.89194054e-01
-2.42395043e-01
0.00000000e+00
2.80540810e-01
-2.99048077e-01
-9.42541824e-01
2.01612658e-02
4.74669812e-01
7.25058505e-01
4.42460641e-01
-8.48830724e-01
-5.02330456e-01
-1.05309706e-02
-1.43886752e-01
0.00000000e+00
0.00000000e+00
0.00000000e+00
3.06127696e-01
-1.24136319e+00
6.73463715e-02
1.69974004e-01
-5.41467462e-01
1.64664627e-01
1.30367656e-01
1.56776824e-01
-1.98818817e-02
0.00000000e+00
4.40318107e-01
-4.17232834e-01
-1.61413001e-01
1.88876156e-01
-3.85975334e-02
1.36684655e-01
2.23161701e-01
-3.05858721e-01
1.57004797e-01
4.40625280e-01
-8.42989705e-01
0.00000000e+00
0.00000000e+00
0.00000000e+00
3.32825072e-02
-7.69717793e-01
-1.22459776e-01
2.96453122e-01
-3.78349800e-01
4.80488990e-01
4.04603730e-01
1.24197332e-01
-2.01268923e-01
0.00000000e+00
4.77693567e-01
-3.12126138e-01
-8.76990742e-01
2.30146622e-01
-3.37313941e-01
3.71834288e-01
2.06262420e-01
-5.40366380e-01
-9.36449698e-02
1.64286180e-01
-1.56857000e-01
0.00000000e+00
0.00000000e+00
0.00000000e+00
1.58884899e-01
-1.08964675e+00
1.22077312e-01
2.68704700e-02
-3.26116740e-01
1.51955630e-01
9.24309070e-02
1.28060999e-01
-1.81125090e-01
0.00000000e+00
1.68107527e-01
-5.22797377e-02
-7.10531917e-02
1.91754704e-01
4.49668198e-01
9.47455356e-02
9.76182735e-02
-2.79805746e-01
5.54768990e-02
1.05518899e-01
136
4.72739262e-01
0.00000000e+00
0.00000000e+00
3.08396956e-04
8.79222630e-03
2.34113240e-01
9.83826217e-05
2.38317625e-01
-3.04259083e-04
0.00000000e+00
0.00000000e+00
-8.95595229e-02
9.38421789e-03
3.58655653e-01
-1.33024762e-01
1.32748247e-01
1.94535429e-01
0.00000000e+00
0.00000000e+00
0.00000000e+00
4.00363374e-02
4.27258888e-01
0.00000000e+00
0.00000000e+00
0.00000000e+00
0.00000000e+00
0.00000000e+00
0.00000000e+00
5.36399811e-01
-4.96363474e-01
4.27258888e-01
0.00000000e+00
0.00000000e+00
0.00000000e+00
0.00000000e+00
0.00000000e+00
0.00000000e+00
0.00000000e+00
0.00000000e+00
0.00000000e+00
0.00000000e+00
0.00000000e+00
0.00000000e+00
0.00000000e+00
0.00000000e+00
0.00000000e+00
5.86166349e-02
-5.49536072e-01
2.20047030e-01
-3.90994447e-01
-1.02748700e+00
0.00000000e+00
5.41843848e-01
-1.27269191e-01
3.77124265e-01
-5.64700868e-01
0.00000000e+00
0.00000000e+00
0.00000000e+00
0.00000000e+00
4.27258888e-01
-4.96363474e-01
5.36399811e-01
0.00000000e+00
0.00000000e+00
0.00000000e+00
0.00000000e+00
0.00000000e+00
0.00000000e+00
0.00000000e+00
0.00000000e+00
0.00000000e+00
0.00000000e+00
0.00000000e+00
0.00000000e+00
0.00000000e+00
0.00000000e+00
0.00000000e+00
0.00000000e+00
0.00000000e+00
0.00000000e+00
0.00000000e+00
0.00000000e+00
0.00000000e+00
0.00000000e+00
0.00000000e+00
-2.71788615e-01
-7.36505955e-01
-9.16261505e-01
0.00000000e+00
0.00000000e+00
0.00000000e+00
6.95865251e-01
-2.40540990e+00
4.08245617e-01
5.22677212e-01
-1.42507467e+00
5.94051687e-01
5.67134915e-01
1.05211856e+00
-4.92865198e-01
0.00000000e+00
7.29315605e-01
-4.89228472e-01
-1.21162239e+00
2.69209457e-01
1.07701429e+00
9.10861059e-01
5.31661043e-01
-1.93476231e+00
-6.07908488e-01
2.92455238e-01
-1.20913627e+00
0.00000000e+00
0.00000000e+00
0.00000000e+00
3.49043647e-01
-2.07969042e+00
1.35295925e-01
6.99212833e-01
-1.23235610e+00
8.10178933e-01
8.97491242e-01
1.13896187e-01
-3.46000584e-01
0.00000000e+00
1.03461513e+00
-5.17741591e-01
-1.08971167e+00
5.67279056e-01
-2.88832425e-01
3.75507963e-01
3.72995540e-01
-1.37188783e+00
-1.07047582e-01
4.68615474e-01
7 1
-1.9433e-01 2.7136e-01
3 1
0 1 2 
217
1.09877005e-01
1.15031058e-01
-2.16718446e-01
-8.60952458e-02
-6.81593846e-02
6.03763294e-02
4.85885860e-02
2.53892888e-01
2.30693676e-01
-1.00047136e-01
3.74771711e-02
-3.75452170e-02
-1.38723044e-01
-8.73252873e-02
0.00000000e+00
0.00000000e+00
0.00000000e+00
-2.36613477e-04
3.08386258e-03
4.77523539e-03
3.90452348e-03
7.72896048e-04
7.06956567e-02
1.06209095e-01
1.27657040e-04
8.13959610e-02
0.00000000e+00
0.00000000e+00
-6.66778936e-02
4.63086362e-02
2.18655458e-01
-2.37389012e-01
-8.90073939e-02
2.37987210e-01
0.00000000e+00
0.00000000e+00
0.00000000e+00
-1.27318454e-01
-1.07374433e-01
3.44784055e-01
0.00000000e+00
0.00000000e+00
0.00000000e+00
0.00000000e+00
0.00000000e+00
-7.96340836e-02
-4.67162341e-02
1.59891048e-01
0.00000000e+00
-3.55777681e-01
8.85121991e-02
3.44784055e-01
0.00000000e+00
0.00000000e+00
0.00000000e+00
0.00000000e+00
0.00000000e+00
0.00000000e+00
0.00000000e+00
0.00000000e+00
1.48897423e-01
4.08278290e-02
-7.96340836e-02
9.69812501e-01
-9.29198835e-01
-1.41004019e+00
2.72142719e-01
1.24779417e+00
-2.02879379e-01
1.29316820e+00
0.00000000e+00
-4.36594064e-01
-6.07974320e-01
4.69638619e-01
-1.43243729e+00
7.68324492e-02
-4.20056011e-02
0.00000000e+00
3.33265673e-02
-2.37547628e-01
8.23028047e-02
-7.45039662e-01
-5.75236732e-03
-1.33982576e-01
0.00000000e+00
0.00000000e+00
0.00000000e+00
0.00000000e+00
0.00000000e+00
0.00000000e+00
0.00000000e+00
0.00000000e+00
0.00000000e+00
0.00000000e+00
0.00000000e+00
0.00000000e+00
0.00000000e+00
0.00000000e+00
0.00000000e+00
0.00000000e+00
0.00000000e+00
0.00000000e+00
0.00000000e+00
0.00000000e+00
0.00000000e+00
0.00000000e+00
0.00000000e+00
0.00000000e+00
0.00000000e+00
0.00000000e+00
0.00000000e+00
0.00000000e+00
0.00000000e+00
0.00000000e+00
0.00000000e+00
0.00000000e+00
0.00000000e+00
0.00000000e+00
0.00000000e+00
-3.17756390e-01
-7.36807228e-01
-6.35015873e-01
0.00000000e+00
0.00000000e+00
0.00000000e+00
2.81269966e-01
-8.11092219e-01
1.08578321e-01
1.58303398e-01
-5.68945375e-01
3.90568882e-01
1.92784204e-01
3.57732506e-01
-1.60966516e-01
0.00000000e+00
2.12042266e-01
-3.63173918e-01
-7.21242098e-01
8.58993999e-02
3.48359051e-01
3.88231031e-01
3.78691148e-01
-6.95243067e-01
-3.30984088e-01
1.14171235e-01
-1.52366537e-01
0.00000000e+00
0.00000000e+00
0.00000000e+00
3.61113310e-01
-1.11893388e+00
1.04921231e-01
3.11677676e-01
-5.57388432e-01
-1.47736314e-02
2.21541690e-01
2.19918819e-01
-5.84943222e-02
0.00000000e+00
4.79075014e-01
-4.76289572e-01
-2.83235237e-01
1.85051375e-01
-1.48800087e-02
2.09216099e-01
1.88411962e-01
-3.94854959e-01
7.36179143e-02
4.11938415e-01
-7.43979214e-01
0.00000000e+00
0.00000000e+00
0.00000000e+00
-5.27002914e-02
-7.05618112e-01
-4.13276809e-02
2.03647594e-01
-3.45684127e-01
3.67611879e-01
2.76708923e-01
9.80106398e-02
-1.72282264e-01
0.00000000e+00
5.78513552e-01
-1.91957698e-01
-6.04064460e-01
1.87624610e-01
-2.52471936e-01
2.44055436e-01
1.44061026e-01
-4.11274921e-01
-9.06879048e-02
2.38565196e-02
-1.83878490e-01
0.00000000e+00
0.00000000e+00
0.00000000e+00
1.81474050e-01
-1.09731792e+00
6.62225926e-02
5.48029663e-02
-3.61745963e-01
2.10123664e-01
1.40787931e-01
1.56476583e-01
-1.82039035e-01
0.00000000e+00
1.19924532e-01
-9.78288119e-02
-2.23210371e-01
2.38774614e-01
4.35663181e-01
1.70334690e-01
1.54509045e-01
-3.78974899e-01
7.16486586e-02
1.56496004e-01
136
5.87079995e-01
0.00000000e+00
0.00000000e+00
-3.77605494e-04
5.64825072e-03
2.81964887e-01
5.04000468e-04
3.05492714e-01
-2.35570829e-04
0.00000000e+00
0.00000000e+00
-4.42163488e-02
5.02594624e-02
3.70634101e-01
-1.16721789e-01
1.52226360e-01
1.74898209e-01
0.00000000e+00
0.00000000e+00
0.00000000e+00
-1.07530767e-01
2.02362613e-01
4.85060537e-01
0.00000000e+00
0.00000000e+00
0.00000000e+00
0.00000000e+00
0.00000000e+00
1.22586705e-01
-2.33413894e-01
5.74697778e-01
0.00000000e+00
4.29338865e-01
-8.01674029e-01
4.85060537e-01
0.00000000e+00
0.00000000e+00
0.00000000e+00
0.00000000e+00
0.00000000e+00
0.00000000e+00
0.00000000e+00
0.00000000e+00
0.00000000e+00
0.00000000e+00
0.00000000e+00
-1.99173109e-01
-8.25430780e-01
2.41841334e-01
-3.54888302e-01
-9.20316173e-01
0.00000000e+00
5.62409603e-01
-1.32142991e-01
3.63336370e-01
-5.60215959e-01
0.00000000e+00
4.71058201e-01
1.23742179e-01
1.88898915e-01
-4.56545896e-01
-1.03179150e+00
1.22586705e-01
0.00000000e+00
0.00000000e+00
0.00000000e+00
0.00000000e+00
0.00000000e+00
0.00000000e+00
0.00000000e+00
0.00000000e+00
0.00000000e+00
0.00000000e+00
0.00000000e+00
0.00000000e+00
0.00000000e+00
0.00000000e+00
0.00000000e+00
0.00000000e+00
0.00000000e+00
0.00000000e+00
0.00000000e+00
0.00000000e+00
0.00000000e+00
0.00000000e+00
0.00000000e+00
-2.42546422e-01
-7.60204065e-01
-9.13949225e-01
0.00000000e+00
0.00000000e+00
0.00000000e+00
7.19915312e-01
-2.51959438e+00
3.24955633e-01
5.72559641e-01
-1.43333547e+00
5.81208580e-01
5.67068278e-01
1.09115521e+00
-4.89308412e-01
0.00000000e+00
7.28271344e-01
-4.61667447e-01
-1.22451318e+00
2.65488383e-01
1.10437852e+00
9.59450527e-01
5.86726969e-01
-1.95617488e+00
-6.05179285e-01
2.74645431e-01
-1.22303495e+00
0.00000000e+00
0.00000000e+00
0.00000000e+00
3.73250168e-01
-2.19649349e+00
1.61275160e-01
7.12248903e-01
-1.20651596e+00
8.00886042e-01
9.03489377e-01
1.40783159e-01
-3.49225820e-01
0.00000000e+00
1.01688791e+00
-5.36804052e-01
-1.09479518e+00
5.68907103e-01
-3.04354502e-01
3.98740837e-01
3.92229271e-01
-1.36013607e+00
-1.33700380e-01
4.90292574e-01
5 1
-3.4973e-01 3.3601e-01
4 0
0 1 2 7 
217
-1.21381489e-01
-5.82135562e-01
4.25114751e-01
-2.47203478e-01
-5.99655686e-02
-7.01607063e-03
-3.46624953e-02
-8.13195699e-03
8.46606871e-03
-5.96053270e-02
-5.79142502e-02
-3.95809513e-02
2.26947567e-02
2.83103598e-02
1.47543836e-01
-1.62091235e-02
8.85052886e-02
-1.10204424e-01
1.45899931e-03
-1.32579073e-01
-4.91593499e-02
1.53572343e-04
-1.19965371e-01
-1.09561551e-01
1.72107908e-05
-2.26788726e-02
0.00000000e+00
0.00000000e+00
-2.10251866e-01
9.91900055e-02
4.20105611e-01
-3.42620762e-02
-1.69216526e-01
-2.26946636e-01
0.00000000e+00
0.00000000e+00
0.00000000e+00
-3.02115462e-01
-1.69239892e-01
-2.69931317e-02
3.77678020e-01
0.00000000e+00
0.00000000e+00
0.00000000e+00
0.00000000e+00
-4.74628637e-02
-2.54652599e-01
-1.37108179e-01
0.00000000e+00
2.04517309e-01
-5.86632052e-02
2.03085242e-01
0.00000000e+00
-1.91986796e-01
1.40009793e-02
3.60008207e-01
0.00000000e+00
-5.82781470e-01
-7.30511043e-03
3.77678020e-01
2.33412332e-01
-3.06619935e-01
-4.74628637e-02
2.68058333e-01
-5.75389290e-01
-1.13226523e+00
2.28791679e-01
1.20781923e+00
-4.28422105e-02
5.68810332e-01
0.00000000e+00
-6.18424843e-01
-4.20587014e-01
2.85719662e-01
-1.21017212e+00
2.11323692e-01
2.74135493e-01
0.00000000e+00
-2.57912273e-01
-4.05130811e-01
2.15655024e-01
-3.82596425e-01
-7.91242389e-02
3.18348494e-01
0.00000000e+00
-9.09953176e-02
-7.28620096e-02
7.29504339e-02
-4.93141665e-01
-1.03336605e-01
2.26094660e-01
0.00000000e+00
0.00000000e+00
0.00000000e+00
0.00000000e+00
0.00000000e+00
0.00000000e+00
0.00000000e+00
0.00000000e+00
0.00000000e+00
0.00000000e+00
0.00000000e+00
0.00000000e+00
0.00000000e+00
0.00000000e+00
0.00000000e+00
0.00000000e+00
0.00000000e+00
0.00000000e+00
0.00000000e+00
0.00000000e+00
0.00000000e+00
0.00000000e+00
0.00000000e+00
0.00000000e+00
0.00000000e+00
0.00000000e+00
0.00000000e+00
0.00000000e+00
-3.60148263e-01
-7.52930322e-01
-6.79932474e-01
0.00000000e+00
0.00000000e+00
0.00000000e+00
3.06888431e-01
-5.89485256e-01
1.62596352e-02
-3.64183075e-02
-4.77193705e-01
9.75420602e-02
1.53070756e-01
2.14347064e-01
-1.09905498e-01
0.00000000e+00
2.72889525e-01
-1.99689754e-01
-5.09002968e-01
1.13183703e-01
2.21958188e-01
2.59612034e-01
1.10178605e-01
-5.13219755e-01
-1.99261537e-01
1.88314307e-01
-1.23027736e-01
0.00000000e+00
0.00000000e+00
0.00000000e+00
2.43431875e-01
-8.25071518e-01
-2.99139565e-02
5.20409284e-01
-6.52544504e-01
2.53034510e-01
2.70253561e-01
2.10856523e-01
-5.94773502e-02
0.00000000e+00
3.36427056e-01
3.35893289e-02
-4.50738550e-01
1.64002576e-01
-9.65087714e-02
1.97318030e-01
1.70358313e-01
-6.14859538e-01
-1.02406014e-01
3.08811409e-01
-6.43822183e-01
0.00000000e+00
0.00000000e+00
0.00000000e+00
-5.78024938e-02
-5.17113808e-01
1.04917021e-01
2.90778473e-01
-2.26349583e-01
2.12235366e-01
3.74369252e-01
5.50560964e-02
-8.93604783e-02
0.00000000e+00
2.14742678e-01
-1.77764304e-01
-5.06489699e-01
1.04020157e-01
3.64212337e-02
9.69973640e-02
3.43487015e-02
-4.31098720e-01
-6.11457246e-02
-1.00583714e-01
-2.19544710e-01
0.00000000e+00
0.00000000e+00
0.00000000e+00
9.32169665e-02
-6.20326082e-01
1.66466671e-01
2.44741774e-02
-2.20166092e-01
7.42858838e-01
2.20058021e-01
1.04699684e-01
-5.34573983e-02
0.00000000e+00
1.29912734e-01
-2.03580889e-01
-6.29710661e-01
1.02324083e-01
3.71776303e-01
1.63668847e-01
1.13045235e-01
-5.79053686e-01
-1.61715722e-01
1.59642610e-02
136
2.38437342e-01
1.80346188e-02
2.09588864e-03
4.89047858e-02
9.07290814e-04
6.79503143e-02
-6.41766725e-05
1.03547624e-01
-3.26201285e-05
0.00000000e+00
0.00000000e+00
1.20553099e-03
-2.61017749e-02
2.36353003e-01
-2.27238787e-01
8.03523511e-02
1.73867019e-01
0.00000000e+00
0.00000000e+00
6.73566124e-03
-9.97114856e-02
4.18161136e-02
-7.65816501e-03
2.97255218e-01
0.00000000e+00
0.00000000e+00
0.00000000e+00
6.73566124e-03
-8.73144843e-02
-1.31245788e-02
6.49939735e-02
0.00000000e+00
3.40831450e-01
-3.93539077e-01
3.42377005e-01
0.00000000e+00
1.43895199e-01
-1.14345286e-01
2.42796460e-01
0.00000000e+00
-3.47732174e-01
-2.45099456e-01
2.97255218e-01
0.00000000e+00
0.00000000e+00
0.00000000e+00
-6.79085791e-02
-6.90756725e-01
5.28293002e-01
-2.09533448e-01
-1.01191753e+00
0.00000000e+00
5.71230836e-02
-3.79470060e-02
3.02700747e-01
-6.29926963e-01
0.00000000e+00
2.42844048e-01
-7.63812264e-02
1.91266948e-01
-2.79382730e-01
-7.65400966e-01
1.75165939e-01
-1.93901266e-01
2.14654400e-01
-1.66399091e-01
0.00000000e+00
0.00000000e+00
0.00000000e+00
0.00000000e+00
0.00000000e+00
0.00000000e+00
0.00000000e+00
0.00000000e+00
0.00000000e+00
0.00000000e+00
0.00000000e+00
0.00000000e+00
0.00000000e+00
0.00000000e+00
0.00000000e+00
0.00000000e+00
0.00000000e+00
0.00000000e+00
0.00000000e+00
0.00000000e+00
-2.35544635e-01
-7.18337253e-01
-9.07036403e-01
0.00000000e+00
0.00000000e+00
0.00000000e+00
7.68968652e-01
-2.46477227e+00
3.75531018e-01
4.68033099e-01
-1.42259291e+00
5.27565286e-01
5.34074426e-01
1.13703964e+00
-5.21464316e-01
0.00000000e+00
7.66468837e-01
-8.18721209e-01
-1.23159077e+00
2.65272210e-01
1.19338609e+00
1.02439192e+00
6.76558393e-01
-1.89504590e+00
-5.82677153e-01
2.92538541e-01
-1.23033270e+00
0.00000000e+00
0.00000000e+00
0.00000000e+00
4.11647050e-01
-2.15197926e+00
6.20454098e-02
7.14567635e-01
-1.33248929e+00
4.04826216e-01
8.52080000e-01
1.62854782e-01
-4.05129255e-01
0.00000000e+00
1.06693981e+00
-5.32608319e-01
-9.63554059e-01
6.29077931e-01
-2.68813375e-01
4.38949556e-01
4.41843407e-01
-1.27827071e+00
-3.88654813e-02
5.56545252e-01
3 1
-4.4573e-01 3.5369e-01
5 0
0 1 2 7 5 
217
-2.91958408e-01
-5.43355900e-01
6.06464691e-01
-1.90028260e-01
-6.95500538e-02
-8.69661970e-02
-1.89745075e-01
2.50068966e-02
-1.36085428e-01
7.30340445e-02
7.00897398e-02
2.75129704e-02
3.33324084e-02
3.70763537e-02
1.61892585e-01
-1.31163315e-02
4.66413394e-02
-1.68997359e-01
1.98029224e-03
-9.40733632e-02
-3.77041393e-02
-1.44090254e-03
-6.21684512e-02
-2.47149495e-01
2.29190875e-04
6.69474655e-02
0.00000000e+00
0.00000000e+00
-3.27533100e-01
-2.04771780e-02
2.76631527e-01
-2.81896114e-02
-1.05052588e-01
-8.73374576e-02
0.00000000e+00
0.00000000e+00
0.00000000e+00
-4.66052734e-01
-2.03865937e-01
-4.77531504e-02
1.36059035e-01
2.86651794e-01
0.00000000e+00
0.00000000e+00
0.00000000e+00
-3.81926536e-01
-2.35753544e-01
4.93212820e-02
0.00000000e+00
3.49120869e-01
-3.09989561e-01
3.17755587e-01
0.00000000e+00
-1.14686447e-01
-2.01419931e-01
4.69280614e-01
0.00000000e+00
-6.15069429e-01
-2.00101826e-01
5.78507929e-01
-5.36464234e-01
6.23429777e-01
-3.81926536e-01
2.67236799e-01
-1.21149908e+00
-1.08904697e+00
5.52768542e-01
1.25712560e+00
9.95353262e-02
4.62281785e-01
0.00000000e+00
-7.59558958e-01
-4.46819259e-01
2.95460779e-01
-1.28108104e+00
1.72139771e-01
8.84481262e-02
0.00000000e+00
-4.12181977e-01
-4.31628968e-01
1.87820958e-01
-3.38207002e-01
-6.75973886e-02
4.07437989e-01
0.00000000e+00
-2.08469318e-01
-7.48159080e-02
6.55872327e-02
-5.34388773e-01
-1.49076323e-01
2.53922360e-01
-1.24517986e-02
-8.33187608e-02
-1.07172848e-01
-4.69513088e-02
-5.44645676e-02
-1.49236540e-01
2.58047370e-01
0.00000000e+00
0.00000000e+00
0.00000000e+00
0.00000000e+00
0.00000000e+00
0.00000000e+00
0.00000000e+00
0.00000000e+00
0.00000000e+00
0.00000000e+00
0.00000000e+00
0.00000000e+00
0.00000000e+00
0.00000000e+00
0.00000000e+00
0.00000000e+00
0.00000000e+00
0.00000000e+00
0.00000000e+00
0.00000000e+00
0.00000000e+00
-2.49609450e-01
-7.04067711e-01
-7.22107446e-01
0.00000000e+00
0.00000000e+00
0.00000000e+00
3.54368365e-01
-6.08201198e-01
2.97340009e-02
-8.88730277e-02
-5.31906579e-01
1.21301128e-01
1.18060431e-01
3.20309564e-01
-2.05516588e-02
0.00000000e+00
2.45533285e-01
-3.58381190e-01
-6.10113455e-01
1.21991458e-01
2.78826040e-01
3.08584690e-01
1.78504973e-01
-6.07991504e-01
-1.94346588e-01
2.21043818e-01
-7.55854879e-02
0.00000000e+00
0.00000000e+00
0.00000000e+00
2.08660055e-01
-7.51022516e-01
2.05999806e-03
6.12289139e-01
-6.51531053e-01
1.84037013e-01
2.62704816e-01
1.55168868e-01
-9.53370526e-02
0.00000000e+00
3.03543917e-01
1.98800569e-01
-3.88382533e-01
1.49306485e-01
-1.22732124e-01
1.50026184e-01
1.29053151e-01
-6.00513668e-01
-8.98221151e-02
2.68105378e-01
-7.43330910e-01
0.00000000e+00
0.00000000e+00
0.00000000e+00
-1.48510857e-01
-5.88658866e-01
-1.93445269e-01
2.34000471e-01
-4.24380965e-01
4.93261217e-01
5.48706687e-01
1.07551401e-02
-5.90686252e-02
0.00000000e+00
3.09760112e-01
-1.33871765e-01
-5.84704858e-01
1.45645472e-01
7.08079236e-02
2.07256415e-01
1.10025153e-01
-4.80983233e-01
-6.38854939e-02
-1.96039569e-01
-1.80769938e-01
0.00000000e+00
0.00000000e+00
0.00000000e+00
1.89319592e-01
-6.58743873e-01
6.96129105e-02
5.90432103e-02
-5.17480056e-01
3.53188336e-01
3.16692680e-01
2.20687341e-01
4.76636641e-02
0.00000000e+00
1.15285761e-01
-7.53535092e-02
-5.49915443e-01
9.41304736e-02
4.39438471e-01
1.65717897e-01
1.12606322e-01
-5.22423594e-01
-1.03663364e-01
6.34232420e-02
136
1.85002280e-01
-5.83970350e-02
6.60285597e-03
5.07950762e-02
6.23702279e-04
6.24733649e-02
6.18637922e-04
1.30130874e-01
-7.49127622e-05
0.00000000e+00
0.00000000e+00
9.08013540e-03
-1.09635279e-02
2.27071174e-01
-2.19883477e-01
5.59932655e-02
1.23704710e-01
0.00000000e+00
0.00000000e+00
0.00000000e+00
-2.58596124e-01
3.01421836e-02
1.29597292e-01
1.83221680e-01
9.39038755e-02
0.00000000e+00
0.00000000e+00
0.00000000e+00
-4.80260185e-02
-3.95515515e-02
1.11323117e-01
0.00000000e+00
2.95958169e-01
-4.63407091e-01
3.25132344e-01
0.00000000e+00
1.32436625e-01
-2.04707437e-01
2.20102600e-01
0.00000000e+00
-3.68946140e-01
-3.76332880e-01
5.92641923e-01
0.00000000e+00
0.00000000e+00
0.00000000e+00
-1.65047642e-01
-9.10572697e-01
5.61201193e-01
-1.87225087e-01
-9.65856230e-01
0.00000000e+00
1.98012554e-02
-5.68377877e-02
2.61652312e-01
-6.08389501e-01
0.00000000e+00
1.79993158e-01
-9.33158739e-02
1.66558900e-01
-3.44298530e-01
-2.72655438e-01
1.40095103e-01
-2.08338440e-01
1.94913911e-01
-1.78417145e-01
-1.44555810e-02
2.34267600e-01
-3.32569637e-01
1.70407151e-01
-2.04623100e-01
0.00000000e+00
0.00000000e+00
0.00000000e+00
0.00000000e+00
0.00000000e+00
0.00000000e+00
0.00000000e+00
0.00000000e+00
0.00000000e+00
0.00000000e+00
0.00000000e+00
0.00000000e+00
0.00000000e+00
0.00000000e+00
0.00000000e+00
-2.38132599e-01
-7.65868023e-01
-9.20458223e-01
0.00000000e+00
0.00000000e+00
0.00000000e+00
7.90666927e-01
-2.55685671e+00
3.38951602e-01
4.46401601e-01
-1.40998049e+00
5.39609222e-01
5.49281908e-01
1.14048147e+00
-5.26504281e-01
0.00000000e+00
8.04065368e-01
-8.52044773e-01
-1.23859114e+00
2.89449074e-01
1.18764910e+00
1.05401975e+00
6.80925052e-01
-1.89327572e+00
-5.85076129e-01
3.20369951e-01
-1.23612243e+00
0.00000000e+00
0.00000000e+00
0.00000000e+00
3.94331993e-01
-2.18240504e+00
1.46207218e-01
7.27671295e-01
-1.15415122e+00
6.84103284e-01
7.48391431e-01
1.29514109e-01
-4.48962566e-01
0.00000000e+00
1.04574658e+00
-6.23749555e-01
-9.72446579e-01
6.36934855e-01
-3.42628240e-01
4.09320640e-01
4.11239167e-01
-1.29757708e+00
-8.11539739e-02
5.33491242e-01
17 1
-8.5578e-01 4.3363e-01
6 0
0 1 2 7 5 3 
217
-1.17931838e-01
-5.13215555e-01
4.38433568e-01
-9.07283012e-02
2.25979541e-02
-6.42134948e-02
-7.88775391e-02
-3.58949140e-02
-9.02104013e-02
-3.52955880e-02
-7.66028859e-02
3.26788130e-02
1.05161034e-01
6.47480845e-02
1.56466780e-01
-1.25342928e-02
-1.34661067e-02
-8.85943539e-02
1.83168084e-03
-8.63351319e-02
-1.53163810e-02
-8.79477211e-04
-5.61001117e-02
-1.70487883e-01
5.67198648e-05
4.94613870e-02
0.00000000e+00
0.00000000e+00
-1.33656492e-01
1.58839445e-01
3.80053368e-01
4.10278191e-02
-1.89834260e-01
-3.74361720e-01
0.00000000e+00
0.00000000e+00
0.00000000e+00
-1.14260587e-01
-1.85499726e-01
-2.08884895e-01
-6.25992244e-02
6.06502777e-02
3.92978451e-01
0.00000000e+00
0.00000000e+00
-1.43051968e-01
-3.84570170e-01
9.69436006e-02
0.00000000e+00
1.97887669e-01
-3.08406052e-01
3.31657602e-01
0.00000000e+00
-1.10035685e-01
-1.33030001e-01
3.93849308e-01
0.00000000e+00
-5.20065659e-01
-1.16830802e-02
4.72888732e-01
-8.55422333e-02
1.10978498e-01
-1.43051968e-01
3.44390565e-01
-1.18239600e+00
-1.11119712e+00
4.51896379e-01
1.23090163e+00
2.68177220e-01
7.08922002e-01
0.00000000e+00
-5.75581777e-01
-4.21625738e-01
4.15994280e-01
-1.20169494e+00
4.16556593e-02
4.93139658e-02
0.00000000e+00
-2.80211051e-01
-4.49873536e-01
1.91808435e-01
-2.22597381e-01
-2.95292225e-02
1.30617537e-01
0.00000000e+00
-2.09855454e-01
-1.52370124e-01
1.60140403e-01
-4.12069645e-01
-6.82167878e-02
4.59446442e-02
0.00000000e+00
-1.27849380e-01
-1.98546570e-01
1.41277245e-02
-3.26164236e-01
-4.21018308e-03
-7.96261607e-02
0.00000000e+00
2.51015964e-02
-2.68807630e-01
-3.07352595e-02
-6.05707424e-01
-1.12298175e-01
-1.78854622e-01
0.00000000e+00
0.00000000e+00
0.00000000e+00
0.00000000e+00
0.00000000e+00
0.00000000e+00
0.00000000e+00
0.00000000e+00
0.00000000e+00
0.00000000e+00
0.00000000e+00
0.00000000e+00
0.00000000e+00
0.00000000e+00
-3.04484282e-01
-6.77566132e-01
-6.74038267e-01
0.00000000e+00
0.00000000e+00
0.00000000e+00
3.08543230e-01
-6.43860380e-01
-1.95608716e-02
6.19514523e-02
-5.61789333e-01
1.21978682e-01
1.53749859e-01
2.31637449e-01
-1.26832094e-01
0.00000000e+00
3.99364823e-01
-2.23897735e-01
-6.18550237e-01
1.19080732e-01
2.72887340e-01
2.75029668e-01
1.28848193e-01
-5.97751345e-01
-2.06134803e-01
2.51267104e-01
-1.12959358e-01
0.00000000e+00
0.00000000e+00
0.00000000e+00
2.51683751e-01
-9.16607376e-01
3.62125380e-02
4.09227593e-01
-6.37527904e-01
2.54832203e-01
2.75122074e-01
2.65351944e-01
-2.34353763e-02
0.00000000e+00
2.63575661e-01
8.24345115e-03
-3.61010300e-01
1.40119283e-01
-7.20025175e-02
2.55801126e-01
1.74388498e-01
-5.96652815e-01
-6.78526827e-02
2.27571491e-01
-6.67191218e-01
0.00000000e+00
0.00000000e+00
0.00000000e+00
-1.54921455e-01
-5.20686862e-01
9.70272140e-02
2.12741423e-01
-2.25833400e-01
5.38636059e-01
4.59255675e-01
-6.01026305e-02
-8.56324096e-02
0.00000000e+00
1.20348052e-01
-2.21375874e-01
-5.43330816e-01
1.56299274e-01
1.75214125e-01
6.06958019e-02
-4.81005029e-02
-4.56451151e-01
-2.58630504e-02
-1.45110692e-01
-1.85030019e-01
0.00000000e+00
0.00000000e+00
0.00000000e+00
1.89613710e-01
-7.03171393e-01
1.60629473e-01
8.90930287e-02
-2.41507898e-01
5.31613709e-01
3.43148306e-02
1.38110477e-01
-6.13131225e-02
0.00000000e+00
2.38495823e-01
-2.05169115e-01
-4.68758890e-01
1.31663428e-01
1.82622958e-01
1.47785544e-01
2.09819694e-01
-5.36284215e-01
-1.57969216e-01
1.35381155e-01
136
9.82119184e-02
-1.67993689e-02
9.89924216e-04
-1.75165208e-02
1.29647264e-03
3.21099195e-02
-3.93943290e-05
1.00417889e-01
-8.74277425e-05
0.00000000e+00
0.00000000e+00
-1.07360155e-02
-4.18545715e-02
2.32976554e-01
-2.57531007e-01
3.92503346e-02
1.36106624e-01
0.00000000e+00
0.00000000e+00
5.19911909e-03
-1.19065357e-01
1.84537651e-02
2.96650314e-02
2.98189361e-02
5.47061064e-02
7.94343171e-02
0.00000000e+00
7.46760010e-03
-6.28618104e-02
-6.96169955e-02
3.04998321e-02
0.00000000e+00
3.14970924e-01
-3.53803280e-01
2.57092251e-01
0.00000000e+00
1.39832003e-01
-1.10400227e-01
1.80812908e-01
0.00000000e+00
-3.84758066e-01
-3.10971498e-01
4.60346055e-01
0.00000000e+00
0.00000000e+00
0.00000000e+00
-8.54491742e-02
-7.52273003e-01
6.07747921e-01
-1.83983341e-01
-8.97725648e-01
0.00000000e+00
1.42528740e-02
-1.08214769e-01
3.16211693e-01
-5.70367785e-01
0.00000000e+00
1.15398045e-01
-5.90361745e-02
1.53031466e-01
-2.86880319e-01
-4.01956347e-01
6.31511099e-02
-1.81236612e-01
1.76093199e-01
-1.43018011e-01
0.00000000e+00
9.62042706e-02
-1.80529939e-01
9.64075870e-02
-1.16874882e-01
0.00000000e+00
2.01242413e-01
-3.48458166e-01
1.15101305e-01
-2.22061933e-01
0.00000000e+00
0.00000000e+00
0.00000000e+00
0.00000000e+00
0.00000000e+00
0.00000000e+00
0.00000000e+00
0.00000000e+00
0.00000000e+00
0.00000000e+00
-2.78983436e-01
-7.27936549e-01
-9.08391548e-01
0.00000000e+00
0.00000000e+00
0.00000000e+00
7.44330534e-01
-2.29385865e+00
3.13738393e-01
5.19613492e-01
-1.45628212e+00
5.18289915e-01
5.25215108e-01
1.07719235e+00
-5.23157829e-01
0.00000000e+00
7.77620689e-01
-6.89420861e-01
-1.26926554e+00
2.50199876e-01
1.10753677e+00
9.65676660e-01
6.45597721e-01
-1.87934464e+00
-5.93496785e-01
3.51423362e-01
-1.21188330e+00
0.00000000e+00
0.00000000e+00
0.00000000e+00
3.58469100e-01
-1.96954915e+00
6.97359847e-02
6.85178899e-01
-1.25666732e+00
5.46739172e-01
8.76216988e-01
1.71543485e-01
-4.11669803e-01
0.00000000e+00
9.86705219e-01
-5.51273190e-01
-1.05359555e+00
5.84663147e-01
-1.42288956e-01
4.23772668e-01
3.98518099e-01
-1.31498882e+00
-8.05563131e-02
4.67163054e-01
4 2
-7.6254e-01 4.4418e-01
7 -1
0 1 2 7 5 3 17 
217
1.30199821e-01
2.96795047e-02
-2.45907118e-01
-3.23706877e-01
-1.79234546e-01
1.37809968e-01
-7.49464644e-02
4.22225051e-01
3.45797754e-01
-4.62053809e-02
5.87337137e-02
6.34708576e-02
-2.01506367e-02
4.90136627e-02
8.03996614e-02
7.72717150e-03
1.80085092e-01
1.35576800e-01
2.98123460e-04
3.18097853e-01
1.88236981e-02
-3.13063083e-03
4.72333294e-01
-1.04600338e-01
-3.62894926e-04
3.68045556e-01
0.00000000e+00
0.00000000e+00
4.33825825e-01
2.06639926e-01
2.34017458e-01
-4.09496593e-01
-2.73709372e-01
-6.10774232e-02
0.00000000e+00
0.00000000e+00
0.00000000e+00
-1.96834492e-01
-4.96467862e-02
-1.36975591e-02
-1.10264999e-02
9.97995953e-02
1.33236203e-01
1.68667737e-01
0.00000000e+00
-8.02641929e-02
-3.04283298e-01
-1.65642327e-02
0.00000000e+00
2.04731518e-01
-2.57132184e-01
3.25970000e-01
0.00000000e+00
-1.20067789e-01
-9.58602650e-02
3.31270170e-01
0.00000000e+00
-4.81116441e-01
1.04253141e-01
5.19561771e-01
-4.79959330e-02
2.58758323e-01
-8.02641929e-02
1.51591813e-01
-7.04912795e-01
-1.12772069e+00
3.95473223e-01
7.08561624e-01
2.88047580e-01
1.35975492e-01
0.00000000e+00
-4.77015282e-01
-5.57224624e-01
4.51684877e-01
-5.09184783e-01
1.55530226e-01
-7.13775925e-02
0.00000000e+00
-2.86067985e-01
-4.48594057e-01
2.84979410e-01
-2.77176476e-01
1.31288395e-01
-6.05041238e-03
0.00000000e+00
-1.27840766e-01
-3.53770812e-02
2.26151752e-01
-2.36335948e-01
3.18888350e-02
2.93979188e-02
1.15387763e-01
-1.31024594e-01
-8.06299374e-02
1.15643276e-01
-2.62719263e-01
3.01933755e-02
-2.21542474e-01
1.12998781e-01
1.05604527e-01
-4.36828093e-01
5.76990931e-02
-3.15978806e-01
-1.46102580e-01
-2.76539020e-01
1.23097339e-01
-6.81826655e-02
-3.91319134e-02
1.78523033e-02
-2.08729820e-01
5.74328443e-02
-6.23123846e-02
0.00000000e+00
0.00000000e+00
0.00000000e+00
0.00000000e+00
0.00000000e+00
0.00000000e+00
0.00000000e+00
-3.43163319e-02
-7.16177870e-01
1.64859612e-02
0.00000000e+00
0.00000000e+00
0.00000000e+00
4.22370999e-01
-9.66203970e-01
7.18594377e-02
5.53366552e-02
-6.54135119e-01
1.95194298e-01
3.00494665e-01
5.33897334e-01
-1.68643909e-01
0.00000000e+00
6.51879947e-01
-2.00823814e-01
-7.06545417e-01
1.17554219e-01
4.04603015e-01
4.75263360e-01
3.58258304e-01
-7.78218080e-01
-3.53680899e-01
2.58024934e-01
-5.81789696e-01
0.00000000e+00
0.00000000e+00
0.00000000e+00
2.84844737e-01
-1.19504525e+00
1.00994517e-01
5.64962205e-01
-5.24274729e-01
1.45751923e-01
2.66278601e-01
2.40573094e-01
-2.72551334e-01
0.00000000e+00
1.43058967e-01
-2.05978328e-01
-3.88808749e-01
1.45297434e-01
3.06825380e-01
2.36917931e-01
1.48058968e-01
-7.95006926e-01
-2.86929630e-02
2.45004828e-01
-7.61374659e-01
0.00000000e+00
0.00000000e+00
0.00000000e+00
9.79034712e-02
-7.98235674e-01
-8.46737786e-02
2.02448392e-01
-4.82298017e-01
2.15577347e-01
4.67274493e-01
-1.35757959e-01
-3.87631007e-02
0.00000000e+00
7.75487180e-01
-2.45670424e-01
-6.28268782e-01
2.55535889e-01
-2.53973132e-01
2.76229227e-01
2.01963749e-01
-5.38802346e-01
-1.67199914e-01
1.19848720e-01
-1.88725417e-01
0.00000000e+00
0.00000000e+00
0.00000000e+00
6.60365887e-02
-2.63383869e-01
2.64163580e-02
8.00447442e-02
-3.74416672e-01
8.11847979e-02
1.91731268e-02
2.41006909e-01
8.60611661e-02
0.00000000e+00
-5.99734134e-02
3.43776773e-02
-4.40983569e-01
1.19914439e-01
4.81585556e-01
7.82145865e-02
5.43975177e-02
-4.31091919e-01
-5.22022145e-03
1.79307806e-02
136
1.27979642e-01
1.19686490e-01
1.75630525e-03
2.31219052e-01
-2.28462759e-03
1.41498353e-01
-5.17803365e-03
-3.64424253e-01
-9.67777043e-04
0.00000000e+00
0.00000000e+00
2.65385194e-01
3.33592658e-01
4.78483297e-01
-3.60144732e-01
-3.27392769e-01
-2.61944006e-01
0.00000000e+00
0.00000000e+00
0.00000000e+00
-1.03589116e-01
4.50443408e-02
2.82678635e-02
1.45651614e-02
2.63231966e-02
-1.38368956e-03
1.10668202e-01
1.16084492e-02
-4.21389140e-02
-1.80752212e-01
1.92909861e-01
0.00000000e+00
3.82130374e-01
-5.01458220e-01
3.15526894e-01
0.00000000e+00
1.94000270e-01
-2.50433656e-01
2.62773597e-01
0.00000000e+00
-3.75494901e-01
-3.32757149e-01
4.49058454e-01
0.00000000e+00
0.00000000e+00
0.00000000e+00
-1.40471896e-01
-1.11031410e+00
5.66462401e-01
-2.33960898e-01
-8.17357181e-01
0.00000000e+00
1.73112074e-01
-1.09272710e-01
3.44146833e-01
-5.12465903e-01
0.00000000e+00
1.91009769e-01
-2.07121335e-02
1.74868060e-01
-3.42347657e-01
-9.34172985e-02
1.39201845e-01
-1.03286817e-01
1.86820434e-01
-1.28918259e-01
3.73442724e-02
7.49624862e-02
-1.62646537e-01
1.07401252e-01
-1.47674037e-01
6.33286520e-02
1.93512763e-01
-3.41295510e-01
1.31294892e-01
-2.06012991e-01
5.31124134e-02
1.54890004e-01
-2.54529901e-01
1.32092469e-01
6.53222104e-03
0.00000000e+00
0.00000000e+00
0.00000000e+00
0.00000000e+00
0.00000000e+00
-2.31326052e-01
-7.50731729e-01
-9.02790697e-01
0.00000000e+00
0.00000000e+00
0.00000000e+00
7.43324711e-01
-2.40189279e+00
2.86692544e-01
5.38873176e-01
-1.48064003e+00
5.31029691e-01
5.39546894e-01
1.03742842e+00
-4.70515082e-01
0.00000000e+00
7.81331235e-01
-5.95440802e-01
-1.26510219e+00
2.61642793e-01
1.02416923e+00
9.61064526e-01
6.35983918e-01
-1.85704068e+00
-5.69455735e-01
3.96209470e-01
-1.23008652e+00
0.00000000e+00
0.00000000e+00
0.00000000e+00
3.59141820e-01
-2.19704938e+00
1.07844517e-01
6.78011120e-01
-1.19957408e+00
8.06584950e-01
8.45951305e-01
1.83784532e-01
-4.45456958e-01
0.00000000e+00
9.68067223e-01
-5.71795971e-01
-1.06217665e+00
5.50180194e-01
-9.18607708e-02
4.25876421e-01
3.99172288e-01
-1.33483199e+00
-1.29426475e-01
4.77471386e-01
10 1
-9.6033e-01 4.5619e-01
8 1
0 1 2 7 5 3 17 4 
217
1.56986620e-02
-1.16556396e-01
8.74389326e-02
-6.59019434e-02
-1.22440150e-01
-2.20369565e-02
-7.05597826e-02
2.56334643e-01
1.98812769e-01
-8.12004166e-02
1.18530814e-01
-2.97178553e-03
-1.08644988e-01
-5.57507475e-02
0.00000000e+00
0.00000000e+00
0.00000000e+00
2.27045352e-03
2.40208736e-03
3.72316520e-02
-9.17313784e-02
8.27323016e-04
1.79339047e-01
1.05159587e-01
-4.74467924e-04
1.25882283e-01
0.00000000e+00
0.00000000e+00
-5.76948468e-02
1.36436629e-01
4.71504528e-01
-4.77195125e-01
-1.18928814e-02
-4.54596419e-02
0.00000000e+00
0.00000000e+00
0.00000000e+00
-3.03730627e-02
-4.70004194e-02
-1.20032568e-01
-6.07465147e-02
-9.92978552e-02
1.20328675e-01
2.52826569e-01
0.00000000e+00
6.26970717e-02
-3.27991204e-01
3.54135782e-02
0.00000000e+00
8.00001338e-02
-2.93874438e-01
2.62489253e-01
0.00000000e+00
-2.74231858e-01
5.83677644e-02
1.48622436e-01
0.00000000e+00
-5.38983513e-01
1.93447233e-01
6.09752283e-01
1.30505094e-01
-1.77497342e-01
6.26970717e-02
3.29486680e-01
-6.99547404e-01
-1.12208361e+00
3.29867904e-01
1.19131176e+00
5.58914813e-02
4.31552656e-01
0.00000000e+00
-6.70528245e-01
-6.60520187e-01
5.67031236e-01
-9.00419496e-01
1.19195671e-01
-2.28314832e-01
0.00000000e+00
-2.97132290e-01
-2.78167618e-01
2.84422039e-01
-4.85015578e-01
2.84089133e-02
-1.63543756e-01
0.00000000e+00
-1.81271766e-01
-1.32468843e-01
2.38075351e-01
-5.91513674e-01
-4.11049227e-02
-3.20153297e-01
1.80508890e-01
-7.39600709e-02
-1.13869196e-01
-3.28031984e-02
-2.61926147e-01
-5.80469589e-02
-1.95193445e-01
1.83724661e-01
-1.01873062e-01
-2.32439423e-01
-8.05993764e-02
-5.37351853e-01
1.44464394e-02
-4.04070045e-03
2.01470908e-01
-7.97882107e-02
9.79858904e-02
-9.75421364e-02
-1.99890387e-01
-8.44189927e-03
-3.26257687e-02
-1.47856926e-02
-1.52496200e-02
-1.42891510e-01
5.70858778e-02
2.22943047e-01
-1.13519032e-02
-4.53692334e-03
-3.86119457e-01
-8.19261974e-01
-7.60301057e-01
0.00000000e+00
0.00000000e+00
0.00000000e+00
3.66449709e-01
-7.65310000e-01
2.82651289e-02
8.02754983e-02
-5.17319791e-01
1.06699747e-01
7.43025847e-02
3.02038142e-01
-3.58825384e-01
0.00000000e+00
3.52493097e-01
-3.82465606e-01
-6.53310218e-01
2.18408092e-02
2.88094718e-01
3.96833015e-01
5.23195364e-01
-5.21544781e-01
-2.56900439e-01
1.54887350e-01
-1.30087951e-01
0.00000000e+00
0.00000000e+00
0.00000000e+00
2.54066626e-01
-1.12702159e+00
1.63546600e-01
2.49158045e-01
-5.30005940e-01
2.53411302e-01
2.88546669e-01
3.02634843e-01
-1.86076890e-01
0.00000000e+00
3.78879760e-01
-4.01807594e-01
-4.08134937e-01
1.41591206e-01
2.51267832e-01
3.51083965e-01
2.19373936e-01
-5.36648819e-01
-7.77623281e-02
2.83809367e-01
-8.16217235e-01
0.00000000e+00
0.00000000e+00
0.00000000e+00
-3.15354870e-02
-6.09521088e-01
-8.91524268e-02
1.05253084e-01
-3.38229337e-01
2.15132020e-01
7.71936621e-02
-1.52893023e-02
-1.44934285e-01
0.00000000e+00
3.98894008e-01
-2.09642974e-01
-4.62960204e-01
1.96091863e-01
-3.49386540e-02
2.89385864e-01
4.38167394e-02
-3.55603196e-01
-4.65869890e-03
1.54481175e-01
-2.01572904e-01
0.00000000e+00
0.00000000e+00
0.00000000e+00
1.83608997e-01
-9.25491886e-01
7.93723755e-02
2.38149845e-01
-3.88761380e-01
2.04781547e-01
2.61119446e-01
1.49233503e-01
-1.50223056e-01
0.00000000e+00
2.47145127e-01
-2.39588473e-01
-2.96117338e-01
2.50286467e-01
1.49730163e-01
1.15009166e-01
2.04585817e-01
-4.14128522e-01
-2.19226191e-02
1.51637918e-01
136
9.38096186e-02
0.00000000e+00
0.00000000e+00
3.13261450e-03
2.15311590e-03
1.64592301e-02
3.53338182e-04
7.42177740e-02
-1.42122877e-04
0.00000000e+00
0.00000000e+00
-1.05816678e-01
-1.40130800e-02
2.65239036e-01
-1.85313852e-01
4.45190805e-02
8.91951113e-02
0.00000000e+00
0.00000000e+00
6.17816390e-03
-5.15453767e-02
9.19854244e-03
2.83301974e-03
-8.18671241e-03
3.03942671e-03
3.46058199e-03
1.28831973e-01
8.55633395e-03
-1.06071892e-01
-1.64106687e-01
1.34407554e-01
0.00000000e+00
3.34843252e-01
-3.86667519e-01
3.09560091e-01
0.00000000e+00
1.77710797e-01
-1.68270827e-01
2.36403891e-01
0.00000000e+00
-3.26079669e-01
-2.83774819e-01
3.27365763e-01
0.00000000e+00
0.00000000e+00
0.00000000e+00
-4.19260345e-02
-9.52404134e-01
5.86958670e-01
-1.92342244e-01
-8.40288405e-01
0.00000000e+00
8.88921726e-02
-1.25997947e-01
3.24305171e-01
-5.41418252e-01
0.00000000e+00
1.18624481e-01
-1.32284576e-02
1.40319165e-01
-3.51670477e-01
-2.88333982e-01
2.67932345e-02
-1.24932766e-01
1.57949465e-01
-1.03307671e-01
2.68843128e-02
5.32313234e-02
-1.41759791e-01
9.03970690e-02
-1.35454588e-01
4.13570123e-02
1.48350358e-01
-3.38281706e-01
1.21027736e-01
-1.85528219e-01
3.19205654e-02
1.22457120e-01
-2.34371044e-01
1.06255863e-01
1.07090241e-02
3.19922119e-02
-6.36564001e-03
2.23295485e-01
-3.68952594e-02
-3.52133896e-01
-2.19680955e-01
-6.73159219e-01
-8.87558058e-01
0.00000000e+00
0.00000000e+00
0.00000000e+00
7.30326263e-01
-2.28393104e+00
2.75883823e-01
5.54655467e-01
-1.48408248e+00
5.20198545e-01
5.33194135e-01
1.02340659e+00
-4.55352904e-01
0.00000000e+00
7.68559802e-01
-5.66067854e-01
-1.22764027e+00
2.82072320e-01
1.01084523e+00
9.26058054e-01
5.79978028e-01
-1.88510235e+00
-5.62167253e-01
3.71607830e-01
-1.17359820e+00
0.00000000e+00
0.00000000e+00
0.00000000e+00
3.36984770e-01
-1.96572393e+00
8.94858473e-02
6.57928220e-01
-1.20669827e+00
7.98151436e-01
8.56547723e-01
1.43603214e-01
-3.79689369e-01
0.00000000e+00
9.47947839e-01
-5.36420773e-01
-1.08638467e+00
5.43444089e-01
-1.20053241e-01
3.94470906e-01
3.70568513e-01
-1.35614783e+00
-1.11833952e-01
4.50221277e-01
9 1
-1.0544e+00 4.7050e-01
8 1
0 1 2 7 5 3 17 4 
217
8.41547831e-02
-1.63147913e-01
1.91037974e-02
-3.11016203e-02
-1.30855083e-01
1.24572213e-01
6.44787141e-02
1.65291679e-01
1.67598329e-01
-8.29579365e-02
-2.52374227e-02
-3.13555569e-02
8.17024553e-03
-1.16924308e-01
0.00000000e+00
0.00000000e+00
0.00000000e+00
1.01398240e-03
3.99505722e-03
1.28427250e-02
-1.56657051e-01
2.87118634e-03
2.25449963e-01
2.39797851e-01
-6.09872461e-04
1.76977489e-01
0.00000000e+00
0.00000000e+00
2.45943097e-02
1.38440520e-01
5.02887869e-01
-4.84931178e-01
1.30767117e-02
-1.09913449e-01
0.00000000e+00
0.00000000e+00
0.00000000e+00
-5.46834881e-02
-5.35231685e-02
-1.21722853e-01
-7.80628851e-02
-3.43032492e-02
8.80381784e-02
3.39128071e-01
0.00000000e+00
1.88023711e-02
-4.19931863e-01
-5.80840210e-03
0.00000000e+00
3.94397876e-02
-1.38097936e-01
3.56719353e-01
0.00000000e+00
8.99938730e-02
-8.74439998e-02
2.05629321e-01
0.00000000e+00
-7.86276701e-01
1.81678962e-01
6.30165839e-01
1.92418078e-01
-1.26349844e-01
1.88023711e-02
3.20346691e-01
-7.84857349e-01
-1.03710802e+00
3.54931405e-01
1.14092954e+00
1.93734036e-01
5.12833232e-01
0.00000000e+00
-6.38756491e-01
-7.65151618e-01
5.78390011e-01
-9.09510746e-01
1.44521263e-01
-2.29842851e-01
0.00000000e+00
-1.99474521e-01
-2.93958379e-01
2.76614133e-01
-5.55900779e-01
7.01517149e-03
-1.17050613e-01
0.00000000e+00
-1.49592511e-01
-1.10611742e-01
2.48336703e-01
-4.43372712e-01
-1.45894087e-02
-1.77788682e-01
1.14801125e-01
-8.17173615e-02
-6.29594853e-02
-2.36037723e-02
-2.38141537e-01
7.46747919e-02
-2.35263167e-02
1.27662849e-01
-1.30038253e-02
-1.78917432e-01
-5.26448307e-02
-5.37538544e-01
2.21405899e-02
-5.93516040e-02
1.25069802e-01
-9.69131756e-03
3.46474597e-02
-3.68303998e-02
-2.30684120e-01
5.60669883e-03
-7.07318516e-02
1.02390488e-02
-1.46485124e-01
-3.10169225e-01
1.47569031e-01
1.71490435e-01
7.28318278e-02
2.19095086e-02
-4.01856837e-01
-9.16509292e-01
-7.80891055e-01
0.00000000e+00
0.00000000e+00
0.00000000e+00
4.29368096e-01
-8.48414147e-01
-2.76954324e-01
4.90385542e-02
-5.76062838e-01
1.65387637e-02
1.55253339e-01
5.42764988e-01
-3.89409917e-01
0.00000000e+00
2.36513415e-01
-3.86850894e-01
-8.37983877e-01
-5.21642560e-02
4.17783491e-01
7.85560126e-01
7.38002877e-01
-6.50160587e-01
-3.14831512e-01
1.81117648e-01
-1.21884218e-01
0.00000000e+00
0.00000000e+00
0.00000000e+00
2.37603293e-01
-1.14797211e+00
2.10250854e-01
2.46847476e-01
-5.45771562e-01
2.78405731e-01
2.92867785e-01
2.28221388e-01
-1.66907587e-01
0.00000000e+00
4.12514611e-01
-2.75785589e-01
-3.29148576e-01
1.17364462e-01
2.14427580e-01
2.46177780e-01
1.75394209e-01
-5.26299812e-01
-5.53577366e-02
2.65283589e-01
-8.75714862e-01
0.00000000e+00
0.00000000e+00
0.00000000e+00
3.19318554e-02
-7.20167679e-01
-3.46267267e-02
2.58217985e-01
-3.89782170e-01
2.35391413e-01
2.93734939e-01
3.54760042e-02
-2.36040651e-01
0.00000000e+00
4.00310167e-01
-2.51789366e-01
-5.24652810e-01
7.72818844e-02
-3.23599420e-02
3.24869984e-01
5.08739559e-02
-4.73638270e-01
-3.11201575e-02
1.10374723e-01
-2.18092153e-01
0.00000000e+00
0.00000000e+00
0.00000000e+00
1.77324025e-01
-1.05488591e+00
5.98595430e-02
2.03159385e-01
-3.02304064e-01
1.89461907e-01
2.12460931e-01
1.49723892e-01
-1.06161219e-01
0.00000000e+00
2.38309045e-01
-2.08436804e-01
-2.88715113e-01
2.54605534e-01
1.47293365e-01
1.37040480e-01
2.20593169e-01
-4.11343632e-01
-9.09879809e-03
1.73022107e-01
136
1.17461907e-01
0.00000000e+00
0.00000000e+00
5.56657724e-03
1.39505983e-03
4.06358609e-02
3.71230758e-04
7.12594689e-02
-1.04930362e-04
0.00000000e+00
0.00000000e+00
-9.68710170e-02
-4.48815791e-03
2.78309882e-01
-2.00577638e-01
5.13350112e-02
8.97538275e-02
0.00000000e+00
0.00000000e+00
1.00666106e-02
-7.44255956e-02
5.40156062e-03
1.23702108e-02
1.20431188e-04
1.84542349e-02
1.29300807e-02
1.32544374e-01
1.33318910e-02
-9.94917567e-02
-1.85578826e-01
2.26656244e-01
0.00000000e+00
3.51211292e-01
-4.74431956e-01
3.34618868e-01
0.00000000e+00
1.57390628e-01
-2.55043751e-01
2.95140486e-01
0.00000000e+00
-2.88072075e-01
-3.60246932e-01
4.02502139e-01
0.00000000e+00
0.00000000e+00
0.00000000e+00
-1.40908166e-01
-1.12158575e+00
5.37788916e-01
-2.46510594e-01
-8.54758188e-01
0.00000000e+00
1.33845636e-01
-1.14761662e-01
3.23067042e-01
-5.39136640e-01
0.00000000e+00
1.51939911e-01
1.41656180e-02
1.47805956e-01
-3.52772451e-01
-2.94173876e-01
7.00803127e-02
-1.25011524e-01
1.73419835e-01
-1.32948894e-01
3.25437283e-02
7.07532442e-02
-1.43208983e-01
9.36399516e-02
-1.20819201e-01
4.68934145e-02
1.89079300e-01
-3.34338209e-01
1.23569837e-01
-1.82448648e-01
5.12922400e-02
1.37990757e-01
-2.28891132e-01
1.07404844e-01
1.66763156e-02
3.59272313e-02
6.24217406e-03
2.17592735e-01
-3.53517169e-02
-3.01641650e-01
-2.30710870e-01
-6.70997986e-01
-9.04945382e-01
0.00000000e+00
0.00000000e+00
0.00000000e+00
7.45211714e-01
-2.44544315e+00
2.99512701e-01
5.64619890e-01
-1.47146583e+00
5.34834266e-01
5.33036864e-01
1.03946194e+00
-4.45646285e-01
0.00000000e+00
7.73747783e-01
-5.65207984e-01
-1.21851739e+00
2.82784747e-01
1.02300564e+00
9.23007182e-01
5.74886587e-01
-1.87970673e+00
-5.61319781e-01
3.88252457e-01
-1.18345044e+00
0.00000000e+00
0.00000000e+00
0.00000000e+00
3.47975371e-01
-2.12932598e+00
9.16819541e-02
6.65696393e-01
-1.24595693e+00
8.04947842e-01
8.58889652e-01
1.54469874e-01
-3.54598304e-01
0.00000000e+00
9.61952503e-01
-5.25258768e-01
-1.06769689e+00
5.64379682e-01
-9.13057551e-02
4.10382394e-01
3.76262960e-01
-1.34942245e+00
-1.09683158e-01
4.53159165e-01
8 1
-1.0668e+00 4.8222e-01
8 1
0 1 2 7 5 3 17 4 
217
4.05258270e-01
-4.05034849e-02
-3.76259470e-01
-1.10714729e-01
8.08850380e-02
1.71283155e-01
2.31718645e-01
-2.35833583e-01
4.03922639e-02
-1.08868701e-01
6.37426428e-02
-1.63225416e-01
-1.14803203e-02
9.83008000e-02
0.00000000e+00
0.00000000e+00
0.00000000e+00
5.02488908e-03
9.58360753e-03
-3.80291417e-03
4.58231605e-02
2.61210742e-03
1.50976247e-01
3.54410220e-01
-3.14167237e-04
7.22927420e-02
0.00000000e+00
0.00000000e+00
1.79832040e-01
1.54875827e-01
1.56627479e-01
-6.51806663e-02
1.08591974e-02
-3.17556067e-02
0.00000000e+00
0.00000000e+00
0.00000000e+00
-8.89664835e-02
-7.03110589e-02
-1.60675594e-02
2.78607933e-02
4.18007620e-02
7.71896092e-02
4.33752207e-01
0.00000000e+00
1.64174647e-02
-4.29460586e-01
8.23507163e-02
0.00000000e+00
1.01134287e-01
-2.76296257e-01
4.66239860e-01
0.00000000e+00
-5.38012321e-02
-1.02026946e-02
3.32153580e-01
0.00000000e+00
-5.22368940e-01
1.57376605e-01
5.41715467e-01
2.51973815e-01
1.36866990e-01
1.64174647e-02
2.80514382e-01
-8.39097315e-01
-9.06369574e-01
5.53021867e-01
7.10400908e-01
4.10819335e-01
8.71591303e-01
0.00000000e+00
-4.58618421e-01
-9.46707401e-01
5.73990771e-01
-3.53548119e-01
2.89885920e-01
6.59045046e-03
0.00000000e+00
-6.25427514e-02
-3.64410769e-01
3.17809262e-01
-2.56108658e-01
1.49991759e-01
4.98129130e-02
0.00000000e+00
-3.96145156e-02
-4.31409302e-02
2.73788716e-01
-3.72187219e-01
1.71084069e-01
-1.15877130e-01
8.19141586e-02
-5.20561759e-02
-4.41461177e-02
1.50637091e-01
-3.12524874e-01
2.24763196e-01
1.09586505e-01
5.97570334e-02
1.34785545e-01
-1.57778737e-01
8.95701935e-02
-7.07370403e-01
1.21145498e-01
-6.93545747e-02
1.55415564e-01
-1.01630000e-02
4.09764924e-02
1.69023140e-01
-5.24651933e-01
9.09825651e-02
9.71564316e-02
1.08512922e-01
-1.13313099e-02
-5.20150118e-01
2.59262886e-01
2.27885118e-01
4.88137715e-02
-4.68453318e-02
-4.27371460e-01
-8.68057696e-01
-8.81780848e-01
0.00000000e+00
0.00000000e+00
0.00000000e+00
4.32638241e-01
-8.24680369e-01
-5.65369406e-01
-2.67250207e-01
-7.17656556e-01
7.66574212e-02
2.15431262e-01
3.08159069e-01
3.18846074e-01
0.00000000e+00
1.02955329e+00
-7.16194434e-01
-1.00990647e+00
2.10322622e-01
7.11670117e-01
1.50641345e-01
-1.47680156e-01
-6.03891707e-01
-2.84256723e-01
8.01185732e-01
-2.16088898e-02
0.00000000e+00
0.00000000e+00
0.00000000e+00
2.06988248e-01
-1.08527736e+00
3.11444383e-01
2.97362985e-01
-4.66432248e-01
1.50877696e-01
1.57263556e-01
2.47383218e-01
-6.00936012e-02
0.00000000e+00
1.22453662e-02
-3.66682439e-02
-6.29684057e-02
1.50377497e-01
-2.55813886e-02
3.23454617e-01
3.42982837e-01
-4.29309469e-01
1.35202645e-02
-6.91788384e-02
-1.00922092e+00
0.00000000e+00
0.00000000e+00
0.00000000e+00
1.19879906e-01
-7.68280428e-01
-2.12666376e-01
2.02428214e-01
-5.18208974e-01
3.53809738e-01
4.32248876e-01
1.47737782e-01
-1.88965964e-01
0.00000000e+00
5.02294074e-01
-3.02864044e-01
-7.40651047e-01
2.38062835e-01
2.47910887e-01
2.74711954e-01
-1.29468061e-01
-5.80472394e-01
-1.43456199e-01
5.67283060e-02
-8.42989010e-02
0.00000000e+00
0.00000000e+00
0.00000000e+00
1.20859585e-01
-1.02591785e+00
1.66905490e-01
2.13637947e-01
-3.75558254e-01
1.67729167e-01
1.64950411e-01
9.87152884e-02
-7.08580640e-02
0.00000000e+00
2.36774669e-01
-4.70667499e-02
-1.37204609e-01
2.06285644e-01
1.34127856e-01
2.70762541e-02
1.72412668e-01
-3.48225984e-01
6.31717014e-02
1.47885933e-01
136
1.08801551e-01
0.00000000e+00
0.00000000e+00
-1.36878286e-03
3.41029784e-03
9.09222015e-03
9.62717210e-04
1.01078114e-01
-2.69930373e-04
0.00000000e+00
0.00000000e+00
-1.38059099e-01
9.96775884e-03
3.48062381e-01
-2.62054142e-01
5.82214355e-02
9.26632169e-02
0.00000000e+00
0.00000000e+00
0.00000000e+00
-7.46886760e-02
1.20905015e-02
8.20092099e-03
8.23503297e-04
-1.20000984e-02
2.30636639e-02
1.43589475e-01
1.13638235e-02
-9.54980326e-02
-2.05737128e-01
2.37722240e-01
0.00000000e+00
3.82275469e-01
-4.87250929e-01
3.53927113e-01
0.00000000e+00
1.97738260e-01
-2.66308947e-01
2.84405320e-01
0.00000000e+00
-3.56516104e-01
-3.94743964e-01
4.47629175e-01
0.00000000e+00
0.00000000e+00
0.00000000e+00
-1.86052848e-01
-1.15682904e+00
5.29487790e-01
-2.63452967e-01
-8.21056825e-01
0.00000000e+00
1.39158672e-01
-1.38459301e-01
3.38201756e-01
-5.19652680e-01
0.00000000e+00
1.63682330e-01
3.60806806e-03
1.56739667e-01
-3.39015165e-01
-2.68962844e-01
1.04900604e-01
-9.15603774e-02
1.71151269e-01
-1.27858661e-01
3.25838364e-02
6.94777799e-02
-1.43549672e-01
9.31864720e-02
-1.40231925e-01
5.97068498e-02
1.67754648e-01
-3.07504563e-01
1.16269639e-01
-1.92641283e-01
3.93199611e-02
1.52596374e-01
-2.10949627e-01
1.01768256e-01
1.56263272e-03
6.21922646e-03
1.49360821e-02
2.23173726e-01
-3.70493386e-02
-2.92541835e-01
-2.10078504e-01
-6.38678330e-01
-9.15853238e-01
0.00000000e+00
0.00000000e+00
0.00000000e+00
7.50951097e-01
-2.45262364e+00
3.07824541e-01
5.92707683e-01
-1.45865972e+00
5.58375561e-01
5.53419585e-01
1.05670750e+00
-5.69370623e-01
0.00000000e+00
7.45324605e-01
-5.61505736e-01
-1.26228776e+00
2.48164147e-01
1.03802880e+00
9.76763591e-01
6.51216032e-01
-1.88535083e+00
-5.91641094e-01
3.86103025e-01
-1.19555482e+00
0.00000000e+00
0.00000000e+00
0.00000000e+00
3.54761610e-01
-2.12725039e+00
9.37651664e-02
6.67358963e-01
-1.19186863e+00
7.90569404e-01
8.32381225e-01
1.84078384e-01
-3.81056143e-01
0.00000000e+00
9.36851025e-01
-5.47212449e-01
-1.07855230e+00
5.46520958e-01
-1.23031587e-01
4.23456134e-01
4.08431776e-01
-1.33733049e+00
-1.07822592e-01
4.60395106e-01
20 1
-1.1063e+00 4.8906e-01
8 1
0 1 2 7 5 3 17 4 
217
-2.11925206e-02
-1.74311701e-01
1.23978218e-01
-3.14042709e-02
-8.76373686e-02
-2.87559130e-02
-9.03165781e-02
1.43534543e-01
2.42326270e-02
5.70603960e-02
4.84891451e-02
-3.56953214e-02
8.40396539e-02
-7.08645660e-02
0.00000000e+00
0.00000000e+00
0.00000000e+00
1.52792973e-03
-3.13934476e-03
5.46234812e-02
2.18641973e-02
2.02734656e-04
1.91096560e-01
-4.45846476e-02
-3.57141247e-04
2.59333824e-01
0.00000000e+00
0.00000000e+00
-1.68021455e-01
6.19019705e-02
4.26393741e-01
-3.13601235e-01
2.18581282e-02
-4.97236700e-02
0.00000000e+00
0.00000000e+00
0.00000000e+00
-1.86438033e-02
-1.34906311e-01
-1.44130096e-01
-7.13431001e-02
-3.93013616e-02
1.35163959e-01
2.52473516e-01
0.00000000e+00
-8.71664073e-02
-3.85023518e-01
1.16462138e-01
0.00000000e+00
1.15721995e-01
-2.76259110e-01
2.86504264e-01
0.00000000e+00
-2.41354841e-01
-6.24726914e-03
2.74894719e-01
0.00000000e+00
-5.33815566e-01
1.34401769e-01
5.75440335e-01
1.50801275e-01
-8.41296659e-02
-8.73588054e-02
2.03225572e-01
-7.31104730e-01
-1.08896734e+00
3.57641529e-01
1.06750300e+00
1.49045108e-01
4.35182471e-01
0.00000000e+00
-7.41365848e-01
-7.58224846e-01
5.70110079e-01
-8.28761305e-01
1.50063249e-01
-1.19462818e-01
0.00000000e+00
-3.23186207e-01
-4.10979258e-01
3.07771368e-01
-2.73582329e-01
-5.77768102e-03
-8.43978061e-02
0.00000000e+00
-2.30458361e-01
-1.93307149e-01
2.32569047e-01
-5.76376673e-01
-2.33032069e-02
-2.68161798e-01
1.32033727e-01
-1.99466317e-01
-9.73979885e-02
3.57969038e-02
-2.62840728e-01
1.04431661e-02
1.79305755e-02
1.46368028e-01
6.75507534e-02
-2.94726614e-01
-1.47141382e-01
-4.56425170e-01
-8.79699204e-02
-1.46309205e-01
1.23380867e-01
-9.58778455e-02
4.17475220e-03
1.75144016e-02
-2.97947660e-01
-6.62099438e-02
5.44270378e-03
2.73268319e-02
-4.80121193e-02
-4.05920858e-01
7.60723688e-02
1.66457965e-01
-7.65796020e-02
-7.92965106e-02
-2.49883383e-01
-6.28678793e-01
-7.41737743e-01
0.00000000e+00
0.00000000e+00
0.00000000e+00
2.88195261e-01
-7.94459529e-01
9.43971272e-02
7.75528502e-02
-6.05338274e-01
3.41766850e-01
4.85812967e-02
4.00307949e-01
-3.98787741e-01
0.00000000e+00
4.17930319e-01
-4.12569455e-01
-7.61547283e-01
4.06646506e-02
5.02961154e-01
5.31597437e-01
3.72943593e-01
-6.23835421e-01
-3.86444858e-01
1.24346331e-01
-1.10528160e-01
0.00000000e+00
0.00000000e+00
0.00000000e+00
2.72824827e-01
-1.10198768e+00
2.36047791e-01
2.66187522e-01
-4.42702636e-01
2.13012065e-01
2.58450146e-01
3.02082436e-01
-1.08453698e-01
0.00000000e+00
3.14925576e-01
-3.29054595e-01
-3.64686738e-01
6.51561873e-02
1.54166905e-01
2.46568876e-01
2.60483266e-01
-5.10943176e-01
-7.72405406e-02
2.34635309e-01
-7.75968743e-01
0.00000000e+00
0.00000000e+00
0.00000000e+00
5.54868165e-02
-6.11880849e-01
1.02225344e-02
7.14450552e-02
-3.80249007e-01
2.76128319e-01
2.66771377e-01
4.30793130e-02
-1.73359986e-01
0.00000000e+00
5.77791895e-01
-2.96529861e-01
-5.77568587e-01
1.26958918e-01
-9.81148319e-02
2.18464300e-01
1.59352480e-01
-3.95401228e-01
-7.92407319e-02
3.06753292e-02
-1.67959077e-01
0.00000000e+00
0.00000000e+00
0.00000000e+00
1.55207998e-01
-8.96073299e-01
7.49835580e-02
2.58495440e-01
-3.29524244e-01
1.94565644e-01
2.17606891e-01
1.37645640e-01
-5.76386078e-02
0.00000000e+00
1.54812141e-01
-1.77144646e-01
-2.61812440e-01
2.09789745e-01
7.18200241e-02
1.46142868e-01
1.74067537e-01
-3.73865762e-01
1.64119206e-02
1.16550514e-01
136
1.37829625e-01
0.00000000e+00
0.00000000e+00
4.94546373e-03
2.67962081e-03
3.04149803e-02
7.31077582e-04
1.02469180e-01
-1.91847939e-04
0.00000000e+00
0.00000000e+00
-8.30335584e-02
2.00376643e-02
2.88809092e-01
-2.33233307e-01
5.96510912e-02
8.55986428e-02
0.00000000e+00
0.00000000e+00
7.79892621e-03
-8.23312496e-02
2.78429214e-02
2.08677740e-02
5.35778851e-04
-1.02135243e-02
1.70519482e-02
1.56277050e-01
1.08612664e-02
-9.67668749e-02
-1.96945415e-01
2.04316440e-01
0.00000000e+00
3.43313402e-01
-4.52900217e-01
3.54973284e-01
0.00000000e+00
2.29058008e-01
-2.59291368e-01
2.82795121e-01
0.00000000e+00
-3.51248497e-01
-3.54043181e-01
4.22370947e-01
0.00000000e+00
0.00000000e+00
0.00000000e+00
-1.48471310e-01
-1.10251089e+00
5.36864538e-01
-2.51222312e-01
-7.71496169e-01
0.00000000e+00
1.36554015e-01
-1.15566566e-01
3.22837564e-01
-5.50798150e-01
0.00000000e+00
1.73818234e-01
-8.60325344e-03
1.57715422e-01
-3.46657884e-01
-3.17325399e-01
7.47503105e-02
-9.48362028e-02
1.57061046e-01
-9.46975846e-02
3.54947877e-02
5.65682939e-02
-1.49608064e-01
9.60038665e-02
-1.32438001e-01
4.76808289e-02
1.77334590e-01
-3.10266448e-01
1.22817513e-01
-1.71162623e-01
5.97152369e-02
1.26556436e-01
-2.05465383e-01
9.51047246e-02
1.69865260e-02
3.32691460e-02
1.14488639e-02
2.34069327e-01
-3.62247153e-02
-2.85524750e-01
-2.27361735e-01
-6.64687534e-01
-9.30538752e-01
0.00000000e+00
0.00000000e+00
0.00000000e+00
7.16575328e-01
-2.42630269e+00
2.56640080e-01
5.53686567e-01
-1.47387494e+00
5.33070698e-01
5.60286978e-01
9.96247038e-01
-4.44638072e-01
0.00000000e+00
7.43140679e-01
-5.59665852e-01
-1.21894620e+00
2.93620304e-01
9.97699623e-01
9.40859163e-01
6.02816603e-01
-1.86464324e+00
-5.35432003e-01
3.98321187e-01
-1.20122704e+00
0.00000000e+00
0.00000000e+00
0.00000000e+00
3.47148567e-01
-2.14339857e+00
9.40914165e-02
6.70298449e-01
-1.23209801e+00
7.90584858e-01
8.45508716e-01
1.82917176e-01
-3.59025071e-01
0.00000000e+00
9.25709836e-01
-5.59700116e-01
-1.08075172e+00
5.47012302e-01
-4.74097116e-02
4.15712443e-01
4.00163602e-01
-1.36170420e+00
-1.13322538e-01
4.77035528e-01
