0 6 -999999999 -1 -1
1 2 0 -1 -1
0.3523 -1.449
356
4.74416373e-01
4.74416373e-01
0.00000000e+00
-1.86447062e-01
1.88378452e-01
-2.58601907e-01
5.51278387e-01
0.00000000e+00
0.00000000e+00
2.15093817e-01
-2.80185247e-01
0.00000000e+00
0.00000000e+00
-1.60566520e-01
-7.64638142e-03
-1.82341600e-02
0.00000000e+00
0.00000000e+00
0.00000000e+00
0.00000000e+00
0.00000000e+00
0.00000000e+00
0.00000000e+00
0.00000000e+00
0.00000000e+00
0.00000000e+00
0.00000000e+00
0.00000000e+00
0.00000000e+00
0.00000000e+00
0.00000000e+00
0.00000000e+00
0.00000000e+00
0.00000000e+00
0.00000000e+00
0.00000000e+00
0.00000000e+00
0.00000000e+00
0.00000000e+00
0.00000000e+00
0.00000000e+00
0.00000000e+00
0.00000000e+00
0.00000000e+00
0.00000000e+00
0.00000000e+00
0.00000000e+00
0.00000000e+00
0.00000000e+00
0.00000000e+00
0.00000000e+00
-5.27185679e-01
-6.72548951e-01
5.63872215e-01
0.00000000e+00
0.00000000e+00
0.00000000e+00
0.00000000e+00
-3.02091403e-01
1.02768042e+00
6.60517634e-01
1.46899013e-01
8.02307817e-01
-5.66542392e-01
1.64720596e-01
-8.41119103e-01
-8.51038270e-01
2.80872200e-01
6.07696957e-01
-3.89583194e-02
2.00648809e-01
-4.58096761e-01
-5.29143690e-03
-1.14280103e-01
3.58112998e-01
-2.34720060e-02
-5.61786581e-01
0.00000000e+00
0.00000000e+00
0.00000000e+00
0.00000000e+00
0.00000000e+00
0.00000000e+00
0.00000000e+00
0.00000000e+00
0.00000000e+00
-6.82512372e-02
2.29167871e-01
3.63823791e-01
0.00000000e+00
-2.58564316e-01
-2.46209034e-01
-4.87290276e-01
-3.64182277e-01
-8.34508272e-01
-5.56789303e-01
2.61489301e-01
-6.41643312e-02
1.79695689e-01
6.49922406e-02
0.00000000e+00
0.00000000e+00
0.00000000e+00
0.00000000e+00
2.62232023e+00
3.67376593e+00
0.00000000e+00
0.00000000e+00
0.00000000e+00
0.00000000e+00
0.00000000e+00
0.00000000e+00
2.72725296e-01
4.62057150e-01
2.98865748e-01
-2.32122015e-01
-8.46893452e-01
-2.10253658e+00
-1.47779162e+00
1.19292178e+00
1.18249327e+00
-8.79691230e-01
-7.42149634e-02
-8.12317569e-01
5.62023748e-01
1.47328485e-01
2.29025122e-01
-7.95721949e-01
0.00000000e+00
0.00000000e+00
6.76044582e+00
6.84898646e+00
6.66809069e+00
6.60091528e+00
6.86819582e+00
6.43848251e+00
-4.77139304e-01
-6.99168643e-01
-5.62319339e-01
-1.97790513e-01
-1.85835017e-01
-1.40180601e+00
4.03000793e-01
-3.41818768e-01
-6.66551301e-01
-6.41502964e-01
2.38733555e-01
-9.69382019e-02
0.00000000e+00
0.00000000e+00
0.00000000e+00
0.00000000e+00
-8.68600325e-01
3.08095624e+00
0.00000000e+00
0.00000000e+00
1.34301670e+00
6.95440187e-02
0.00000000e+00
-2.34787198e+00
-6.80036029e-01
3.05059712e-02
-1.46742173e+00
-8.81983548e-01
-2.14745775e+00
0.00000000e+00
0.00000000e+00
0.00000000e+00
6.88050770e-01
3.34928248e-02
-8.26962572e-02
-3.52233675e-01
-7.56106476e-01
4.71465077e-01
3.26154696e-02
3.56269593e-01
-6.06485690e-01
0.00000000e+00
1.09546992e+00
3.64972958e-02
-7.92912331e-01
2.14366401e-01
-1.28499366e+00
4.15990553e-02
1.70689686e-01
-1.58253942e+00
-2.33264857e-01
4.03258521e-01
1.88233739e-01
0.00000000e+00
0.00000000e+00
0.00000000e+00
-1.63034549e-01
4.09216122e-02
-1.25515136e-01
6.84678179e-02
7.43740968e-02
6.78423206e-02
-7.06264498e-02
-2.43205672e-01
4.89877179e-01
0.00000000e+00
-2.73748927e-01
1.34036228e-01
1.00563740e-01
6.25171465e-02
-2.73509602e-02
-2.97911319e-02
-1.30600476e-01
2.38254671e-01
9.14554576e-02
-1.16203229e-01
-1.25678093e+00
-4.30631040e-01
0.00000000e+00
2.61167426e-01
3.68658538e-01
2.97886536e-01
9.62078279e-03
-7.38138359e-01
-4.04311155e-01
0.00000000e+00
0.00000000e+00
0.00000000e+00
1.37121990e-01
8.26632089e-02
-2.22363411e-01
4.47403161e-01
-2.91007607e-01
3.26245717e-01
3.73499511e-01
-6.44949759e-01
-1.61368246e-01
0.00000000e+00
4.78014863e-01
6.65091645e-01
1.34508672e-01
-6.89237170e-03
-1.02769175e+00
-4.72439869e-01
-2.33833649e-01
-3.44371739e-01
-1.30911670e-01
4.86970151e-01
-8.26149893e-01
0.00000000e+00
2.83878887e-01
4.36071922e-01
-8.90676821e-01
-2.49404989e-01
0.00000000e+00
-1.43359724e-01
5.39628372e-01
7.44882280e-01
1.29903827e-01
-1.12419110e+00
-6.41271832e-01
0.00000000e+00
0.00000000e+00
-1.01976674e-01
-8.51477577e-01
0.00000000e+00
0.00000000e+00
0.00000000e+00
-1.21368464e+00
1.75923733e+00
-8.02107960e-01
-6.01377396e-01
7.69951945e-01
-5.76745102e-02
-5.38948337e-01
4.25282085e-02
-2.70933066e-01
0.00000000e+00
-6.72870222e-01
2.34387605e+00
2.56394346e-02
-1.14397832e-01
-4.30083175e-01
-3.25370326e-01
-1.03313341e+00
6.79672663e-01
5.00784642e-01
-9.12586972e-01
3.88573463e-01
0.00000000e+00
0.00000000e+00
0.00000000e+00
2.02666696e-01
0.00000000e+00
4.05868570e-01
4.43107516e-01
0.00000000e+00
0.00000000e+00
0.00000000e+00
-4.99041646e-01
0.00000000e+00
0.00000000e+00
4.84667888e-01
0.00000000e+00
0.00000000e+00
0.00000000e+00
-7.30609895e-01
-3.38490873e-01
3.67816739e-01
0.00000000e+00
0.00000000e+00
3.41144921e-01
-9.12510983e-01
-5.65810212e-01
5.16725057e-02
-6.17482718e-01
0.00000000e+00
-1.58217999e-02
-1.78527526e-01
-3.71460886e-01
-3.68421118e-01
0.00000000e+00
0.00000000e+00
0.00000000e+00
-9.90238812e-02
0.00000000e+00
3.27213341e-01
-9.83757508e-01
0.00000000e+00
0.00000000e+00
0.00000000e+00
7.44387029e-01
0.00000000e+00
0.00000000e+00
-4.93390592e-01
0.00000000e+00
0.00000000e+00
0.00000000e+00
1.00573692e+00
6.36907809e-01
-2.46224220e-01
0.00000000e+00
0.00000000e+00
-1.57538538e-01
-3.46700771e-01
8.70338857e-01
0.00000000e+00
0.00000000e+00
6.10334063e-02
0.00000000e+00
0.00000000e+00
0.00000000e+00
0.00000000e+00
0.00000000e+00
0.00000000e+00
0.00000000e+00
-5.35282777e-01
-5.35282777e-01
0.00000000e+00
0.00000000e+00
247
-1.93015009e+00
-1.93015009e+00
0.00000000e+00
-8.64626045e-01
-1.06552404e+00
-2.01397281e-01
0.00000000e+00
0.00000000e+00
0.00000000e+00
0.00000000e+00
2.69454905e-01
-3.99624488e-01
0.00000000e+00
0.00000000e+00
0.00000000e+00
0.00000000e+00
0.00000000e+00
0.00000000e+00
0.00000000e+00
0.00000000e+00
0.00000000e+00
0.00000000e+00
0.00000000e+00
0.00000000e+00
0.00000000e+00
0.00000000e+00
0.00000000e+00
0.00000000e+00
0.00000000e+00
0.00000000e+00
0.00000000e+00
0.00000000e+00
0.00000000e+00
0.00000000e+00
0.00000000e+00
0.00000000e+00
0.00000000e+00
0.00000000e+00
0.00000000e+00
0.00000000e+00
0.00000000e+00
3.68392628e-01
-1.31780918e-02
-3.83061795e-01
6.90620210e-03
0.00000000e+00
0.00000000e+00
0.00000000e+00
0.00000000e+00
0.00000000e+00
0.00000000e+00
0.00000000e+00
0.00000000e+00
0.00000000e+00
0.00000000e+00
1.26914372e+00
1.90890502e+00
2.49513462e+00
0.00000000e+00
4.12448205e+00
4.83082877e+00
0.00000000e+00
0.00000000e+00
0.00000000e+00
0.00000000e+00
0.00000000e+00
0.00000000e+00
-3.12866456e-01
-2.80100147e-01
-5.16974578e-01
-7.23747695e-01
-1.53270658e+00
-2.68823668e+00
-4.27761028e-01
4.62764172e-01
-1.43068439e+00
-1.68111307e+00
0.00000000e+00
-1.26974363e+00
9.65142968e-01
7.25612901e-02
2.32764622e-01
-1.03723014e+00
0.00000000e+00
0.00000000e+00
1.00366711e+01
1.04872671e+01
1.03014581e+01
1.00493497e+01
1.03517420e+01
1.06998327e+01
-1.01260775e+00
-9.84327331e-01
-6.25822587e-01
-4.55285713e-01
-6.34606113e-01
-1.53031707e+00
0.00000000e+00
1.18092488e-01
0.00000000e+00
0.00000000e+00
0.00000000e+00
-2.33710146e-01
0.00000000e+00
-2.59420961e+00
3.05698152e+00
0.00000000e+00
6.64059528e-01
-3.01174359e-01
0.00000000e+00
-3.93765963e+00
-1.26369697e+00
-1.50136736e+00
-2.05617524e+00
-7.67143988e-01
-2.76506433e+00
0.00000000e+00
0.00000000e+00
0.00000000e+00
2.51134340e-01
-4.95422125e-01
3.09514540e-01
-1.20195755e-01
-6.16489370e-01
4.67496041e-01
-3.21848150e-01
7.89865121e-01
-8.52509110e-01
0.00000000e+00
8.31245448e-01
1.94247766e-01
-8.70534522e-01
5.63486120e-01
-1.05582245e+00
2.31970817e-01
2.10572219e-01
-1.86765115e+00
-5.78441358e-02
-3.56279974e-01
-2.07358800e+00
-1.40374317e+00
0.00000000e+00
1.81853513e+00
1.52360432e+00
3.80333452e-01
0.00000000e+00
0.00000000e+00
0.00000000e+00
-7.84604713e-02
1.30731484e-01
-2.77247825e-02
-3.27816961e-01
1.48151152e-01
1.91576690e-03
-1.10106204e-01
3.81141438e-01
-6.62282118e-02
0.00000000e+00
-1.66739442e-01
-3.65896768e-01
-4.42512963e-02
1.20454230e-01
5.85731828e-01
9.99047204e-02
-8.43804420e-02
3.40462347e-01
9.43023932e-02
-2.50857329e-01
-6.69844834e-01
0.00000000e+00
5.96195788e-01
5.10255307e-01
-6.91476326e-01
1.40046201e-01
0.00000000e+00
2.57984235e-01
7.64269776e-01
-8.31522527e-01
0.00000000e+00
0.00000000e+00
5.80977065e-01
-2.82331923e+00
0.00000000e+00
0.00000000e+00
0.00000000e+00
-3.33894292e-01
2.47640393e+00
0.00000000e+00
1.24196226e+00
0.00000000e+00
1.22925952e+00
2.03539422e+00
1.05241305e+00
2.17235643e+00
0.00000000e+00
1.74300760e-01
2.08025239e+00
1.87725367e+00
3.03172354e+00
1.97580440e-01
7.75984175e-01
4.61823461e-01
0.00000000e+00
1.71696323e+00
7.89806943e-01
-7.64434331e-01
8.13535175e-01
4.03068112e-01
0.00000000e+00
0.00000000e+00
2.90090738e-01
0.00000000e+00
0.00000000e+00
0.00000000e+00
5.74191622e-02
0.00000000e+00
0.00000000e+00
0.00000000e+00
0.00000000e+00
0.00000000e+00
0.00000000e+00
-5.10123615e-01
0.00000000e+00
0.00000000e+00
0.00000000e+00
0.00000000e+00
0.00000000e+00
0.00000000e+00
0.00000000e+00
-1.64133413e-01
0.00000000e+00
0.00000000e+00
0.00000000e+00
-1.18838504e-02
-1.57796951e+00
1.19745773e+00
0.00000000e+00
0.00000000e+00
-2.05888490e+00
0.00000000e+00
0.00000000e+00
0.00000000e+00
0.00000000e+00
8.10825518e-01
8.10825518e-01
0.00000000e+00
0.00000000e+00
1 -999999999 0 0 -1
1 0 1 1 -1
8.7761e-02 -5.4940e-01
356
2.89534191e-01
0.00000000e+00
0.00000000e+00
0.00000000e+00
0.00000000e+00
0.00000000e+00
0.00000000e+00
0.00000000e+00
0.00000000e+00
0.00000000e+00
0.00000000e+00
0.00000000e+00
0.00000000e+00
0.00000000e+00
0.00000000e+00
0.00000000e+00
-8.43744309e-02
3.73908622e-01
8.02400373e-01
-3.12005228e-01
-3.61539054e-01
3.25349304e-01
0.00000000e+00
0.00000000e+00
-6.41211397e-02
5.21452800e-02
-6.68742972e-01
1.87730790e-01
8.44098035e-01
7.35262802e-01
-7.76960463e-01
-8.43744309e-02
3.73908622e-01
-8.86774804e-01
-3.12005228e-01
4.38141871e-01
4.10333818e-01
5.74415669e-01
2.28718563e-01
2.27984704e-01
8.74142036e-01
0.00000000e+00
0.00000000e+00
0.00000000e+00
0.00000000e+00
0.00000000e+00
0.00000000e+00
0.00000000e+00
0.00000000e+00
0.00000000e+00
0.00000000e+00
-3.31017598e-01
-5.35860228e-01
-9.01473640e-01
0.00000000e+00
0.00000000e+00
0.00000000e+00
0.00000000e+00
-8.63886344e-01
1.20385285e+00
4.15447581e-01
3.64305365e-01
7.44986600e-01
-3.30374127e-01
3.66827400e-01
-7.99972083e-01
-3.73841046e-01
-8.05572561e-01
-6.56969448e-01
2.14358159e-03
7.38046072e-01
5.28170121e-01
-2.61377699e-03
1.40461294e-01
6.74093896e-01
-9.79460430e-04
-3.90888167e-02
-2.55760378e-01
7.45694495e-05
3.03359696e-01
0.00000000e+00
0.00000000e+00
0.00000000e+00
0.00000000e+00
0.00000000e+00
0.00000000e+00
-1.89681983e-01
-3.47943286e-01
6.72853765e-02
8.01364214e-01
-2.17887368e-01
-3.39102783e-02
-1.36716196e-01
-4.80432650e-01
-1.65466136e+00
-9.16999064e-01
2.54274608e-01
2.02035969e-02
-1.50804012e-01
-7.81047209e-02
-2.60603876e-01
3.29628796e-01
0.00000000e+00
0.00000000e+00
1.63776108e+00
1.39290126e+00
0.00000000e+00
0.00000000e+00
0.00000000e+00
0.00000000e+00
0.00000000e+00
0.00000000e+00
2.13025536e-01
5.47581350e-01
4.45264115e-01
2.63132658e-02
-6.94501288e-01
-1.88590986e+00
7.08911025e-01
9.59767917e-01
2.26220344e-01
1.72461087e-01
-7.24067432e-01
-1.73410656e+00
5.29566339e-01
1.63842744e-01
-6.23511691e-01
-7.64472236e-01
0.00000000e+00
0.00000000e+00
3.88793269e+00
4.28267891e+00
4.12416157e+00
4.02532923e+00
4.27499254e+00
4.03400575e+00
5.85559543e-01
1.30271398e-01
2.54116609e-03
5.82915600e-02
3.74067703e-01
-1.12662338e+00
3.60863070e-01
6.77169463e-01
1.66096795e-01
-1.12105752e-01
2.24797611e-01
3.60300917e-01
0.00000000e+00
0.00000000e+00
0.00000000e+00
0.00000000e+00
-3.90813622e-01
2.28559466e+00
0.00000000e+00
0.00000000e+00
6.80347813e-01
-3.26960579e-02
0.00000000e+00
0.00000000e+00
-3.61114156e-01
-3.85063730e-01
-9.87112730e-01
-6.01400302e-01
-1.34822689e+00
0.00000000e+00
0.00000000e+00
0.00000000e+00
5.95216989e-01
4.11240465e-01
-2.96763061e-01
-1.22641285e-01
-4.55131097e-01
1.25777420e-01
-1.36065748e-01
5.71207851e-02
3.14161277e-01
0.00000000e+00
1.04337605e+00
-4.43936523e-01
-7.80692035e-01
5.23837450e-01
-1.22163439e+00
1.44721119e-01
2.91719367e-01
-1.21755305e+00
-2.24656999e-01
4.36763828e-02
1.06752058e-01
0.00000000e+00
0.00000000e+00
0.00000000e+00
-1.15845444e-02
1.09425592e-01
-4.72278391e-03
-2.35577058e-01
-9.14264757e-02
1.23333440e-01
-8.99022034e-02
5.12145857e-02
8.71083226e-02
0.00000000e+00
-1.38683929e-01
3.20703460e-01
-9.64569444e-02
-9.18455516e-02
-7.78748540e-02
4.47541877e-02
-3.83512804e-02
1.66386036e-01
7.57448759e-02
4.50718316e-03
-6.22937338e-01
-1.59816812e-01
0.00000000e+00
-1.05431503e-01
9.83228423e-02
6.12346670e-02
-1.54365007e-02
-2.05614978e-01
-2.00628826e-02
0.00000000e+00
0.00000000e+00
0.00000000e+00
2.49094091e-01
1.94902397e-01
-8.75011134e-02
4.39619105e-01
-3.07330755e-01
1.97463552e-01
3.67110551e-01
-5.63923411e-01
2.34521011e-01
0.00000000e+00
5.02328706e-01
-7.79117607e-02
1.17258155e-02
1.26567502e-01
-9.38802343e-01
-4.89458823e-01
-7.96978804e-03
-1.86775044e-01
-1.11205506e-01
4.27482931e-01
-4.63120525e-01
0.00000000e+00
-6.40926506e-01
-1.37700056e-01
-7.25289549e-01
-2.01297344e-01
0.00000000e+00
0.00000000e+00
4.37828160e-01
2.69527772e-01
8.44642451e-02
-5.55289361e-01
-5.23992205e-01
0.00000000e+00
0.00000000e+00
1.82581502e-01
-9.86464031e-01
0.00000000e+00
0.00000000e+00
0.00000000e+00
-9.70471018e-01
5.45729047e-01
-4.28524647e-01
1.37655046e-01
6.59921073e-01
-6.26461625e-01
-6.36357639e-01
2.22059469e-01
3.84952279e-01
0.00000000e+00
-1.30735767e+00
1.28791004e+00
-8.35651242e-01
1.01873011e+00
-3.49562486e-02
1.06165984e-01
5.20205585e-01
-4.80437319e-01
7.61078226e-02
-6.25683081e-01
3.68187791e-02
0.00000000e+00
0.00000000e+00
0.00000000e+00
2.36762245e-01
0.00000000e+00
4.16341873e-01
-8.84830359e-02
0.00000000e+00
6.49241856e-01
3.19165796e-01
-4.09533770e-01
-8.28241570e-01
0.00000000e+00
4.56165171e-01
1.66444432e-01
-4.19894148e-02
3.56987022e-01
-1.54448297e+00
-2.58443436e-01
2.46834619e-02
0.00000000e+00
0.00000000e+00
3.65643695e-01
-1.62581477e-01
-4.01289389e-02
-3.94861168e-01
2.04563488e-02
4.24128980e-01
1.72461904e-01
2.14893607e-02
-2.34080203e-01
-5.26624423e-01
0.00000000e+00
0.00000000e+00
0.00000000e+00
-4.25108893e-01
0.00000000e+00
-1.68068774e-01
-8.44855319e-01
0.00000000e+00
-2.19798624e-04
-6.56308823e-01
7.34239803e-01
-2.79408651e-01
0.00000000e+00
-5.19730796e-01
-1.77800652e-02
-1.11186878e-01
1.35394525e-01
1.95908232e+00
4.24863298e-01
-2.29417965e-01
0.00000000e+00
0.00000000e+00
-6.94338147e-01
-1.22452538e-01
-7.97127663e-01
-2.76678934e-01
-2.38703853e-01
-8.23882554e-01
-3.44934791e-01
0.00000000e+00
0.00000000e+00
0.00000000e+00
0.00000000e+00
0.00000000e+00
0.00000000e+00
-4.78947763e-01
-1.16376817e+00
8.02683466e-02
5.67452208e-01
247
-7.92042294e-01
0.00000000e+00
0.00000000e+00
0.00000000e+00
0.00000000e+00
0.00000000e+00
0.00000000e+00
0.00000000e+00
0.00000000e+00
1.97153035e-01
0.00000000e+00
0.00000000e+00
0.00000000e+00
0.00000000e+00
-4.61145090e-01
0.00000000e+00
-4.13794778e-01
-4.73503118e-02
0.00000000e+00
-2.42763403e-01
0.00000000e+00
0.00000000e+00
0.00000000e+00
3.40880359e-01
-2.78782599e-01
-4.65773558e-01
-9.98427725e-02
-4.61145090e-01
0.00000000e+00
-4.13794778e-01
-4.73503118e-02
0.00000000e+00
9.61919290e-01
2.70439901e-01
0.00000000e+00
0.00000000e+00
0.00000000e+00
0.00000000e+00
0.00000000e+00
0.00000000e+00
0.00000000e+00
8.42449401e-01
-2.05610541e-02
-1.20586160e-01
-5.08198401e-03
-5.68057610e-01
-1.81546577e-03
-9.45847925e-01
-2.20702766e-04
0.00000000e+00
0.00000000e+00
0.00000000e+00
0.00000000e+00
0.00000000e+00
0.00000000e+00
0.00000000e+00
-3.29148700e-01
-2.40203298e-01
0.00000000e+00
5.04735572e-02
6.40494235e-01
0.00000000e+00
0.00000000e+00
0.00000000e+00
0.00000000e+00
0.00000000e+00
0.00000000e+00
6.64687473e-01
8.88541564e-01
4.75023104e-01
-7.27358748e-02
-7.56084778e-01
-2.04194734e+00
1.03999802e+00
9.33410626e-01
0.00000000e+00
-8.29423627e-01
-7.68998144e-01
-1.10632043e+00
6.06292988e-01
4.54337240e-01
4.64062791e-01
0.00000000e+00
0.00000000e+00
0.00000000e+00
1.19385024e+00
1.66056488e+00
1.46457802e+00
1.58917236e+00
1.45265360e+00
9.06011542e-01
-5.47859023e-01
8.84085809e-02
3.30045492e-01
6.89441084e-01
4.18870278e-01
-8.33835260e-01
0.00000000e+00
7.67711045e-01
-2.59960859e-01
0.00000000e+00
0.00000000e+00
-9.71026856e-01
0.00000000e+00
-1.20920721e+00
2.38435986e+00
0.00000000e+00
4.17164920e-01
-2.84147600e-03
0.00000000e+00
0.00000000e+00
-2.01397375e-01
-6.41118476e-01
-8.87528031e-01
-2.76522037e-02
-8.42515851e-01
0.00000000e+00
0.00000000e+00
0.00000000e+00
2.53335813e-01
-3.08740918e-01
1.95766112e-01
-1.88897074e-01
2.16177310e-01
1.70114382e-01
-3.50337237e-01
8.55818101e-01
-9.85563547e-01
0.00000000e+00
7.65419234e-01
3.05899442e-01
-3.89712112e-01
5.34821637e-01
-4.22266252e-01
4.40848168e-01
3.54954956e-01
-1.52326180e+00
-1.13831635e-01
-6.53060434e-01
-3.25325835e-01
-5.53225715e-02
0.00000000e+00
-4.22510747e-02
-2.11462353e-02
-5.62810466e-02
0.00000000e+00
0.00000000e+00
0.00000000e+00
-1.91960601e-01
8.52793964e-02
8.19257110e-02
-2.77929983e-01
-2.56645781e-01
-6.40787936e-02
-1.86610976e-01
2.66719258e-01
-5.40942397e-01
0.00000000e+00
-9.51000162e-02
7.04032627e-02
-8.42878971e-02
8.70378107e-02
7.20033517e-01
-3.29221582e-02
-5.83295710e-02
4.39833924e-01
1.24167540e-01
-1.42873293e-01
-2.70003263e-01
0.00000000e+00
1.55934044e-03
-8.90564608e-03
-5.17190017e-01
-1.46074804e-01
0.00000000e+00
3.27397636e-01
3.76119769e-01
-3.71115213e-01
0.00000000e+00
0.00000000e+00
3.43319354e-01
-9.15180234e-01
0.00000000e+00
0.00000000e+00
0.00000000e+00
7.37483396e-02
2.68621897e-01
-7.95358280e-02
2.54260572e-01
0.00000000e+00
9.27162721e-01
-6.84538476e-01
4.40673564e-01
5.65294425e-01
0.00000000e+00
2.84359618e-01
1.16009521e+00
0.00000000e+00
-1.59383390e-01
-7.72726979e-01
1.13683607e-01
-2.53977030e-01
0.00000000e+00
-6.57059409e-02
-9.31961157e-01
-3.63673749e-01
-3.80568865e-01
2.23887305e-03
4.82293140e-01
8.29879805e-01
1.26457178e-01
0.00000000e+00
0.00000000e+00
0.00000000e+00
9.48701450e-02
0.00000000e+00
-1.29911807e-01
-2.25066005e-01
0.00000000e+00
0.00000000e+00
5.75717709e-01
-4.72498055e-01
0.00000000e+00
0.00000000e+00
3.53139435e-01
0.00000000e+00
0.00000000e+00
0.00000000e+00
-7.85998133e-01
-1.92218790e-01
-1.96059899e-02
0.00000000e+00
0.00000000e+00
8.24330479e-01
1.68951163e-02
-2.11401372e-01
-2.30207917e-01
-4.29879347e-02
-5.51506486e-01
0.00000000e+00
0.00000000e+00
0.00000000e+00
0.00000000e+00
-4.45473199e-02
-9.13135006e-01
0.00000000e+00
0.00000000e+00
6 2
2.6224e-02 -4.2026e-01
2 -1
0 1 
217
4.23049945e-01
2.57179280e-01
-8.33065017e-02
2.31321471e-01
1.32300184e-01
1.34515112e-01
2.89377934e-01
-1.92884929e-01
-3.82684675e-02
-1.09581391e-01
-1.68746324e-01
2.69957273e-01
2.08386618e-01
1.00313623e-01
0.00000000e+00
0.00000000e+00
0.00000000e+00
0.00000000e+00
0.00000000e+00
0.00000000e+00
-2.91192171e-02
8.86280516e-03
2.31317755e-01
3.53881455e-01
5.18135958e-03
4.44530622e-01
0.00000000e+00
0.00000000e+00
0.00000000e+00
0.00000000e+00
0.00000000e+00
0.00000000e+00
0.00000000e+00
-3.70527591e-01
-6.98259317e-03
6.13985733e-01
0.00000000e+00
1.08569296e-01
5.01316389e-01
0.00000000e+00
0.00000000e+00
0.00000000e+00
0.00000000e+00
0.00000000e+00
0.00000000e+00
1.25584956e-01
-1.70156598e-02
5.01316389e-01
0.00000000e+00
0.00000000e+00
0.00000000e+00
0.00000000e+00
0.00000000e+00
0.00000000e+00
0.00000000e+00
0.00000000e+00
0.00000000e+00
0.00000000e+00
0.00000000e+00
0.00000000e+00
5.01316389e-01
-1.70156598e-02
1.25584956e-01
8.05937760e-01
-1.00978916e+00
-9.33129255e-01
3.37069475e-01
1.94620542e-01
2.89831870e-01
4.71754177e-01
0.00000000e+00
1.19771980e-02
-8.31358098e-02
5.93978391e-01
8.36997105e-02
-1.09677662e-01
1.67778833e-01
0.00000000e+00
0.00000000e+00
0.00000000e+00
0.00000000e+00
0.00000000e+00
0.00000000e+00
0.00000000e+00
0.00000000e+00
0.00000000e+00
0.00000000e+00
0.00000000e+00
0.00000000e+00
0.00000000e+00
0.00000000e+00
0.00000000e+00
0.00000000e+00
0.00000000e+00
0.00000000e+00
0.00000000e+00
0.00000000e+00
0.00000000e+00
0.00000000e+00
0.00000000e+00
0.00000000e+00
0.00000000e+00
0.00000000e+00
0.00000000e+00
0.00000000e+00
0.00000000e+00
0.00000000e+00
0.00000000e+00
0.00000000e+00
0.00000000e+00
0.00000000e+00
0.00000000e+00
0.00000000e+00
0.00000000e+00
0.00000000e+00
0.00000000e+00
0.00000000e+00
0.00000000e+00
0.00000000e+00
-1.18736143e+00
-3.43355089e+00
-1.40759233e+00
0.00000000e+00
0.00000000e+00
0.00000000e+00
2.99303089e-01
-1.84520059e+00
6.75334136e-02
-6.12688589e-03
-7.87790977e-01
1.08308060e-01
-1.01724009e-01
4.85871324e-01
-3.82309958e-02
0.00000000e+00
3.62970582e-01
-3.03403301e-01
-8.10342645e-01
5.98464875e-01
1.82979118e+00
8.66996509e-01
4.60983392e-01
-1.05849352e+00
-1.02668797e+00
-5.09813859e-01
5.09556011e-02
0.00000000e+00
0.00000000e+00
0.00000000e+00
1.68115096e-01
4.21278614e-01
-8.45990904e-02
-2.07048212e-02
-2.87796662e-01
5.58075383e-02
4.32016291e-02
-2.09886840e-02
1.83848014e-01
0.00000000e+00
1.44941863e-01
1.35361415e-01
-1.76306432e-01
-5.44574233e-02
-4.57040545e-01
-1.42876870e-01
-5.78415052e-02
-2.54945729e-01
1.41908741e-01
3.14050453e-01
-3.04730109e+00
0.00000000e+00
0.00000000e+00
0.00000000e+00
-1.29077175e-01
1.78868496e+00
-8.99311860e-02
-3.17569553e-01
-1.19827184e-01
-3.08394921e-01
-9.20627508e-01
9.95033433e-02
1.73586847e-01
0.00000000e+00
-8.32464080e-01
2.07258335e+00
-7.73887291e-01
-5.69140203e-01
-1.02518627e+00
-7.52789470e-01
-1.59052606e-01
-6.77967094e-01
-2.90547862e-01
-2.15197192e-01
1.11327113e-01
0.00000000e+00
0.00000000e+00
0.00000000e+00
-3.18474700e-02
-1.75629432e-01
-4.54418421e-02
9.13023428e-02
1.39600864e-01
-7.72362994e-03
-1.04157178e-02
-2.20919721e-02
-5.30312379e-01
0.00000000e+00
6.96924541e-02
2.45264175e-01
-8.00898824e-02
6.95982057e-01
-1.54771046e-01
2.15607517e-01
2.49160334e-02
-7.26989690e-01
4.71638999e-01
-5.73642676e-02
136
9.39763414e-01
0.00000000e+00
0.00000000e+00
-5.91231089e-02
6.14487482e-04
4.17246540e-01
1.15661228e-03
5.81639983e-01
8.14339031e-03
0.00000000e+00
0.00000000e+00
0.00000000e+00
0.00000000e+00
0.00000000e+00
0.00000000e+00
1.43136553e+00
1.13967139e+00
6.04696021e-01
-2.19360108e+00
-6.60158190e-02
2.99958619e-01
7.05820614e-01
0.00000000e+00
0.00000000e+00
0.00000000e+00
0.00000000e+00
0.00000000e+00
-6.60158190e-02
2.96760682e-01
3.19793737e-03
7.05820614e-01
0.00000000e+00
0.00000000e+00
0.00000000e+00
0.00000000e+00
0.00000000e+00
0.00000000e+00
0.00000000e+00
0.00000000e+00
0.00000000e+00
0.00000000e+00
0.00000000e+00
0.00000000e+00
0.00000000e+00
0.00000000e+00
0.00000000e+00
2.30627311e-01
-2.93445193e-01
6.16055145e-01
-1.18387329e-01
-1.24136755e+00
0.00000000e+00
6.55102853e-02
5.66597080e-01
1.23806670e-01
-1.22958743e+00
0.00000000e+00
0.00000000e+00
0.00000000e+00
0.00000000e+00
7.05820614e-01
3.19793737e-03
2.96760682e-01
0.00000000e+00
0.00000000e+00
0.00000000e+00
0.00000000e+00
0.00000000e+00
0.00000000e+00
0.00000000e+00
0.00000000e+00
0.00000000e+00
0.00000000e+00
0.00000000e+00
0.00000000e+00
0.00000000e+00
0.00000000e+00
0.00000000e+00
0.00000000e+00
0.00000000e+00
0.00000000e+00
0.00000000e+00
0.00000000e+00
0.00000000e+00
0.00000000e+00
0.00000000e+00
-1.26836828e+00
-3.11795502e+00
-1.39444131e+00
0.00000000e+00
0.00000000e+00
0.00000000e+00
6.75388820e-01
-2.55103792e+00
4.17900853e-01
-1.91788938e-01
-1.47588927e+00
3.39581690e-01
8.37905571e-02
1.57654862e+00
-7.79029027e-01
0.00000000e+00
7.11397126e-01
-1.97977494e-01
-1.12419610e+00
5.80581499e-01
1.31873959e+00
1.12040557e+00
6.20320052e-01
-2.08341328e+00
-5.07318054e-01
7.15543972e-02
-4.50096171e+00
0.00000000e+00
0.00000000e+00
0.00000000e+00
7.67239285e-01
2.62876583e+00
1.16457660e-01
-5.88434469e-01
-1.53883454e+00
-8.27907029e-01
-1.56897282e+00
1.02722809e+00
3.65395760e-01
0.00000000e+00
-3.18040058e-01
3.94004507e+00
-1.98772522e+00
-7.16450553e-01
-1.07910404e+00
1.98626856e-01
-3.10137966e-02
-3.30170232e+00
-1.36152245e+00
-2.25012966e-01
19 2
-1.5345e-01 -3.0957e-01
3 6
0 1 6 
217
1.03612898e+00
1.91120525e-01
-5.16224295e-01
-4.55618884e-02
8.34349311e-01
1.91125720e-01
1.83318496e-01
-6.84838574e-02
4.65210659e-02
6.28767684e-02
3.72275930e-02
6.52999591e-02
-6.52874845e-02
2.67557735e-01
0.00000000e+00
0.00000000e+00
0.00000000e+00
0.00000000e+00
0.00000000e+00
0.00000000e+00
6.92531567e-02
1.26676290e-02
2.74086492e-01
9.68875940e-01
4.15671687e-03
3.76256070e-01
0.00000000e+00
0.00000000e+00
0.00000000e+00
0.00000000e+00
0.00000000e+00
0.00000000e+00
0.00000000e+00
2.69534472e-02
2.93747620e-01
9.37640928e-01
0.00000000e+00
-1.45812829e-01
8.51100436e-01
2.62713258e-01
0.00000000e+00
0.00000000e+00
0.00000000e+00
0.00000000e+00
0.00000000e+00
1.86526157e-01
-3.32030811e-01
6.80381582e-01
0.00000000e+00
-2.31726862e-01
4.02445717e-01
2.62713258e-01
0.00000000e+00
0.00000000e+00
0.00000000e+00
0.00000000e+00
0.00000000e+00
0.00000000e+00
0.00000000e+00
0.00000000e+00
7.11367977e-01
7.01067315e-02
1.86526157e-01
9.47838061e-01
-8.09603213e-01
-4.78769627e-01
4.00101125e-01
2.70633831e-01
4.97793009e-01
5.89050598e-01
0.00000000e+00
2.68328486e-02
-6.48848721e-01
4.93833037e-01
-3.35732929e-02
5.19676709e-01
4.16925866e-01
0.00000000e+00
6.03005043e-01
4.34945507e-02
2.83742062e-01
-7.75408004e-02
1.49381876e-01
6.29292784e-01
0.00000000e+00
0.00000000e+00
0.00000000e+00
0.00000000e+00
0.00000000e+00
0.00000000e+00
0.00000000e+00
0.00000000e+00
0.00000000e+00
0.00000000e+00
0.00000000e+00
0.00000000e+00
0.00000000e+00
0.00000000e+00
0.00000000e+00
0.00000000e+00
0.00000000e+00
0.00000000e+00
0.00000000e+00
0.00000000e+00
0.00000000e+00
0.00000000e+00
0.00000000e+00
0.00000000e+00
0.00000000e+00
0.00000000e+00
0.00000000e+00
0.00000000e+00
0.00000000e+00
0.00000000e+00
0.00000000e+00
0.00000000e+00
0.00000000e+00
0.00000000e+00
0.00000000e+00
-1.49095264e+00
-3.79480309e+00
-1.04780794e+00
0.00000000e+00
0.00000000e+00
0.00000000e+00
1.00145645e+00
-9.81008331e-01
-8.81889951e-02
-5.25022368e-02
-7.51094238e-01
-1.45745948e-02
-5.92371565e-01
1.74885685e-01
7.14986417e-01
0.00000000e+00
6.32941998e-01
4.66545579e-02
-2.36428284e-01
-3.10022878e-01
-1.03771757e-01
3.67954323e-01
5.71118265e-01
-8.90806283e-01
-5.66695156e-01
2.96586837e-02
-1.32666349e-01
0.00000000e+00
0.00000000e+00
0.00000000e+00
-8.62947144e-02
-1.96043500e-02
-5.34523709e-03
-1.19584114e-01
-3.12263471e-01
6.42099587e-02
1.74260005e-01
1.39922597e-01
-1.61826104e-01
0.00000000e+00
1.43995649e-01
-1.13702312e-01
-3.54470556e-01
2.52359804e-01
1.90860000e-01
8.36661906e-02
1.14139785e-02
-2.78852344e-01
-9.52793356e-04
2.59541464e-01
-3.61257752e+00
0.00000000e+00
0.00000000e+00
0.00000000e+00
7.65188499e-01
1.74891376e+00
4.42468836e-01
-7.94200026e-01
0.00000000e+00
3.90170914e-01
-1.38202759e+00
4.75075769e-01
-1.17149559e+00
0.00000000e+00
-1.62451892e+00
2.96788192e+00
-1.20846196e+00
-5.53359439e-02
-2.57611420e-01
3.70618316e-02
7.77512600e-01
0.00000000e+00
5.64700222e-01
2.12934560e-01
-7.50391909e-01
0.00000000e+00
0.00000000e+00
0.00000000e+00
5.12936033e-01
8.03704552e-01
4.91056475e-01
1.20789494e+00
0.00000000e+00
3.29271342e-01
8.78581295e-01
7.39520343e-01
1.05142731e+00
0.00000000e+00
1.28105791e+00
7.85139384e-01
8.74408103e-01
1.49125528e+00
4.81686042e-01
8.42917149e-01
5.36163111e-01
0.00000000e+00
8.97025358e-01
7.42011735e-01
136
9.86140163e-01
0.00000000e+00
0.00000000e+00
-9.05865572e-02
1.46671104e-02
3.98702156e-01
2.15127770e-03
6.78024564e-01
7.51816987e-03
0.00000000e+00
0.00000000e+00
0.00000000e+00
0.00000000e+00
0.00000000e+00
0.00000000e+00
6.99005697e-01
7.53496775e-01
3.63439351e-01
-8.22763006e-01
-1.63643300e-01
1.03185128e-01
7.49928557e-01
2.96669778e-01
0.00000000e+00
0.00000000e+00
0.00000000e+00
0.00000000e+00
-1.63643300e-01
1.17287355e-01
3.42139379e-02
8.04684725e-01
0.00000000e+00
-1.02067834e-01
4.73116657e-02
2.96669778e-01
0.00000000e+00
0.00000000e+00
0.00000000e+00
0.00000000e+00
0.00000000e+00
0.00000000e+00
0.00000000e+00
0.00000000e+00
0.00000000e+00
0.00000000e+00
0.00000000e+00
2.96509423e-01
-4.26943285e-01
5.55142694e-01
-2.51123738e-03
-1.42010695e+00
1.49243046e-01
-3.45982989e-01
4.62402095e-01
-6.68579302e-05
-1.05164842e+00
0.00000000e+00
7.92542719e-01
2.20047161e-01
1.14455624e-02
1.37204283e-01
3.32094384e-02
1.17287355e-01
0.00000000e+00
0.00000000e+00
0.00000000e+00
0.00000000e+00
0.00000000e+00
0.00000000e+00
0.00000000e+00
0.00000000e+00
0.00000000e+00
0.00000000e+00
0.00000000e+00
0.00000000e+00
0.00000000e+00
0.00000000e+00
0.00000000e+00
0.00000000e+00
0.00000000e+00
0.00000000e+00
0.00000000e+00
0.00000000e+00
0.00000000e+00
0.00000000e+00
0.00000000e+00
-1.30197366e+00
-2.90372556e+00
-1.41684052e+00
0.00000000e+00
0.00000000e+00
0.00000000e+00
6.71698600e-01
-2.07075887e+00
3.00105477e-01
-2.00335855e-01
-1.54377479e+00
4.05767660e-01
1.04058526e-02
1.46002981e+00
-5.93180679e-01
0.00000000e+00
7.15013787e-01
-1.27868304e-01
-1.23054036e+00
5.50657587e-01
1.25437246e+00
1.03684490e+00
5.48314608e-01
-2.11662230e+00
-5.72622037e-01
8.56519293e-02
-4.12503884e+00
0.00000000e+00
0.00000000e+00
0.00000000e+00
5.54163531e-01
2.41279004e+00
4.42788029e-02
-4.20115740e-01
-1.39403186e+00
-9.51411057e-01
-1.33503226e+00
8.22053975e-01
6.12017949e-03
0.00000000e+00
-3.58699085e-01
3.72971985e+00
-1.81342578e+00
-1.82305905e-01
-1.06217169e+00
2.33642065e-01
-1.85050767e-02
-3.52216973e+00
-6.03717342e-01
-2.66221754e-01
3 1
-3.9658e-01 -2.6897e-01
4 0
0 1 6 19 
217
3.89931751e-01
-7.09462937e-01
5.16114709e-01
3.12379509e-01
2.80274791e-02
1.68243700e-01
1.02027393e-01
2.27558443e-01
1.15352903e-01
1.17058318e-01
3.30295093e-01
-8.50228109e-01
-1.85771118e-01
-5.69256676e-01
-6.55621196e-03
5.95080970e-03
9.56664034e-02
4.12947192e-01
-4.40454954e-03
1.40890892e-01
0.00000000e+00
0.00000000e+00
0.00000000e+00
0.00000000e+00
0.00000000e+00
0.00000000e+00
0.00000000e+00
0.00000000e+00
0.00000000e+00
0.00000000e+00
0.00000000e+00
0.00000000e+00
4.86414909e-02
2.00368451e-02
3.21456058e-01
0.00000000e+00
0.00000000e+00
2.65362782e-01
2.07748017e-01
2.59499466e-01
2.01416376e-01
0.00000000e+00
0.00000000e+00
0.00000000e+00
0.00000000e+00
1.07262118e-01
1.58100664e-01
3.91129276e-01
0.00000000e+00
1.52591495e-01
2.05988563e-03
4.88803218e-02
0.00000000e+00
-4.75093261e-01
1.37060621e-01
6.06590296e-01
0.00000000e+00
0.00000000e+00
0.00000000e+00
2.01416376e-01
1.09156629e+00
-2.64801765e-01
1.07262118e-01
0.00000000e+00
-8.08896656e-01
-1.35743230e+00
9.48085313e-01
5.41205652e-01
2.50743094e-01
3.37485248e-01
0.00000000e+00
-7.12399371e-01
-8.52802727e-01
8.84985379e-01
-1.65240885e-01
9.82291252e-02
1.26925545e-01
0.00000000e+00
3.80954824e-01
1.70018564e-01
5.88059569e-02
-2.52699935e-01
-4.98290300e-02
-4.01002310e-02
0.00000000e+00
3.15928870e-01
3.67289963e-01
-1.61326082e-01
-1.24699989e-01
2.35328963e-01
-1.05093936e-01
0.00000000e+00
0.00000000e+00
0.00000000e+00
0.00000000e+00
0.00000000e+00
0.00000000e+00
0.00000000e+00
0.00000000e+00
0.00000000e+00
0.00000000e+00
0.00000000e+00
0.00000000e+00
0.00000000e+00
0.00000000e+00
0.00000000e+00
0.00000000e+00
0.00000000e+00
0.00000000e+00
0.00000000e+00
0.00000000e+00
0.00000000e+00
0.00000000e+00
0.00000000e+00
0.00000000e+00
0.00000000e+00
0.00000000e+00
0.00000000e+00
0.00000000e+00
-1.54588956e+00
-3.80945079e+00
-1.54679246e+00
0.00000000e+00
0.00000000e+00
0.00000000e+00
5.83115065e-01
-2.17372746e+00
6.88886266e-01
-4.73303110e-01
-1.78428384e+00
1.30689531e-01
-3.18934826e-01
1.19059413e+00
3.10332409e-01
0.00000000e+00
8.30172811e-01
-8.22267394e-01
-1.23139730e+00
1.37776332e-01
1.51872970e+00
8.94384902e-01
4.30383073e-01
-1.39252681e+00
-3.71186732e-01
3.05770794e-01
-8.72972433e-02
0.00000000e+00
0.00000000e+00
0.00000000e+00
1.29960868e-01
2.69122120e-01
-2.99213257e-01
3.03795777e-01
-2.07215143e-01
9.02662179e-02
2.46387632e-01
-1.21603703e-02
-2.53124014e-01
0.00000000e+00
2.77359985e-02
5.16170139e-01
-1.23033871e-01
2.32991027e-01
-3.58457269e-01
2.59794796e-02
-2.31413826e-02
-6.78733449e-01
-8.02525490e-02
1.05624802e-01
-4.20097429e+00
0.00000000e+00
0.00000000e+00
0.00000000e+00
7.14925407e-01
2.18587601e+00
9.53996188e-01
1.07772203e+00
0.00000000e+00
-3.30213818e+00
-2.40553683e+00
9.16258787e-01
-8.22079227e-01
0.00000000e+00
1.14477593e+00
2.11020294e+00
-8.95349158e-04
7.88793817e-02
-8.98013790e-01
1.64049898e+00
1.57769597e+00
-9.89765314e-01
1.49109695e+00
7.37968389e-01
-7.20668565e-01
0.00000000e+00
0.00000000e+00
0.00000000e+00
7.20121151e-01
8.18432043e-01
4.15175998e-01
2.83893860e-01
0.00000000e+00
2.01540436e+00
1.77628935e+00
7.26635406e-01
1.69096231e+00
0.00000000e+00
3.18547687e-01
1.06917886e+00
-2.20839005e-03
6.96024851e-01
1.05226276e+00
9.29848449e-02
5.39785037e-02
-5.59623778e-01
-2.99606968e-01
6.99597773e-01
136
4.01546695e-01
-6.85053771e-01
1.31569701e-02
2.42594486e-01
1.03927986e-02
0.00000000e+00
0.00000000e+00
0.00000000e+00
0.00000000e+00
0.00000000e+00
0.00000000e+00
0.00000000e+00
0.00000000e+00
0.00000000e+00
0.00000000e+00
-2.55180959e-01
1.19736702e-01
9.11262847e-01
0.00000000e+00
-9.00580491e-01
3.10258288e-02
2.14557984e-01
7.32983277e-01
3.23560096e-01
0.00000000e+00
0.00000000e+00
0.00000000e+00
-9.00580491e-01
6.80781393e-02
-2.76109810e-01
1.13172064e+00
0.00000000e+00
6.03168695e-02
-5.52741915e-01
2.32011429e-01
0.00000000e+00
-3.61651021e-01
-6.30865899e-02
3.88881270e-01
0.00000000e+00
6.27784644e-01
-5.15694066e-01
3.23560096e-01
0.00000000e+00
0.00000000e+00
0.00000000e+00
0.00000000e+00
3.21849205e+00
8.81250297e-01
5.36114145e-01
-9.37793211e-01
0.00000000e+00
-3.28792301e-01
-6.90711226e-03
1.84473285e-01
-1.02553347e+00
0.00000000e+00
2.70299562e-01
-2.97686454e-02
1.36806002e-02
1.39699279e-01
-1.16857488e+00
-2.13216923e-01
-1.57055590e-01
2.50832773e-02
1.32730902e-01
0.00000000e+00
0.00000000e+00
0.00000000e+00
0.00000000e+00
0.00000000e+00
0.00000000e+00
0.00000000e+00
0.00000000e+00
0.00000000e+00
0.00000000e+00
0.00000000e+00
0.00000000e+00
0.00000000e+00
0.00000000e+00
0.00000000e+00
0.00000000e+00
0.00000000e+00
0.00000000e+00
0.00000000e+00
0.00000000e+00
-1.25942760e+00
-2.63902838e+00
-1.44880803e+00
0.00000000e+00
0.00000000e+00
0.00000000e+00
6.74403311e-01
-2.08525899e+00
3.24869944e-01
-3.95047420e-01
-1.54938655e+00
2.12316244e-01
-1.78074440e-01
1.61328723e+00
-4.31973162e-01
0.00000000e+00
7.06614458e-01
-4.93305813e-01
-1.29925006e+00
5.72874099e-01
1.46515024e+00
1.18780592e+00
6.60390573e-01
-1.99220851e+00
-6.30496485e-01
1.88481387e-01
-3.45396905e+00
0.00000000e+00
0.00000000e+00
0.00000000e+00
6.64163438e-01
2.79520977e+00
2.81681427e-01
-3.78522196e-01
-1.08637060e+00
-1.84498831e+00
-1.72149434e+00
8.59361939e-01
-6.52686103e-01
0.00000000e+00
5.57286458e-01
1.98770287e+00
-1.58766113e+00
3.70865100e-02
-1.14989010e+00
2.64949869e-01
-2.07304317e-01
-2.51815823e+00
-2.62504495e-02
2.71914443e-01
14 2
-2.7350e-01 -2.4159e-01
5 6
0 1 6 19 3 
217
1.25261353e+00
4.78554426e-01
-6.74697755e-01
8.88071899e-02
4.87869561e-01
3.38952911e-01
4.93484139e-01
2.70598006e-01
3.57673918e-01
-2.96142060e-01
1.35176203e-01
-4.74162137e-01
-2.21590291e-01
-3.98682549e-01
0.00000000e+00
0.00000000e+00
0.00000000e+00
0.00000000e+00
0.00000000e+00
0.00000000e+00
3.53739104e-01
4.65052429e-03
1.47739220e-01
9.26822171e-01
2.69754836e-03
7.97964897e-02
0.00000000e+00
0.00000000e+00
0.00000000e+00
0.00000000e+00
0.00000000e+00
0.00000000e+00
0.00000000e+00
2.32939726e-01
2.18486452e-01
8.42758228e-01
0.00000000e+00
-6.86132376e-01
1.19682678e-02
2.97708864e-01
3.64691290e-01
7.63761017e-01
0.00000000e+00
0.00000000e+00
0.00000000e+00
-1.02174238e-01
-7.78601998e-01
1.22710752e+00
0.00000000e+00
-3.13988299e-01
-1.51632993e-02
1.16049858e-01
0.00000000e+00
-2.23154963e-01
-1.23909142e+00
1.26031421e+00
0.00000000e+00
3.05632464e-01
6.08517280e-01
-2.86924996e-02
-1.09414351e-01
9.63651008e-01
-1.02239594e-01
2.92451273e-01
-1.28093180e+00
0.00000000e+00
1.03008098e+00
1.05967386e-01
1.21101308e+00
6.06351440e-01
0.00000000e+00
-1.36107150e-01
-5.93895518e-01
6.06426196e-01
-7.42275399e-02
5.44013454e-01
5.05974525e-01
0.00000000e+00
5.80258026e-01
-1.12485886e+00
3.37664584e-01
3.63025127e-02
3.34690920e-01
1.85709961e-01
0.00000000e+00
6.33780659e-01
-8.37964603e-02
3.25294457e-01
6.00667253e-01
2.93538414e-01
-3.12032377e-01
5.28030047e-01
-1.01195434e-01
6.82345768e-01
8.19747574e-01
-1.40220948e-01
6.03134327e-03
5.19262168e-02
0.00000000e+00
0.00000000e+00
0.00000000e+00
0.00000000e+00
0.00000000e+00
0.00000000e+00
0.00000000e+00
0.00000000e+00
0.00000000e+00
0.00000000e+00
0.00000000e+00
0.00000000e+00
0.00000000e+00
0.00000000e+00
0.00000000e+00
0.00000000e+00
0.00000000e+00
0.00000000e+00
0.00000000e+00
0.00000000e+00
0.00000000e+00
-1.30912158e+00
-3.55180005e+00
-2.14687558e+00
0.00000000e+00
0.00000000e+00
0.00000000e+00
1.17651796e+00
-1.19881571e+00
-4.19467211e-01
-5.49470629e-01
-9.38590358e-01
1.67687630e-01
-3.55395574e-01
-1.40134008e-01
8.50389018e-02
0.00000000e+00
3.92648490e-01
-1.22227297e-01
-1.35021198e+00
4.44104255e-01
1.42942721e+00
1.04857190e+00
2.55510775e-01
-1.18371792e+00
-9.73544252e-01
8.51922419e-02
2.31749124e-01
0.00000000e+00
0.00000000e+00
0.00000000e+00
-2.89035499e-02
-8.86579319e-03
9.51302791e-02
8.32320529e-02
-3.76121940e-01
7.67507911e-02
2.79912708e-02
2.52098133e-01
-6.66261955e-03
0.00000000e+00
2.09410239e-01
1.31059067e-02
1.34053349e-01
4.64356904e-02
-3.97290735e-01
-1.17267499e-01
1.40457393e-01
-3.15137926e-01
1.30688439e-01
2.72645643e-01
-3.89063331e+00
0.00000000e+00
0.00000000e+00
0.00000000e+00
2.94684170e-01
1.42472223e+00
6.21023991e-01
-1.54394405e-01
0.00000000e+00
7.61550720e-01
-1.99289931e+00
-4.77366283e-02
-1.68062708e+00
0.00000000e+00
-1.26389278e+00
4.34252585e+00
-1.15355417e+00
1.03236419e+00
-1.23724161e+00
1.63523585e-01
-6.34623635e-02
0.00000000e+00
3.85173056e-01
6.00666982e-01
-5.91718643e-01
0.00000000e+00
0.00000000e+00
0.00000000e+00
7.09328163e-01
9.00444796e-01
4.30799385e-01
1.02806740e+00
0.00000000e+00
2.19116732e-01
1.10928751e+00
9.07922880e-01
1.04954057e+00
0.00000000e+00
1.14466951e+00
3.57281097e-01
9.35727818e-01
9.66192238e-01
7.45795716e-01
7.20158943e-01
7.89413840e-01
0.00000000e+00
1.03570200e+00
6.47701719e-01
136
6.63098837e-01
0.00000000e+00
0.00000000e+00
-8.28663254e-02
1.24460398e-02
2.45765798e-01
1.99011544e-03
5.00199364e-01
7.63228458e-03
0.00000000e+00
0.00000000e+00
0.00000000e+00
0.00000000e+00
0.00000000e+00
0.00000000e+00
5.62302685e-01
7.00201717e-01
3.39811240e-01
-8.92238984e-01
-1.34554325e-01
3.50222018e-02
1.18721111e-01
2.76788794e-01
4.71565189e-01
-1.04444134e-01
0.00000000e+00
0.00000000e+00
-1.51883119e-01
-5.18513295e-02
-4.20213205e-01
1.17607995e+00
0.00000000e+00
7.15276212e-02
-2.15280502e-01
-6.57485276e-02
0.00000000e+00
-3.00950902e-01
-4.92588821e-01
7.39128221e-01
0.00000000e+00
3.78761111e-01
7.55358966e-01
-7.35966782e-01
0.00000000e+00
0.00000000e+00
0.00000000e+00
8.70479280e-02
-6.34928455e-01
5.20476454e-01
-3.07812740e-03
-1.22439288e+00
0.00000000e+00
-1.40360622e-01
5.15799444e-01
6.04746937e-02
-1.02316639e+00
0.00000000e+00
5.14846012e-01
2.00475135e-01
1.37894709e-02
1.41999800e-01
6.46996650e-01
2.38678944e-01
1.50553629e-01
2.82084566e-02
2.50604649e-02
2.79066024e-01
3.72403178e-01
-2.32689934e-01
2.16439226e-01
3.30088025e-01
0.00000000e+00
0.00000000e+00
0.00000000e+00
0.00000000e+00
0.00000000e+00
0.00000000e+00
0.00000000e+00
0.00000000e+00
0.00000000e+00
0.00000000e+00
0.00000000e+00
0.00000000e+00
0.00000000e+00
0.00000000e+00
0.00000000e+00
-1.28617375e+00
-2.69965822e+00
-1.39414459e+00
0.00000000e+00
0.00000000e+00
0.00000000e+00
6.43236224e-01
-2.05814976e+00
3.29378433e-01
-1.92848814e-01
-1.56351615e+00
3.67216580e-01
5.53154867e-02
1.47992390e+00
-5.82107306e-01
0.00000000e+00
7.23012599e-01
-2.05146592e-01
-1.22571142e+00
5.48125606e-01
1.23120347e+00
1.04703171e+00
5.77704583e-01
-2.10945034e+00
-5.67268844e-01
1.07906050e-01
-4.01477198e+00
0.00000000e+00
0.00000000e+00
0.00000000e+00
5.20413331e-01
2.37837017e+00
2.95406409e-02
-4.52136028e-01
-1.16376477e+00
-9.62542832e-01
-1.37039745e+00
7.82030082e-01
6.34005558e-02
0.00000000e+00
-4.30212036e-01
3.66129176e+00
-1.95112211e+00
-7.70371563e-03
-1.11035006e+00
2.55484192e-01
-8.58875125e-02
-3.24929716e+00
-5.92597892e-01
-3.29291158e-01
2 1
-5.1505e-01 -1.5204e-01
6 1
0 1 6 19 3 14 
217
8.74151025e-01
-6.19567579e-01
5.95785961e-02
-8.33778296e-01
-1.07964432e-01
6.69309791e-01
5.19573276e-01
-2.61569581e-01
2.32762929e-01
-1.71438635e-01
2.27566473e-01
5.18995235e-02
2.21277960e-03
-4.16978364e-01
2.85152918e-01
-1.53529607e-02
5.36783711e-01
-8.24310725e-02
-1.61279513e-03
5.32034916e-01
2.42022501e-01
3.42418844e-03
2.84977161e-01
4.29406679e-01
9.04799725e-04
1.94076618e-01
0.00000000e+00
0.00000000e+00
0.00000000e+00
0.00000000e+00
0.00000000e+00
0.00000000e+00
1.09161240e-01
2.38772898e-01
2.02958175e-01
3.25226224e-01
0.00000000e+00
3.94204718e-02
-1.18960688e-01
2.00455322e-01
4.44060901e-01
1.23979926e-01
2.69499557e-01
0.00000000e+00
0.00000000e+00
-6.41174699e-02
-6.64508757e-01
1.08908350e+00
0.00000000e+00
1.14109116e-01
-7.29419098e-03
5.09832645e-02
0.00000000e+00
-3.67462231e-01
-4.25088020e-01
8.45440220e-01
0.00000000e+00
9.66092261e-02
7.69290333e-01
-4.61259356e-01
1.53343782e-01
4.42353346e-01
3.62758361e-01
8.17688970e-01
-1.24692422e+00
-7.19650358e-01
7.75655727e-01
-1.93515480e-02
5.27730547e-01
9.86924894e-01
0.00000000e+00
-3.37465265e-01
-9.26161688e-01
8.80342562e-01
-6.08742871e-02
3.16304436e-01
6.35147287e-01
0.00000000e+00
3.11754381e-01
3.41589430e-01
1.89698055e-01
9.49417532e-02
3.72698589e-01
-1.70730796e-01
0.00000000e+00
4.31365311e-01
2.48257433e-01
2.10725760e-01
2.90303014e-02
2.32059954e-01
-2.76672254e-02
1.24211757e-01
-5.36468810e-02
4.23712174e-01
4.06951516e-01
-3.34128631e-01
3.96634633e-01
-2.89899455e-02
0.00000000e+00
7.66947167e-01
1.78544902e-01
-1.73341253e-01
9.99878148e-02
2.80545111e-01
-2.40416303e-03
0.00000000e+00
0.00000000e+00
0.00000000e+00
0.00000000e+00
0.00000000e+00
0.00000000e+00
0.00000000e+00
0.00000000e+00
0.00000000e+00
0.00000000e+00
0.00000000e+00
0.00000000e+00
0.00000000e+00
0.00000000e+00
-1.77596690e+00
-3.16187859e+00
-1.67919097e+00
0.00000000e+00
0.00000000e+00
0.00000000e+00
4.61728793e-01
-8.54932101e-01
-6.33329273e-02
-5.84984327e-01
-6.62064822e-01
2.37113397e-01
1.39136229e-01
1.14002818e+00
-3.52791958e-01
0.00000000e+00
5.64315420e-01
-1.29511870e-01
-1.03793269e+00
1.92959123e-01
3.46442355e-01
4.28361764e-01
3.33632534e-01
-1.32920186e+00
-6.26952219e-01
1.18796014e-01
-1.30025579e-01
0.00000000e+00
0.00000000e+00
0.00000000e+00
2.77057579e-01
-1.19324575e+00
-1.48212655e-01
3.09567639e-01
-7.84728775e-01
1.47901127e-01
1.01865754e-01
-1.46715900e-01
1.16736440e-01
0.00000000e+00
4.06860502e-01
-1.89413871e-01
-1.83328588e-01
5.46015806e-02
-9.96147382e-02
3.03286528e-01
3.64123959e-01
-1.34937314e-01
2.21430133e-01
4.46740770e-01
-3.18058681e+00
0.00000000e+00
0.00000000e+00
0.00000000e+00
-1.99660747e-01
2.18719700e+00
-2.29718990e-01
-4.78559192e-01
-9.99786258e-03
-7.63055542e-01
-1.30242161e+00
3.87362218e-01
-1.52849593e-01
0.00000000e+00
-1.55124815e+00
3.04741518e+00
-9.01214572e-01
5.20872926e-01
-1.86550248e+00
-1.64264153e-01
-4.36952296e-03
-7.89185884e-01
6.38351596e-02
-9.75221003e-01
-1.45012660e-01
0.00000000e+00
0.00000000e+00
0.00000000e+00
1.66087753e-01
-1.51007032e-01
-1.30015330e-01
-2.01437128e-01
7.14013473e-02
-2.95381251e-01
-7.80188321e-02
1.38807832e-01
-9.09418121e-02
0.00000000e+00
3.54109903e-01
1.12151232e-01
-4.93676618e-01
3.93578774e-01
4.25902491e-01
2.31895316e-01
-1.32440856e-01
-9.08216325e-01
3.45097232e-02
4.07678151e-01
136
3.21611694e-01
-1.50326213e-01
5.43112200e-03
2.88486060e-01
-3.84283140e-03
-3.81224998e-02
1.06439545e-03
2.21574347e-01
-3.60445428e-04
0.00000000e+00
0.00000000e+00
0.00000000e+00
0.00000000e+00
0.00000000e+00
0.00000000e+00
2.81336050e-01
4.92862971e-01
2.06457124e-01
-6.55588419e-01
9.27654890e-02
-1.88741803e-01
1.12043449e-01
4.35344453e-01
5.24234514e-01
-3.72057111e-01
-2.81977297e-01
0.00000000e+00
1.25838237e-01
1.09996914e-01
-2.21740966e-01
6.79632883e-01
0.00000000e+00
1.45588939e-01
-9.08265642e-02
-5.87368654e-01
0.00000000e+00
-1.74965801e-01
-4.66471982e-01
2.46051610e-01
0.00000000e+00
1.84176098e-01
1.01461405e+00
-6.77521246e-01
0.00000000e+00
0.00000000e+00
0.00000000e+00
4.79531906e-01
-8.35109551e-02
6.34575489e-01
2.33368689e-01
-9.95778085e-01
0.00000000e+00
4.28153457e-01
5.77994387e-01
2.75982878e-01
-1.08426638e+00
0.00000000e+00
3.42478353e-01
2.59564484e-01
-1.30449919e-01
-2.94092585e-03
6.08080438e-01
-4.73631098e-03
5.63560417e-02
-2.53095776e-02
-6.85736754e-02
2.99781770e-01
1.86816286e-01
-2.79292963e-01
1.27747797e-01
3.90281918e-01
0.00000000e+00
2.41571561e-01
6.21592905e-02
-2.38601288e-02
-8.19531888e-02
0.00000000e+00
0.00000000e+00
0.00000000e+00
0.00000000e+00
0.00000000e+00
0.00000000e+00
0.00000000e+00
0.00000000e+00
0.00000000e+00
0.00000000e+00
-1.12636192e+00
-2.52303718e+00
-1.31354682e+00
0.00000000e+00
0.00000000e+00
0.00000000e+00
6.69968855e-01
-1.82989000e+00
4.29612513e-01
-7.48638789e-02
-1.55243648e+00
2.18203597e-01
1.80042183e-04
1.50174727e+00
-5.93061493e-01
0.00000000e+00
6.78090565e-01
-1.15015797e-01
-1.22581437e+00
5.85293930e-01
1.37952361e+00
1.02983113e+00
4.31119686e-01
-2.22143322e+00
-6.05880176e-01
-1.87226023e-02
-3.81272105e+00
0.00000000e+00
0.00000000e+00
0.00000000e+00
5.52820149e-01
2.31920587e+00
-1.23641413e-01
-2.90766600e-01
-8.63980992e-01
-1.34798334e+00
-1.46929159e+00
7.56768959e-01
-5.91417722e-02
0.00000000e+00
-4.84593540e-01
3.57024487e+00
-1.84667372e+00
-3.45699473e-02
-1.30682969e+00
1.51230027e-01
-4.04915495e-02
-2.44285704e+00
-4.96516318e-01
-3.55653416e-01
5 1
-5.1680e-01 -1.8252e-01
7 0
0 1 6 19 3 14 2 
217
-3.75459072e-01
-5.71728233e-01
8.36009510e-01
-1.66938507e-01
1.13551767e-01
-3.08239144e-01
-2.17323186e-01
-2.63088812e-01
-4.24123934e-01
-1.96607760e-01
-5.57131131e-01
5.00536826e-01
7.09567412e-01
-4.20837813e-01
-3.75687021e-01
7.12280345e-03
6.92803334e-01
7.99791008e-01
4.63153687e-04
7.21156251e-02
0.00000000e+00
0.00000000e+00
0.00000000e+00
0.00000000e+00
0.00000000e+00
0.00000000e+00
0.00000000e+00
0.00000000e+00
0.00000000e+00
0.00000000e+00
0.00000000e+00
0.00000000e+00
0.00000000e+00
1.31223235e+00
1.62327923e+00
0.00000000e+00
0.00000000e+00
-2.98627719e-01
-5.52599698e-01
-4.41828868e-01
-1.81673891e-01
1.30258060e-01
4.05434996e-01
-8.20673364e-02
0.00000000e+00
-1.67780785e-01
-6.16434892e-01
1.81725864e-01
0.00000000e+00
2.69838408e-01
-4.97546217e-01
6.49751799e-01
0.00000000e+00
-2.52618161e-01
1.26342758e-01
6.89881327e-01
0.00000000e+00
0.00000000e+00
0.00000000e+00
7.92709445e-01
-6.87892817e-02
1.02507198e-01
-1.05482237e+00
0.00000000e+00
-1.51636093e+00
-6.50584841e-01
7.64896212e-01
3.60016298e-01
3.76005649e-01
-1.05459343e-01
0.00000000e+00
-8.92528266e-01
-8.60495042e-01
1.77811466e-01
-8.10276478e-02
1.84250376e-02
3.05276681e-01
0.00000000e+00
5.67895601e-01
2.69168236e-01
-3.94145838e-01
-6.67292686e-02
-5.49208835e-01
-2.01724734e-01
0.00000000e+00
4.25153996e-01
4.73685894e-01
-5.95539807e-01
7.22105540e-02
-2.05073261e-01
1.87785811e-01
-3.69869777e-01
-3.21829442e-01
-8.59272162e-02
3.48449782e-01
-3.24841678e-01
-3.22096352e-02
-4.78969185e-02
0.00000000e+00
3.09337314e-01
1.38121964e-01
-4.48358852e-01
6.07321778e-02
-2.36437534e-01
-6.15703265e-01
0.00000000e+00
-5.44237963e-01
-6.40505212e-01
1.33260967e-01
-5.21424263e-02
-3.04455711e-01
-2.01764118e-01
0.00000000e+00
0.00000000e+00
0.00000000e+00
0.00000000e+00
0.00000000e+00
0.00000000e+00
0.00000000e+00
-1.46851076e+00
-3.57413116e+00
-1.50727252e+00
0.00000000e+00
0.00000000e+00
0.00000000e+00
7.33379937e-01
-9.05778283e-01
-1.86343167e-01
-6.83872008e-01
-2.13864032e+00
5.34846449e-01
1.91252626e-01
1.36260172e+00
-4.06565399e-01
0.00000000e+00
1.00042074e+00
4.76397155e-02
-1.63823342e+00
1.23678112e-01
2.03688920e+00
6.63486907e-01
5.68403935e-01
-2.19223271e+00
-6.45494601e-01
2.72880389e-02
-2.65294871e-02
0.00000000e+00
0.00000000e+00
0.00000000e+00
-2.57998466e-02
-5.82288774e-01
1.32061842e-01
6.53887486e-01
2.22220715e-01
-1.90149794e-01
-1.11942302e-01
-9.32126229e-02
-7.81234011e-02
0.00000000e+00
-9.50508868e-02
-1.28718377e-01
1.63597779e-01
2.56628888e-01
-8.14166814e-01
1.56733202e-01
-5.29404233e-02
1.37080908e-01
1.12403595e-01
3.11249341e-01
-3.71452827e+00
0.00000000e+00
0.00000000e+00
0.00000000e+00
2.25034919e-01
2.25767058e+00
8.01753806e-01
4.17001106e-01
-6.16183213e-02
-4.08859356e+00
-7.45733355e-02
5.27990175e-01
-3.05682288e-01
0.00000000e+00
3.93185375e-01
1.61380933e+00
-1.31840519e+00
5.24140748e-01
-9.25389105e-01
-5.30591273e-02
-6.22557994e-01
-3.32241747e+00
2.81994482e-01
1.51876047e-02
1.00306672e-01
0.00000000e+00
0.00000000e+00
0.00000000e+00
-1.77474520e-02
-3.54950535e-01
-2.40154865e-01
-7.87832510e-01
3.77102658e-03
1.50113532e+00
-4.55410194e-01
-5.03196547e-02
-3.02597034e-01
0.00000000e+00
-2.73636928e-01
1.07339120e-01
1.43381197e-02
-6.75811136e-01
-4.42500140e-02
1.05208775e-01
2.89475851e-02
1.26373134e+00
1.14667128e-01
1.63878579e-01
136
1.57905509e-01
-7.57066081e-01
9.36329321e-03
1.05466568e-01
1.12092503e-02
0.00000000e+00
0.00000000e+00
0.00000000e+00
0.00000000e+00
0.00000000e+00
0.00000000e+00
0.00000000e+00
0.00000000e+00
0.00000000e+00
0.00000000e+00
-2.61877288e-01
1.08462544e-01
7.46908389e-01
0.00000000e+00
-6.20501384e-01
1.97785821e-01
-8.55048409e-02
4.13202013e-02
2.56156607e-01
1.22680738e-01
-9.75969103e-02
3.43565276e-01
-1.40839843e-01
-1.53537887e-01
-6.04871510e-01
1.08597663e+00
0.00000000e+00
-1.27926598e-01
-5.82114560e-01
3.91924997e-01
0.00000000e+00
-4.26914551e-01
-3.77471019e-01
8.79492676e-01
0.00000000e+00
4.78040276e-01
-3.45752788e-01
1.44757268e-01
0.00000000e+00
0.00000000e+00
0.00000000e+00
0.00000000e+00
2.44389271e+00
9.08331121e-01
6.41453826e-01
-8.52971784e-01
0.00000000e+00
-4.07072415e-01
-7.04868234e-02
1.59452813e-01
-1.00147752e+00
0.00000000e+00
2.43135366e-01
-3.53966931e-02
4.82939931e-02
1.49853832e-01
2.95377022e-01
-4.36187641e-01
-1.64077870e-01
-1.01010328e-02
8.03014214e-02
-3.35492581e-01
5.93843116e-01
-1.37097560e-01
3.05334715e-01
2.07036896e-01
0.00000000e+00
4.76932468e-01
-4.72480416e-02
3.16920877e-02
6.42545542e-02
0.00000000e+00
-6.61532827e-01
-4.39940387e-02
7.24260293e-02
-7.32273795e-01
0.00000000e+00
0.00000000e+00
0.00000000e+00
0.00000000e+00
0.00000000e+00
-1.13194579e+00
-2.49399290e+00
-1.42192745e+00
0.00000000e+00
0.00000000e+00
0.00000000e+00
7.42042868e-01
-2.00759830e+00
3.51339426e-01
-2.98101404e-01
-1.65955513e+00
1.43016856e-01
-1.71852662e-01
1.54941752e+00
-3.29378095e-01
0.00000000e+00
7.16553320e-01
-2.99454872e-01
-1.26406098e+00
4.77985378e-01
1.51996312e+00
1.04475904e+00
6.59203060e-01
-2.16133085e+00
-6.57930000e-01
2.23054245e-01
-5.33210499e+00
0.00000000e+00
0.00000000e+00
0.00000000e+00
2.52511400e+00
4.78287494e+00
1.19017223e+00
1.76669100e+00
-1.26294090e-02
-2.68680332e-01
7.60369719e-01
2.76721353e+00
1.49279720e+00
0.00000000e+00
2.33415076e+00
4.02191947e+00
8.71284131e-02
2.18786592e+00
1.04752567e+00
2.22118185e+00
1.96217838e+00
-5.11885786e-03
1.25104528e+00
2.19112454e+00
7 1
-5.7881e-01 -1.2558e-01
8 1
0 1 6 19 3 14 2 5 
217
6.68938675e-01
-3.91282691e-01
1.35123807e-02
9.40406341e-03
-4.56078351e-04
4.02688013e-01
3.85921922e-01
4.42637825e-02
2.84015376e-01
9.61648835e-02
1.19378818e-01
-1.76800340e-02
-1.19921362e-01
1.39257987e-01
-1.43513101e-01
9.21623263e-04
6.22628051e-01
-2.24214242e-01
2.13340754e-03
4.41600548e-01
3.78093047e-01
7.12816617e-04
2.54179066e-01
6.58572970e-01
5.04066573e-04
1.78690644e-01
0.00000000e+00
0.00000000e+00
0.00000000e+00
0.00000000e+00
0.00000000e+00
0.00000000e+00
-3.02966892e-01
1.10184689e-01
2.22541101e-01
6.39179777e-01
0.00000000e+00
-3.69901787e-02
-6.93457489e-02
8.04744158e-02
1.13502571e-01
1.20990668e-01
1.26119233e-01
3.75419485e-01
0.00000000e+00
7.36669039e-02
-6.01334744e-01
8.98124408e-01
0.00000000e+00
2.32147063e-01
-9.62602378e-02
-1.48098159e-02
0.00000000e+00
-5.57540624e-01
-6.72783077e-01
1.20421621e+00
0.00000000e+00
-6.62711713e-02
8.82774045e-01
-5.50874178e-01
1.27258423e-01
4.80240766e-01
1.02671255e-01
6.70659217e-01
-1.22037934e+00
-1.01669570e+00
8.48773595e-01
5.78452054e-02
3.69885202e-01
9.20373863e-01
0.00000000e+00
-4.33764162e-01
-7.82144099e-01
8.00569909e-01
-6.49095732e-03
2.48482702e-01
1.26701530e-01
0.00000000e+00
2.82232970e-01
1.94067732e-01
9.90347350e-03
1.57757888e-01
3.76802231e-01
2.29939249e-01
0.00000000e+00
4.38420754e-01
4.11087722e-01
-1.29785917e-02
3.61765476e-02
2.43496512e-01
-1.50627232e-01
1.99259386e-01
-1.65509480e-01
1.90608601e-01
3.65046925e-01
-3.57713011e-01
2.70141844e-01
-5.47416355e-02
0.00000000e+00
6.36004755e-01
7.86267630e-02
-1.61714461e-01
1.83196821e-01
1.94648381e-01
-2.58553116e-02
0.00000000e+00
-1.80090113e-02
-7.14875543e-01
3.72227142e-01
-1.77620124e-01
3.14720544e-01
-1.71934865e-01
1.41787664e-01
1.19732398e-01
4.50934665e-03
-1.44107475e-01
2.28966748e-01
5.51526087e-01
1.01522509e-01
-1.65534425e+00
-3.27697894e+00
-1.44970241e+00
0.00000000e+00
0.00000000e+00
0.00000000e+00
4.30249569e-01
-9.84587159e-01
3.42402526e-01
-2.32289784e-01
-7.54105781e-01
4.51298722e-01
-4.79893694e-02
7.10788675e-01
1.75461965e-01
0.00000000e+00
3.82140810e-01
-3.54098284e-02
-1.10863549e+00
1.48368706e-01
1.17314569e-01
8.29778643e-01
6.55218216e-02
-1.44948020e+00
-5.79754524e-01
8.92237169e-02
-2.10657748e-01
0.00000000e+00
0.00000000e+00
0.00000000e+00
2.60906877e-01
-6.03628265e-01
-5.11536716e-02
4.20217240e-02
-5.54669252e-01
-8.74138824e-02
1.04260532e-01
-3.37040380e-03
-2.76727975e-01
0.00000000e+00
3.82278014e-01
-3.57358527e-01
-3.07865465e-01
2.22813891e-01
1.66422258e-02
-2.51309557e-02
3.58940539e-01
-1.95674418e-02
2.10154309e-01
4.78209980e-01
-3.38617987e+00
0.00000000e+00
0.00000000e+00
0.00000000e+00
1.93979204e-02
2.27157644e+00
-4.41993215e-01
-4.74717221e-01
2.42010364e-02
-1.00312482e+00
-1.66859802e+00
1.11153519e-01
-2.91594583e-01
0.00000000e+00
-1.74585384e+00
3.13952480e+00
-9.20984982e-01
3.50986669e-01
-1.67805551e+00
3.49037755e-01
-1.24382804e-01
-7.40382046e-01
3.04417731e-01
-8.66788696e-01
-7.45097644e-02
0.00000000e+00
0.00000000e+00
0.00000000e+00
1.08662455e-01
-2.34628303e-01
3.78976465e-03
-1.55009142e-01
1.41688682e-05
-4.34994427e-02
-3.47911528e-01
3.06551479e-01
4.78526824e-02
0.00000000e+00
4.05645174e-01
-1.00926078e-02
-3.42599235e-01
4.94012999e-01
3.70977836e-01
2.65750033e-02
-1.29127587e-01
-1.00178410e+00
-3.83644073e-03
4.29897063e-01
136
3.29869568e-01
5.01375005e-02
-2.75314952e-03
1.63665310e-01
-2.70557987e-03
-7.03141894e-02
7.87233872e-04
1.86380947e-01
-5.01234668e-04
0.00000000e+00
0.00000000e+00
0.00000000e+00
0.00000000e+00
0.00000000e+00
0.00000000e+00
3.86690109e-01
5.04049503e-01
1.66695946e-01
-7.16118730e-01
7.98767259e-02
5.85630645e-03
8.60316861e-02
1.50157840e-01
1.98286362e-01
1.26111236e-01
-1.81607044e-01
-1.34843544e-01
2.04788434e-01
1.57750278e-01
-4.31087230e-01
6.46739004e-01
0.00000000e+00
-1.31533111e-02
1.95712903e-02
-3.26924236e-01
0.00000000e+00
-1.54138642e-01
-3.98006971e-01
3.67916391e-01
0.00000000e+00
2.07769578e-01
1.13662566e+00
-1.11241660e+00
0.00000000e+00
0.00000000e+00
0.00000000e+00
5.23641855e-01
3.26852482e-02
5.79649479e-01
3.26168002e-01
-8.48543828e-01
0.00000000e+00
4.29555984e-01
5.45529690e-01
2.56360578e-01
-1.06690265e+00
0.00000000e+00
4.22956184e-01
2.62036650e-01
-1.34441885e-01
-4.04539145e-03
8.38041597e-01
-5.01491266e-01
-3.40702908e-02
-9.66219990e-02
-1.37450806e-01
7.65570768e-02
3.73440737e-01
-1.94268013e-01
2.07775473e-01
4.45959257e-01
0.00000000e+00
2.40366207e-01
6.62561843e-02
-3.16760684e-02
-2.24554820e-02
0.00000000e+00
6.88859537e-02
-7.33611246e-02
2.76293813e-01
-8.46606771e-01
3.00872509e-01
-3.83727256e-02
-6.26678740e-02
9.32624743e-02
-3.04673257e-01
-1.08830963e+00
-2.47082784e+00
-1.32416420e+00
0.00000000e+00
0.00000000e+00
0.00000000e+00
6.72150632e-01
-2.05634753e+00
2.77492780e-01
-9.15119083e-02
-1.56915408e+00
2.56156307e-01
5.60809355e-02
1.57932509e+00
-5.72903014e-01
0.00000000e+00
6.75935709e-01
-1.08444763e-01
-1.19015366e+00
5.54331813e-01
1.42900987e+00
1.10576771e+00
5.15551009e-01
-2.23735471e+00
-6.11961488e-01
-8.13492095e-03
-3.81613307e+00
0.00000000e+00
0.00000000e+00
0.00000000e+00
5.09466206e-01
2.36220462e+00
-3.73990832e-01
-2.55572753e-01
-7.64930989e-01
-1.37790375e+00
-1.16527668e+00
7.30694555e-01
-1.03795751e-01
0.00000000e+00
-5.45103539e-01
3.60369074e+00
-1.89552106e+00
-4.96993216e-02
-1.44710483e+00
1.45737572e-01
1.67429946e-02
-2.38119136e+00
-4.81270226e-01
-3.43308669e-01
13 1
-1.0878e+00 1.6647e-02
8 1
0 1 6 19 3 14 2 5 
217
2.39584846e-01
-4.79301537e-01
3.62083660e-01
2.09430725e-02
-1.95413362e-01
2.95299447e-01
1.38318457e-01
-7.88066185e-02
-1.14656099e-01
2.55971620e-01
1.07883331e-02
2.51798198e-01
4.00547517e-01
-2.10544319e-01
-1.32333308e-02
2.83692088e-03
4.13695281e-01
-3.94049079e-02
-8.07821368e-04
5.32997671e-01
1.78536914e-01
-6.94524102e-04
4.86601723e-01
1.13686171e-01
-3.08751314e-04
6.23984980e-01
0.00000000e+00
0.00000000e+00
0.00000000e+00
0.00000000e+00
0.00000000e+00
0.00000000e+00
0.00000000e+00
8.83268155e-01
2.39680043e-01
-8.03568533e-01
0.00000000e+00
-5.23207362e-01
-1.22226637e-01
9.05631145e-04
3.70361093e-01
3.40272967e-01
-6.50765391e-02
2.44510184e-01
0.00000000e+00
3.63019852e-01
-5.18233624e-01
9.79095867e-01
0.00000000e+00
-2.30700575e-01
-7.16137615e-01
3.52298805e-01
0.00000000e+00
-7.11739556e-01
-7.30645563e-01
9.07422678e-01
0.00000000e+00
8.88197673e-02
3.90733438e-01
7.82914244e-02
-3.86938153e-01
1.26887883e+00
-6.36401342e-01
-2.24438382e-01
-1.36248503e+00
-1.33241244e+00
1.16835551e+00
7.21130567e-02
6.58152752e-01
4.08372691e-01
0.00000000e+00
-5.03240565e-01
-7.42013498e-01
6.01258114e-01
6.08321691e-01
1.41567297e-01
8.92841647e-01
0.00000000e+00
2.76279600e-01
1.98631341e-01
-3.49278245e-01
5.80776029e-01
3.12583491e-01
1.19255926e-01
0.00000000e+00
2.18900738e-01
-1.27632913e-01
1.73124660e-01
1.71333319e-01
-1.52440551e-01
-3.58874428e-02
1.87744996e-01
1.06219932e-01
1.95120119e-01
1.00145808e-01
-2.67419931e-01
-1.54525890e-01
-3.44462710e-01
0.00000000e+00
4.30600994e-01
-2.86202262e-01
-4.50850785e-01
1.82630744e-01
2.59834637e-01
-1.30139749e-01
0.00000000e+00
-5.12030691e-01
-8.21408153e-01
4.97060112e-01
-1.51194752e-01
2.54555425e-01
-1.28587539e-01
2.04677357e-02
-6.92168054e-02
-3.51337238e-01
2.27456709e-02
-2.81421404e-01
2.65588245e-01
-1.90825803e-01
-1.31791914e+00
-2.41538647e+00
-1.55862496e+00
0.00000000e+00
0.00000000e+00
0.00000000e+00
4.26465986e-01
-1.74416400e+00
6.79304280e-01
-7.50916539e-01
-1.14245693e+00
8.10936140e-02
-1.59285399e-01
1.43049352e+00
4.01244264e-01
0.00000000e+00
3.53904160e-01
1.15980464e+00
-1.51620685e+00
1.08418043e-01
1.27451097e+00
7.05118424e-01
5.99081203e-01
-2.31829973e+00
-9.15794378e-01
-2.30940259e-01
-2.41669308e-02
0.00000000e+00
0.00000000e+00
0.00000000e+00
1.12660250e-01
2.69764374e-01
-2.01750057e-01
2.49602455e-01
-1.53882448e-01
2.42728313e-02
-1.30329237e-02
-6.04574100e-02
-1.84897025e-01
0.00000000e+00
-8.29879359e-03
-3.58465277e-01
4.08354582e-02
1.39672002e-01
-1.17251806e-01
3.76851472e-02
-1.00205917e-01
1.49643983e-01
4.21398280e-02
1.07798398e-01
-3.70138472e+00
0.00000000e+00
0.00000000e+00
0.00000000e+00
-6.21448893e-01
2.77153352e+00
-1.06681759e+00
-4.88078572e-01
0.00000000e+00
-1.19157418e+00
-1.35453203e+00
1.34980335e-01
1.23509441e+00
0.00000000e+00
-1.10825689e+00
3.87922894e+00
-9.93119549e-01
1.58278730e-01
-1.71236876e+00
-4.85420517e-01
-1.68235918e-01
-3.07469390e-01
-1.17112327e-01
-1.81833191e+00
-2.27341143e-01
0.00000000e+00
0.00000000e+00
0.00000000e+00
5.57931974e-01
-1.02172306e-01
3.59722835e-01
4.55684396e-02
0.00000000e+00
-5.37171393e-01
-3.40187773e-01
3.35100057e-01
-2.63430037e-01
0.00000000e+00
2.77613499e-01
1.11950764e-01
-3.53140052e-01
-5.49914178e-02
3.22489399e-01
2.95417897e-01
-5.74975261e-02
-3.35930714e-01
-2.44777707e-01
6.12586320e-01
136
3.62293442e-01
-4.26449282e-02
9.38876971e-03
1.83780055e-01
-1.48509528e-03
3.33964970e-02
2.93598133e-03
1.87761818e-01
-1.54535998e-05
0.00000000e+00
0.00000000e+00
0.00000000e+00
0.00000000e+00
0.00000000e+00
0.00000000e+00
2.67793635e-01
4.22012131e-01
2.53967514e-01
-5.78982046e-01
-1.15621138e-02
2.18855516e-01
1.02063323e-01
1.30274251e-01
1.35546864e-01
-7.63808322e-02
-1.90056548e-01
5.35529824e-02
1.20350373e-01
2.48523399e-01
-4.80768593e-01
6.70033340e-01
0.00000000e+00
-2.15472111e-02
1.12166693e-01
-3.29959754e-01
0.00000000e+00
-1.95326982e-01
-3.53878115e-01
3.24776145e-01
0.00000000e+00
2.30570416e-01
1.26049788e+00
-1.22616426e+00
0.00000000e+00
0.00000000e+00
0.00000000e+00
7.17429693e-01
-5.60413465e-02
5.25605305e-01
1.90824580e-01
-8.42916675e-01
0.00000000e+00
3.88653499e-01
4.52309559e-01
3.25323189e-01
-1.06252382e+00
0.00000000e+00
3.62417876e-01
1.52266975e-01
5.27012246e-03
1.29471850e-01
3.42562889e-01
-4.09560021e-01
-7.11572314e-02
-2.26878208e-02
4.60224519e-02
1.37318901e-01
2.67862669e-01
-3.96631349e-02
1.82420862e-01
3.29512390e-01
0.00000000e+00
3.49295169e-01
-1.00654864e-02
4.58621801e-02
-2.29387746e-02
0.00000000e+00
-1.18538284e-01
2.76703533e-02
2.14335039e-01
-7.57197402e-01
2.90147059e-01
8.16466033e-02
-7.44913179e-02
1.19178840e-01
1.52844392e-02
-1.22284282e+00
-2.48864438e+00
-1.40107351e+00
0.00000000e+00
0.00000000e+00
0.00000000e+00
6.83216070e-01
-2.17184324e+00
2.87208982e-01
-1.28502597e-01
-1.60190285e+00
3.40531249e-01
7.68197258e-02
1.49156175e+00
-6.46082175e-01
0.00000000e+00
7.73311386e-01
-2.62141860e-01
-1.20159237e+00
5.24732446e-01
1.33089656e+00
1.06395624e+00
5.01144856e-01
-2.08429862e+00
-5.69182230e-01
1.91093172e-01
-3.58641208e+00
0.00000000e+00
0.00000000e+00
0.00000000e+00
4.89471501e-01
2.19310076e+00
-4.79247474e-02
-3.64355454e-01
-7.23634590e-01
-1.16639931e+00
-1.46344358e+00
7.00020719e-01
-2.72856253e-01
0.00000000e+00
-5.13256561e-01
3.31871913e+00
-1.92410783e+00
2.44076798e-01
-1.16524891e+00
2.38168653e-01
-8.42503974e-02
-2.66167081e+00
-1.81074407e-01
-2.01746798e-01
12 1
-1.1385e+00 3.6954e-02
8 0
0 1 6 19 3 14 2 5 
217
2.64040965e-01
-9.26419430e-01
5.83454193e-01
-8.46545830e-01
-3.42745424e-01
6.55943022e-01
4.81064921e-01
-1.31778479e+00
-7.10629054e-01
4.51764270e-01
-6.46320249e-03
-1.11192164e+00
0.00000000e+00
0.00000000e+00
1.46353045e-02
4.12135536e-03
8.13867812e-01
3.29081773e-01
5.22645077e-03
5.05047276e-01
0.00000000e+00
0.00000000e+00
0.00000000e+00
0.00000000e+00
0.00000000e+00
0.00000000e+00
0.00000000e+00
0.00000000e+00
0.00000000e+00
0.00000000e+00
0.00000000e+00
0.00000000e+00
0.00000000e+00
9.24604938e-01
1.12636271e+00
0.00000000e+00
0.00000000e+00
-2.01298619e+00
-1.29095371e+00
-8.74234616e-01
-2.24951556e-01
-1.72825626e-01
1.15045119e+00
1.16446206e+00
0.00000000e+00
-1.21092914e+00
-6.68088274e-01
-1.39276726e-02
0.00000000e+00
5.70096918e-01
-3.45761225e-01
6.42535308e-01
0.00000000e+00
-1.25289728e-01
0.00000000e+00
1.94546000e+00
0.00000000e+00
0.00000000e+00
0.00000000e+00
2.05160559e+00
-9.10013991e-01
3.73324841e-02
-1.38835694e+00
0.00000000e+00
-1.66351503e+00
3.46015859e-02
9.33692910e-01
7.97840474e-01
9.93863086e-01
1.05558475e-01
0.00000000e+00
-1.81736095e-01
-1.74301839e+00
1.16201636e-01
-9.93227281e-02
3.29575424e-01
-5.03759889e-01
0.00000000e+00
1.00125224e+00
-6.60789210e-01
-2.41860198e-01
-5.94476898e-02
-4.95351076e-01
-1.18188983e+00
0.00000000e+00
1.49030706e+00
3.17860137e-01
-1.21632739e+00
2.67942224e-01
-9.93869927e-03
-1.16858791e+00
0.00000000e+00
2.21347509e-01
8.87269434e-01
7.11972596e-02
-3.14792551e-01
-2.85038033e-02
-3.63780749e-01
0.00000000e+00
9.80514023e-01
5.92730864e-01
-3.79288072e-01
-1.69547699e-01
-3.37184986e-01
-1.23104627e-01
0.00000000e+00
-1.70381319e-01
-1.52586947e-02
2.91052839e-01
-4.07550746e-03
1.43369445e-01
2.82866628e-03
0.00000000e+00
3.29154706e-01
-9.95824495e-02
-1.80278001e-01
-1.19098551e-01
1.15164261e-01
4.53673283e-01
-9.94857100e-01
-3.89351847e+00
-1.33162715e+00
0.00000000e+00
0.00000000e+00
0.00000000e+00
4.14866646e-01
4.74893960e-01
4.98680287e-01
-7.73995693e-02
-1.93166725e+00
4.23783736e-01
-1.02202046e+00
7.41454880e-01
3.47257552e-01
0.00000000e+00
6.57178026e-01
-2.34857210e-01
-2.83295537e+00
9.09052549e-01
1.32574705e+00
1.06998111e+00
8.26318225e-01
-1.88034352e+00
-1.12036158e+00
7.87637863e-02
-3.45507770e-01
0.00000000e+00
0.00000000e+00
0.00000000e+00
4.69475606e-01
-2.45209888e+00
-4.56259189e-01
2.82433542e-01
-3.51396353e-01
4.07850633e-02
9.23925336e-01
5.24902382e-01
-7.47061601e-01
0.00000000e+00
4.59476956e-01
-2.66399855e-01
8.06146765e-01
-3.93070086e-02
-3.32787329e-01
2.76069611e-01
-2.32370271e-01
1.53547384e-02
3.21430373e-01
4.12172346e-01
-4.23581058e+00
0.00000000e+00
0.00000000e+00
0.00000000e+00
8.43266366e-01
2.63955561e+00
6.14740606e-01
1.70006568e-01
0.00000000e+00
1.38535887e+00
6.75445577e-01
1.69451294e+00
-8.13916915e-02
0.00000000e+00
-1.30249952e-01
2.08107878e+00
0.00000000e+00
-7.21287575e-02
6.06966638e-02
1.05623078e+00
1.02394497e+00
6.22240277e-02
1.42887169e+00
1.18443090e+00
-1.17717996e+00
0.00000000e+00
0.00000000e+00
0.00000000e+00
1.16071909e+00
1.24186838e+00
1.26088990e+00
1.19415607e+00
0.00000000e+00
9.32980702e-01
-3.61552644e-01
6.13619607e-01
4.43932963e-01
0.00000000e+00
1.24067495e+00
1.47200060e+00
0.00000000e+00
6.38251389e-01
2.04741701e-01
6.93746252e-01
4.06563874e-01
-1.88687947e+00
-1.94231429e-01
7.97421611e-01
136
-1.01990935e+00
-1.33177529e+00
2.56135170e-02
-2.12413770e-01
-2.30491550e-03
0.00000000e+00
0.00000000e+00
0.00000000e+00
0.00000000e+00
0.00000000e+00
0.00000000e+00
0.00000000e+00
0.00000000e+00
0.00000000e+00
0.00000000e+00
-1.42925242e-01
-4.79500619e-01
-1.38294320e-01
0.00000000e+00
-1.08598817e+00
4.43406311e-01
-1.24367372e-02
-2.74355340e-02
-1.74495455e-01
-1.47109316e-01
-1.49245487e-01
1.33395037e-01
1.04115355e+00
-5.63938647e-01
-7.31662750e-01
6.12389794e-01
0.00000000e+00
-4.77222767e-01
-5.69779348e-01
1.85524658e-01
0.00000000e+00
-8.33411977e-01
-2.22715101e-01
7.20561685e-01
0.00000000e+00
3.35695957e-01
-4.83364770e-01
-3.52973474e-01
0.00000000e+00
0.00000000e+00
0.00000000e+00
0.00000000e+00
-1.17556025e-01
5.71239608e-01
2.69915652e-01
-1.14668544e+00
0.00000000e+00
-2.20260263e-01
-9.04120783e-03
2.67917400e-01
-1.05308726e+00
0.00000000e+00
3.67879931e-01
-2.23182817e-02
5.63806747e-02
1.69265248e-01
5.76192301e-01
-2.23507148e-01
-2.01792965e-01
8.30062273e-02
5.97749418e-02
0.00000000e+00
1.88356397e+00
1.49592654e-01
5.91100000e-01
3.77709061e-02
0.00000000e+00
3.31531912e-01
-5.60289223e-02
3.94432824e-02
1.56193198e-01
0.00000000e+00
-7.99254150e-01
-6.34118968e-02
8.66114038e-02
-6.05016090e-01
0.00000000e+00
2.32581732e+00
3.00117427e-01
5.98031503e-01
-2.82123501e-01
-8.58081911e-01
-2.48028860e+00
-1.38355982e+00
0.00000000e+00
0.00000000e+00
0.00000000e+00
7.81655480e-01
-1.70426115e+00
1.79629826e-01
-3.12854921e-01
-1.76094969e+00
3.97638162e-01
-1.71226781e-01
1.35883006e+00
-8.44867254e-02
0.00000000e+00
7.74040121e-01
-2.51958975e-01
-1.32150881e+00
4.55769187e-01
1.26211760e+00
1.09392183e+00
6.80930098e-01
-2.35161878e+00
-7.25607228e-01
3.16380885e-01
-3.06233102e+00
0.00000000e+00
0.00000000e+00
0.00000000e+00
6.81818529e-01
3.60818587e+00
-4.29152229e-01
-6.06879232e-01
-1.66083269e+00
-8.36496189e-01
-9.02751847e-01
9.73234860e-01
-6.55004082e-01
0.00000000e+00
2.72426097e-01
1.34453065e+00
-2.04474318e+00
7.97687222e-02
-8.22604490e-01
2.25752038e-01
-1.25296111e-01
-2.07767829e+00
-3.15911013e-01
2.29301569e-01
21 1
-1.4986e+00 1.0533e-01
8 0
0 1 6 19 3 14 2 5 
217
1.49012518e+00
-5.28321225e-01
-2.13530289e-01
5.09582882e-01
4.71536337e-01
2.14777017e-01
7.54068445e-01
-7.01838580e-01
3.38357499e-02
-6.19596768e-01
-1.23179305e+00
-1.74260646e+00
0.00000000e+00
0.00000000e+00
6.41692282e-01
7.08353765e-03
4.99721084e-01
8.48432894e-01
-1.73697427e-02
6.84644432e-01
0.00000000e+00
0.00000000e+00
0.00000000e+00
0.00000000e+00
0.00000000e+00
0.00000000e+00
0.00000000e+00
0.00000000e+00
0.00000000e+00
0.00000000e+00
0.00000000e+00
0.00000000e+00
0.00000000e+00
1.62121590e-01
1.84488119e-01
0.00000000e+00
0.00000000e+00
-1.30756138e+00
-1.34150240e+00
-1.01273521e+00
-4.41258568e-01
-5.77919568e-01
2.12202604e-01
1.45442583e+00
0.00000000e+00
-2.52817851e+00
-1.36292772e+00
1.25737659e+00
0.00000000e+00
-2.50256815e+00
-2.34507970e+00
1.18185946e-01
0.00000000e+00
-1.14604554e+00
0.00000000e+00
3.46188363e+00
0.00000000e+00
0.00000000e+00
0.00000000e+00
6.03998742e-01
-1.14561165e+00
-5.45945564e-01
-1.32279148e+00
0.00000000e+00
2.97751304e-01
-3.36365547e-01
7.53740183e-01
6.00243504e-01
4.38633689e-01
4.29475974e-03
0.00000000e+00
1.73526537e+00
-1.45447848e+00
1.39960958e-01
-2.87108305e-01
-3.85101148e-01
-1.18007728e+00
0.00000000e+00
4.17412529e-01
-4.43431005e-01
5.55333855e-01
4.60038275e-02
5.17378792e-01
-4.06996459e-01
0.00000000e+00
2.22300762e+00
7.47824511e-01
-1.76418500e-01
-1.11020622e-01
0.00000000e+00
0.00000000e+00
0.00000000e+00
1.07053493e-01
-3.23592897e-01
5.10270931e-01
-4.75532661e-01
8.72800751e-01
7.99063165e-01
0.00000000e+00
5.66104272e-01
-8.72490003e-01
4.16126579e-01
-2.48291562e-01
0.00000000e+00
0.00000000e+00
0.00000000e+00
-4.01974699e-02
-8.96391693e-01
9.63128236e-01
-1.99173038e-01
5.67194410e-01
2.14914777e-01
0.00000000e+00
3.42302303e-01
-2.01386125e-01
3.12903245e-01
-4.07329173e-01
8.34919628e-01
1.68248721e-01
-1.08770826e+00
-3.05275381e+00
-1.56173432e+00
0.00000000e+00
0.00000000e+00
0.00000000e+00
5.87489318e-01
-2.99221394e-01
4.00083751e-01
-4.32289281e-01
-3.06565336e+00
1.43192834e-01
3.33019971e-01
1.50765980e+00
-5.88118396e-01
0.00000000e+00
1.99940427e-01
-4.91492898e-01
-2.05261428e+00
-1.20014305e-01
1.32809918e+00
1.15046144e+00
6.91209567e-01
-1.63628543e+00
-7.56884987e-01
1.53968371e+00
-2.88649178e-01
0.00000000e+00
0.00000000e+00
0.00000000e+00
4.09656955e-02
-1.16527617e+00
-5.27142664e-01
5.75539151e-01
8.33759395e-01
-4.45114261e-02
-3.31092411e-01
1.09439584e-01
4.96492840e-02
0.00000000e+00
3.22334473e-01
-2.86257811e-01
7.24793751e-01
4.82135690e-01
-2.24637441e-01
1.59132888e-01
-1.07546482e-01
-4.65594093e-01
1.30825242e-01
-5.65165835e-01
-3.52429021e+00
0.00000000e+00
0.00000000e+00
0.00000000e+00
6.83346038e-01
2.84387929e+00
1.21469711e+00
4.30293126e-01
0.00000000e+00
0.00000000e+00
-4.81029327e-01
1.19894044e+00
-1.53168741e-01
0.00000000e+00
1.17125101e+00
8.22546394e-01
-4.56438614e-04
0.00000000e+00
-1.56589690e-01
5.94733225e-01
5.44894270e-01
0.00000000e+00
1.39081841e+00
1.35677808e-01
-1.23465456e+00
0.00000000e+00
0.00000000e+00
0.00000000e+00
1.14455832e+00
1.46083112e+00
6.89444264e-01
6.63990078e-01
0.00000000e+00
0.00000000e+00
8.99291662e-01
8.39287470e-01
7.37576317e-01
0.00000000e+00
6.38294714e-01
2.83231452e+00
-8.54127584e-04
0.00000000e+00
4.45066325e-01
9.94652758e-01
8.79093499e-01
0.00000000e+00
-2.94931001e-01
1.25294652e+00
136
-9.47286239e-01
-8.66412627e-01
2.18016771e-02
2.47844982e-02
1.82345099e-03
0.00000000e+00
0.00000000e+00
0.00000000e+00
0.00000000e+00
0.00000000e+00
0.00000000e+00
0.00000000e+00
0.00000000e+00
0.00000000e+00
0.00000000e+00
-2.96755473e-01
-3.40825254e-01
4.23084686e-02
0.00000000e+00
-3.93964617e-01
1.46105966e-01
-1.97654404e-01
-2.69564739e-01
-2.99155351e-01
-1.87311089e-01
-2.44825892e-02
2.78740585e-01
8.99260949e-02
-5.42725095e-01
-5.49787789e-01
6.97549691e-01
0.00000000e+00
-3.02496130e-01
-4.16110188e-01
2.04120992e-01
0.00000000e+00
-5.39877556e-01
-2.43749884e-01
6.91350486e-01
0.00000000e+00
0.00000000e+00
-4.92370902e-01
-3.02524585e-01
0.00000000e+00
0.00000000e+00
0.00000000e+00
0.00000000e+00
-4.71936398e-01
5.54615891e-01
1.93427484e-01
-1.20932284e+00
0.00000000e+00
-5.27563762e-01
-8.70422206e-02
2.11377120e-01
-1.04592437e+00
0.00000000e+00
1.72759923e-01
-3.53384138e-02
1.75654931e-02
6.19185127e-02
4.09013243e-01
-3.37604447e-01
-2.35860982e-01
7.64304696e-02
1.03411032e-02
0.00000000e+00
2.70247244e+00
2.45728482e-01
7.36855700e-01
3.10293050e-01
0.00000000e+00
4.05142534e-01
-6.19232747e-02
3.54768366e-02
1.16988304e-01
0.00000000e+00
-6.59879477e-01
-1.13419576e-02
4.97347662e-02
-5.04898655e-01
0.00000000e+00
2.20204887e+00
3.75900368e-01
5.41196429e-01
-8.16416691e-02
-8.71866837e-01
-2.71387074e+00
-1.38934363e+00
0.00000000e+00
0.00000000e+00
0.00000000e+00
8.60535713e-01
-1.81650094e+00
2.28516157e-01
-3.20744052e-01
-1.74615150e+00
2.97975079e-01
-1.18627918e-01
1.34121549e+00
-1.82749737e-01
0.00000000e+00
8.10193707e-01
-2.51392085e-01
-1.31055817e+00
4.68793549e-01
1.21690985e+00
1.08765791e+00
6.61454252e-01
-2.28665266e+00
-6.36029704e-01
3.06811436e-01
-3.21561743e+00
0.00000000e+00
0.00000000e+00
0.00000000e+00
5.96158036e-01
3.28878037e+00
-2.29109869e-02
-5.01406651e-01
-1.35874546e+00
-9.07932339e-01
-8.75425544e-01
9.46246448e-01
-6.49907211e-01
0.00000000e+00
3.03899385e-01
1.39491844e+00
-2.06342288e+00
-1.26872562e-01
-8.84881644e-01
1.76331793e-01
-1.43864440e-01
-2.30690173e+00
-2.80871911e-01
2.01191460e-01
17 1
-1.5485e+00 9.9858e-02
8 0
0 1 6 19 3 14 2 5 
217
3.08571212e-01
-4.03074873e-01
5.05903635e-01
-2.08031921e-01
1.35647084e-01
-2.71504495e-01
-3.70176463e-02
-3.48311412e-01
6.80233153e-02
-6.04938219e-01
-9.36128568e-01
2.15337967e+00
1.07804703e+00
-1.02539296e+00
2.77414453e-01
-1.15881787e-02
6.79623524e-01
3.11567598e-02
9.74444217e-04
8.26440451e-01
0.00000000e+00
0.00000000e+00
0.00000000e+00
0.00000000e+00
0.00000000e+00
0.00000000e+00
0.00000000e+00
0.00000000e+00
0.00000000e+00
0.00000000e+00
0.00000000e+00
0.00000000e+00
0.00000000e+00
6.54027308e-01
8.73217555e-01
0.00000000e+00
0.00000000e+00
-1.76985777e+00
-1.47639352e+00
-1.18712295e+00
-7.38757459e-01
-2.55441554e-01
7.24756357e-01
1.99570380e+00
0.00000000e+00
-1.08047077e+00
-6.65114592e-01
1.12787000e+00
0.00000000e+00
-1.26155881e+00
-9.18822908e-01
3.72401028e-01
0.00000000e+00
-5.14359995e-01
0.00000000e+00
1.62967996e+00
0.00000000e+00
0.00000000e+00
0.00000000e+00
-1.12407300e-01
-6.47855143e-01
-6.92868416e-01
-1.36638953e+00
0.00000000e+00
-2.54845724e-01
0.00000000e+00
4.99278126e-01
4.91885706e-01
6.41388110e-02
5.74199691e-01
0.00000000e+00
7.55781252e-01
-8.21566611e-01
1.46182066e-01
-2.57394455e-01
-2.91154711e-01
2.66376693e-01
0.00000000e+00
3.65688514e-01
3.84955651e-01
-2.89221574e-01
1.23995256e-01
2.32104273e-01
-3.83614743e-01
0.00000000e+00
4.81974550e-01
-7.12368757e-01
-2.50361321e-01
-1.76674414e-01
7.69579835e-02
4.41471061e-02
-2.79168299e-01
2.76777378e-01
2.90826604e-01
2.85486390e-01
-5.58891847e-01
2.54757434e-02
-1.08659577e-01
0.00000000e+00
5.06651292e-01
5.79557703e-01
-5.33876401e-02
-7.22670579e-02
-1.44692439e-01
5.62242413e-01
0.00000000e+00
6.65275393e-02
-8.26621873e-01
2.52320425e-01
4.88526307e-02
-1.02767521e-02
-4.79614739e-01
5.95131377e-01
2.59260175e-01
3.94790048e-01
-1.30144334e-01
4.97575020e-01
-4.15676006e-01
-5.76865379e-01
-1.30696793e+00
-2.93862210e+00
-1.05606139e+00
0.00000000e+00
0.00000000e+00
0.00000000e+00
8.22610110e-01
-1.95449173e+00
-1.71327277e-02
5.52709821e-02
-2.08766730e+00
3.74592853e-01
3.92576734e-01
1.18839173e+00
5.28047891e-01
0.00000000e+00
8.49651164e-01
-1.83629453e-01
-2.00021697e+00
4.66899454e-01
1.84329296e+00
6.37507930e-01
1.69386818e-01
-2.19913418e+00
-6.44434557e-01
7.02416912e-01
-2.48163553e-01
0.00000000e+00
0.00000000e+00
0.00000000e+00
-4.62185214e-02
1.38566354e-01
4.66129735e-02
3.15829192e-02
4.10095463e-01
-1.05941171e-01
-2.29170416e-01
1.57510078e-01
-4.90787629e-01
0.00000000e+00
-1.71189038e-01
3.38400284e-02
4.01297338e-01
7.12390492e-03
-7.89705465e-01
2.08853373e-01
1.28574244e-02
2.47082542e-01
1.42427860e-01
-2.53001571e-01
-3.50791246e+00
0.00000000e+00
0.00000000e+00
0.00000000e+00
7.10819758e-01
2.37552960e+00
1.07491427e+00
1.06777653e-01
0.00000000e+00
-4.16642605e-01
-9.65067093e-04
6.47929276e-01
3.78331867e-01
0.00000000e+00
7.98712767e-01
2.38515732e+00
-1.70885541e-03
8.36648609e-01
-5.61305274e-01
6.53894822e-01
-4.27913670e-01
9.44893071e-01
1.63585866e+00
7.65074958e-01
-1.10188321e+00
0.00000000e+00
0.00000000e+00
0.00000000e+00
8.77469769e-01
1.32924564e+00
6.89647762e-01
5.86937563e-01
0.00000000e+00
8.12847955e-02
-1.40393981e-03
1.12297077e+00
4.38283252e-01
0.00000000e+00
9.30007593e-01
8.99635623e-01
-3.11728289e-03
3.77981989e-01
1.15382076e+00
8.70075276e-01
1.00867542e+00
5.26036043e-01
2.48434698e-01
8.92000413e-01
136
3.97491126e-02
-6.32436108e-01
8.36709217e-03
2.55832936e-01
6.09860862e-03
0.00000000e+00
0.00000000e+00
0.00000000e+00
0.00000000e+00
0.00000000e+00
0.00000000e+00
0.00000000e+00
0.00000000e+00
0.00000000e+00
0.00000000e+00
-2.21375446e-01
5.20583479e-03
6.40286964e-01
0.00000000e+00
-7.56552407e-01
5.12066846e-01
1.26063867e-01
-5.47250533e-02
-1.12277879e-01
-6.00645920e-02
1.27085084e-01
2.58153247e-01
5.35809851e-02
-3.67316318e-01
-6.17550554e-01
1.12267860e+00
0.00000000e+00
-3.64063956e-01
-6.08239917e-01
6.16610667e-01
0.00000000e+00
-5.75298518e-01
-3.01872540e-01
1.00393045e+00
0.00000000e+00
5.82654975e-01
-7.12216308e-01
1.28912328e-02
0.00000000e+00
0.00000000e+00
0.00000000e+00
0.00000000e+00
2.15048963e+00
8.70628245e-01
5.87023149e-01
-7.67139653e-01
0.00000000e+00
-4.86747217e-01
-5.50502297e-02
9.67404148e-02
-1.07991309e+00
0.00000000e+00
5.85805415e-01
-1.14498662e-02
1.69137240e-01
6.13516350e-02
2.95186596e-01
-4.81760304e-01
-1.26878461e-01
-1.75815682e-02
4.95321133e-02
4.75402079e-01
4.07619672e-01
-8.94876978e-02
2.87034071e-01
2.25402980e-01
0.00000000e+00
-4.97480457e-02
-1.69547639e-01
-1.62785810e-02
2.47706242e-01
0.00000000e+00
-5.97939546e-01
-4.72811158e-02
1.10320947e-01
-5.39320867e-01
-4.29902422e-01
6.99747135e-01
2.75178529e-02
3.10526229e-01
-2.46762834e-01
-1.18684332e+00
-2.55840430e+00
-1.47040436e+00
0.00000000e+00
0.00000000e+00
0.00000000e+00
7.29804519e-01
-2.05979633e+00
2.64939255e-01
-2.16829780e-01
-1.80996880e+00
1.72812118e-01
-1.31635083e-01
1.50730297e+00
-3.58744211e-01
0.00000000e+00
7.80397257e-01
-2.48594788e-01
-1.30390803e+00
5.39408837e-01
1.47045554e+00
1.07942201e+00
5.73060349e-01
-2.13909695e+00
-6.31123475e-01
3.11690230e-01
-3.48709641e+00
0.00000000e+00
0.00000000e+00
0.00000000e+00
5.66620882e-01
2.66889859e+00
7.87124141e-02
-1.91589531e-01
-1.53188521e+00
-1.62900927e+00
-1.23060772e+00
7.61099087e-01
-2.78130909e-01
0.00000000e+00
3.40929207e-01
2.04639820e+00
-1.69436047e+00
6.39109770e-02
-9.09827607e-01
2.20163581e-01
-2.07441965e-02
-2.85725712e+00
-1.11844431e-01
2.21427112e-01
8 1
-1.6309e+00 1.3679e-01
8 1
0 1 6 19 3 14 2 5 
217
3.32739524e-01
-1.23430587e-01
4.74356861e-01
-1.53886776e-01
1.64558668e-02
-1.18909724e-01
5.26981045e-03
-3.17241822e-01
-4.67167332e-01
7.33044074e-01
2.80517368e-01
6.21041877e-01
4.97663811e-01
-1.13361323e+00
-2.69593182e-01
2.21187569e-02
1.05580454e-01
-2.33279208e-02
3.22186360e-03
5.35204464e-01
2.22297298e-01
1.29365209e-03
5.04871665e-01
4.03363328e-01
-3.45131693e-04
5.41807086e-01
0.00000000e+00
0.00000000e+00
0.00000000e+00
0.00000000e+00
0.00000000e+00
0.00000000e+00
-8.69072864e-02
5.46257585e-01
1.70312784e-01
-2.95902911e-01
8.14314679e-01
-5.20158781e-01
-2.87566951e-01
-3.23410510e-01
-8.67713099e-02
1.20198443e-01
5.98033524e-02
5.56330602e-01
1.07922447e+00
-2.41098220e-01
-1.01490111e+00
1.10808932e+00
0.00000000e+00
-3.91984560e-01
-5.61426461e-01
2.55486195e-01
0.00000000e+00
-8.60006383e-01
-7.64068365e-01
1.08731780e+00
0.00000000e+00
0.00000000e+00
6.12673337e-01
-2.13553447e-01
-2.58613203e-01
6.92912794e-01
-9.15874746e-01
3.56192022e-01
-9.88167446e-01
-4.99531587e-01
6.40432699e-01
-7.23530199e-02
3.24282249e-01
7.13972715e-01
0.00000000e+00
-1.61593205e-01
-1.01905731e+00
5.51975905e-01
7.78077030e-01
-4.23586243e-02
2.45136787e-01
0.00000000e+00
4.17036609e-01
1.99660571e-01
-4.61773116e-01
1.95525663e-01
3.77476031e-01
6.24088942e-01
0.00000000e+00
2.27433258e-01
-6.85369019e-02
1.25127800e-01
1.12601689e-01
-1.98215331e-02
-3.80394949e-01
-2.29261577e-01
1.43092047e-01
1.14407855e+00
2.74061638e-01
-5.08460367e-01
1.44847417e-01
-3.23392999e-02
0.00000000e+00
4.32685366e-01
-1.58016659e-01
-1.07225210e-01
2.15475928e-02
7.27936849e-03
-3.80660528e-02
0.00000000e+00
-3.35933420e-01
-6.97619495e-01
4.73275956e-01
-3.67930299e-02
1.95809250e-01
-1.35184465e-01
2.13211348e-02
-1.20300965e-01
1.20696219e-02
3.76457242e-01
-1.21950617e-01
5.52621124e-02
4.16866943e-02
-1.33748918e+00
-3.06241694e+00
-1.62021766e+00
0.00000000e+00
0.00000000e+00
0.00000000e+00
7.16407887e-01
-1.30021452e+00
-6.85086190e-02
-3.22749188e-01
-1.38236446e+00
-1.35331741e-01
-2.54401644e-01
9.28569946e-01
8.40743356e-02
0.00000000e+00
6.31945376e-01
-3.18108012e-01
-1.11981125e+00
2.68088211e-01
6.15926751e-01
1.16550788e+00
4.17666580e-01
-1.53319672e+00
-2.70630048e-01
2.56911578e-01
-1.48898680e-02
0.00000000e+00
0.00000000e+00
0.00000000e+00
3.42838980e-02
-5.63123466e-01
7.80716056e-02
9.21092999e-02
8.91887254e-03
1.53157473e-01
1.68764046e-01
7.69873143e-02
-1.28117662e-01
0.00000000e+00
1.54501589e-01
8.25891164e-03
6.10217836e-02
1.16172388e-01
7.06899362e-02
-2.03113839e-01
-6.37141945e-02
-1.65412126e-01
4.35884119e-02
4.20658914e-02
-3.74427446e+00
0.00000000e+00
0.00000000e+00
0.00000000e+00
-1.32677541e-02
2.46043913e+00
-1.42922893e-01
2.83107406e-01
-3.83227872e-04
-1.02483005e+00
-6.03833929e-01
6.49153774e-01
2.34072251e-01
0.00000000e+00
-1.62360430e+00
2.14566550e+00
-6.26031444e-01
-1.72878355e-01
-9.65279054e-01
-7.30083262e-02
-7.42395320e-01
-2.58686409e-04
3.82849649e-03
-1.20526329e+00
-4.79555950e-01
0.00000000e+00
0.00000000e+00
0.00000000e+00
5.05344551e-01
4.01316667e-01
2.87323141e-01
4.86898006e-02
-6.39674450e-04
-6.32325925e-01
-2.86258616e-01
4.51855365e-01
6.38548921e-01
0.00000000e+00
9.95936375e-01
2.04722544e-01
-1.26068477e+00
1.85298524e-01
3.29056846e-01
4.22321091e-01
4.43224454e-01
-4.39025280e-04
1.47919808e-01
6.25685909e-01
136
3.58360450e-01
-1.87741164e-01
8.39398176e-03
2.48332597e-01
-9.75940421e-04
4.60988700e-02
1.78321179e-03
2.51670147e-01
-4.37708901e-05
0.00000000e+00
0.00000000e+00
0.00000000e+00
0.00000000e+00
0.00000000e+00
0.00000000e+00
2.36306874e-01
5.60617733e-01
2.70159406e-01
-6.99485633e-01
-4.41432712e-02
2.35922237e-02
1.01143204e-01
1.96968000e-01
2.24435603e-01
2.64485314e-02
-1.63018619e-01
-7.06522297e-03
-4.41432712e-02
3.01750781e-01
-5.15030020e-01
7.84726760e-01
0.00000000e+00
1.17302483e-01
-6.25431357e-02
-3.01384076e-01
0.00000000e+00
-1.09453435e-01
-4.64239537e-01
4.76443225e-01
0.00000000e+00
1.85230345e-01
1.08281869e+00
-1.09311836e+00
0.00000000e+00
0.00000000e+00
0.00000000e+00
3.49720371e-01
-3.52857640e-01
5.26849084e-01
1.23681300e-01
-8.28104651e-01
0.00000000e+00
3.95461990e-01
4.54748621e-01
2.86513597e-01
-9.92873706e-01
0.00000000e+00
4.30054503e-01
2.24207584e-01
-4.37271700e-02
6.23613753e-02
6.17280446e-01
-2.52317850e-01
9.43679551e-03
-3.94680977e-02
-8.67474426e-02
1.35767657e-01
2.08670231e-01
-1.52316618e-01
1.85525828e-01
2.37304119e-01
0.00000000e+00
3.71326338e-01
2.35518709e-02
3.18422167e-02
-2.28888735e-02
0.00000000e+00
-7.84938846e-02
2.77447130e-02
2.10518305e-01
-7.55260452e-01
2.97884188e-01
-9.75136486e-03
-1.48642772e-01
1.08494937e-01
-1.74705877e-01
-1.21599300e+00
-2.35884198e+00
-1.41439673e+00
0.00000000e+00
0.00000000e+00
0.00000000e+00
6.76339632e-01
-1.86541199e+00
3.06834656e-01
-1.67278001e-01
-1.59562399e+00
3.29742557e-01
1.33551537e-02
1.49001971e+00
-5.89645124e-01
0.00000000e+00
6.94614568e-01
-1.34488009e-01
-1.30015390e+00
5.13097498e-01
1.21648795e+00
1.03653207e+00
5.17082525e-01
-2.11220510e+00
-5.99607741e-01
1.55910792e-01
-3.62873458e+00
0.00000000e+00
0.00000000e+00
0.00000000e+00
4.40840967e-01
2.29656325e+00
-1.61686068e-01
-3.99221481e-01
-8.71464479e-01
-8.97260561e-01
-1.50017136e+00
6.66020515e-01
-3.01821802e-01
0.00000000e+00
-6.72599893e-01
3.71835922e+00
-1.83984704e+00
1.72667286e-01
-1.23196565e+00
1.24898670e-01
-7.58266384e-02
-2.46211647e+00
-3.48418836e-01
-2.85684217e-01
