0 6 -999999999 -1 -1
1 2 0 -1 -1
0.3917 -0.8803
356
1.31894725e+00
5.80506392e-01
7.38440854e-01
-1.35357447e-01
1.09517613e-01
-4.58556786e-02
-2.10704191e-02
0.00000000e+00
0.00000000e+00
-2.71755371e-01
-4.33957418e-01
0.00000000e+00
0.00000000e+00
-1.24994361e-02
-2.86625478e-02
-9.41954631e-02
0.00000000e+00
0.00000000e+00
0.00000000e+00
0.00000000e+00
0.00000000e+00
0.00000000e+00
0.00000000e+00
0.00000000e+00
0.00000000e+00
0.00000000e+00
0.00000000e+00
0.00000000e+00
0.00000000e+00
0.00000000e+00
0.00000000e+00
0.00000000e+00
0.00000000e+00
0.00000000e+00
0.00000000e+00
0.00000000e+00
0.00000000e+00
0.00000000e+00
0.00000000e+00
0.00000000e+00
0.00000000e+00
0.00000000e+00
0.00000000e+00
0.00000000e+00
0.00000000e+00
0.00000000e+00
0.00000000e+00
0.00000000e+00
0.00000000e+00
0.00000000e+00
0.00000000e+00
-5.28605853e-01
-9.94027683e-01
7.76580596e-01
0.00000000e+00
0.00000000e+00
0.00000000e+00
0.00000000e+00
3.19662748e-01
1.24868909e-01
5.66568394e-01
2.32924500e-01
8.05926630e-01
-3.50271094e-01
3.98136616e-01
-1.02917083e+00
-7.71347141e-01
-9.92118274e-01
0.00000000e+00
0.00000000e+00
0.00000000e+00
2.01359207e+00
-9.72366857e-03
-5.72261818e-01
4.54355039e-01
-1.84082027e-03
-3.92367165e-01
-8.41620873e-01
-1.11920471e-03
-7.59491804e-02
0.00000000e+00
0.00000000e+00
1.19236483e+00
1.20653320e+00
1.56570486e+00
-6.11102938e-01
-8.49317062e-01
-7.11124300e-01
0.00000000e+00
0.00000000e+00
-3.96930064e-01
-2.41931374e-01
-1.12451731e+00
-4.94838809e-01
-5.28950982e-01
-4.98082425e-01
3.73251646e-02
-9.10053870e-02
2.33598120e-01
-3.20015824e-02
1.63539218e-01
-3.58931623e-02
0.00000000e+00
0.00000000e+00
2.84035855e+00
3.04381157e+00
0.00000000e+00
0.00000000e+00
0.00000000e+00
0.00000000e+00
1.91872211e-01
1.07309602e+00
2.90930481e-01
2.92629635e-01
1.36569586e-01
-4.17202760e-01
-8.61137007e-01
-2.18907116e+00
0.00000000e+00
9.99446412e-01
1.19587393e-01
5.29012103e-01
-1.05836599e-01
-1.88534755e+00
1.08520089e+00
-1.30450161e-01
6.22523024e-02
-3.33534086e-01
-8.00433000e-01
-1.14886217e+00
4.79291046e+00
4.81325850e+00
4.77594376e+00
4.79612324e+00
4.85096259e+00
4.72550027e+00
9.37398994e-02
5.51671049e-02
-3.69724378e-02
9.95015018e-02
1.03209316e-01
-6.25767659e-01
2.39434718e-01
-8.97554126e-03
-1.56292119e-01
-9.51229885e-02
-1.92790202e-01
-5.31997934e-01
1.22586992e+00
0.00000000e+00
0.00000000e+00
0.00000000e+00
-4.59038105e-01
1.55857027e+00
0.00000000e+00
0.00000000e+00
5.52115426e-01
2.88654220e-01
0.00000000e+00
-3.58268356e-01
-4.32802634e-01
-6.13888639e-01
-1.05683715e+00
-7.52707331e-01
-1.48963979e+00
0.00000000e+00
0.00000000e+00
0.00000000e+00
6.51710935e-01
6.72933127e-01
3.96623241e-02
-3.46928559e-02
-1.44005238e+00
6.32056001e-01
2.07006152e-01
2.83240577e-01
-1.99793720e-01
0.00000000e+00
1.00742780e+00
-3.82858687e-01
-1.08335669e+00
-2.35404274e-03
-1.07223784e+00
6.38394910e-02
2.54107908e-01
-1.22353369e+00
-4.47897317e-01
5.85153115e-01
4.60121953e-01
0.00000000e+00
0.00000000e+00
0.00000000e+00
-3.94620326e-02
-4.00772496e-01
-5.58327480e-02
1.63282231e-01
2.72004638e-01
-1.81438031e-03
8.56273730e-02
-2.20689356e-01
2.56370006e-01
0.00000000e+00
-1.54907655e-01
1.34797716e-01
1.86452771e-01
1.34961863e-01
-2.95568584e-01
5.88891945e-02
1.33351290e-02
2.37478950e-01
1.59357374e-01
-7.33880409e-02
-7.55465821e-01
-3.88344140e-01
9.13752651e-02
-4.70725906e-01
-2.49119107e-01
7.57274097e-01
7.25187906e-02
-1.21813703e+00
-5.49456469e-01
0.00000000e+00
0.00000000e+00
0.00000000e+00
-4.44377469e-02
5.73253438e-01
-2.29388203e-01
2.44004604e-01
-1.33521045e-01
2.17071727e-01
2.08365267e-01
-9.58238723e-01
8.51343767e-02
0.00000000e+00
6.00552600e-01
3.59186563e-01
1.29568768e-01
-6.21985742e-02
-1.09860951e+00
-6.96633682e-01
-3.06135996e-01
3.26210251e-02
-1.16238163e-02
5.41572460e-01
-3.67121681e-01
0.00000000e+00
-7.01129775e-01
1.30942906e-03
-7.34173967e-01
-4.44584946e-02
-1.25099281e+00
-1.43471811e+00
-9.26222068e-01
9.09560994e-01
2.33222009e-01
-1.18724150e+00
-6.89715472e-01
9.03496955e-01
-3.66045455e-01
-8.27873806e-01
-1.36659597e+00
0.00000000e+00
0.00000000e+00
0.00000000e+00
-1.03637050e+00
-1.60022839e-01
-5.89342948e-02
-3.24134124e-01
-4.29838899e-01
4.36892495e-01
1.47406517e-01
4.47541164e-01
7.41326724e-02
0.00000000e+00
-4.36491752e-01
-2.52628816e-01
-7.63684284e-01
9.25779928e-01
-3.89895242e-03
7.15419058e-02
-7.00677225e-02
-3.01353072e-01
3.12618890e-01
5.49157144e-02
3.60041590e-01
0.00000000e+00
0.00000000e+00
0.00000000e+00
-2.91948982e-03
-1.09114551e-01
-7.19824592e-02
2.93416553e-01
-1.53970178e-02
3.37713787e-02
1.73803833e-01
-2.38910287e-01
1.14072712e-01
0.00000000e+00
-3.28323184e-02
1.25417814e-01
1.19736359e-01
-2.70503588e-02
-8.24533607e-02
-4.59232356e-02
-2.21455852e-02
7.77426858e-02
5.07833571e-03
6.57305810e-02
-7.44675761e-01
-1.47768815e-01
1.67715121e+00
6.78094070e-01
5.33599873e-01
6.26788503e-01
1.36083882e-01
-9.10641199e-01
-1.99980709e-01
0.00000000e+00
0.00000000e+00
0.00000000e+00
-7.05555160e-02
-9.78954696e-02
2.96471469e-01
-5.89076967e-01
2.66512968e-01
-2.54422086e-01
-4.73437069e-01
8.03274423e-01
-6.51792279e-02
0.00000000e+00
-4.49708285e-01
-4.03254500e-01
-2.08209611e-01
8.88308042e-02
4.48836799e-01
5.48293471e-01
3.11485418e-01
1.38102063e-01
9.72145018e-02
-5.87263895e-01
-5.96906947e-01
2.02817958e+00
9.96642076e-01
6.42247434e-01
-6.21920208e-01
-4.66119824e-01
1.01886179e+00
4.51747196e-02
7.21341129e-02
7.79156621e-01
6.45958255e-02
-1.30987227e+00
-1.55800384e-01
1.03677655e+00
-4.43874644e-01
-1.56874872e-01
247
-2.66560771e-01
-2.76587111e-01
1.00263396e-02
-1.66814268e-01
-1.09772843e-01
-5.88003335e-04
0.00000000e+00
0.00000000e+00
0.00000000e+00
0.00000000e+00
1.22741138e-01
-9.94456889e-02
0.00000000e+00
0.00000000e+00
0.00000000e+00
0.00000000e+00
0.00000000e+00
0.00000000e+00
0.00000000e+00
0.00000000e+00
0.00000000e+00
0.00000000e+00
0.00000000e+00
0.00000000e+00
0.00000000e+00
0.00000000e+00
0.00000000e+00
0.00000000e+00
0.00000000e+00
0.00000000e+00
0.00000000e+00
0.00000000e+00
0.00000000e+00
0.00000000e+00
0.00000000e+00
0.00000000e+00
0.00000000e+00
0.00000000e+00
0.00000000e+00
0.00000000e+00
0.00000000e+00
0.00000000e+00
0.00000000e+00
8.59789404e-01
-9.53489674e-03
-1.88975015e-01
-1.32723502e-03
-3.86757572e-01
1.19539151e-03
0.00000000e+00
0.00000000e+00
3.48627981e-01
2.99805672e-01
2.65542493e-01
1.87504431e-01
-2.73775656e-01
-4.83715444e-02
0.00000000e+00
0.00000000e+00
2.10838726e+00
3.35560581e+00
0.00000000e+00
0.00000000e+00
0.00000000e+00
0.00000000e+00
0.00000000e+00
8.37483966e-01
3.69549542e-01
1.48649842e-02
-2.16994416e-01
-4.71902085e-01
-8.02348292e-01
-2.15632022e+00
0.00000000e+00
6.23920266e-01
0.00000000e+00
7.66827859e-01
0.00000000e+00
-2.20359130e+00
7.04461965e-01
-1.09869272e-01
-1.74207078e-01
-6.66002147e-01
-8.47421239e-01
-1.23166335e+00
6.74355140e+00
6.85516112e+00
6.86574591e+00
6.91384443e+00
6.91969666e+00
7.00836193e+00
-8.07057867e-01
-5.48708239e-01
-5.82466370e-01
-4.52413552e-01
-2.40821440e-01
-9.20249593e-01
-7.84856542e-01
-3.85312264e-01
-5.94006946e-01
-4.86192293e-01
-9.08466852e-01
-8.90338089e-01
8.88202462e-01
-1.29746545e+00
1.39401490e+00
0.00000000e+00
1.42663604e-01
-9.87361932e-02
0.00000000e+00
-2.03338795e+00
-7.63063311e-01
-1.33944694e+00
-8.16140603e-01
-7.72638023e-01
-2.10251025e+00
0.00000000e+00
0.00000000e+00
0.00000000e+00
6.21219014e-01
-3.74689822e-01
1.06909875e-01
-7.94342948e-02
-1.86859694e+00
7.92734335e-01
-1.58984841e-01
4.20626471e-01
1.46112150e-02
0.00000000e+00
7.02675677e-01
2.89845754e-01
-7.96545526e-01
3.49822304e-01
-1.07226293e+00
3.76630086e-01
3.18702266e-01
-1.78717757e+00
-4.88779142e-01
5.30183827e-01
-1.50800597e+00
-1.01888150e+00
0.00000000e+00
2.08767476e-01
2.93048092e-01
2.83895405e-01
0.00000000e+00
0.00000000e+00
0.00000000e+00
-9.52816264e-02
1.56512955e-01
4.01745943e-02
-1.49783719e-01
7.05334081e-02
-1.70413700e-01
-4.11865143e-02
3.51690272e-01
-1.68553557e-02
0.00000000e+00
-1.05520550e-01
-1.46510828e-01
-1.52845971e-01
2.94766641e-02
5.98666135e-01
5.23623315e-02
-7.77808310e-02
9.95238252e-02
9.23432835e-03
-1.68100014e-01
-4.89124471e-01
0.00000000e+00
3.71826605e-01
3.44028472e-01
-5.94504279e-01
2.55818185e-01
0.00000000e+00
-1.54723033e+00
-8.37871918e-01
-8.50322464e-01
5.52029247e-01
-9.57369291e-01
-8.63999725e-01
-1.58877863e+00
0.00000000e+00
0.00000000e+00
0.00000000e+00
-4.65383963e-01
-9.06713037e-01
3.47986355e-02
-3.27481758e-01
-1.44810980e+00
7.48984736e-01
1.76308529e-01
2.97891033e-02
2.53569370e-02
0.00000000e+00
1.32172970e-01
3.03111260e-01
-3.14880126e-01
7.62170166e-01
-3.49101947e-01
-7.70634636e-02
2.50142523e-01
-7.33032309e-01
4.74638086e-01
9.55148350e-02
-8.71711037e-01
-5.19735350e-01
1.34853048e+00
8.10033475e-01
6.11910552e-01
1.67282105e-01
0.00000000e+00
0.00000000e+00
0.00000000e+00
-2.31172251e-02
3.16032909e-01
-3.73919404e-02
3.84304904e-01
-1.00722746e-01
2.16138020e-02
3.26836792e-01
-2.73263827e-01
3.65150289e-03
0.00000000e+00
1.74124184e-01
1.24152928e-01
-1.32670481e-01
-1.21060286e-01
-5.32098746e-01
-1.06848409e-01
-1.27077661e-01
1.45615028e-01
-1.10139217e-01
2.35340593e-01
-3.51975687e-01
3.24584527e-01
-7.01344486e-02
-3.15140902e-01
-7.17067589e-01
-2.96405253e-01
1.04596305e+00
4.11875076e-01
1.88916042e-01
-4.20662336e-01
6.94221531e-01
-4.75539553e-01
-5.03740597e-01
1 -999999999 4 0 -1
1 0 2 1 -1
1.4416e-01 -1.1283e-01
356
-7.02190621e-02
0.00000000e+00
0.00000000e+00
0.00000000e+00
0.00000000e+00
0.00000000e+00
0.00000000e+00
0.00000000e+00
0.00000000e+00
0.00000000e+00
0.00000000e+00
0.00000000e+00
0.00000000e+00
0.00000000e+00
0.00000000e+00
0.00000000e+00
-2.66675792e-01
1.96456730e-01
3.02978209e-01
-2.56835002e-01
-1.73502692e-01
-1.96204539e-01
0.00000000e+00
0.00000000e+00
5.13580436e-01
2.75786610e-01
0.00000000e+00
0.00000000e+00
1.63561480e-02
1.27274060e-01
1.59348001e-01
7.44620761e-02
0.00000000e+00
-1.86064770e+00
-1.70472706e+00
3.37533554e-01
5.64503997e-02
1.66309174e+00
8.22691187e-01
2.72018030e-01
1.49836415e+00
0.00000000e+00
0.00000000e+00
0.00000000e+00
0.00000000e+00
0.00000000e+00
0.00000000e+00
0.00000000e+00
0.00000000e+00
0.00000000e+00
0.00000000e+00
7.68555741e-03
-2.31348557e-01
-1.19516858e+00
0.00000000e+00
0.00000000e+00
0.00000000e+00
0.00000000e+00
-3.55575606e-01
-5.20318116e-02
-1.48531190e-01
5.53570893e-01
4.40308776e-01
-3.30192826e-02
3.50496154e-01
-6.23017366e-01
-3.56917196e-01
-3.54302791e-01
0.00000000e+00
0.00000000e+00
0.00000000e+00
-1.10972917e-01
1.00600356e-02
-1.20317429e-01
-1.85579376e-01
-1.35278351e-03
2.47185103e-01
4.15690830e-01
1.83302242e-03
-3.73151166e-03
0.00000000e+00
0.00000000e+00
7.11624071e-02
5.37033190e-02
2.26024124e-01
-1.92655313e-01
1.20592496e-01
1.42103359e-01
0.00000000e+00
0.00000000e+00
2.21224812e-02
-5.67869514e-02
-4.27216616e-01
-3.63155068e-01
-2.53763460e-01
-4.36803084e-02
1.59271449e-01
6.02483589e-02
-3.75356167e-02
8.99668454e-02
-2.32734662e-01
-6.98437681e-02
0.00000000e+00
0.00000000e+00
2.53332879e+00
1.33553270e+00
0.00000000e+00
0.00000000e+00
0.00000000e+00
4.78944966e-03
1.04172996e-01
8.19618585e-01
-2.81107207e-01
8.44332851e-02
-7.23350725e-02
-5.08285526e-01
-5.29084436e-01
-2.14685510e+00
0.00000000e+00
1.31652062e+00
-1.07896079e-01
7.67867103e-01
-9.48656964e-02
-2.43673450e+00
1.12019382e+00
-1.41637861e-01
-1.33623353e-01
-2.82559501e-01
-4.91706174e-01
-8.26473428e-01
3.83437636e+00
3.82747537e+00
3.77912348e+00
3.72345431e+00
3.81119265e+00
3.68982283e+00
2.61981474e-01
1.63122633e-01
1.70385300e-02
1.33387899e-01
5.88078064e-02
-6.36924480e-01
5.97239066e-01
5.50744054e-01
3.86724962e-01
4.35787272e-01
2.40982618e-01
-1.18568029e-03
8.49686197e-01
0.00000000e+00
0.00000000e+00
0.00000000e+00
-6.49945267e-01
2.02466903e+00
0.00000000e+00
0.00000000e+00
-2.69959992e-01
2.48468253e-01
-2.17486543e+00
0.00000000e+00
7.64981131e-02
-1.80985214e-01
-5.05180534e-01
-1.18143261e+00
-4.28682421e-01
0.00000000e+00
0.00000000e+00
0.00000000e+00
6.86730459e-01
6.58813246e-01
-2.24142512e-01
4.26009312e-01
-1.52189305e+00
4.75103126e-01
2.11263786e-01
1.18729721e-04
1.13330573e+00
0.00000000e+00
8.74019975e-01
-3.63445735e-01
-7.93060676e-01
5.10256730e-01
-1.89924837e+00
4.58310409e-02
8.33743038e-02
-9.38617273e-01
3.81862299e-02
1.68712525e-01
-1.10516732e-01
0.00000000e+00
0.00000000e+00
0.00000000e+00
-9.24299295e-02
-2.96747663e-01
5.56656967e-02
-5.52512745e-02
2.97941295e-01
-5.28405285e-02
-5.56932625e-02
1.01648728e-01
-3.31214059e-01
0.00000000e+00
-1.40921412e-01
-9.24478866e-02
2.88936356e-02
3.29495391e-02
3.52003819e-01
-2.94189622e-02
-2.58589940e-02
1.30088955e-01
8.87068595e-02
-2.55912882e-02
-3.61865292e-01
8.51346902e-02
-1.14238925e+00
-3.72583343e-01
-2.77529806e-01
1.90290378e-01
1.73152404e-01
-2.78308092e-01
1.41074727e-02
0.00000000e+00
0.00000000e+00
0.00000000e+00
1.76684445e-01
9.02360820e-01
-2.21850035e-01
4.16555359e-01
-1.72296972e-01
1.36546506e-01
3.23338715e-01
-9.32448606e-01
5.82742508e-01
0.00000000e+00
6.89899805e-01
1.10573453e-01
2.37729081e-02
-1.63522565e-01
-1.35859374e+00
-6.45086463e-01
-2.27541198e-01
-6.81779674e-02
-1.57101890e-01
5.98252393e-01
-4.46999982e-01
-8.48448371e-01
-1.42580795e+00
-1.74637156e-01
-6.68171290e-02
-8.63657708e-03
-2.68947456e+00
-1.92970203e+00
-4.42228010e-01
6.32054662e-01
2.12849555e-01
-8.53540794e-01
-5.81805520e-02
-1.89992706e+00
-3.22033835e+00
-4.25196983e-01
-1.36241782e+00
0.00000000e+00
0.00000000e+00
0.00000000e+00
-9.73811123e-01
-1.61978214e+00
4.34457522e-01
5.69515038e-02
-6.94037579e-01
7.79162088e-01
3.56306701e-01
5.45982531e-01
-6.64273420e-01
0.00000000e+00
-5.77921632e-01
3.01036527e-01
-9.95450462e-01
7.27834231e-01
4.57183090e-01
5.44899799e-01
4.53640025e-01
-7.30894179e-01
1.23265313e-01
1.13033387e-01
-1.31229031e-01
0.00000000e+00
0.00000000e+00
0.00000000e+00
-5.16223854e-02
2.72222281e-01
-2.01970025e-01
-5.69410766e-02
-4.06600850e-02
3.56855338e-02
5.12965435e-03
-2.76176441e-01
2.10881514e-01
0.00000000e+00
4.50864943e-02
3.45495104e-02
1.75247854e-01
3.53371572e-02
-1.54729047e-01
-2.55138542e-01
-1.74174962e-01
1.15195119e-01
4.25323382e-02
1.08316077e-01
-3.36081110e-01
-5.78606419e-02
9.73494288e-01
5.12960652e-01
1.91054392e-01
1.34325486e-01
1.07638280e-01
-2.99824408e-01
1.45848677e-01
0.00000000e+00
0.00000000e+00
0.00000000e+00
3.30322629e-02
-3.75979592e-01
3.42774962e-01
-4.45627885e-01
2.23677369e-01
-1.64324777e-02
-4.32631045e-01
9.93778247e-01
-3.69274212e-01
0.00000000e+00
-4.88835239e-01
-6.30025963e-02
-1.60188051e-01
2.50302765e-02
2.86104556e-01
7.07007642e-01
2.70417895e-01
9.58100803e-02
4.22041590e-02
-5.22017677e-01
-2.78220469e-01
-1.25218693e-01
-3.15786062e-02
-2.61591612e-01
-1.02633671e+00
-1.23124572e-01
3.09694694e-02
1.14151932e-01
6.45217562e-03
3.34382296e-01
8.81576400e-02
-5.45664508e-01
-9.03212140e-01
5.74383596e-01
6.53705446e-01
2.81946390e-01
247
-5.55572833e-01
0.00000000e+00
0.00000000e+00
0.00000000e+00
0.00000000e+00
0.00000000e+00
0.00000000e+00
0.00000000e+00
0.00000000e+00
1.70796089e-01
0.00000000e+00
0.00000000e+00
0.00000000e+00
0.00000000e+00
-1.52170761e-01
-4.03402073e-01
1.79212527e-01
-3.31383287e-01
-5.34612354e-01
-4.10112836e-01
0.00000000e+00
0.00000000e+00
0.00000000e+00
7.72693480e-01
9.78044570e-01
0.00000000e+00
0.00000000e+00
-5.55572833e-01
0.00000000e+00
8.22911862e-01
-1.37848470e+00
-1.48383623e+00
2.31402704e-01
-3.03754176e-01
0.00000000e+00
0.00000000e+00
0.00000000e+00
0.00000000e+00
0.00000000e+00
0.00000000e+00
0.00000000e+00
0.00000000e+00
0.00000000e+00
-8.23255358e-02
9.05113299e-04
-1.17453507e-01
-5.00326473e-04
-2.23710315e-01
2.96593369e-04
0.00000000e+00
0.00000000e+00
6.09470945e-01
5.13885328e-01
8.25867554e-01
-8.98494217e-01
-6.65376306e-01
-5.85433415e-01
0.00000000e+00
0.00000000e+00
2.86018050e+00
1.15801215e+00
0.00000000e+00
0.00000000e+00
0.00000000e+00
0.00000000e+00
0.00000000e+00
2.59248069e-02
-1.36469039e-01
1.30744204e-01
1.33036417e-01
-3.15212298e-01
-1.01468156e+00
-2.11987289e+00
0.00000000e+00
8.98379820e-01
1.36575020e-01
6.46617317e-01
0.00000000e+00
-2.32335272e+00
8.62469635e-01
2.27984610e-02
-1.05774717e-01
-5.25287870e-01
-4.93898077e-01
-7.39413394e-01
5.15401451e+00
5.10727200e+00
5.06587146e+00
5.08286763e+00
5.03965780e+00
4.93240359e+00
-2.21660980e-01
-2.21487275e-02
-1.76802347e-01
-9.56813506e-02
-1.73201161e-01
-5.75493960e-01
5.06815406e-01
2.30454964e-01
1.59159655e-01
1.75762002e-01
2.80995546e-01
-2.39748480e-01
-9.32981636e-02
-7.34479024e-01
1.78663242e+00
0.00000000e+00
2.72204354e-01
-2.79694101e-01
-2.94720099e+00
0.00000000e+00
-1.29782168e-01
-3.38770175e-01
-4.05802428e-01
-1.20501228e+00
-4.68552342e-01
0.00000000e+00
0.00000000e+00
0.00000000e+00
4.92864529e-01
-7.68386577e-01
2.57753589e-03
-6.08140327e-02
-5.28327218e-01
3.65815525e-01
2.50097693e-01
1.53173230e-01
1.90915472e-02
0.00000000e+00
4.32013193e-01
6.65702467e-01
-6.51314871e-01
4.21681491e-01
-1.30382091e+00
3.62065781e-01
3.61460856e-01
-4.27255850e-01
-1.37808069e-01
-1.17368664e-01
-2.33326207e-01
2.18207633e-01
-1.36461061e+00
-6.02138428e-01
-5.53580864e-02
-2.21461844e-01
0.00000000e+00
0.00000000e+00
0.00000000e+00
-6.72199212e-02
-2.22430865e-01
7.53369129e-02
-1.83786618e-01
2.07722646e-02
-7.79974204e-02
-1.47144216e-01
2.68102743e-01
-3.50957504e-01
0.00000000e+00
2.81572219e-02
-2.65255565e-02
-2.23604022e-01
-5.51444727e-02
7.26948953e-01
7.98608541e-02
-9.45599555e-02
5.53552345e-02
1.10455288e-02
-3.76710055e-02
-4.51533840e-01
-1.92970852e+00
-1.66659694e+00
-5.80339835e-01
-2.35226136e-01
-3.47989801e-01
-1.97889047e+00
-1.63871057e+00
-7.65990351e-01
1.12763665e-01
-2.80332189e+00
-3.08152108e+00
-1.45072353e+00
-1.61081471e+00
0.00000000e+00
0.00000000e+00
0.00000000e+00
-4.90606720e-01
-1.66630603e+00
2.10151364e-01
-7.04312655e-02
-6.39991164e-01
5.83222419e-01
4.09673614e-01
2.67977829e-01
1.43449337e-01
0.00000000e+00
-4.36700468e-01
2.13402741e-01
-4.92591526e-01
7.73966748e-01
-6.15534693e-01
2.58362282e-01
3.13963435e-01
-6.47601647e-01
3.38270428e-01
-6.34913872e-02
-2.21633060e-01
3.79969483e-01
-1.95728938e-01
8.85981235e-02
1.25050068e-01
-5.13423010e-01
0.00000000e+00
0.00000000e+00
0.00000000e+00
2.41022612e-02
5.46564477e-01
-2.85323481e-01
3.45096092e-01
-3.30441529e-01
3.50960943e-02
1.32929982e-01
-4.34332842e-01
4.50021729e-01
0.00000000e+00
3.25887876e-01
-1.04074689e-01
-3.51275432e-02
-4.52691011e-02
-7.51591136e-01
-3.14524182e-01
-2.45145593e-01
-3.52885322e-02
-8.89091929e-02
2.96906300e-01
-6.01602543e-01
6.17920509e-01
5.09575785e-01
1.83209369e-01
-1.38918165e+00
-7.85771911e-01
1.65946594e-01
9.08388473e-02
-1.17652421e-01
-6.03409735e-01
9.40268995e-01
5.25104637e-01
-8.88951066e-03
2 1
-3.4606e-01 4.1396e-02
2 1
0 1 
217
5.08279674e-01
2.01959551e-01
-6.01407157e-01
-7.76882570e-01
-1.19743984e-01
2.97011638e-01
2.34378908e-01
1.81242837e-01
3.77772314e-01
-7.95832838e-02
2.06543001e-01
-2.70466729e-01
-1.90670564e-01
-3.60873200e-01
0.00000000e+00
0.00000000e+00
0.00000000e+00
-7.20214043e-02
-2.42273313e-03
3.65546759e-01
1.34074442e-01
1.46392844e-03
2.25915388e-01
5.34824104e-01
8.39898973e-04
6.43917441e-02
0.00000000e+00
0.00000000e+00
8.58571365e-02
8.19726963e-03
3.99716054e-01
-6.59183378e-01
2.07776444e-01
6.00621377e-01
0.00000000e+00
0.00000000e+00
-1.35297776e-01
-1.61103988e-03
6.45188489e-01
0.00000000e+00
0.00000000e+00
0.00000000e+00
0.00000000e+00
0.00000000e+00
-1.35297776e-01
-4.03782624e-03
2.42678635e-03
6.45188489e-01
0.00000000e+00
0.00000000e+00
0.00000000e+00
0.00000000e+00
0.00000000e+00
0.00000000e+00
0.00000000e+00
0.00000000e+00
0.00000000e+00
0.00000000e+00
0.00000000e+00
0.00000000e+00
6.45188489e-01
2.42678635e-03
-4.03782624e-03
0.00000000e+00
-1.20378703e-01
-1.58499626e+00
8.02468078e-01
1.18376612e+00
-1.61317415e-01
1.19868595e+00
0.00000000e+00
-1.39335602e-01
-1.14233568e+00
5.86226158e-01
-1.73176036e+00
6.13891178e-02
-3.43304171e-01
0.00000000e+00
0.00000000e+00
0.00000000e+00
0.00000000e+00
0.00000000e+00
0.00000000e+00
0.00000000e+00
0.00000000e+00
0.00000000e+00
0.00000000e+00
0.00000000e+00
0.00000000e+00
0.00000000e+00
0.00000000e+00
0.00000000e+00
0.00000000e+00
0.00000000e+00
0.00000000e+00
0.00000000e+00
0.00000000e+00
0.00000000e+00
0.00000000e+00
0.00000000e+00
0.00000000e+00
0.00000000e+00
0.00000000e+00
0.00000000e+00
0.00000000e+00
0.00000000e+00
0.00000000e+00
0.00000000e+00
0.00000000e+00
0.00000000e+00
0.00000000e+00
0.00000000e+00
0.00000000e+00
0.00000000e+00
0.00000000e+00
0.00000000e+00
0.00000000e+00
0.00000000e+00
0.00000000e+00
-1.09270477e+00
-1.44875698e+00
-8.14375743e-01
0.00000000e+00
0.00000000e+00
0.00000000e+00
1.57716977e-01
-7.13762153e-01
-3.21734858e-01
5.00260211e-01
-7.24665045e-01
2.09839755e-01
3.24902129e-01
4.99687543e-01
-2.28236122e-01
0.00000000e+00
5.27937073e-01
-3.63807315e-01
-1.05155344e+00
1.77425779e-01
2.28311310e-01
6.83601536e-01
6.06893174e-01
-1.01531580e+00
-3.90445161e-01
7.85686683e-02
-2.63845067e-01
0.00000000e+00
0.00000000e+00
0.00000000e+00
3.21967338e-01
-1.00017506e+00
6.46955519e-02
7.00980292e-02
-5.11966201e-01
1.13835793e-01
1.15505365e-01
1.24647276e-01
9.77808697e-02
0.00000000e+00
2.70525087e-01
-3.42017956e-01
-1.37193551e-01
1.56106570e-01
-1.50778507e-01
4.00376975e-02
5.24549262e-02
-6.46911430e-03
1.19891322e-01
3.37209498e-01
-1.42400324e+00
0.00000000e+00
0.00000000e+00
0.00000000e+00
-3.46319338e-01
-5.55838358e-01
-4.62945006e-02
-2.18176889e-02
-3.95088933e-01
5.22443310e-01
4.17081775e-01
-1.31461160e-01
-2.31965592e-01
0.00000000e+00
6.80199675e-01
-1.64383690e-02
-9.22241775e-01
3.54096813e-01
-4.97833696e-01
-5.23166677e-03
1.69895272e-01
-4.01673170e-01
-2.20741807e-01
2.25225965e-01
-5.50877568e-02
0.00000000e+00
0.00000000e+00
0.00000000e+00
2.00078422e-01
-6.03904594e-01
-2.03569205e-02
8.73476611e-02
-3.93073065e-01
6.36475368e-02
-2.46815738e-02
1.52734721e-01
-4.09605892e-02
0.00000000e+00
4.31104211e-02
-1.07814683e-02
-3.61354910e-02
1.45303513e-01
2.36347006e-01
1.16201962e-01
-1.72521139e-03
-1.35957868e-01
1.09605344e-01
5.81124379e-02
136
5.41022915e-01
0.00000000e+00
0.00000000e+00
-3.48957810e-02
3.85604909e-03
2.64298247e-01
1.22777321e-03
4.85683802e-01
6.80255457e-04
0.00000000e+00
0.00000000e+00
-3.47398722e-02
3.98071092e-02
5.97835345e-01
-2.30337237e-01
3.61799107e-02
4.11940839e-01
0.00000000e+00
0.00000000e+00
-1.83774862e-01
1.00531298e-01
6.24266480e-01
0.00000000e+00
0.00000000e+00
0.00000000e+00
0.00000000e+00
0.00000000e+00
-1.83774862e-01
9.39463682e-01
-8.38932384e-01
6.24266480e-01
0.00000000e+00
0.00000000e+00
0.00000000e+00
0.00000000e+00
0.00000000e+00
0.00000000e+00
0.00000000e+00
0.00000000e+00
0.00000000e+00
0.00000000e+00
0.00000000e+00
0.00000000e+00
0.00000000e+00
0.00000000e+00
0.00000000e+00
0.00000000e+00
-9.79097243e-01
1.58664897e-01
-7.00618109e-01
-1.59814908e+00
0.00000000e+00
7.79636377e-01
-1.58384439e-01
9.25545545e-01
-1.11407673e+00
0.00000000e+00
0.00000000e+00
0.00000000e+00
0.00000000e+00
6.24266480e-01
-8.38932384e-01
9.39463682e-01
0.00000000e+00
0.00000000e+00
0.00000000e+00
0.00000000e+00
0.00000000e+00
0.00000000e+00
0.00000000e+00
0.00000000e+00
0.00000000e+00
0.00000000e+00
0.00000000e+00
0.00000000e+00
0.00000000e+00
0.00000000e+00
0.00000000e+00
0.00000000e+00
0.00000000e+00
0.00000000e+00
0.00000000e+00
0.00000000e+00
0.00000000e+00
0.00000000e+00
0.00000000e+00
-1.10653813e+00
-1.09735568e+00
-1.38637178e+00
0.00000000e+00
0.00000000e+00
0.00000000e+00
5.71330055e-01
-1.85262623e+00
3.10916375e-01
3.66715768e-01
-1.65455335e+00
4.26859598e-01
3.25947443e-01
1.03944307e+00
-2.49683108e-01
0.00000000e+00
6.21202544e-01
-4.20789112e-01
-1.26987498e+00
4.66072937e-01
8.35098730e-01
6.37524732e-01
2.08354868e-01
-1.54362532e+00
-5.10160703e-01
3.05474896e-01
-1.39669432e+00
0.00000000e+00
0.00000000e+00
0.00000000e+00
2.41460851e-01
-1.33315205e+00
-4.43648012e-02
4.27521393e-01
-1.43889324e+00
7.16235709e-01
6.13992879e-01
1.55843679e-02
-5.47629316e-02
0.00000000e+00
9.89825968e-01
-1.07591637e-01
-1.10700785e+00
6.34255474e-01
-3.37626401e-01
6.03172363e-02
9.93938269e-02
-1.11453571e+00
-1.79967284e-01
5.22619875e-01
7 1
-6.0310e-01 1.5640e-01
3 1
0 1 2 
217
4.10595437e-01
3.12365878e-01
-5.27283827e-01
9.81956120e-02
-1.79066257e-02
1.50021742e-01
1.62724833e-01
2.04545523e-01
3.31589190e-01
-2.26942715e-01
1.50310537e-01
-1.98664988e-01
-2.16122497e-01
3.40658290e-01
0.00000000e+00
0.00000000e+00
0.00000000e+00
-3.18964401e-02
-5.25329966e-03
5.37902869e-01
2.46217553e-01
-1.25742785e-05
1.70517078e-01
3.11645249e-01
4.54560166e-04
9.87817832e-02
0.00000000e+00
0.00000000e+00
-1.32627610e-01
-1.18768294e-01
4.26023724e-01
-4.27653704e-01
2.89831052e-01
5.70280619e-01
0.00000000e+00
0.00000000e+00
5.17525589e-03
-1.39822682e-01
-1.00930100e-01
6.46172963e-01
0.00000000e+00
0.00000000e+00
0.00000000e+00
0.00000000e+00
5.17525589e-03
-8.59960276e-02
-3.46976346e-01
6.34896520e-01
2.93149692e-01
-7.12355103e-01
-2.34715163e-02
6.46172963e-01
0.00000000e+00
0.00000000e+00
0.00000000e+00
0.00000000e+00
0.00000000e+00
0.00000000e+00
0.00000000e+00
0.00000000e+00
5.68714379e-01
-7.72981703e-02
-8.59960276e-02
0.00000000e+00
-6.30991573e-02
-1.76926387e+00
5.85904492e-01
1.27116630e+00
-1.03186141e-01
7.04999978e-01
0.00000000e+00
-5.00026183e-01
-1.03671036e+00
7.21136209e-01
-1.55594733e+00
1.89485412e-01
-1.30563660e-01
0.00000000e+00
2.10576340e-01
-1.84126564e-01
2.43611305e-01
-9.51055576e-01
-4.01152700e-02
-3.21201842e-01
0.00000000e+00
0.00000000e+00
0.00000000e+00
0.00000000e+00
0.00000000e+00
0.00000000e+00
0.00000000e+00
0.00000000e+00
0.00000000e+00
0.00000000e+00
0.00000000e+00
0.00000000e+00
0.00000000e+00
0.00000000e+00
0.00000000e+00
0.00000000e+00
0.00000000e+00
0.00000000e+00
0.00000000e+00
0.00000000e+00
0.00000000e+00
0.00000000e+00
0.00000000e+00
0.00000000e+00
0.00000000e+00
0.00000000e+00
0.00000000e+00
0.00000000e+00
0.00000000e+00
0.00000000e+00
0.00000000e+00
0.00000000e+00
0.00000000e+00
0.00000000e+00
0.00000000e+00
-8.67796824e-01
-1.42490319e+00
-7.61265246e-01
0.00000000e+00
0.00000000e+00
0.00000000e+00
2.86722221e-01
-9.16103942e-01
5.33644557e-01
2.75986921e-01
-8.38456310e-01
5.18820575e-01
2.68097668e-01
4.01897590e-01
-8.21677128e-02
0.00000000e+00
6.42833623e-01
-6.15285404e-01
-1.08494682e+00
2.48566377e-01
1.81803904e-01
1.82082383e-01
4.06281545e-01
-9.54795776e-01
-2.63117848e-01
4.68712066e-02
-2.09633266e-01
0.00000000e+00
0.00000000e+00
0.00000000e+00
2.31677236e-01
-4.38603629e-01
-4.86239877e-02
7.40156478e-02
-3.75809732e-01
-3.26299573e-02
1.05297471e-01
1.43026552e-01
-4.88954225e-02
0.00000000e+00
1.84842600e-01
-2.96859106e-01
-1.18539968e-01
1.43513820e-01
-1.30370452e-01
7.93730391e-02
-2.02677360e-02
-3.33033711e-02
3.06758626e-02
3.41847866e-01
-1.31471506e+00
0.00000000e+00
0.00000000e+00
0.00000000e+00
-3.48067105e-01
-4.55867145e-01
-7.73758822e-02
-1.55923979e-01
-4.11448699e-01
5.53631334e-01
2.14376600e-01
-1.09833171e-01
-5.78772952e-01
0.00000000e+00
7.37434228e-01
8.14106186e-02
-6.39691732e-01
2.95318531e-01
-4.79353535e-01
-8.31035585e-02
9.21451134e-02
-3.79559942e-01
1.08132715e-01
3.21833504e-01
-1.15554164e-01
0.00000000e+00
0.00000000e+00
0.00000000e+00
2.13822208e-01
-6.36669882e-01
-4.98301530e-02
1.20202649e-01
-3.59959578e-01
3.69344554e-02
3.42281463e-02
1.33321288e-01
1.05175303e-01
0.00000000e+00
9.86331533e-03
-1.67006259e-02
-1.82616528e-01
1.87870231e-01
2.33704789e-01
1.53126794e-01
1.09990507e-02
-1.49603369e-01
2.57019708e-03
3.80075452e-02
136
6.72135770e-01
0.00000000e+00
0.00000000e+00
-7.62926508e-02
4.42207709e-03
3.50379061e-01
1.39109505e-03
5.71417824e-01
7.62303318e-04
0.00000000e+00
0.00000000e+00
6.03121878e-02
1.26196517e-01
6.87573529e-01
-2.57190610e-01
-2.88520516e-02
3.99660207e-01
0.00000000e+00
0.00000000e+00
-3.54563057e-01
1.39937240e-01
2.83441303e-01
6.03320284e-01
0.00000000e+00
0.00000000e+00
0.00000000e+00
0.00000000e+00
-3.54563057e-01
2.73575541e-01
-3.87124947e-01
1.12138690e+00
2.53486646e-01
5.26696735e-01
-1.36464233e+00
6.03320284e-01
0.00000000e+00
0.00000000e+00
0.00000000e+00
0.00000000e+00
0.00000000e+00
0.00000000e+00
0.00000000e+00
0.00000000e+00
0.00000000e+00
0.00000000e+00
0.00000000e+00
0.00000000e+00
-1.79647238e+00
1.98803899e-01
-6.89716493e-01
-1.46870318e+00
0.00000000e+00
7.30169712e-01
-2.32212533e-01
9.09994071e-01
-1.10399723e+00
0.00000000e+00
7.53968048e-01
-6.51899011e-02
6.01303412e-01
-6.61392408e-01
-1.49828063e+00
2.73575541e-01
0.00000000e+00
0.00000000e+00
0.00000000e+00
0.00000000e+00
0.00000000e+00
0.00000000e+00
0.00000000e+00
0.00000000e+00
0.00000000e+00
0.00000000e+00
0.00000000e+00
0.00000000e+00
0.00000000e+00
0.00000000e+00
0.00000000e+00
0.00000000e+00
0.00000000e+00
0.00000000e+00
0.00000000e+00
0.00000000e+00
0.00000000e+00
0.00000000e+00
0.00000000e+00
-1.07926861e+00
-1.02108035e+00
-1.40639454e+00
0.00000000e+00
0.00000000e+00
0.00000000e+00
6.10475981e-01
-2.04618368e+00
1.40521574e-01
4.05658171e-01
-1.72037099e+00
4.01394548e-01
3.41658972e-01
1.04561376e+00
-1.85840638e-01
0.00000000e+00
6.66918863e-01
-3.78752599e-01
-1.28443358e+00
4.59868144e-01
8.14731361e-01
7.02525170e-01
3.46313669e-01
-1.57148287e+00
-5.05388060e-01
3.50377653e-01
-1.38550425e+00
0.00000000e+00
0.00000000e+00
0.00000000e+00
2.76420972e-01
-1.36790127e+00
-3.81105910e-02
4.42923946e-01
-1.44420006e+00
6.92600453e-01
5.99932099e-01
4.98543185e-02
-2.40033884e-02
0.00000000e+00
9.59965199e-01
-1.71841325e-01
-1.08170014e+00
6.29211150e-01
-3.23157349e-01
1.05864630e-01
1.24087939e-01
-1.12560630e+00
-2.03055496e-01
5.13210962e-01
3 1
-6.6214e-01 2.0309e-01
4 0
0 1 2 7 
217
-1.28405517e-01
-3.91025726e-01
6.55052739e-01
2.09362152e-01
2.66791044e-02
-5.25348696e-02
-1.13766689e-01
-2.42750889e-02
-1.28867977e-01
8.70288083e-02
-4.52987962e-02
6.73566319e-02
1.32848841e-01
3.31881897e-01
-7.63216916e-02
1.83389727e-02
1.78491201e-02
1.37555256e+00
-1.05686774e-02
2.56758604e-02
-3.03351794e-01
-3.76725148e-03
1.41723098e-01
-1.12428459e+00
-4.03427143e-04
2.48205631e-01
0.00000000e+00
0.00000000e+00
8.93107396e-02
2.22102040e-01
7.54215960e-01
2.85174208e-02
-2.23109149e-01
-6.15248196e-01
0.00000000e+00
0.00000000e+00
1.95140114e-01
-5.13740910e-01
-3.98192752e-01
-1.83014925e-02
6.06689524e-01
0.00000000e+00
0.00000000e+00
0.00000000e+00
1.95140114e-01
-2.55979286e-01
-7.53171009e-01
7.61881184e-02
2.24295468e-01
-1.09172638e-01
-2.32375787e-01
6.70020540e-01
2.71113917e-01
-5.64406551e-01
1.12806273e-01
6.14437387e-01
3.18767832e-01
-8.85945341e-01
-4.16814080e-01
6.06689524e-01
4.07811040e-01
-4.75377385e-01
-2.55979286e-01
0.00000000e+00
-2.80237272e-01
-1.24477214e+00
6.73649026e-02
1.35307534e+00
8.44668519e-02
5.14308039e-01
0.00000000e+00
-7.12682135e-01
-8.71242059e-01
3.57529363e-01
-1.25890235e+00
3.20251605e-01
-6.15911861e-02
0.00000000e+00
-1.33406796e-01
-5.57527479e-01
2.84930927e-01
-6.37033554e-01
-1.09465408e-01
1.85077591e-01
0.00000000e+00
-1.56979809e-02
1.15350739e-02
1.43314692e-01
-5.18124921e-01
-8.66657295e-02
1.03451437e-01
0.00000000e+00
0.00000000e+00
0.00000000e+00
0.00000000e+00
0.00000000e+00
0.00000000e+00
0.00000000e+00
0.00000000e+00
0.00000000e+00
0.00000000e+00
0.00000000e+00
0.00000000e+00
0.00000000e+00
0.00000000e+00
0.00000000e+00
0.00000000e+00
0.00000000e+00
0.00000000e+00
0.00000000e+00
0.00000000e+00
0.00000000e+00
0.00000000e+00
0.00000000e+00
0.00000000e+00
0.00000000e+00
0.00000000e+00
0.00000000e+00
0.00000000e+00
-9.09979333e-01
-1.32841947e+00
-9.86836051e-01
0.00000000e+00
0.00000000e+00
0.00000000e+00
5.11632815e-01
-9.30928977e-01
-1.37074579e-02
-8.56205344e-02
-8.83431819e-01
1.88899106e-01
7.94872883e-02
3.16323333e-01
2.36724240e-02
0.00000000e+00
7.09800908e-01
-6.36283849e-01
-1.16303324e+00
3.97829927e-01
1.00976611e+00
3.32925644e-01
1.65690739e-01
-1.12842890e+00
-3.58482026e-01
4.77052455e-01
-7.49675078e-02
0.00000000e+00
0.00000000e+00
0.00000000e+00
3.46091670e-02
-1.74458029e-01
9.66127643e-03
3.14508134e-01
-4.65905763e-01
1.18791096e-01
1.38964936e-01
1.03618796e-01
6.35951964e-03
0.00000000e+00
5.89427132e-02
2.75053371e-01
-6.17655754e-02
6.57598052e-02
-4.83429608e-01
-4.47214259e-02
2.60877289e-03
-3.10007876e-02
-2.13204456e-02
7.87565402e-02
-1.24558131e+00
0.00000000e+00
0.00000000e+00
0.00000000e+00
-3.62526225e-01
-5.26173155e-01
-4.98972356e-01
2.16502680e-01
-6.12405311e-01
9.14043646e-01
5.66583901e-01
-4.64053412e-01
2.96571341e-01
0.00000000e+00
5.96991607e-01
5.67740346e-01
-8.97550289e-01
3.65090830e-01
-2.63968542e-01
7.74191731e-02
-2.55989881e-01
-5.40688430e-01
-3.15195979e-01
-1.09001256e-01
-1.07267411e-01
0.00000000e+00
0.00000000e+00
0.00000000e+00
1.31786478e-01
-3.23869003e-01
1.48941743e-01
-3.49293884e-02
-3.94048599e-01
9.74455378e-02
1.51814997e-01
2.70934363e-01
6.92405889e-02
0.00000000e+00
-8.93506569e-02
-8.34399728e-02
-2.58190866e-01
-6.48289327e-03
2.72756958e-01
4.15289087e-02
1.02434403e-01
-3.23105402e-01
3.22732785e-02
8.69921134e-02
136
6.23882236e-01
-1.68765696e-01
3.12231721e-02
5.03484854e-01
2.27245151e-03
4.57814501e-01
-3.90467612e-03
-1.68651423e-01
-5.29542192e-04
0.00000000e+00
0.00000000e+00
9.58841665e-03
2.23599019e-01
1.02501367e+00
6.82254097e-02
-9.76837451e-02
-2.98934513e-01
0.00000000e+00
0.00000000e+00
-2.71213401e-01
1.74444396e-01
2.27695549e-01
2.01920057e-01
2.91035636e-01
0.00000000e+00
0.00000000e+00
0.00000000e+00
-2.71213401e-01
-2.40003610e-01
-1.69631720e-01
7.05389862e-01
2.15041507e-01
3.63470671e-01
-7.34578151e-01
8.39206022e-01
3.69038218e-01
2.92320668e-01
-5.85851648e-01
6.26979946e-01
1.86944147e-01
-3.99208027e-01
-8.65057885e-01
2.91035636e-01
0.00000000e+00
0.00000000e+00
0.00000000e+00
0.00000000e+00
-1.80267795e+00
2.77931659e-01
-6.10133100e-01
-1.42983588e+00
0.00000000e+00
5.25845734e-01
-2.31312197e-01
8.70489592e-01
-1.20472864e+00
0.00000000e+00
7.64842048e-01
-1.12099108e-01
5.35241264e-01
-4.28669768e-01
-1.61762065e+00
5.01202688e-01
-1.42497501e-01
4.61551072e-01
-8.19025864e-02
0.00000000e+00
0.00000000e+00
0.00000000e+00
0.00000000e+00
0.00000000e+00
0.00000000e+00
0.00000000e+00
0.00000000e+00
0.00000000e+00
0.00000000e+00
0.00000000e+00
0.00000000e+00
0.00000000e+00
0.00000000e+00
0.00000000e+00
0.00000000e+00
0.00000000e+00
0.00000000e+00
0.00000000e+00
0.00000000e+00
-1.00049039e+00
-9.88566297e-01
-1.41940906e+00
0.00000000e+00
0.00000000e+00
0.00000000e+00
6.56583616e-01
-2.23530296e+00
2.58566138e-01
3.72507668e-01
-1.68651584e+00
4.27743485e-01
3.73349479e-01
1.08303757e+00
-2.50876660e-01
0.00000000e+00
6.83220454e-01
-6.59153882e-01
-1.32841178e+00
4.73341516e-01
8.42783788e-01
7.66222071e-01
3.90912353e-01
-1.51133304e+00
-4.54736135e-01
3.78653108e-01
-1.42169436e+00
0.00000000e+00
0.00000000e+00
0.00000000e+00
3.23827095e-01
-1.46325048e+00
-3.59376978e-02
4.71411319e-01
-1.36398605e+00
5.85362920e-01
4.75256815e-01
8.28774302e-02
-2.25959535e-01
0.00000000e+00
9.82121858e-01
-3.23386059e-01
-1.01819024e+00
7.06864252e-01
-3.91907105e-01
1.39676538e-01
1.62796425e-01
-9.81035932e-01
-1.26147954e-01
5.77912045e-01
8 1
-1.0175e+00 2.4861e-01
5 1
0 1 2 7 3 
217
4.66981534e-01
-2.14125138e-01
-2.04500776e-01
-2.60733883e-01
9.79973137e-02
1.91187768e-01
2.43894014e-01
-1.88147040e-01
1.53926077e-01
-2.73308843e-01
-1.04688676e-01
2.01267260e-01
7.58528060e-02
-1.85015432e-01
0.00000000e+00
0.00000000e+00
0.00000000e+00
-2.33961439e-01
-1.51195211e-03
4.85894617e-01
9.57655945e-02
6.49981492e-03
1.78799138e-01
8.86102508e-01
1.00203216e-03
8.07173664e-02
0.00000000e+00
0.00000000e+00
3.51148899e-01
3.49109236e-01
7.45763760e-01
-8.25213668e-01
-2.52931845e-02
1.97751988e-01
0.00000000e+00
0.00000000e+00
-3.72865837e-01
-3.81560666e-03
8.64914955e-02
-3.95875321e-02
9.34826525e-02
7.03276362e-01
0.00000000e+00
0.00000000e+00
2.15375940e-01
-3.55803571e-01
-1.02849127e+00
5.67408112e-01
3.91360812e-01
-4.34025259e-01
-7.58712373e-01
1.23097676e+00
6.07428923e-01
-8.62066607e-01
-2.46510067e-01
9.77516203e-01
6.43709025e-01
-8.70222048e-01
-4.82775070e-01
8.71812025e-01
4.38087994e-01
1.69321171e-01
2.32438206e-01
0.00000000e+00
-6.46730955e-01
-1.26189738e+00
5.42741076e-01
9.56347000e-01
5.82854540e-01
1.13877090e+00
0.00000000e+00
-6.64242784e-01
-1.26069257e+00
7.73672003e-01
-7.58093573e-01
3.57552315e-01
-1.73579957e-01
0.00000000e+00
-1.25142339e-01
-5.34225382e-01
4.82316480e-01
-7.91974391e-01
1.09807393e-01
-1.42564926e-01
0.00000000e+00
-1.71910850e-01
1.15307750e-01
4.76794004e-01
-4.00728444e-01
1.62098380e-01
-7.67836507e-04
0.00000000e+00
3.61139128e-02
1.58400149e-01
2.15533294e-01
-6.08935530e-01
2.37347723e-01
5.24338791e-02
0.00000000e+00
0.00000000e+00
0.00000000e+00
0.00000000e+00
0.00000000e+00
0.00000000e+00
0.00000000e+00
0.00000000e+00
0.00000000e+00
0.00000000e+00
0.00000000e+00
0.00000000e+00
0.00000000e+00
0.00000000e+00
0.00000000e+00
0.00000000e+00
0.00000000e+00
0.00000000e+00
0.00000000e+00
0.00000000e+00
0.00000000e+00
-9.74376524e-01
-9.73207508e-01
-1.25623228e+00
0.00000000e+00
0.00000000e+00
0.00000000e+00
5.92260530e-01
-7.90886618e-01
-6.45454627e-01
-3.48261310e-01
-8.71998288e-01
-5.03906822e-02
4.48397482e-01
5.24878509e-01
4.23737460e-01
0.00000000e+00
9.59932875e-01
-7.09764473e-01
-1.09692887e+00
5.28179728e-01
2.83675682e-01
-1.73680661e-01
-7.94425840e-02
-8.62476592e-01
-1.65295619e-01
7.77285776e-01
-9.42575200e-02
0.00000000e+00
0.00000000e+00
0.00000000e+00
1.03399847e-01
-7.18926731e-01
1.82666958e-01
1.61746364e-01
-3.50386823e-01
9.45171143e-02
-5.54440984e-02
1.55263535e-01
-5.64710445e-02
0.00000000e+00
7.42788739e-02
-7.22797207e-02
-2.77599016e-02
9.02391675e-02
-1.29797606e-02
2.18031269e-01
4.77415948e-02
9.47508600e-03
7.04157145e-02
-7.78496636e-03
-1.32397253e+00
0.00000000e+00
0.00000000e+00
0.00000000e+00
2.17101744e-01
-4.40911425e-01
-3.37714871e-01
-9.68957381e-02
-5.06433811e-01
3.92606034e-01
2.34444901e-01
-5.32628762e-02
-3.05666677e-01
0.00000000e+00
5.44103026e-01
1.77363220e-01
-7.95362287e-01
3.90251622e-01
-4.49437642e-02
-1.33312288e-01
4.35103638e-03
-3.98142107e-01
-2.47994452e-01
7.64461793e-02
-4.61510896e-02
0.00000000e+00
0.00000000e+00
0.00000000e+00
2.29090886e-02
-4.40212320e-01
1.28601613e-01
1.31261453e-01
-3.16086342e-01
8.33363495e-02
9.53200851e-02
1.36708842e-01
1.26447963e-01
0.00000000e+00
9.66603493e-02
-1.81395515e-01
-8.31767074e-02
7.58336114e-02
7.68805137e-02
8.49194479e-02
-5.32686692e-02
-2.21635793e-01
6.54451824e-02
1.25299759e-01
136
3.75853573e-01
0.00000000e+00
0.00000000e+00
-1.31756490e-01
4.07616708e-03
2.13832966e-01
1.95067604e-03
4.08584054e-01
8.11309466e-04
0.00000000e+00
0.00000000e+00
-1.01787983e-01
1.62505477e-02
6.45098183e-01
-2.35306552e-01
-5.50877179e-02
3.53088171e-01
0.00000000e+00
0.00000000e+00
0.00000000e+00
-2.95858678e-01
7.81578801e-02
4.29842421e-02
8.30206093e-02
4.76600677e-01
0.00000000e+00
0.00000000e+00
0.00000000e+00
-1.48607049e-01
-1.90020343e-01
5.08149199e-01
0.00000000e+00
4.11470624e-01
-8.57317856e-01
8.10450688e-01
0.00000000e+00
3.61557373e-01
-6.89061177e-01
7.25690220e-01
0.00000000e+00
-2.57259925e-01
-8.32145041e-01
5.41998017e-01
0.00000000e+00
0.00000000e+00
0.00000000e+00
0.00000000e+00
-2.51983700e+00
3.40994403e-01
-5.63936405e-01
-1.33964654e+00
0.00000000e+00
3.73078722e-01
-3.33919987e-01
8.38919417e-01
-1.10919081e+00
0.00000000e+00
6.17673391e-01
-1.06938202e-01
4.40069839e-01
-4.98071715e-01
-4.48728707e-01
4.33345766e-01
-1.51259590e-01
3.68287198e-01
-8.60540547e-02
0.00000000e+00
4.12048598e-01
-2.52155627e-01
1.75819036e-01
9.23259020e-02
0.00000000e+00
0.00000000e+00
0.00000000e+00
0.00000000e+00
0.00000000e+00
0.00000000e+00
0.00000000e+00
0.00000000e+00
0.00000000e+00
0.00000000e+00
0.00000000e+00
0.00000000e+00
0.00000000e+00
0.00000000e+00
0.00000000e+00
-9.52698951e-01
-1.00955038e+00
-1.36099908e+00
0.00000000e+00
0.00000000e+00
0.00000000e+00
6.23877455e-01
-1.91947873e+00
2.56688952e-01
5.16182221e-01
-1.70168447e+00
4.58071367e-01
3.71477845e-01
9.81268852e-01
-3.13471189e-01
0.00000000e+00
6.36386554e-01
-4.04102231e-01
-1.31109373e+00
4.04675623e-01
7.49433365e-01
6.90429170e-01
3.86836638e-01
-1.63963268e+00
-5.27660044e-01
3.80795955e-01
-1.40077850e+00
0.00000000e+00
0.00000000e+00
0.00000000e+00
2.56005188e-01
-1.43718482e+00
-7.01160219e-02
4.21418772e-01
-1.40534983e+00
6.84627688e-01
5.80614058e-01
2.91374730e-02
-7.74364727e-02
0.00000000e+00
8.92432013e-01
-1.33814622e-01
-1.07872535e+00
6.44649994e-01
-2.60575454e-01
1.29257340e-01
1.45125490e-01
-1.07237889e+00
-1.63878091e-01
5.15413032e-01
5 1
-9.3243e-01 2.6347e-01
6 0
0 1 2 7 3 8 
217
2.27202734e-01
-4.36453142e-01
5.80730304e-01
-2.36611042e-01
1.90500076e-01
-5.76000325e-02
4.42257441e-02
-2.04062483e-01
-1.59429567e-01
6.53776391e-02
-1.18501511e-01
3.58310008e-01
2.70407992e-01
1.84594361e-01
-8.62474307e-02
2.86920420e-02
-6.81408919e-02
1.25071563e+00
-6.89916467e-03
8.43552869e-02
-2.77243169e-01
-4.56856025e-03
4.58234057e-01
-6.60022293e-01
-4.95081715e-04
3.23665084e-01
0.00000000e+00
0.00000000e+00
1.71148955e-01
2.53156922e-01
8.56833120e-01
7.98951503e-02
-8.78722964e-02
-3.78798469e-01
0.00000000e+00
0.00000000e+00
0.00000000e+00
-4.08277735e-01
-3.41569228e-01
-2.66026328e-01
-9.66723037e-02
3.43478664e-01
9.96269665e-01
0.00000000e+00
3.49394120e-01
-1.29449745e+00
-6.46557310e-01
4.05461418e-01
0.00000000e+00
2.90196919e-01
-6.80567036e-01
9.34182036e-01
0.00000000e+00
-1.85162662e-01
1.69777983e-02
8.19892740e-01
2.52346781e-01
-5.31187827e-01
-4.18756381e-01
7.18485482e-01
-4.64447835e-01
-1.50329799e-02
7.06683549e-01
0.00000000e+00
-9.30167919e-01
-1.36646365e+00
4.80231196e-01
1.27571090e+00
6.77139457e-01
5.21633667e-01
0.00000000e+00
-6.83554821e-01
-8.82145245e-01
6.80768871e-01
-1.25135120e+00
4.68349878e-01
-1.75020456e-01
0.00000000e+00
-1.53880522e-02
-5.88184518e-01
5.69545729e-01
-5.92730052e-01
1.21845994e-01
7.57462932e-02
0.00000000e+00
-6.73375439e-02
3.38658268e-02
5.37476739e-01
-5.42247460e-01
2.05421553e-01
1.36506588e-01
0.00000000e+00
6.55001047e-02
6.32127580e-02
1.50478672e-01
-2.19742463e-01
1.80563233e-02
-8.86255605e-03
0.00000000e+00
-7.89278301e-01
-4.84249381e-01
8.26604003e-01
-6.58534611e-01
6.82908504e-01
5.54262373e-01
0.00000000e+00
0.00000000e+00
0.00000000e+00
0.00000000e+00
0.00000000e+00
0.00000000e+00
0.00000000e+00
0.00000000e+00
0.00000000e+00
0.00000000e+00
0.00000000e+00
0.00000000e+00
0.00000000e+00
0.00000000e+00
-9.85238000e-01
-1.38196616e+00
-9.46713614e-01
0.00000000e+00
0.00000000e+00
0.00000000e+00
2.67091374e-01
-6.42748288e-01
-2.82764257e-02
3.77164742e-01
-8.39965168e-01
2.09423772e-01
2.68069464e-01
2.55572971e-01
-2.18661807e-01
0.00000000e+00
5.85611484e-01
-2.52671456e-01
-1.25423945e+00
5.35594708e-01
6.59856940e-01
1.34369903e-01
-9.76264925e-02
-8.88501855e-01
-3.28503129e-01
3.11725103e-01
-1.56408322e-01
0.00000000e+00
0.00000000e+00
0.00000000e+00
1.79128305e-01
-3.82049439e-01
-2.28711457e-02
1.21850454e-01
-5.35467669e-01
1.67325354e-01
1.25453077e-01
1.65240696e-01
2.32133925e-02
0.00000000e+00
1.22142200e-01
-4.85953869e-04
-1.14567030e-02
-1.67456158e-02
-4.03669639e-01
8.97040660e-02
1.49005415e-01
-1.35038053e-01
1.77025984e-02
1.90610339e-01
-1.17945268e+00
0.00000000e+00
0.00000000e+00
0.00000000e+00
-2.66343226e-01
-7.38352955e-01
4.75763332e-01
3.85991289e-01
-5.17191642e-01
9.86924598e-01
4.69473918e-01
-2.72929285e-01
-4.42737844e-01
0.00000000e+00
3.93354939e-01
3.08293548e-01
-1.00774594e+00
1.16412893e-01
3.28468034e-03
-2.77984711e-01
-3.20748700e-01
-6.12173639e-01
-1.36467465e-01
2.73723527e-01
-1.56568815e-01
0.00000000e+00
0.00000000e+00
0.00000000e+00
1.51243464e-01
3.98148482e-02
-5.06673941e-02
-1.09258540e-01
-3.20142654e-01
1.68283828e-01
-6.42655303e-02
2.13057985e-01
3.82599608e-02
0.00000000e+00
4.01286373e-02
-2.56963937e-01
-2.27058650e-01
1.20899492e-01
2.83536761e-02
1.75676732e-01
1.03176152e-01
-1.42364797e-01
-7.13914256e-02
6.64933622e-03
136
3.38253308e-01
-1.96759041e-01
2.85182277e-02
5.90135365e-01
-4.67416121e-04
2.66179622e-01
-3.64238120e-03
-3.21302638e-01
-6.53679800e-04
0.00000000e+00
0.00000000e+00
-7.18639986e-02
1.94819167e-01
9.92487432e-01
3.25259937e-02
-1.54749995e-01
-3.80137771e-01
0.00000000e+00
0.00000000e+00
0.00000000e+00
6.68573236e-03
6.44952581e-02
-1.01615618e-01
-1.27390221e-01
1.25077426e-01
3.92094598e-01
0.00000000e+00
2.64084011e-01
-3.96925631e-01
-3.49740891e-01
5.66281026e-01
2.55234292e-02
2.67003915e-01
-8.55185997e-01
9.13476670e-01
2.48794569e-01
2.20814070e-01
-7.53624192e-01
7.13939950e-01
1.35201816e-01
-3.15542963e-01
-8.65877737e-01
5.20031262e-01
0.00000000e+00
0.00000000e+00
0.00000000e+00
0.00000000e+00
-2.09176545e+00
3.37825689e-01
-5.47078878e-01
-1.03930086e+00
0.00000000e+00
4.58395514e-01
-2.48765877e-01
8.37914650e-01
-1.25136499e+00
0.00000000e+00
5.45762231e-01
-1.57737682e-01
4.76820809e-01
-4.73930122e-01
-9.73926259e-01
5.32437146e-01
-1.12347830e-01
4.21097178e-01
-4.76189390e-02
0.00000000e+00
4.00240164e-01
-2.20977418e-01
1.85855251e-01
6.84350014e-02
0.00000000e+00
2.38824538e-01
-7.79625746e-02
3.48234545e-01
-2.96369674e-01
0.00000000e+00
0.00000000e+00
0.00000000e+00
0.00000000e+00
0.00000000e+00
0.00000000e+00
0.00000000e+00
0.00000000e+00
0.00000000e+00
0.00000000e+00
-9.46837024e-01
-9.34814819e-01
-1.39032228e+00
0.00000000e+00
0.00000000e+00
0.00000000e+00
6.41924856e-01
-2.12516959e+00
2.61204810e-01
4.06366598e-01
-1.69510771e+00
4.37670380e-01
3.42551172e-01
1.03098648e+00
-2.30989749e-01
0.00000000e+00
6.74262139e-01
-4.85075262e-01
-1.34138017e+00
4.51830953e-01
8.00777569e-01
7.12393405e-01
3.76205405e-01
-1.54549827e+00
-4.73803480e-01
3.70528185e-01
-1.39612286e+00
0.00000000e+00
0.00000000e+00
0.00000000e+00
2.98991534e-01
-1.58807951e+00
-1.93759618e-01
4.57897189e-01
-1.38979009e+00
4.76182436e-01
6.00814205e-01
8.35055981e-02
-2.05524894e-02
0.00000000e+00
9.39163155e-01
-1.36141902e-01
-1.01341274e+00
6.86404362e-01
-3.00754329e-01
1.54588156e-01
1.65250537e-01
-1.05061569e+00
-1.19042258e-01
5.53228593e-01
4 2
-1.0854e+00 2.8976e-01
7 -1
0 1 2 7 3 8 5 
217
1.00216108e+00
1.43152637e-01
-8.48818125e-01
-2.81819398e-01
3.97887647e-01
-4.56923621e-02
4.22571163e-01
-1.73154592e-02
4.82686809e-01
-2.29554562e-01
4.96841085e-02
-9.64538887e-02
-3.50668650e-01
6.67631765e-01
1.35587313e+00
-9.75843431e-03
-1.17555753e-01
5.42038198e-01
-5.31228265e-03
-5.49762319e-02
-4.99287456e-01
-1.27496267e-03
2.65474564e-01
-3.96462796e-01
-7.72744897e-02
3.19995421e-01
0.00000000e+00
0.00000000e+00
1.09109748e+00
8.93045254e-01
1.14075121e+00
-5.03686540e-01
-5.83127962e-01
-7.06112506e-01
0.00000000e+00
0.00000000e+00
0.00000000e+00
-3.25405717e-01
4.92836672e-02
9.97900706e-03
5.02083772e-02
1.03304500e-01
3.59006381e-01
7.55784863e-01
3.89797521e-01
-7.17602521e-01
-2.67447207e-01
2.59300064e-01
0.00000000e+00
2.73488719e-01
-4.36397382e-01
7.06872437e-01
0.00000000e+00
-3.57575557e-01
-3.47513034e-01
7.42765602e-01
0.00000000e+00
-3.08728749e-01
-4.21137524e-02
1.02919256e+00
-8.26651033e-02
3.07259152e-01
7.77567029e-01
0.00000000e+00
-6.25551473e-01
-1.62187339e+00
1.11842926e+00
8.03737701e-01
5.09283295e-01
5.61443557e-01
0.00000000e+00
-6.12665937e-01
-1.20613758e+00
1.11949504e+00
-8.09111921e-01
5.25164245e-01
-2.38287219e-01
0.00000000e+00
-2.73089940e-02
-5.59539168e-01
7.78326824e-01
-5.88260573e-01
2.89995914e-01
-2.60344044e-02
0.00000000e+00
1.87206061e-01
1.43367340e-01
6.57301891e-01
-3.15682970e-01
1.96505791e-01
9.77584301e-02
0.00000000e+00
3.57433660e-01
-8.76370551e-02
3.23072835e-01
-2.03285313e-01
3.21654583e-01
8.87077101e-03
0.00000000e+00
-2.55617882e-01
-2.88085065e-01
8.20045133e-01
-3.11361079e-01
4.96330043e-01
1.00437196e-01
0.00000000e+00
1.92778956e-01
-2.35596727e-01
3.21825461e-01
-1.16143030e-01
4.87556661e-01
-2.86808220e-02
0.00000000e+00
0.00000000e+00
0.00000000e+00
0.00000000e+00
0.00000000e+00
0.00000000e+00
0.00000000e+00
-1.21352676e+00
-1.26784278e+00
-1.18769255e+00
0.00000000e+00
0.00000000e+00
0.00000000e+00
6.58679381e-01
-1.36803802e+00
9.80371263e-02
6.80324581e-02
-1.40729358e+00
3.74746355e-01
3.93035188e-01
8.47285875e-01
-5.12053814e-02
0.00000000e+00
5.47010711e-01
-2.04063444e-01
-1.36499520e+00
4.90525986e-01
7.02396393e-01
4.31846773e-01
1.87581956e-01
-1.50846055e+00
-4.29423679e-01
3.46609099e-01
-1.66063211e-01
0.00000000e+00
0.00000000e+00
0.00000000e+00
-7.47432731e-02
-4.08010759e-01
-1.63740270e-02
3.91783637e-01
-1.82005221e-01
-4.03448726e-02
1.71072882e-01
-2.02095221e-02
-2.63648983e-01
0.00000000e+00
9.15638804e-02
-3.00967473e-01
6.04627564e-02
4.11130271e-02
-6.35023849e-02
1.10521096e-01
5.08865527e-02
4.22547301e-02
1.38703577e-01
1.05381166e-01
-1.43945163e+00
0.00000000e+00
0.00000000e+00
0.00000000e+00
5.14188185e-02
-1.77840497e+00
-3.57367238e-01
6.23304073e-02
-9.03695499e-01
5.76843499e-01
2.53692467e-01
8.41503333e-02
-1.57072315e-01
0.00000000e+00
9.82348608e-01
-3.65493757e-01
-8.86846377e-01
6.20067713e-01
-1.99789302e-02
3.47418623e-01
1.32812692e-01
-4.44933844e-01
-3.88944147e-02
4.02152556e-01
2.32612883e-02
0.00000000e+00
0.00000000e+00
0.00000000e+00
1.57084937e-02
2.96445333e-01
5.62482450e-02
8.14032279e-02
-1.46973044e-01
-1.16900986e-01
-2.83302086e-02
-4.49211420e-02
6.27072074e-01
0.00000000e+00
-1.29732199e-01
2.48571167e-01
-9.16755878e-02
-8.43840488e-02
1.32454736e-01
-1.24317389e-01
-3.04620091e-02
-3.64501419e-01
-1.51680955e-01
-1.20763001e-01
136
2.75795229e-01
1.31139338e+00
-1.24957610e-02
6.35014147e-01
-1.34362368e-02
-6.14418521e-01
-6.44666140e-03
-1.05619378e+00
-1.50443489e-02
0.00000000e+00
0.00000000e+00
7.73984757e-01
7.42595585e-01
1.14904819e+00
-3.66982538e-01
-8.33585851e-01
-1.03132196e+00
0.00000000e+00
0.00000000e+00
0.00000000e+00
5.21197662e-02
1.31926107e-01
-1.04373423e-01
-1.74932675e-01
-1.16355329e-01
5.60281519e-02
4.37410695e-01
2.94903304e-01
-2.32298064e-01
-5.21305817e-01
7.65510035e-01
4.36681375e-02
3.70222272e-01
-1.15299795e+00
9.93528891e-01
2.32511107e-01
3.05874225e-01
-9.80354246e-01
8.58219964e-01
2.57424102e-01
-2.58402751e-01
-1.30637692e+00
6.05668946e-01
0.00000000e+00
0.00000000e+00
0.00000000e+00
0.00000000e+00
-3.12092164e+00
1.96501777e-01
-7.64416168e-01
-8.04778141e-01
0.00000000e+00
1.01541255e+00
-1.68628901e-01
9.24544617e-01
-1.16429484e+00
0.00000000e+00
7.31810719e-01
-1.19057248e-01
5.37052973e-01
-5.56360997e-01
-6.78057990e-01
4.34230297e-01
-8.74027519e-02
4.02077339e-01
5.82891725e-03
0.00000000e+00
2.22999380e-01
-1.20610605e-01
9.48227116e-02
1.35802504e-01
0.00000000e+00
1.55487070e-01
-5.92605241e-02
3.52753088e-01
-2.62451171e-01
0.00000000e+00
3.50344201e-01
-9.31861611e-02
1.58024363e-01
-1.92084556e-01
0.00000000e+00
0.00000000e+00
0.00000000e+00
0.00000000e+00
0.00000000e+00
-9.97410916e-01
-7.19155565e-01
-1.43776158e+00
0.00000000e+00
0.00000000e+00
0.00000000e+00
6.07101043e-01
-2.03455098e+00
2.55971929e-01
4.41755291e-01
-1.68301247e+00
4.89256548e-01
3.92695071e-01
9.78532152e-01
-2.03490801e-01
0.00000000e+00
6.69042267e-01
-5.11901358e-01
-1.34723939e+00
4.00477613e-01
6.72946613e-01
6.76459696e-01
3.45726541e-01
-1.48033661e+00
-5.02404620e-01
3.95209882e-01
-1.26378257e+00
0.00000000e+00
0.00000000e+00
0.00000000e+00
3.46880698e-01
-1.59418887e+00
-4.95694876e-02
5.09087776e-01
-1.38610957e+00
6.92912626e-01
7.15184790e-01
9.16051043e-02
-2.46643585e-01
0.00000000e+00
9.29579978e-01
-4.16238354e-01
-1.02909998e+00
6.93375945e-01
-3.24997240e-01
1.52657054e-01
1.81897007e-01
-1.00758702e+00
-9.03218818e-02
5.67792445e-01
11 1
-1.3343e+00 3.2845e-01
8 1
0 1 2 7 3 8 5 4 
217
7.08576116e-01
-1.20462669e-01
-3.07498791e-01
-8.28136267e-02
3.18447761e-01
1.42669819e-01
3.12031334e-01
-1.55762310e-01
1.65806925e-01
-1.68866375e-01
-3.97564378e-02
1.37179077e-01
-4.79534661e-02
2.58906763e-01
0.00000000e+00
0.00000000e+00
0.00000000e+00
5.65666514e-02
3.69440387e-03
1.50318395e-01
2.83026849e-01
1.33476554e-03
1.96639101e-01
4.24736002e-01
6.06194265e-04
2.30484537e-01
0.00000000e+00
0.00000000e+00
4.71550435e-01
5.31309247e-01
6.69408943e-01
-4.16336034e-01
-1.52901074e-01
-3.40866937e-01
0.00000000e+00
0.00000000e+00
0.00000000e+00
-7.99555920e-02
-7.06547693e-02
-2.12122208e-01
-1.64137525e-01
-1.35129994e-01
3.04689884e-01
1.06588632e+00
5.45567331e-01
-1.10262534e+00
-5.19467486e-01
4.80207863e-01
0.00000000e+00
-5.92047753e-02
-4.69489482e-01
1.03017421e+00
2.11852291e-01
-1.01413665e-01
-3.88396485e-01
7.45065813e-01
0.00000000e+00
-3.70843284e-01
-1.79150316e-01
8.16610998e-01
-4.96382288e-02
-3.40530765e-01
1.09874511e+00
0.00000000e+00
-7.29395701e-01
-1.46459186e+00
7.62979333e-01
1.13336929e+00
6.74992483e-01
8.50332835e-01
0.00000000e+00
-8.06978997e-01
-1.50723407e+00
7.81071286e-01
-1.01313292e+00
7.34483827e-01
-1.92213031e-01
0.00000000e+00
-1.29209677e-01
-4.31425463e-01
5.80535091e-01
-7.28986331e-01
2.57250702e-01
-1.15042707e-01
0.00000000e+00
-8.29352193e-02
5.92793268e-02
6.29728902e-01
-4.17975364e-01
1.61782433e-01
-2.47447692e-01
0.00000000e+00
2.50609047e-01
1.74729530e-01
1.65108139e-01
-2.07534741e-01
2.92858930e-01
6.35035534e-02
0.00000000e+00
-3.58127817e-01
-1.15095239e-01
7.66903814e-01
-5.57600946e-01
2.99800119e-01
5.95045095e-02
0.00000000e+00
1.69649357e-01
-1.59329029e-01
2.52580975e-01
-2.53309132e-01
2.86345784e-01
1.14350102e-02
2.40497011e-01
-4.45801681e-02
-1.86195351e-01
3.71424497e-01
2.31268084e-01
1.41234776e-01
-1.20816513e-02
-1.53740925e+00
-1.22997287e+00
-1.53541744e+00
0.00000000e+00
0.00000000e+00
0.00000000e+00
6.89780534e-01
-8.59065842e-01
1.05338340e-01
-3.25242050e-01
-1.46021897e+00
-3.53585565e-02
-1.08963657e-01
2.95922650e-01
-1.81711669e-01
0.00000000e+00
8.61760281e-01
-9.47565270e-01
-1.48007892e+00
7.67810477e-01
2.79834856e-01
2.50316770e-01
6.40167436e-05
-2.54038042e-01
3.53120774e-01
5.12876834e-01
-6.23276166e-02
0.00000000e+00
0.00000000e+00
0.00000000e+00
-5.06407574e-02
-8.77777324e-01
7.45129935e-02
2.41110288e-01
-1.33991359e-01
1.35915084e-01
2.06494862e-01
1.19381916e-01
1.67586112e-02
0.00000000e+00
2.11417117e-02
7.54655525e-02
1.97432720e-01
-2.61491202e-02
9.27595740e-03
1.06601142e-01
7.61379419e-02
-2.07364950e-01
-1.01034532e-01
5.44016448e-02
-1.41201945e+00
0.00000000e+00
0.00000000e+00
0.00000000e+00
1.51338868e-01
-6.39162398e-01
8.06862582e-02
1.32918169e-01
-7.08351663e-01
3.38847340e-01
4.92441469e-01
-7.63564504e-03
-4.15782402e-01
0.00000000e+00
6.53962102e-01
2.27717118e-02
-9.89204100e-01
5.64396432e-01
-1.50198903e-01
-1.06594835e-02
-4.30508333e-01
-6.94807153e-01
-2.82952362e-01
4.79880639e-01
-4.23973496e-02
0.00000000e+00
0.00000000e+00
0.00000000e+00
3.98392604e-02
-4.66079990e-01
2.91674316e-02
4.03767325e-02
-2.18511077e-01
1.15979927e-01
-1.64480276e-02
6.41910021e-02
2.03459001e-01
0.00000000e+00
4.18753640e-02
-1.13031106e-01
3.43479335e-02
3.59785023e-02
1.02684830e-02
9.96676222e-02
1.42671601e-01
-1.06934281e-01
6.74859641e-02
-4.67016923e-02
136
2.41644313e-01
0.00000000e+00
0.00000000e+00
-9.79162738e-02
1.86127619e-03
2.97769799e-04
5.06137961e-03
4.62353184e-01
9.88243128e-04
0.00000000e+00
0.00000000e+00
6.09980660e-02
1.65616052e-01
6.34336492e-01
-3.24689047e-01
-1.09304719e-01
6.49997802e-02
0.00000000e+00
0.00000000e+00
0.00000000e+00
3.54209891e-02
2.92316314e-02
-1.38130291e-01
-2.04911985e-01
-1.30448597e-01
2.29959588e-01
4.33799046e-01
4.16202978e-01
-5.04139066e-01
-5.23388299e-01
6.06671898e-01
6.37426797e-02
2.33694648e-01
-9.16661515e-01
9.41569666e-01
1.57201724e-01
1.65740155e-01
-7.26242835e-01
8.20017539e-01
1.19286047e-01
-3.68234268e-01
-8.56328051e-01
6.12511014e-01
0.00000000e+00
0.00000000e+00
0.00000000e+00
0.00000000e+00
-2.21007056e+00
3.30703235e-01
-5.08413834e-01
-6.83906725e-01
0.00000000e+00
2.94112677e-01
-2.97115893e-01
7.50742468e-01
-1.20268608e+00
0.00000000e+00
4.47356341e-01
-1.40009698e-01
4.23635629e-01
-4.75817137e-01
-5.71812055e-01
4.50828921e-01
-9.78741435e-02
3.67005730e-01
-2.27753985e-02
0.00000000e+00
2.38900630e-01
-1.39679419e-01
1.28688955e-01
6.87936088e-02
0.00000000e+00
1.98112551e-01
-5.90980531e-02
3.46593857e-01
-3.64758278e-01
0.00000000e+00
3.00890450e-01
-1.12024506e-01
1.63461082e-01
-2.31827287e-01
1.36591825e-01
-8.74535195e-02
1.76780631e-01
2.46123740e-03
-3.16584817e-01
-9.49263615e-01
-9.90057708e-01
-1.43411074e+00
0.00000000e+00
0.00000000e+00
0.00000000e+00
6.09247572e-01
-1.93504016e+00
1.97344969e-01
4.61618224e-01
-1.66104636e+00
4.62412562e-01
3.84843517e-01
9.39291015e-01
-2.10477614e-01
0.00000000e+00
6.54756789e-01
-4.40051944e-01
-1.35171519e+00
4.21458390e-01
7.10653893e-01
6.85851023e-01
3.77209628e-01
-1.60999947e+00
-5.41356971e-01
4.10889386e-01
-1.42349424e+00
0.00000000e+00
0.00000000e+00
0.00000000e+00
2.84241785e-01
-1.42465313e+00
-1.01857491e-01
4.25186157e-01
-1.41485901e+00
6.95447538e-01
5.57164095e-01
9.93100682e-02
-1.36302982e-01
0.00000000e+00
8.71387538e-01
-1.63502671e-01
-1.08819110e+00
6.48760185e-01
-2.17263783e-01
1.64258969e-01
1.66057814e-01
-1.11712419e+00
-1.85263161e-01
5.13709124e-01
6 2
-1.2471e+00 3.4215e-01
8 -1
0 1 2 7 3 8 5 4 
217
4.61852436e-01
-1.16293249e-01
2.91403503e-01
1.67815083e-01
3.21282641e-01
-2.59293231e-01
-5.69970692e-03
-1.89726926e-02
-4.85856973e-02
1.13516873e-01
1.41405786e-01
-8.09959455e-02
5.34494129e-02
-1.18644374e-01
-1.22288972e+00
4.68389477e-03
3.47699899e-01
-1.07380014e+00
1.40963063e-02
3.44039526e-01
1.13971581e+00
-2.06965746e-03
-1.29198382e-01
1.61882648e+00
6.77819116e-03
-3.91786503e-01
0.00000000e+00
0.00000000e+00
7.70516721e-01
8.96671032e-01
9.91480971e-01
-6.40920010e-01
-6.47542590e-01
-7.04668569e-01
0.00000000e+00
0.00000000e+00
0.00000000e+00
-4.59287101e-02
-1.30010552e-01
-3.36297992e-01
-3.32130451e-01
-1.98060940e-01
4.25381657e-01
1.07889942e+00
-1.70628066e-01
-9.70133994e-01
-4.36195671e-01
3.60712688e-01
0.00000000e+00
1.56660840e-01
-2.97252190e-01
1.04334644e+00
0.00000000e+00
1.28036668e-02
5.39567018e-03
6.31071843e-01
0.00000000e+00
-5.04917089e-01
-3.19928722e-01
5.30168201e-01
-1.64234857e-01
-2.07425830e-01
8.33513123e-01
0.00000000e+00
-6.76034770e-01
-7.35208061e-01
5.50106134e-01
8.25977488e-01
7.09606466e-01
5.25685079e-01
0.00000000e+00
-1.05546583e+00
-8.08353284e-01
8.48054076e-01
-1.06365761e+00
6.69264186e-01
-3.78901927e-01
0.00000000e+00
-3.01459076e-01
-3.93892276e-01
5.27482070e-01
-4.59005683e-01
2.35829442e-01
3.31673396e-01
0.00000000e+00
-2.45151325e-01
-9.53689754e-02
4.25793861e-01
-4.13692174e-01
2.81209900e-01
1.74951772e-01
0.00000000e+00
2.96804791e-01
8.69985350e-02
8.21280192e-02
-3.65237257e-02
2.67802322e-01
-4.71250643e-02
0.00000000e+00
-6.16617704e-01
-6.48442488e-01
5.55296371e-01
-1.21950273e-01
5.23173770e-01
-1.40796604e-01
0.00000000e+00
1.21390618e-01
-2.00920111e-01
3.14519134e-01
-2.25747064e-01
2.10359520e-01
-7.99032310e-03
1.25807800e-01
-2.59154964e-02
-2.11699207e-01
2.62551700e-01
9.67916093e-02
9.94084325e-02
-1.41878869e-01
-1.21026927e+00
-1.21153031e+00
-1.54054298e+00
0.00000000e+00
0.00000000e+00
0.00000000e+00
5.90861097e-01
-1.64885822e+00
1.63567174e-02
5.67728131e-01
-1.21322140e+00
4.33555497e-01
3.41923253e-01
9.31762076e-01
-5.72659395e-01
0.00000000e+00
6.30213815e-01
-5.75340686e-01
-1.49494141e+00
1.31998855e-01
5.54891625e-01
3.37519547e-01
5.55234176e-01
-1.05700274e+00
-4.59920431e-01
3.89356516e-01
8.67608526e-03
0.00000000e+00
0.00000000e+00
0.00000000e+00
3.94255430e-02
5.04777425e-02
6.57634351e-02
-1.05734694e-02
-2.20850529e-01
-3.08408315e-03
5.68005569e-02
-6.42614881e-02
1.96231112e-01
0.00000000e+00
1.44194275e-02
-5.98799044e-02
1.96881875e-02
1.21533750e-01
-9.24081711e-02
9.09697310e-02
-9.58302509e-02
-1.40199221e-01
-3.83668634e-03
4.42904021e-02
-1.44288035e+00
0.00000000e+00
0.00000000e+00
0.00000000e+00
3.66745312e-01
-8.54191098e-01
-3.15570156e-01
4.93106434e-01
-1.16448338e+00
7.62571143e-02
6.70685526e-01
1.76752887e-02
6.65143358e-02
0.00000000e+00
8.59787219e-01
-8.08156350e-01
-1.17542274e+00
8.91158158e-01
4.33295214e-02
1.38387384e-01
2.76195905e-01
-8.96384880e-01
-4.59682266e-01
3.31168320e-01
-6.21285009e-02
0.00000000e+00
0.00000000e+00
0.00000000e+00
-3.43935312e-02
-8.25645302e-01
1.05478869e-01
-9.23595794e-02
4.41240826e-02
3.95525065e-01
-1.36469572e-01
4.68659797e-02
-8.33446614e-02
0.00000000e+00
4.33924231e-02
3.35186895e-01
8.96224041e-02
-7.19103035e-02
-9.07368189e-02
1.00763879e-01
-1.43859742e-02
-1.35469620e-01
1.95325038e-01
6.63022260e-02
136
4.48972743e-01
-9.30026855e-01
7.84017449e-03
-5.82663776e-01
1.70561444e-02
9.18138438e-01
2.06185126e-03
1.04352494e+00
7.91222849e-03
0.00000000e+00
0.00000000e+00
8.85791263e-01
8.97502842e-01
9.72330486e-01
-6.70937845e-01
-6.50277967e-01
-5.64855368e-01
0.00000000e+00
0.00000000e+00
0.00000000e+00
5.23975329e-02
4.27981749e-02
-1.07240688e-01
-1.68411000e-01
-7.96936601e-02
1.68616377e-01
6.30047993e-01
3.64604490e-01
-3.64019221e-01
-6.43752685e-01
7.19153027e-01
5.65935118e-02
3.09524330e-01
-1.06256481e+00
1.02435117e+00
1.65119088e-01
2.64826187e-01
-8.99015131e-01
9.25259514e-01
1.64080643e-01
-2.46849885e-01
-1.12126734e+00
7.92929852e-01
0.00000000e+00
0.00000000e+00
0.00000000e+00
0.00000000e+00
-2.87168503e+00
2.11031517e-01
-6.99798798e-01
-6.73260606e-01
0.00000000e+00
7.18945253e-01
-2.01520448e-01
8.04656317e-01
-1.35964681e+00
0.00000000e+00
5.50175991e-01
-1.36609035e-01
4.51988028e-01
-5.05092096e-01
-6.10134037e-01
3.38727985e-01
-1.11616256e-01
3.49776881e-01
-4.97518869e-02
0.00000000e+00
3.52257846e-01
-1.26540904e-01
1.59031238e-01
5.80084243e-02
0.00000000e+00
2.32179186e-01
-6.78674198e-02
3.51933927e-01
-2.92250378e-01
0.00000000e+00
4.52277788e-01
-9.38784159e-02
1.85003694e-01
-1.98108787e-01
1.27853766e-01
-4.99782571e-02
2.03395490e-01
7.20345020e-04
-3.31316133e-01
-1.02628384e+00
-9.40618123e-01
-1.50101568e+00
0.00000000e+00
0.00000000e+00
0.00000000e+00
5.65549183e-01
-2.01471115e+00
1.93412524e-01
4.00012715e-01
-1.67031661e+00
4.37824006e-01
3.58094512e-01
9.06294968e-01
-1.92093936e-01
0.00000000e+00
6.41840153e-01
-4.61804409e-01
-1.27529854e+00
4.46445835e-01
7.05724790e-01
6.50205028e-01
3.64546150e-01
-1.50881489e+00
-4.35740456e-01
3.87814462e-01
-1.40746648e+00
0.00000000e+00
0.00000000e+00
0.00000000e+00
2.74917469e-01
-1.45793861e+00
-6.16129729e-02
4.35451803e-01
-1.43676894e+00
6.62139641e-01
5.85550961e-01
1.03204890e-01
-9.83247633e-02
0.00000000e+00
8.54701718e-01
-1.77913874e-01
-1.08383428e+00
6.45956072e-01
-2.15265440e-01
1.48585703e-01
1.45495413e-01
-1.09193862e+00
-1.75580929e-01
5.35708273e-01
