0 6 -999999999 -1 -1
1 2 0 -1 -1
0.3929 -0.4681
356
9.63420652e-01
4.19374078e-01
5.44046574e-01
-5.13644716e-03
-1.01043307e-02
-4.42623461e-03
-1.89941502e-02
0.00000000e+00
0.00000000e+00
-7.87686150e-02
-3.10261894e-02
0.00000000e+00
0.00000000e+00
-6.22966121e-02
2.87615103e-02
2.83986546e-02
0.00000000e+00
0.00000000e+00
0.00000000e+00
0.00000000e+00
0.00000000e+00
0.00000000e+00
0.00000000e+00
0.00000000e+00
0.00000000e+00
0.00000000e+00
0.00000000e+00
0.00000000e+00
0.00000000e+00
0.00000000e+00
0.00000000e+00
0.00000000e+00
0.00000000e+00
0.00000000e+00
0.00000000e+00
0.00000000e+00
0.00000000e+00
0.00000000e+00
0.00000000e+00
0.00000000e+00
0.00000000e+00
0.00000000e+00
0.00000000e+00
0.00000000e+00
0.00000000e+00
0.00000000e+00
0.00000000e+00
0.00000000e+00
0.00000000e+00
0.00000000e+00
0.00000000e+00
-7.21861050e-01
-8.13241049e-01
7.87534188e-01
0.00000000e+00
0.00000000e+00
0.00000000e+00
0.00000000e+00
1.23409158e-01
1.08962524e-01
2.70625836e-01
3.87566422e-01
7.31549125e-01
-2.23151396e-01
5.10755343e-01
-1.27339177e+00
-6.72918810e-01
-9.60593117e-01
0.00000000e+00
0.00000000e+00
0.00000000e+00
3.82621416e-02
4.40603145e-03
-4.78248488e-01
5.34514761e-01
-6.32256896e-04
-4.81094520e-01
3.93871658e-01
-1.04717139e-03
-4.25254543e-01
0.00000000e+00
0.00000000e+00
7.84958379e-01
6.66412277e-01
1.07856813e+00
-8.80923224e-01
-4.95341269e-01
-1.90253645e-01
0.00000000e+00
0.00000000e+00
-4.78112988e-01
-2.33788626e-01
-1.31622953e+00
-6.28689814e-01
-2.63465296e-01
-4.17142073e-01
1.44585069e-02
-4.55984638e-02
5.90328451e-02
-3.40949673e-02
2.35362917e-01
4.81475430e-02
0.00000000e+00
0.00000000e+00
2.35753355e+00
2.69839019e+00
0.00000000e+00
0.00000000e+00
0.00000000e+00
0.00000000e+00
0.00000000e+00
0.00000000e+00
6.05921526e-01
5.87870286e-01
4.14686803e-01
-3.37341502e-02
-6.94568783e-01
-2.27391319e+00
0.00000000e+00
0.00000000e+00
0.00000000e+00
0.00000000e+00
0.00000000e+00
0.00000000e+00
1.13071597e+00
-2.22956395e-01
-6.81193637e-02
-4.29238491e-01
-8.17217115e-01
-1.22205727e+00
3.95046889e+00
3.97301741e+00
3.89521327e+00
3.92316364e+00
3.96499498e+00
3.87867109e+00
2.62391145e-01
3.82392384e-01
2.31072159e-01
4.05365723e-01
4.62237963e-01
-2.05491668e-01
4.29930854e-01
3.78856724e-01
1.83159403e-01
2.46906633e-01
2.32919015e-01
-1.05239445e-01
0.00000000e+00
0.00000000e+00
0.00000000e+00
0.00000000e+00
0.00000000e+00
0.00000000e+00
0.00000000e+00
0.00000000e+00
1.06989292e+00
-1.08509393e-01
0.00000000e+00
-5.89512053e-01
-5.29682379e-01
-4.77729961e-01
-8.57978841e-01
-6.67727524e-01
-1.38766122e+00
0.00000000e+00
0.00000000e+00
0.00000000e+00
3.15846897e-01
2.44702642e-01
9.94018622e-02
4.02713149e-02
-5.86916307e-01
8.43432928e-01
3.25306955e-01
1.74286950e-01
-3.01028795e-01
0.00000000e+00
7.89734585e-01
-3.53170835e-01
-1.34011099e+00
-1.28812854e-01
-8.82785024e-01
2.32142034e-01
2.83553898e-01
-1.11099908e+00
-4.63731611e-01
4.31214202e-01
4.78121419e-01
0.00000000e+00
0.00000000e+00
0.00000000e+00
7.67998965e-02
-1.64005946e-01
-9.10065564e-03
1.27575120e-01
1.01005597e-01
-1.02435890e-01
1.28249212e-02
-1.76069442e-01
1.70885655e-01
0.00000000e+00
-1.59809944e-01
2.33386015e-01
1.96998122e-01
1.61411459e-01
-3.72778809e-01
6.05164625e-02
5.94163109e-02
2.36718110e-01
1.29606421e-01
-1.04821985e-01
-6.99748675e-01
-4.27888596e-01
0.00000000e+00
-1.95792944e-01
-1.65146391e-01
4.93513861e-01
3.56796425e-02
-9.57082099e-01
-4.31459266e-01
0.00000000e+00
0.00000000e+00
0.00000000e+00
7.51181447e-02
1.67276345e-01
-2.87399059e-01
3.28947561e-01
-2.00957391e-01
4.42373159e-01
3.40007350e-01
-1.34074220e+00
1.34258332e-02
0.00000000e+00
8.11383335e-01
3.91154137e-01
2.01089581e-01
9.08852572e-02
-1.54337322e+00
-7.25978095e-01
-2.07459915e-01
6.03576405e-02
8.69822488e-02
8.65450016e-01
-2.71860079e-01
0.00000000e+00
-9.70824147e-02
-2.59015413e-01
-6.87912546e-01
-1.01793784e-01
-1.81337781e-01
-7.55765843e-01
-6.19242266e-01
6.90156471e-01
1.52752897e-01
-9.44703152e-01
-5.86118762e-01
0.00000000e+00
-7.12314492e-02
-1.61640562e-01
-1.14545749e+00
0.00000000e+00
0.00000000e+00
0.00000000e+00
-1.18440353e+00
-3.72318242e-01
1.86366055e-01
-1.63453570e-01
-3.05093325e-01
7.85323840e-01
5.84958953e-01
5.60703405e-01
8.29138637e-02
0.00000000e+00
-5.26967912e-01
-4.82814076e-01
-7.08226745e-01
7.29456467e-01
-1.89113380e-01
3.79072790e-01
7.28706717e-02
-4.81444343e-01
2.25942491e-01
-3.39230899e-01
4.37744170e-01
0.00000000e+00
0.00000000e+00
0.00000000e+00
5.34295675e-02
-1.53928940e-01
-7.05978847e-02
2.93735704e-01
-1.16420048e-03
-5.63093237e-02
5.87933928e-02
-2.85971251e-01
9.29076058e-02
0.00000000e+00
-1.04309216e-01
1.25495237e-01
5.36051331e-02
5.45543476e-02
5.64942697e-02
-4.49430817e-02
2.27937106e-02
1.18566283e-01
8.93727267e-02
1.35220091e-01
-4.63652863e-01
-6.77784503e-02
7.74189239e-01
4.20544907e-01
2.84590453e-01
5.81149014e-01
1.62086371e-01
-8.11013835e-01
-5.58254104e-01
0.00000000e+00
0.00000000e+00
0.00000000e+00
-2.81123172e-01
2.05941178e-01
3.81570450e-01
-5.91112524e-01
4.29668104e-01
-2.30184397e-01
-5.12456500e-01
1.01123395e+00
6.35667494e-02
0.00000000e+00
-6.76284347e-01
-4.11470692e-01
-2.73880320e-01
-9.40014663e-02
6.80676385e-01
5.78600148e-01
2.57575759e-01
-1.62786498e-02
2.35932582e-02
-1.10388802e+00
-3.95874412e-01
1.10915556e+00
8.91851353e-01
6.63851538e-01
-6.81804623e-01
-4.09951511e-01
-1.30602950e-02
-7.06315602e-02
-3.40696387e-01
6.10120810e-01
8.34061910e-02
-1.10347851e+00
-2.71853112e-01
1.64557691e+00
1.46908429e-01
-2.85047583e-01
247
-2.40127039e-01
-2.02432950e-02
-2.19883744e-01
2.11024791e-02
-4.13457741e-02
-3.87203076e-01
-3.08842435e-01
8.73630065e-02
0.00000000e+00
0.00000000e+00
2.60864126e-01
-5.71033314e-02
0.00000000e+00
0.00000000e+00
0.00000000e+00
0.00000000e+00
0.00000000e+00
0.00000000e+00
0.00000000e+00
0.00000000e+00
0.00000000e+00
0.00000000e+00
0.00000000e+00
0.00000000e+00
0.00000000e+00
0.00000000e+00
0.00000000e+00
0.00000000e+00
0.00000000e+00
0.00000000e+00
0.00000000e+00
0.00000000e+00
0.00000000e+00
0.00000000e+00
0.00000000e+00
0.00000000e+00
0.00000000e+00
0.00000000e+00
0.00000000e+00
0.00000000e+00
0.00000000e+00
0.00000000e+00
0.00000000e+00
1.53858448e-01
-4.51988365e-03
-1.82386889e-01
1.67750360e-03
-2.05655220e-01
-5.92919961e-04
0.00000000e+00
0.00000000e+00
2.39642170e-01
2.07348673e-01
-4.47187886e-02
-3.15224078e-01
-3.25117776e-01
-1.97585643e-03
0.00000000e+00
0.00000000e+00
1.79999561e+00
2.90123868e+00
0.00000000e+00
0.00000000e+00
0.00000000e+00
0.00000000e+00
0.00000000e+00
0.00000000e+00
7.15855001e-01
3.05978127e-01
1.98053828e-01
-3.16999407e-01
-8.11084499e-01
-2.12901418e+00
0.00000000e+00
0.00000000e+00
0.00000000e+00
0.00000000e+00
0.00000000e+00
0.00000000e+00
8.32263829e-01
-1.87356296e-01
-3.34229524e-01
-7.14134802e-01
-8.25209391e-01
-1.31512721e+00
5.94604441e+00
5.94477493e+00
5.97283512e+00
5.97245589e+00
5.95362642e+00
5.97288395e+00
-5.60130623e-01
-1.18042519e-01
-2.43851869e-01
-1.47984648e-01
-3.71737383e-01
-6.63656619e-01
-5.24946761e-01
-3.56955248e-01
-4.87638435e-01
-4.87814172e-01
-8.53380542e-01
-8.16557962e-01
0.00000000e+00
0.00000000e+00
0.00000000e+00
0.00000000e+00
3.60356807e-01
-3.88372691e-01
0.00000000e+00
-1.73511523e+00
-9.12543289e-01
-1.09386192e+00
-7.47397493e-01
-6.58852995e-01
-2.00640521e+00
0.00000000e+00
0.00000000e+00
0.00000000e+00
3.49555472e-01
-4.36882562e-01
1.26752359e-01
1.03690104e-01
-1.12380498e+00
5.96108946e-01
1.15389452e-01
2.51790822e-01
-2.29971775e-01
0.00000000e+00
3.78921105e-01
5.21597611e-02
-7.00740941e-01
2.70965906e-01
-1.16135776e+00
2.64832476e-01
2.09841863e-01
-1.13088147e+00
-3.37933908e-01
3.95159921e-01
-1.39170442e+00
-9.78919419e-01
0.00000000e+00
-7.18589993e-02
3.10341023e-01
2.84429631e-01
0.00000000e+00
0.00000000e+00
0.00000000e+00
-1.61095381e-01
4.44099781e-01
-7.13327197e-03
-1.69695032e-01
7.84760685e-02
-1.38685564e-01
-1.02289334e-01
3.30884540e-01
5.15026145e-03
0.00000000e+00
-1.14724966e-01
5.87644097e-02
-2.07888541e-01
-8.92551497e-02
6.63057083e-01
1.14610673e-01
-8.49516797e-02
-3.49026486e-02
-1.26320960e-02
-2.87359522e-01
-4.12784999e-01
0.00000000e+00
-4.15801716e-01
-2.45872899e-01
-6.14700790e-01
6.63761298e-02
0.00000000e+00
-1.45000599e+00
-1.27680534e+00
-6.81076920e-01
0.00000000e+00
-6.38411434e-01
-5.58722351e-01
-1.40625049e+00
0.00000000e+00
0.00000000e+00
0.00000000e+00
-6.33763308e-01
-9.91841486e-01
1.86829207e-01
-1.10444272e-02
-8.46933711e-01
8.45750703e-01
3.82474360e-01
-5.53404214e-02
-6.85982233e-02
0.00000000e+00
-3.52743060e-01
-2.35634580e-01
-3.06362037e-01
6.83776825e-01
-8.64350406e-02
3.11874650e-02
1.81333351e-01
-5.70260579e-01
3.71900181e-01
6.94542939e-02
-8.93040776e-01
-7.49526867e-01
7.31564336e-01
4.72277624e-01
2.93451462e-01
4.62302913e-01
0.00000000e+00
0.00000000e+00
0.00000000e+00
-7.54466695e-02
2.66917674e-01
-6.49209601e-02
3.08904256e-01
-7.64795012e-02
1.53448695e-01
1.94365667e-01
-2.16893444e-01
4.11792271e-02
0.00000000e+00
2.51770547e-01
2.51392169e-01
-1.81062820e-01
-7.26491946e-03
-5.96204745e-01
-7.86805703e-02
1.31504928e-02
-1.24277289e-02
5.82534761e-02
2.32302068e-01
-1.43513909e-01
2.69874396e-01
-8.91947546e-02
1.52371403e-01
-5.13209712e-01
2.12937378e-03
2.81093082e-01
-1.53536593e-02
-2.90017325e-01
-5.15339085e-01
8.78162297e-01
1.25068304e-01
-2.88693865e-01
1 -999999999 4 0 -1
1 0 2 1 -1
7.2997e-02 2.9028e-01
356
-3.66247490e-02
0.00000000e+00
0.00000000e+00
0.00000000e+00
0.00000000e+00
0.00000000e+00
0.00000000e+00
0.00000000e+00
0.00000000e+00
0.00000000e+00
0.00000000e+00
0.00000000e+00
0.00000000e+00
0.00000000e+00
0.00000000e+00
0.00000000e+00
-1.21801651e-01
8.51769020e-02
2.58562623e-01
-3.44176698e-01
-2.22393370e-01
-7.22860481e-02
0.00000000e+00
0.00000000e+00
5.78196518e-01
3.95312399e-01
0.00000000e+00
0.00000000e+00
9.19552573e-02
2.97047181e-02
1.36902648e-01
-3.66247490e-02
0.00000000e+00
-1.67910389e+00
-1.57261077e+00
6.37278904e-02
2.24000401e-01
1.16692834e+00
1.04080954e+00
4.75550804e-01
1.56799839e+00
0.00000000e+00
0.00000000e+00
0.00000000e+00
0.00000000e+00
0.00000000e+00
0.00000000e+00
0.00000000e+00
0.00000000e+00
0.00000000e+00
0.00000000e+00
1.64431090e-03
-1.72995390e-01
-9.39543493e-01
0.00000000e+00
0.00000000e+00
0.00000000e+00
0.00000000e+00
-2.70063326e-01
1.01380097e-01
-1.36958849e-01
5.94949915e-01
4.48952239e-01
-1.91146251e-01
1.80118897e-01
-5.41714054e-01
-2.58673709e-01
-3.18885452e-01
0.00000000e+00
0.00000000e+00
0.00000000e+00
0.00000000e+00
0.00000000e+00
0.00000000e+00
4.07693839e-01
-1.59808507e-03
-1.47624497e-01
-4.34870306e-01
1.06589438e-03
7.83782363e-02
0.00000000e+00
0.00000000e+00
-2.02813733e-01
-2.34967515e-01
1.74523812e-02
-8.30251843e-02
1.45450262e-01
3.21279040e-01
0.00000000e+00
0.00000000e+00
-6.96943158e-02
-9.52457049e-02
-4.48321852e-01
-3.27311265e-01
-1.71480304e-01
-1.03279778e-01
9.61694439e-02
5.14249202e-02
-2.32806213e-02
3.74112021e-02
-6.52266576e-02
-7.26215580e-02
0.00000000e+00
0.00000000e+00
3.06992832e+00
1.46244968e+00
0.00000000e+00
0.00000000e+00
0.00000000e+00
0.00000000e+00
0.00000000e+00
0.00000000e+00
-1.39842190e-01
1.29815415e-01
5.77886013e-02
-2.99501433e-01
-7.47950075e-01
-2.10299876e+00
0.00000000e+00
0.00000000e+00
0.00000000e+00
0.00000000e+00
0.00000000e+00
0.00000000e+00
1.33267554e+00
-2.24906014e-01
-2.47240771e-01
-4.25592460e-01
-6.86695572e-01
-1.04296928e+00
4.65683626e+00
4.59899791e+00
4.54127942e+00
4.47790952e+00
4.53233007e+00
4.48827410e+00
1.67779594e-01
3.38822897e-01
2.06555499e-01
1.81673339e-01
-5.30961021e-02
-6.11980454e-01
3.51723270e-01
3.05416293e-01
1.18574634e-01
1.70719923e-01
1.04413187e-01
-2.75116760e-01
0.00000000e+00
0.00000000e+00
0.00000000e+00
0.00000000e+00
0.00000000e+00
0.00000000e+00
0.00000000e+00
0.00000000e+00
1.71585751e-01
-2.47595211e-01
-2.56296466e+00
0.00000000e+00
-2.42978700e-02
-3.90418988e-01
-5.19290537e-01
-1.10560563e+00
-5.43588407e-01
0.00000000e+00
0.00000000e+00
0.00000000e+00
5.42947534e-01
4.35824014e-01
1.19081004e-02
4.82433543e-01
-6.23375412e-01
5.13254529e-01
3.81798702e-01
-4.90399948e-02
6.47707994e-01
0.00000000e+00
5.87506593e-01
-5.83017147e-01
-9.97416322e-01
3.66914718e-01
-1.57847480e+00
1.72805070e-01
4.94854067e-02
-8.19244818e-01
-1.39643294e-01
5.40371816e-02
-1.38178003e-01
0.00000000e+00
0.00000000e+00
0.00000000e+00
-8.18603636e-02
-6.43641847e-02
-5.79413121e-02
-1.42646172e-01
1.01394393e-01
-9.09674086e-02
-1.41628381e-01
1.89082693e-02
-2.48404977e-01
0.00000000e+00
-1.01498498e-01
1.27352603e-01
5.43475534e-02
2.91517611e-02
3.90267812e-01
-6.34632855e-02
-5.16826073e-02
1.19660387e-01
9.37920402e-02
-2.85956316e-02
-3.58160571e-01
2.24060292e-02
-1.69751958e+00
-9.41127754e-01
-5.01028565e-01
1.49514757e-01
8.29615835e-02
-2.10070311e-01
1.83938271e-01
0.00000000e+00
0.00000000e+00
0.00000000e+00
3.52404519e-01
5.58702010e-01
-2.97528769e-01
6.94949624e-01
-2.73837063e-01
1.95755181e-01
5.27305734e-01
-1.21261080e+00
3.20470084e-01
0.00000000e+00
8.61832969e-01
-3.07336225e-02
4.90244980e-02
2.13209518e-02
-1.60055670e+00
-7.67231263e-01
-1.61652652e-01
1.59987407e-01
-4.05983846e-03
7.90395995e-01
-3.80566600e-01
-1.19259650e+00
-3.43130025e-01
-2.93898309e-02
-1.85427836e-01
-4.67038992e-02
-1.97168440e+00
-1.21542463e+00
-9.31728656e-01
4.32685607e-01
9.82336052e-02
-5.77623112e-01
-1.38723936e-01
-1.26894044e+00
-9.26411169e-01
-9.28340255e-01
-1.49602462e+00
0.00000000e+00
0.00000000e+00
0.00000000e+00
-1.17478424e+00
-1.80597393e+00
5.64628311e-01
1.04543251e-01
-1.50559286e-01
9.96871617e-01
4.27595837e-01
5.53902506e-01
-5.41073147e-01
0.00000000e+00
-9.79800456e-01
8.27887087e-02
-1.13788125e+00
6.18735231e-01
4.98687441e-01
7.77969360e-01
6.46333848e-01
-8.33845711e-01
2.59117403e-02
-1.70074455e-01
-8.54037755e-02
0.00000000e+00
0.00000000e+00
0.00000000e+00
-3.41201156e-02
3.45210733e-01
-2.51533454e-01
1.28178376e-02
-1.40911613e-01
-2.33933514e-02
7.92566237e-03
-2.47351440e-01
1.46114178e-01
0.00000000e+00
5.27994218e-02
-1.92195196e-02
2.10144237e-01
2.55401873e-02
-4.24477394e-02
-3.02271220e-01
-2.20975727e-01
1.37148555e-01
9.44324356e-02
1.64687156e-01
-5.14295441e-01
-1.28179501e-01
1.17931094e-01
3.80462957e-01
1.91618923e-01
1.12942172e-01
4.63641480e-02
-2.87485821e-01
1.16732021e-02
0.00000000e+00
0.00000000e+00
0.00000000e+00
-1.88896475e-01
-4.53034281e-01
5.28530080e-01
-6.76283791e-01
3.44835695e-01
4.55452263e-02
-4.82462558e-01
1.16041639e+00
-2.03310257e-01
0.00000000e+00
-7.82386894e-01
1.36562400e-01
-1.04045187e-01
2.63054516e-02
4.23382399e-01
9.68760411e-01
4.27144453e-01
-1.04467530e-01
-7.73274293e-02
-9.77594905e-01
-3.86115939e-01
0.00000000e+00
-6.82775982e-01
-4.27489338e-01
-9.81729180e-01
-2.62239486e-01
5.94773005e-01
8.13099130e-01
3.76269960e-01
2.39212379e-01
1.29362244e-02
-5.14388090e-01
-7.19489694e-01
7.59787232e-01
7.78601674e-01
-1.91974028e-01
247
-1.29272952e-01
0.00000000e+00
0.00000000e+00
0.00000000e+00
0.00000000e+00
0.00000000e+00
0.00000000e+00
0.00000000e+00
0.00000000e+00
2.75860730e-01
0.00000000e+00
0.00000000e+00
0.00000000e+00
0.00000000e+00
-3.89974591e-02
-9.02754930e-02
1.68924463e-01
-2.07921922e-01
-5.77670219e-01
-8.02248595e-01
0.00000000e+00
0.00000000e+00
0.00000000e+00
5.46322113e-01
2.94990042e-01
0.00000000e+00
0.00000000e+00
-1.29272952e-01
0.00000000e+00
-1.28381230e-01
0.00000000e+00
0.00000000e+00
2.40873182e-01
-4.48650268e-01
0.00000000e+00
0.00000000e+00
0.00000000e+00
0.00000000e+00
0.00000000e+00
0.00000000e+00
0.00000000e+00
0.00000000e+00
0.00000000e+00
0.00000000e+00
0.00000000e+00
2.70927486e-01
-3.53796494e-03
-3.99275581e-01
5.87168137e-04
0.00000000e+00
0.00000000e+00
7.09461502e-01
3.98766956e-01
4.80253102e-01
-9.80445262e-01
-3.51451114e-01
-3.84966415e-01
0.00000000e+00
0.00000000e+00
3.02646988e+00
1.38450433e+00
0.00000000e+00
0.00000000e+00
0.00000000e+00
0.00000000e+00
0.00000000e+00
0.00000000e+00
-9.68399710e-02
3.07620737e-01
1.91508665e-01
-1.95766437e-01
-9.24454525e-01
-2.43082978e+00
0.00000000e+00
0.00000000e+00
0.00000000e+00
0.00000000e+00
0.00000000e+00
0.00000000e+00
1.02214575e+00
6.91133690e-02
-1.56917012e-01
-5.50157405e-01
-7.05051477e-01
-9.37652626e-01
5.30153094e+00
5.26530510e+00
5.26990206e+00
5.28225693e+00
5.14182236e+00
5.06766958e+00
-9.74811933e-02
8.19469436e-02
-6.79285165e-02
-6.82152813e-02
-1.07518715e-01
-6.88974937e-01
1.39759878e-01
-1.43623177e-03
-1.04585153e-01
-6.20927635e-02
1.50795120e-02
-2.78898801e-01
0.00000000e+00
0.00000000e+00
0.00000000e+00
0.00000000e+00
1.32966442e-01
-4.74767039e-01
-2.58672369e+00
0.00000000e+00
-2.07416204e-01
-3.61602931e-01
-5.11561838e-01
-9.84910101e-01
-5.69019135e-01
0.00000000e+00
0.00000000e+00
0.00000000e+00
4.77073341e-01
-5.66672476e-01
1.82830587e-01
3.85733428e-02
-8.01025602e-02
3.81736524e-01
2.31165576e-01
6.54080842e-02
-2.58954020e-01
0.00000000e+00
3.35548263e-01
2.22760428e-01
-7.54084795e-01
2.99921943e-01
-1.14339029e+00
4.92088378e-01
3.75168284e-01
-4.71794789e-01
-1.00429502e-01
-2.95865453e-01
-2.04976349e-01
2.43464434e-01
-2.06103282e+00
-1.15105608e+00
-4.60630761e-01
-3.01255229e-01
0.00000000e+00
0.00000000e+00
0.00000000e+00
-1.56810467e-01
1.46967615e-02
2.94299430e-02
-1.85200608e-01
2.63317020e-02
-7.33490482e-02
-2.19795875e-01
2.98724619e-01
-3.58730785e-01
0.00000000e+00
3.73402211e-02
1.08792259e-01
-3.01990680e-01
-1.23493791e-01
8.52859566e-01
5.89144906e-02
-2.30625632e-02
-8.75923466e-03
-1.16073120e-01
-1.61078618e-01
-4.48440783e-01
-1.72455255e+00
-7.02605468e-01
-2.94578750e-01
-3.64042786e-01
-4.50880638e-01
-1.68269668e+00
-8.75279867e-01
-4.41789797e-01
8.68378520e-02
-1.33987336e+00
-7.79928133e-01
-6.03316629e-01
-1.49647194e+00
0.00000000e+00
0.00000000e+00
0.00000000e+00
-6.41453259e-01
-1.87687850e+00
3.94968526e-01
1.16569070e-01
-2.32466531e-01
6.10847729e-01
4.06844027e-01
2.45565406e-01
1.47571637e-01
0.00000000e+00
-6.57840208e-01
-5.22751951e-02
-5.51913126e-01
6.66899666e-01
-4.62010268e-01
3.95455267e-01
5.08259136e-01
-5.44304142e-01
3.10107593e-01
-2.80418770e-01
-2.87192785e-01
2.50123347e-01
0.00000000e+00
-3.59032630e-01
-1.14050625e-01
-4.20046515e-01
0.00000000e+00
0.00000000e+00
0.00000000e+00
8.27446238e-02
5.65680604e-01
-2.64089983e-01
2.09304965e-01
-3.76055763e-01
9.74317500e-02
9.95387197e-02
-3.82237920e-01
3.64344308e-01
0.00000000e+00
3.94445937e-01
-9.86777337e-02
-2.82414685e-02
4.91457565e-03
-9.12513999e-01
-3.02281148e-01
-2.30391370e-01
-2.75282643e-03
-8.60854465e-03
3.67398759e-01
-5.37316132e-01
0.00000000e+00
-4.84101251e-01
-1.94813745e-01
-1.20927915e+00
-7.61685184e-01
4.72169027e-01
9.05057861e-01
5.58831989e-01
-4.47593969e-01
5.93162885e-01
9.87374729e-01
3.76427197e-01
2 1
-2.1424e-01 9.3430e-02
2 1
0 1 
217
2.99532073e-01
1.29063761e-01
-3.78427049e-01
-6.12336284e-01
-1.21707864e-01
1.25737483e-01
7.59231791e-02
3.08035352e-01
4.19490223e-01
4.90219166e-02
2.87931507e-01
-4.48509029e-01
-3.62104972e-01
-1.55828595e-01
0.00000000e+00
0.00000000e+00
0.00000000e+00
-6.59159225e-05
-2.44115598e-03
1.66581014e-01
-1.64371242e-02
1.53078325e-03
3.92001549e-02
3.16035113e-01
8.41209340e-04
2.95421905e-03
0.00000000e+00
0.00000000e+00
1.94037921e-02
-7.94642864e-02
3.62443880e-01
-4.72834465e-01
2.29236759e-02
4.47059476e-01
0.00000000e+00
0.00000000e+00
0.00000000e+00
-1.29256109e-01
4.28788182e-01
0.00000000e+00
0.00000000e+00
0.00000000e+00
0.00000000e+00
0.00000000e+00
0.00000000e+00
-2.56296431e-02
-1.03626466e-01
4.28788182e-01
0.00000000e+00
0.00000000e+00
0.00000000e+00
0.00000000e+00
0.00000000e+00
0.00000000e+00
0.00000000e+00
0.00000000e+00
0.00000000e+00
0.00000000e+00
0.00000000e+00
0.00000000e+00
4.28788182e-01
-1.03626466e-01
-2.56296431e-02
0.00000000e+00
-1.03626466e-01
-1.42100552e+00
5.78726787e-01
1.28457994e+00
-1.75568248e-01
1.55987623e+00
0.00000000e+00
-2.56296431e-02
-1.02775573e+00
2.56557152e-01
-1.62517809e+00
6.86045642e-02
-4.34168248e-01
0.00000000e+00
0.00000000e+00
0.00000000e+00
0.00000000e+00
0.00000000e+00
0.00000000e+00
0.00000000e+00
0.00000000e+00
0.00000000e+00
0.00000000e+00
0.00000000e+00
0.00000000e+00
0.00000000e+00
0.00000000e+00
0.00000000e+00
0.00000000e+00
0.00000000e+00
0.00000000e+00
0.00000000e+00
0.00000000e+00
0.00000000e+00
0.00000000e+00
0.00000000e+00
0.00000000e+00
0.00000000e+00
0.00000000e+00
0.00000000e+00
0.00000000e+00
0.00000000e+00
0.00000000e+00
0.00000000e+00
0.00000000e+00
0.00000000e+00
0.00000000e+00
0.00000000e+00
0.00000000e+00
0.00000000e+00
0.00000000e+00
0.00000000e+00
0.00000000e+00
0.00000000e+00
0.00000000e+00
-6.35829452e-01
-1.06294583e+00
-8.25924405e-01
0.00000000e+00
0.00000000e+00
0.00000000e+00
2.69618205e-01
-8.03635015e-01
1.47592453e-02
3.08968739e-01
-5.46007482e-01
2.01264271e-01
3.11147282e-01
5.16750508e-01
-9.20830318e-02
0.00000000e+00
1.13116252e-01
-3.78277352e-01
-9.70821822e-01
7.07386336e-02
4.06428917e-01
6.59225782e-01
4.74474241e-01
-7.64686828e-01
-4.44264826e-01
-1.72640125e-01
-1.75116705e-01
0.00000000e+00
0.00000000e+00
0.00000000e+00
2.93426142e-01
-1.27212296e+00
-7.75471141e-03
2.13999510e-01
-4.97235814e-01
1.52620096e-01
1.50771619e-01
1.52869844e-01
1.42938595e-03
0.00000000e+00
4.44483519e-01
-4.38590353e-01
-2.09340156e-01
1.90841250e-01
-6.09269541e-02
1.65816610e-01
1.96721154e-01
-2.34499329e-01
1.46256857e-01
4.36117581e-01
-1.16271900e+00
0.00000000e+00
0.00000000e+00
0.00000000e+00
-9.25650792e-02
-5.56101845e-01
-4.58557166e-02
1.05494766e-01
-4.08268037e-01
5.38563788e-01
4.50744149e-01
-6.68783639e-02
-1.11916975e-01
0.00000000e+00
5.06924692e-01
-2.86508821e-01
-6.94085878e-01
1.88199650e-01
-4.16898967e-01
1.50206572e-01
1.18180740e-01
-4.80031575e-01
-5.30887682e-02
-8.83333395e-03
-9.82532807e-02
0.00000000e+00
0.00000000e+00
0.00000000e+00
1.54603643e-01
-8.76386110e-01
9.44312363e-02
1.22685242e-01
-2.60553260e-01
1.02818685e-01
4.75345023e-02
1.70739511e-01
-1.77272711e-01
0.00000000e+00
1.19808462e-01
-6.20812268e-02
-2.07652154e-01
2.18987153e-01
3.46672365e-01
1.37485525e-01
8.49276383e-02
-2.86195100e-01
1.77851982e-02
1.53408121e-01
136
5.22308300e-01
0.00000000e+00
0.00000000e+00
-3.80749741e-02
1.77132035e-03
3.06353505e-01
-7.56168753e-04
2.54029769e-01
1.33614984e-03
0.00000000e+00
0.00000000e+00
2.15542565e-01
1.06435245e-01
4.29517642e-01
-5.58266188e-01
-2.88651449e-04
3.29918216e-01
0.00000000e+00
0.00000000e+00
0.00000000e+00
-4.53279075e-03
5.26841091e-01
0.00000000e+00
0.00000000e+00
0.00000000e+00
0.00000000e+00
0.00000000e+00
0.00000000e+00
6.37147367e-01
-6.41680158e-01
5.26841091e-01
0.00000000e+00
0.00000000e+00
0.00000000e+00
0.00000000e+00
0.00000000e+00
0.00000000e+00
0.00000000e+00
0.00000000e+00
0.00000000e+00
0.00000000e+00
0.00000000e+00
0.00000000e+00
0.00000000e+00
0.00000000e+00
0.00000000e+00
0.00000000e+00
-6.41129629e-01
2.30710539e-01
-5.34677641e-01
-1.46118518e+00
0.00000000e+00
6.37147367e-01
-1.92149516e-01
5.60281659e-01
-9.02464579e-01
0.00000000e+00
0.00000000e+00
0.00000000e+00
0.00000000e+00
5.26841091e-01
-6.41680158e-01
6.37147367e-01
0.00000000e+00
0.00000000e+00
0.00000000e+00
0.00000000e+00
0.00000000e+00
0.00000000e+00
0.00000000e+00
0.00000000e+00
0.00000000e+00
0.00000000e+00
0.00000000e+00
0.00000000e+00
0.00000000e+00
0.00000000e+00
0.00000000e+00
0.00000000e+00
0.00000000e+00
0.00000000e+00
0.00000000e+00
0.00000000e+00
0.00000000e+00
0.00000000e+00
0.00000000e+00
-7.02828238e-01
-9.22957388e-01
-1.12054825e+00
0.00000000e+00
0.00000000e+00
0.00000000e+00
5.07017884e-01
-2.19966885e+00
4.82836323e-01
5.44396125e-01
-1.33307854e+00
5.50004303e-01
5.23101081e-01
1.02009324e+00
-3.99500805e-01
0.00000000e+00
5.63355207e-01
-5.98251023e-01
-1.29477824e+00
3.23943821e-01
1.14902561e+00
8.43777471e-01
4.03014079e-01
-1.79246532e+00
-5.89582740e-01
1.76212117e-01
-1.24445354e+00
0.00000000e+00
0.00000000e+00
0.00000000e+00
2.70534468e-01
-1.94177145e+00
1.45745219e-01
6.28113925e-01
-1.16631737e+00
8.10171061e-01
8.61758109e-01
1.69549410e-05
-1.50354250e-01
0.00000000e+00
1.01707246e+00
-5.16178370e-01
-1.06589977e+00
6.32330177e-01
-4.50047386e-01
2.40288504e-01
3.08015034e-01
-1.23613204e+00
-1.10025955e-01
4.78227151e-01
7 1
-3.7500e-01 1.7424e-01
3 1
0 1 2 
217
2.29219675e-01
2.58543304e-01
-4.53993906e-01
-5.63526021e-03
-3.31365398e-02
8.81127381e-02
6.39458402e-02
2.47063081e-01
2.84423322e-01
-4.91135388e-02
8.00901142e-02
-1.95078230e-01
-1.66103061e-01
-1.36473522e-01
0.00000000e+00
0.00000000e+00
0.00000000e+00
-5.94778061e-03
-1.07222913e-03
7.21763354e-02
-1.66988462e-01
2.30496021e-03
1.16005420e-01
4.02155918e-01
6.53796596e-04
-2.50206449e-02
0.00000000e+00
0.00000000e+00
-7.67034462e-02
-8.65098864e-02
3.63217195e-01
-3.24217729e-01
-2.06486941e-02
3.74221360e-01
0.00000000e+00
0.00000000e+00
0.00000000e+00
-1.69325044e-01
-1.27419704e-01
5.25964423e-01
0.00000000e+00
0.00000000e+00
0.00000000e+00
0.00000000e+00
0.00000000e+00
-3.53432958e-03
-1.65790714e-01
3.63274509e-01
0.00000000e+00
-4.76525935e-01
-1.41682778e-02
5.25964423e-01
0.00000000e+00
0.00000000e+00
0.00000000e+00
0.00000000e+00
0.00000000e+00
0.00000000e+00
0.00000000e+00
0.00000000e+00
4.12712997e-01
-1.79958992e-01
-3.53432958e-03
0.00000000e+00
-1.79819868e-01
-1.73662913e+00
5.52118374e-01
1.33633906e+00
-1.42939707e-01
1.13254330e+00
0.00000000e+00
-4.80060265e-01
-9.38096312e-01
5.49004645e-01
-1.50510139e+00
1.60275295e-01
-1.65045882e-01
0.00000000e+00
1.93949465e-01
-1.91317091e-01
1.18098618e-01
-9.07286046e-01
-8.28284082e-02
-2.66772434e-01
0.00000000e+00
0.00000000e+00
0.00000000e+00
0.00000000e+00
0.00000000e+00
0.00000000e+00
0.00000000e+00
0.00000000e+00
0.00000000e+00
0.00000000e+00
0.00000000e+00
0.00000000e+00
0.00000000e+00
0.00000000e+00
0.00000000e+00
0.00000000e+00
0.00000000e+00
0.00000000e+00
0.00000000e+00
0.00000000e+00
0.00000000e+00
0.00000000e+00
0.00000000e+00
0.00000000e+00
0.00000000e+00
0.00000000e+00
0.00000000e+00
0.00000000e+00
0.00000000e+00
0.00000000e+00
0.00000000e+00
0.00000000e+00
0.00000000e+00
0.00000000e+00
0.00000000e+00
-5.66324268e-01
-9.07476310e-01
-7.69027699e-01
0.00000000e+00
0.00000000e+00
0.00000000e+00
2.77282680e-01
-6.63524929e-01
1.73835707e-01
1.48862965e-01
-5.51237291e-01
4.39335021e-01
2.58360816e-01
4.69765388e-01
2.61902657e-02
0.00000000e+00
1.03041279e-01
-4.04428899e-01
-9.62259067e-01
4.79999780e-02
1.37515720e-01
5.44614211e-01
4.04854384e-01
-7.89463217e-01
-3.43084389e-01
-8.66883197e-02
-1.74343929e-01
0.00000000e+00
0.00000000e+00
0.00000000e+00
2.60424925e-01
-9.18424714e-01
1.48467128e-01
2.41731266e-01
-4.95966995e-01
-1.38974089e-02
1.67850167e-01
1.22292505e-01
-1.14930645e-01
0.00000000e+00
4.22996579e-01
-5.60230312e-01
-1.56593005e-01
2.43226037e-01
3.74198850e-02
9.11067205e-02
1.19231048e-01
-2.33909695e-01
7.56241387e-02
3.89238446e-01
-1.04774534e+00
0.00000000e+00
0.00000000e+00
0.00000000e+00
-1.06472123e-01
-6.15977059e-01
1.19192692e-02
2.43385314e-02
-3.88389102e-01
5.40910679e-01
3.55872775e-01
-6.78541962e-02
-1.81812367e-01
0.00000000e+00
5.67922306e-01
-1.90732619e-01
-6.79046180e-01
2.29029753e-01
-2.77045974e-01
9.08125339e-02
8.32707366e-02
-4.65532006e-01
-1.52067610e-02
3.62464601e-02
-8.76629376e-02
0.00000000e+00
0.00000000e+00
0.00000000e+00
1.45340028e-01
-9.53523036e-01
5.11482801e-02
1.28327674e-01
-3.04554562e-01
1.25007142e-01
7.87959626e-02
1.47091149e-01
-8.94004849e-02
0.00000000e+00
9.73109035e-02
-7.60954587e-02
-1.51298120e-01
2.12842584e-01
2.94583177e-01
1.48949776e-01
1.05164918e-01
-2.25370226e-01
4.49963713e-02
1.33020983e-01
136
5.35121701e-01
0.00000000e+00
0.00000000e+00
-3.56379557e-02
2.52482596e-03
2.93144741e-01
-7.08137066e-04
2.77698768e-01
1.31921682e-03
0.00000000e+00
0.00000000e+00
2.62560448e-01
1.16543434e-01
4.79556750e-01
-5.91445870e-01
-1.18907197e-02
2.79881510e-01
0.00000000e+00
0.00000000e+00
0.00000000e+00
-1.21683347e-01
1.67876992e-01
4.88928056e-01
0.00000000e+00
0.00000000e+00
0.00000000e+00
0.00000000e+00
0.00000000e+00
8.75196701e-02
-2.09203017e-01
5.93634142e-01
0.00000000e+00
3.93930742e-01
-8.19687892e-01
4.88928056e-01
0.00000000e+00
0.00000000e+00
0.00000000e+00
0.00000000e+00
0.00000000e+00
0.00000000e+00
0.00000000e+00
0.00000000e+00
0.00000000e+00
0.00000000e+00
0.00000000e+00
0.00000000e+00
-1.02880706e+00
3.69782223e-01
-4.12936282e-01
-1.32819105e+00
0.00000000e+00
4.81450412e-01
-2.32894353e-01
5.38582143e-01
-8.51737090e-01
0.00000000e+00
4.71950795e-01
-2.23431032e-02
2.84384146e-01
-4.38871663e-01
-1.02889091e+00
8.75196701e-02
0.00000000e+00
0.00000000e+00
0.00000000e+00
0.00000000e+00
0.00000000e+00
0.00000000e+00
0.00000000e+00
0.00000000e+00
0.00000000e+00
0.00000000e+00
0.00000000e+00
0.00000000e+00
0.00000000e+00
0.00000000e+00
0.00000000e+00
0.00000000e+00
0.00000000e+00
0.00000000e+00
0.00000000e+00
0.00000000e+00
0.00000000e+00
0.00000000e+00
0.00000000e+00
-6.40386587e-01
-9.12173597e-01
-1.12802399e+00
0.00000000e+00
0.00000000e+00
0.00000000e+00
5.43720016e-01
-2.33904141e+00
3.53122895e-01
5.67129760e-01
-1.33872278e+00
5.48447933e-01
5.19786053e-01
1.02812115e+00
-3.54540195e-01
0.00000000e+00
5.97242115e-01
-5.60443992e-01
-1.33691585e+00
3.10209252e-01
1.14059082e+00
8.89520508e-01
4.88378541e-01
-1.80352234e+00
-5.66508595e-01
1.85402141e-01
-1.25760695e+00
0.00000000e+00
0.00000000e+00
0.00000000e+00
2.90034350e-01
-1.92522898e+00
1.52978142e-01
6.33148666e-01
-1.15858088e+00
7.77886868e-01
8.24477684e-01
3.22597434e-02
-1.36341775e-01
0.00000000e+00
1.01164183e+00
-5.55216995e-01
-1.07743579e+00
6.01921990e-01
-4.40083386e-01
2.68301887e-01
3.31649668e-01
-1.24238910e+00
-1.32661229e-01
4.86030357e-01
3 1
-5.6125e-01 2.4850e-01
4 0
0 1 2 7 
217
-3.26638844e-01
-4.92409361e-01
6.17375520e-01
5.46643028e-02
-2.53268646e-02
-1.16434556e-01
-1.52119420e-01
-1.04356945e-01
-2.68412750e-01
7.00541977e-02
-3.60969954e-02
-4.79111452e-02
1.55317186e-01
3.47725651e-01
0.00000000e+00
0.00000000e+00
0.00000000e+00
-7.54745066e-02
4.03882175e-03
-1.09903752e-01
2.79220327e-01
-9.11544602e-04
-8.67731530e-02
-5.29889967e-01
2.75595663e-04
1.70860358e-01
0.00000000e+00
0.00000000e+00
-3.50535999e-01
-9.55122112e-02
3.23729924e-01
-1.46417023e-01
7.54177597e-02
-1.33321295e-01
0.00000000e+00
0.00000000e+00
0.00000000e+00
-4.08272042e-01
-2.77558480e-01
-6.46642025e-02
4.23855881e-01
0.00000000e+00
0.00000000e+00
0.00000000e+00
0.00000000e+00
-1.19999388e-01
-2.88272654e-01
-1.07464503e-01
0.00000000e+00
2.31807330e-01
-2.00914018e-01
3.40043902e-01
0.00000000e+00
-2.72756835e-01
7.17695454e-02
4.17956624e-01
0.00000000e+00
-7.64523399e-01
-5.81413296e-02
4.23855881e-01
2.68919001e-01
-4.75558456e-01
-1.19999388e-01
0.00000000e+00
-4.75558456e-01
-1.32764438e+00
1.48121688e-01
1.48404406e+00
7.97925025e-04
5.01246751e-01
0.00000000e+00
-9.25472291e-01
-7.68140469e-01
2.56667393e-01
-1.27144021e+00
3.42166055e-01
1.54556415e-01
0.00000000e+00
-2.98767210e-01
-4.04558129e-01
1.12861578e-01
-4.75329459e-01
-1.40733211e-01
3.44462775e-01
0.00000000e+00
-1.44799331e-01
-4.57046383e-02
7.32253792e-03
-4.99409788e-01
-1.89162050e-01
2.59823781e-01
0.00000000e+00
0.00000000e+00
0.00000000e+00
0.00000000e+00
0.00000000e+00
0.00000000e+00
0.00000000e+00
0.00000000e+00
0.00000000e+00
0.00000000e+00
0.00000000e+00
0.00000000e+00
0.00000000e+00
0.00000000e+00
0.00000000e+00
0.00000000e+00
0.00000000e+00
0.00000000e+00
0.00000000e+00
0.00000000e+00
0.00000000e+00
0.00000000e+00
0.00000000e+00
0.00000000e+00
0.00000000e+00
0.00000000e+00
0.00000000e+00
0.00000000e+00
-5.31842006e-01
-7.97751557e-01
-9.01407984e-01
0.00000000e+00
0.00000000e+00
0.00000000e+00
3.36037752e-01
-6.28803768e-01
1.70377700e-01
1.05032150e-01
-5.86851301e-01
2.78603303e-01
1.67941095e-01
4.86085320e-01
1.49063646e-01
0.00000000e+00
1.97698893e-01
-8.66860349e-01
-1.03273406e+00
1.01580923e-01
7.90243665e-01
3.43068105e-01
9.50910512e-02
-8.00933506e-01
-2.49798013e-01
4.37494083e-02
-6.73267103e-02
0.00000000e+00
0.00000000e+00
0.00000000e+00
1.60161394e-01
-5.70333279e-01
-1.44444679e-02
2.96372096e-01
-4.59616103e-01
1.03703161e-01
1.48083604e-01
6.55084538e-02
-1.36984399e-01
0.00000000e+00
2.51321889e-01
3.70113174e-01
-1.21204219e-01
1.38521482e-01
-3.65900071e-01
9.29150343e-02
9.64860393e-02
-3.50656372e-01
-5.00086202e-02
2.78634495e-01
-8.43813142e-01
0.00000000e+00
0.00000000e+00
0.00000000e+00
-3.11952265e-01
-6.10709872e-01
-2.55385887e-01
3.55225498e-01
-3.81151406e-01
8.33999940e-01
7.84089088e-01
-3.18529205e-01
-6.24602475e-02
0.00000000e+00
4.98492961e-01
-1.23125448e-01
-6.31602075e-01
2.15206572e-01
-9.19022887e-02
2.95167669e-01
-7.30300525e-02
-5.64609218e-01
-8.10008485e-02
-3.20536057e-01
-1.61317598e-01
0.00000000e+00
0.00000000e+00
0.00000000e+00
2.29808673e-01
-5.74167315e-01
1.26995062e-01
1.25916872e-02
-4.25367125e-01
2.00217138e-01
1.44657043e-01
3.28109145e-01
8.41826334e-02
0.00000000e+00
-3.89562180e-02
-2.73112844e-02
-4.69007545e-01
2.36102754e-02
3.16960163e-01
3.01218597e-02
1.47977334e-01
-3.20530606e-01
-8.74834644e-02
1.36274947e-01
136
5.11723601e-01
0.00000000e+00
0.00000000e+00
4.49910077e-02
3.17987669e-03
2.74289172e-01
-1.43129083e-03
1.90318024e-01
-6.86853188e-04
0.00000000e+00
0.00000000e+00
-9.65605421e-03
5.90202461e-02
6.29252917e-01
-2.86434014e-01
7.30691274e-02
4.64772236e-02
0.00000000e+00
0.00000000e+00
0.00000000e+00
-1.21021947e-01
9.94950585e-02
1.31121409e-01
4.02134926e-01
0.00000000e+00
0.00000000e+00
0.00000000e+00
0.00000000e+00
-1.35101756e-01
1.40798094e-02
2.93020778e-01
0.00000000e+00
3.58815910e-01
-5.11304692e-01
4.68248100e-01
0.00000000e+00
2.83773594e-01
-3.24810532e-01
3.71711418e-01
0.00000000e+00
-3.36720080e-01
-3.72118029e-01
4.02134926e-01
0.00000000e+00
0.00000000e+00
0.00000000e+00
0.00000000e+00
-1.19415929e+00
4.35746627e-01
-4.03231182e-01
-1.38565619e+00
0.00000000e+00
1.70761823e-01
-7.66349960e-02
4.71350080e-01
-9.28091026e-01
0.00000000e+00
5.02667466e-01
-1.00834978e-01
3.26984026e-01
-3.20273839e-01
-1.19415344e+00
3.52650547e-01
-1.62653639e-01
2.93107830e-01
-1.89264828e-01
0.00000000e+00
0.00000000e+00
0.00000000e+00
0.00000000e+00
0.00000000e+00
0.00000000e+00
0.00000000e+00
0.00000000e+00
0.00000000e+00
0.00000000e+00
0.00000000e+00
0.00000000e+00
0.00000000e+00
0.00000000e+00
0.00000000e+00
0.00000000e+00
0.00000000e+00
0.00000000e+00
0.00000000e+00
0.00000000e+00
-5.85733946e-01
-8.34992006e-01
-1.12875120e+00
0.00000000e+00
0.00000000e+00
0.00000000e+00
5.96283846e-01
-2.54832338e+00
4.48921620e-01
5.32219428e-01
-1.34779095e+00
5.28368451e-01
5.28055619e-01
1.06753554e+00
-3.98876341e-01
0.00000000e+00
6.53203186e-01
-8.69063591e-01
-1.37385307e+00
3.27620461e-01
1.23159411e+00
9.49780306e-01
5.88381725e-01
-1.74072745e+00
-5.27957226e-01
2.25876517e-01
-1.25287198e+00
0.00000000e+00
0.00000000e+00
0.00000000e+00
3.31447832e-01
-2.04082255e+00
1.70566131e-01
6.47624256e-01
-1.11842117e+00
6.52948946e-01
7.06183839e-01
4.32864677e-02
-2.31170660e-01
0.00000000e+00
1.02036484e+00
-6.52142806e-01
-9.50835305e-01
6.94079675e-01
-4.78194936e-01
2.93189454e-01
3.61691789e-01
-1.18200541e+00
-6.90530068e-02
5.48390638e-01
5 1
-6.9418e-01 2.7858e-01
5 0
0 1 2 7 3 
217
-1.30126257e-01
-5.90285634e-01
5.36266552e-01
-1.75507856e-01
2.08395256e-02
2.90969008e-02
4.42402270e-02
-2.28655233e-01
-1.82335579e-01
9.02553387e-02
-9.98560657e-02
7.66318488e-02
8.69856354e-02
2.38787917e-01
0.00000000e+00
0.00000000e+00
0.00000000e+00
-7.50535323e-02
2.99366846e-03
-1.01449029e-01
3.18997724e-01
-8.17099107e-04
-1.60049222e-01
-3.74059806e-01
3.66990580e-04
1.95594680e-01
0.00000000e+00
0.00000000e+00
-2.01009854e-01
-2.47842075e-02
3.21825319e-01
-1.90953333e-01
-2.88035184e-03
-3.23238293e-02
0.00000000e+00
0.00000000e+00
0.00000000e+00
-4.20612402e-01
-2.06530686e-01
-3.60764376e-02
1.27090457e-01
4.06002812e-01
0.00000000e+00
0.00000000e+00
0.00000000e+00
-2.45449779e-01
-4.82480365e-01
1.42486314e-01
0.00000000e+00
3.58917314e-01
-3.47831109e-01
4.30401263e-01
0.00000000e+00
-1.32062279e-01
-2.02253348e-01
6.00857985e-01
0.00000000e+00
-7.40746379e-01
-1.24145903e-01
6.12180027e-01
-3.63497351e-01
4.78820873e-01
-2.45449779e-01
0.00000000e+00
-1.15671072e+00
-1.34318271e+00
5.47598119e-01
1.46350398e+00
4.78986349e-01
6.52237461e-01
0.00000000e+00
-7.59341122e-01
-6.79385447e-01
3.02731199e-01
-1.19188239e+00
3.26483666e-01
-3.62103050e-03
0.00000000e+00
-3.18901472e-01
-4.29457240e-01
2.17021305e-01
-4.64883798e-01
-2.82460904e-02
2.48686672e-01
0.00000000e+00
-1.43956361e-01
2.08877109e-02
1.58160865e-01
-4.95743437e-01
-1.44330761e-01
2.16261890e-01
0.00000000e+00
1.31805595e-01
-1.27433456e-01
-4.05571516e-02
-5.50257967e-01
-2.21374700e-01
-2.09459919e-01
0.00000000e+00
0.00000000e+00
0.00000000e+00
0.00000000e+00
0.00000000e+00
0.00000000e+00
0.00000000e+00
0.00000000e+00
0.00000000e+00
0.00000000e+00
0.00000000e+00
0.00000000e+00
0.00000000e+00
0.00000000e+00
0.00000000e+00
0.00000000e+00
0.00000000e+00
0.00000000e+00
0.00000000e+00
0.00000000e+00
0.00000000e+00
-6.21242397e-01
-8.30530284e-01
-8.84390367e-01
0.00000000e+00
0.00000000e+00
0.00000000e+00
2.59849468e-01
-5.94994143e-01
1.33979693e-02
1.37833424e-01
-5.20394042e-01
2.09118400e-01
1.92245961e-01
8.72219281e-02
-4.95207934e-02
0.00000000e+00
2.83066397e-01
-4.31969013e-01
-8.37212637e-01
8.41345781e-02
5.85998195e-01
3.76400914e-01
6.94074383e-02
-6.32967749e-01
-2.96095694e-01
1.80089031e-01
-1.03331126e-01
0.00000000e+00
0.00000000e+00
0.00000000e+00
2.12294056e-01
-7.38715508e-01
4.92443723e-02
2.52303787e-01
-5.42141682e-01
1.93963408e-01
1.96052239e-01
2.18449166e-01
-6.24000297e-02
0.00000000e+00
2.63765911e-01
5.60499262e-02
-2.02898816e-01
1.74138685e-01
-3.11998736e-01
1.15969239e-01
1.59787796e-01
-3.75943937e-01
-1.33856239e-02
2.52134620e-01
-8.38608398e-01
0.00000000e+00
0.00000000e+00
0.00000000e+00
-3.04571210e-01
-5.67000128e-01
3.70299788e-01
2.06819491e-01
-2.57614448e-01
7.34100738e-01
5.63226865e-01
-9.99798457e-02
-5.70082090e-02
0.00000000e+00
2.18363041e-01
-1.62751141e-01
-6.60601668e-01
1.28912948e-01
7.01912107e-02
-1.21871695e-01
-1.03011339e-01
-4.26660606e-01
-2.00218960e-01
-1.69233231e-01
-1.62547683e-01
0.00000000e+00
0.00000000e+00
0.00000000e+00
1.86096745e-01
-3.98271290e-01
3.62224937e-02
9.46958393e-02
-2.26656201e-01
3.87720484e-01
5.25186608e-02
1.65900590e-01
-7.65985785e-02
0.00000000e+00
8.49955162e-02
-2.13623497e-01
-4.23873569e-01
1.52714208e-02
1.50207701e-01
2.07792569e-01
1.74842318e-01
-3.86276428e-01
-6.89957468e-02
7.54832882e-02
136
4.02909606e-01
0.00000000e+00
0.00000000e+00
6.45382014e-02
2.41535750e-03
2.45986088e-01
-1.54758341e-03
8.95011391e-02
-5.95622619e-04
0.00000000e+00
0.00000000e+00
-4.01546783e-02
4.37559066e-02
5.98107725e-01
-2.85143869e-01
6.64043351e-02
1.99486833e-02
0.00000000e+00
0.00000000e+00
0.00000000e+00
-2.11788530e-01
7.89749908e-02
1.29617937e-01
1.61476403e-01
2.44637301e-01
0.00000000e+00
0.00000000e+00
0.00000000e+00
-1.24009922e-01
2.61510789e-03
3.07905788e-01
0.00000000e+00
3.32714852e-01
-5.75690365e-01
4.62184428e-01
0.00000000e+00
2.65893771e-01
-4.02275382e-01
3.79341557e-01
0.00000000e+00
-3.61234436e-01
-5.40080595e-01
6.55553300e-01
0.00000000e+00
0.00000000e+00
0.00000000e+00
0.00000000e+00
-1.51543973e+00
4.70215011e-01
-3.89699780e-01
-1.28790146e+00
0.00000000e+00
1.13355768e-01
-1.15680637e-01
4.62685376e-01
-9.22469999e-01
0.00000000e+00
4.29462423e-01
-9.49046528e-02
3.07460888e-01
-3.83398136e-01
-7.15116018e-01
2.81701470e-01
-1.47922625e-01
2.63908928e-01
-1.92921910e-01
0.00000000e+00
3.77350797e-01
-3.38295350e-01
1.29986989e-01
-2.49637877e-02
0.00000000e+00
0.00000000e+00
0.00000000e+00
0.00000000e+00
0.00000000e+00
0.00000000e+00
0.00000000e+00
0.00000000e+00
0.00000000e+00
0.00000000e+00
0.00000000e+00
0.00000000e+00
0.00000000e+00
0.00000000e+00
0.00000000e+00
-5.35474795e-01
-8.13016112e-01
-1.10446974e+00
0.00000000e+00
0.00000000e+00
0.00000000e+00
5.75803378e-01
-2.42293772e+00
4.38927955e-01
5.29889077e-01
-1.34508247e+00
5.33389656e-01
5.10969022e-01
1.05398085e+00
-3.85933377e-01
0.00000000e+00
6.39766429e-01
-7.69374179e-01
-1.37498214e+00
3.11147040e-01
1.19935489e+00
9.23204714e-01
5.61080455e-01
-1.76001080e+00
-5.46457487e-01
2.22794959e-01
-1.26491721e+00
0.00000000e+00
0.00000000e+00
0.00000000e+00
3.40945284e-01
-2.17313402e+00
4.91221344e-02
6.43118120e-01
-1.20817457e+00
4.97587915e-01
8.18826126e-01
7.79161467e-02
-1.57532292e-01
0.00000000e+00
1.01063924e+00
-5.17052612e-01
-9.61879226e-01
6.86257154e-01
-3.65374853e-01
3.28088164e-01
3.76357536e-01
-1.18817820e+00
-6.63756803e-02
5.43926425e-01
4 2
-9.0067e-01 3.2477e-01
6 -1
0 1 2 7 3 5 
217
5.06199604e-01
3.82490503e-02
-5.91207144e-01
-3.90769132e-01
-5.65563196e-02
1.04429680e-01
1.42617793e-01
5.46047626e-02
3.15295982e-01
-3.58112266e-02
2.07886908e-01
-3.99234385e-01
-1.03044760e-01
2.69007678e-01
2.92562502e-01
7.07264105e-03
1.43134760e-01
1.71595547e-01
1.91899540e-03
3.47271345e-01
2.87239270e-01
-2.79030344e-03
1.62050954e-01
-2.45197715e-01
2.77331984e-03
3.25230892e-01
0.00000000e+00
0.00000000e+00
4.52507483e-01
4.03866021e-01
6.46154283e-01
-6.83367978e-01
-1.66302399e-01
-1.46657806e-01
0.00000000e+00
0.00000000e+00
0.00000000e+00
-3.68117309e-01
2.23591117e-02
1.62066248e-01
2.35052430e-01
2.13247602e-01
2.41591521e-01
0.00000000e+00
0.00000000e+00
-6.67667094e-02
-7.98693665e-02
6.91022303e-02
0.00000000e+00
2.10343687e-01
-4.39945903e-01
4.77794576e-01
0.00000000e+00
-1.17448032e-01
-2.02555330e-01
3.31018429e-01
0.00000000e+00
-4.13669395e-01
-6.61832242e-02
8.04378641e-01
2.47346852e-02
5.48231628e-01
-6.67667094e-02
0.00000000e+00
-7.88553823e-01
-1.42781422e+00
7.49328625e-01
8.35322193e-01
5.45424802e-01
5.88150269e-01
0.00000000e+00
-3.87540450e-01
-7.88790898e-01
5.93735577e-01
-5.43446171e-01
3.00004476e-01
-1.38117201e-01
0.00000000e+00
-6.65187782e-02
-5.13068503e-01
4.10274966e-01
-3.56599405e-01
1.62443416e-01
-4.77285565e-03
0.00000000e+00
1.70658515e-01
-7.11917045e-03
3.96479551e-01
-2.68631693e-01
-6.09384614e-02
-2.28987768e-02
0.00000000e+00
3.15762496e-01
-2.18916028e-01
1.23594667e-01
-3.88509528e-01
6.68424407e-02
-1.81391418e-01
0.00000000e+00
1.74593147e-01
-4.38310117e-02
2.20585169e-01
-2.51975500e-01
1.11021288e-01
-2.25716717e-01
0.00000000e+00
0.00000000e+00
0.00000000e+00
0.00000000e+00
0.00000000e+00
0.00000000e+00
0.00000000e+00
0.00000000e+00
0.00000000e+00
0.00000000e+00
0.00000000e+00
0.00000000e+00
0.00000000e+00
0.00000000e+00
-8.77594980e-01
-1.20821518e+00
-5.43193568e-01
0.00000000e+00
0.00000000e+00
0.00000000e+00
6.47064635e-01
-9.85993866e-01
6.28259781e-03
-9.69140134e-02
-8.87391656e-01
4.27777064e-01
2.70499652e-01
5.56123435e-01
5.44638875e-02
0.00000000e+00
6.75740318e-01
-1.55923406e-01
-1.21376416e+00
2.13713805e-01
6.69275196e-01
4.78737980e-01
2.70345484e-01
-1.14431203e+00
-6.68585955e-01
3.39667458e-01
-4.00905960e-01
0.00000000e+00
0.00000000e+00
0.00000000e+00
-3.83189157e-02
-8.84220261e-01
1.31242382e-01
4.96206735e-01
-3.76171444e-01
-2.89961594e-02
2.41866120e-01
1.11714750e-01
-2.67198023e-01
0.00000000e+00
3.13789575e-02
-2.65443792e-01
-8.00624708e-02
1.11813255e-01
6.30642293e-02
1.78581920e-01
1.20485948e-01
-2.18776848e-01
2.06849073e-01
6.50785843e-02
-1.30340156e+00
0.00000000e+00
0.00000000e+00
0.00000000e+00
6.67129761e-02
-1.30674876e+00
9.78304772e-02
3.93319221e-01
-6.10783833e-01
7.83178323e-01
5.61458906e-01
7.01904501e-02
-3.92975226e-01
0.00000000e+00
7.32628483e-01
-6.43696335e-01
-9.82673022e-01
5.68103902e-01
-4.02798670e-01
2.92231758e-01
1.86616089e-01
-8.74917043e-01
-1.99897033e-01
3.58817768e-01
-3.68579549e-02
0.00000000e+00
0.00000000e+00
0.00000000e+00
6.80925171e-02
-1.78673147e-01
-5.55785069e-02
-1.93816825e-02
-1.58958798e-01
-1.40788849e-01
-1.16319981e-01
4.95541002e-02
5.52824383e-01
0.00000000e+00
-1.35645754e-01
3.14455382e-01
-1.11878860e-01
-3.90219808e-02
4.12647854e-01
8.13893195e-03
1.09699259e-02
-1.76048557e-01
-1.29035172e-01
-1.92209761e-01
136
4.86086787e-01
7.62479771e-01
-2.72811757e-03
5.61328003e-01
-4.64781382e-05
2.28663595e-02
-9.54348997e-03
-8.60587347e-01
-1.36310176e-03
0.00000000e+00
0.00000000e+00
7.38364704e-01
7.65029550e-01
1.01147986e+00
-7.96037343e-01
-5.82520823e-01
-6.50229162e-01
0.00000000e+00
0.00000000e+00
0.00000000e+00
-2.65083864e-01
6.20828552e-02
1.27094306e-01
1.55650996e-01
1.58007306e-01
2.48335188e-01
0.00000000e+00
0.00000000e+00
-5.99793683e-02
-2.22741816e-01
5.69058458e-01
0.00000000e+00
5.25903023e-01
-8.76023903e-01
6.25614826e-01
0.00000000e+00
4.40147950e-01
-6.69236883e-01
5.75725450e-01
0.00000000e+00
-2.99411807e-01
-8.39563136e-01
7.16593994e-01
0.00000000e+00
0.00000000e+00
0.00000000e+00
0.00000000e+00
-2.60756574e+00
2.82053723e-01
-6.17647426e-01
-1.11150289e+00
0.00000000e+00
6.06659798e-01
-1.25880176e-01
5.82749824e-01
-8.38691740e-01
0.00000000e+00
6.32973791e-01
5.87428331e-03
3.34675743e-01
-3.97690251e-01
-2.49999848e-01
5.01851851e-01
-6.25665822e-02
3.03605102e-01
-1.80496112e-01
0.00000000e+00
2.67814677e-01
-3.26967705e-01
1.31235508e-01
-3.70668859e-02
0.00000000e+00
3.11790569e-01
-2.50887232e-01
1.61744480e-01
-1.02972149e-01
0.00000000e+00
0.00000000e+00
0.00000000e+00
0.00000000e+00
0.00000000e+00
0.00000000e+00
0.00000000e+00
0.00000000e+00
0.00000000e+00
0.00000000e+00
-5.57838759e-01
-8.89475176e-01
-1.11706680e+00
0.00000000e+00
0.00000000e+00
0.00000000e+00
5.90888228e-01
-2.34111679e+00
3.85408685e-01
5.22238811e-01
-1.38494747e+00
5.58768256e-01
4.84995827e-01
1.01366584e+00
-3.64851742e-01
0.00000000e+00
6.86642724e-01
-6.77886194e-01
-1.38540229e+00
2.95395874e-01
1.06354613e+00
8.79384764e-01
5.48362910e-01
-1.72602238e+00
-5.75453474e-01
3.09315492e-01
-1.34364077e+00
0.00000000e+00
0.00000000e+00
0.00000000e+00
3.35511666e-01
-2.12265587e+00
1.52697073e-01
6.42058739e-01
-1.18930098e+00
8.22161608e-01
8.24301832e-01
1.07175340e-01
-3.46203350e-01
0.00000000e+00
9.58770404e-01
-6.43764806e-01
-1.10086562e+00
6.08628400e-01
-2.22135528e-01
3.34816446e-01
3.52297892e-01
-1.25234726e+00
-1.22918166e-01
5.18131405e-01
8 1
-1.1112e+00 3.4932e-01
7 1
0 1 2 7 3 5 4 
217
3.26627214e-01
-2.12754884e-01
-1.75603706e-01
-9.36373138e-02
7.92955783e-02
1.63866234e-01
1.60936862e-01
-9.69040285e-02
2.49056587e-02
-1.38617830e-01
-1.08763270e-01
2.38731697e-01
1.70252385e-01
1.59075035e-01
0.00000000e+00
0.00000000e+00
0.00000000e+00
-7.54776333e-02
-2.88569509e-03
4.81598255e-01
2.02258932e-01
-8.73867539e-04
2.58593298e-01
1.99845915e-01
1.18546975e-03
1.51427463e-01
0.00000000e+00
0.00000000e+00
3.11548273e-01
4.00094307e-01
5.40396656e-01
-9.59395048e-01
-5.71285491e-02
9.11115749e-02
0.00000000e+00
0.00000000e+00
0.00000000e+00
-2.11664874e-01
-1.53655763e-01
-8.48286936e-02
-2.08102951e-02
1.55847442e-01
4.00956936e-01
2.40782461e-01
0.00000000e+00
-6.39850879e-02
-4.24895168e-01
1.69534125e-01
0.00000000e+00
-1.28096775e-02
-2.21557219e-01
5.42385637e-01
0.00000000e+00
-6.94900465e-02
-3.24323041e-01
6.01796300e-01
0.00000000e+00
-5.25293204e-01
-1.47407264e-02
6.70005321e-01
2.10186230e-01
1.80426072e-01
-6.39850879e-02
0.00000000e+00
-9.85516155e-01
-1.70990046e+00
6.81337064e-01
1.00034240e+00
6.30806304e-01
1.15620954e+00
0.00000000e+00
-6.71578016e-01
-1.18874286e+00
6.07513007e-01
-5.87686726e-01
3.90692223e-01
-1.06887355e-01
0.00000000e+00
-1.11362918e-01
-2.77188866e-01
3.21225262e-01
-5.31098123e-01
1.16764870e-01
-2.62055729e-01
0.00000000e+00
-1.13273901e-02
7.15837915e-02
2.36393400e-01
-3.89147159e-01
1.01561204e-01
-7.16276057e-02
0.00000000e+00
1.39664912e-01
-9.12375666e-02
7.96027382e-02
-5.71294074e-01
1.07359563e-01
-7.74493309e-02
0.00000000e+00
-6.97371418e-02
-1.51387930e-01
1.71007606e-01
-5.22983401e-01
2.25356749e-01
2.10083426e-01
2.90623385e-02
-4.65675285e-02
-3.76140490e-01
2.54507787e-01
2.09899440e-01
8.96246171e-02
5.46056244e-02
0.00000000e+00
0.00000000e+00
0.00000000e+00
0.00000000e+00
0.00000000e+00
0.00000000e+00
0.00000000e+00
-7.50639969e-01
-9.90760245e-01
-1.01817923e+00
0.00000000e+00
0.00000000e+00
0.00000000e+00
4.56114288e-01
-7.08660627e-01
-3.30127772e-01
-4.32483755e-01
-6.73927258e-01
-4.82422685e-02
3.12358228e-01
4.07785937e-01
3.42219427e-01
0.00000000e+00
7.55481104e-01
-6.22384838e-01
-9.76953125e-01
4.38835262e-01
4.99228311e-01
1.47559979e-01
-3.20646656e-01
-6.43741568e-01
-1.56940707e-01
5.36346808e-01
-8.23097865e-02
0.00000000e+00
0.00000000e+00
0.00000000e+00
9.99348600e-02
-9.06391692e-01
2.10910400e-01
2.96566031e-01
-3.99897586e-01
1.93099339e-01
1.01572591e-01
1.90050032e-01
-4.20478443e-02
0.00000000e+00
1.17539579e-01
-1.73309045e-01
-1.38218416e-01
3.73145290e-02
1.19522991e-02
2.92884920e-01
3.00041453e-01
-2.74150100e-01
-2.72889088e-02
2.71277712e-02
-1.13378658e+00
0.00000000e+00
0.00000000e+00
0.00000000e+00
2.41203041e-01
-6.64072892e-01
-5.31660833e-03
5.69760375e-02
-4.24522707e-01
5.89774411e-01
4.14445731e-01
9.58083281e-02
-1.93622976e-01
0.00000000e+00
4.52542548e-01
-2.18345517e-01
-6.82068301e-01
1.32889517e-01
-1.22722984e-01
-5.69991465e-02
-9.05860146e-02
-5.61468084e-01
-1.14195982e-02
-8.62813605e-02
-1.11866709e-01
0.00000000e+00
0.00000000e+00
0.00000000e+00
3.86888573e-02
-8.42673071e-01
7.26645425e-02
2.58808089e-01
-3.40449917e-01
7.47298174e-02
1.54944581e-01
8.44339268e-02
3.43058344e-03
0.00000000e+00
1.96737392e-01
-6.57223050e-02
-2.09313540e-01
1.90826862e-01
1.54157647e-01
1.09653241e-01
1.09728957e-01
-2.77945876e-01
-2.77993004e-02
2.03232805e-01
136
2.20107531e-01
0.00000000e+00
0.00000000e+00
-1.17733322e-01
1.29249040e-03
9.02444470e-02
-7.95559268e-05
2.47596406e-01
1.18113177e-03
0.00000000e+00
0.00000000e+00
2.12131430e-01
7.12546306e-02
4.50229600e-01
-5.32386383e-01
-5.28446902e-02
7.19625411e-02
0.00000000e+00
0.00000000e+00
0.00000000e+00
-2.13518963e-01
2.36927750e-02
4.26921338e-02
5.69501935e-02
6.23751617e-02
1.31583329e-01
1.16332902e-01
0.00000000e+00
-1.17535423e-01
-1.18121014e-01
3.27701937e-01
0.00000000e+00
3.98908963e-01
-6.59544298e-01
4.72436034e-01
0.00000000e+00
2.78323326e-01
-4.29893331e-01
3.91334992e-01
0.00000000e+00
-3.80457801e-01
-5.71836563e-01
6.28790708e-01
0.00000000e+00
0.00000000e+00
0.00000000e+00
0.00000000e+00
-1.77915561e+00
4.85621764e-01
-4.03629523e-01
-1.09353279e+00
0.00000000e+00
1.79239065e-01
-2.05961781e-01
5.08147841e-01
-8.49645196e-01
0.00000000e+00
3.31810488e-01
-5.90510642e-02
2.63449272e-01
-4.09868682e-01
-3.59698717e-01
1.86310777e-01
-1.17540101e-01
2.34397915e-01
-1.69757299e-01
0.00000000e+00
1.81301541e-01
-3.19920344e-01
1.10375218e-01
-2.34498957e-02
0.00000000e+00
1.62297238e-01
-2.56381028e-01
1.24011381e-01
-1.34315185e-01
1.00668075e-01
-5.06224457e-02
2.21444164e-01
-6.15603714e-02
-3.73163125e-01
0.00000000e+00
0.00000000e+00
0.00000000e+00
0.00000000e+00
0.00000000e+00
-5.07357356e-01
-7.87974219e-01
-1.08332619e+00
0.00000000e+00
0.00000000e+00
0.00000000e+00
5.72133570e-01
-2.33718212e+00
4.05717857e-01
5.90190404e-01
-1.35550100e+00
5.86901952e-01
5.18088124e-01
9.99363096e-01
-4.72165859e-01
0.00000000e+00
6.11853885e-01
-6.13358440e-01
-1.35696764e+00
2.92876493e-01
1.10593805e+00
8.99515410e-01
5.71315372e-01
-1.76497475e+00
-5.82728515e-01
2.45657917e-01
-1.21929534e+00
0.00000000e+00
0.00000000e+00
0.00000000e+00
2.93751606e-01
-1.98816863e+00
1.27959200e-01
6.17581433e-01
-1.13170004e+00
8.17873001e-01
8.06813645e-01
6.29161089e-02
-1.84600774e-01
0.00000000e+00
9.10884418e-01
-5.93760481e-01
-1.05739381e+00
6.19357038e-01
-3.23151839e-01
3.11726545e-01
3.40907479e-01
-1.20047122e+00
-1.23535514e-01
4.73716494e-01
9 1
-1.2954e+00 3.7781e-01
8 1
0 1 2 7 3 5 4 8 
217
2.57009492e-01
-7.86217224e-02
-1.53147429e-01
4.67179732e-03
-2.66762540e-02
-3.04333439e-02
-2.93509089e-02
2.13382702e-01
1.83923625e-01
-9.54268705e-02
9.14977763e-02
-4.37306797e-02
3.76152536e-02
2.63992768e-02
0.00000000e+00
0.00000000e+00
0.00000000e+00
-1.44489770e-01
-1.74187498e-04
3.26185204e-01
7.42402472e-03
-1.85862096e-04
3.17502185e-01
3.94075237e-01
1.04507281e-03
1.89954380e-01
0.00000000e+00
0.00000000e+00
2.42622628e-01
2.44589325e-01
5.27743376e-01
-8.55443824e-01
-1.39751568e-02
1.11473144e-01
0.00000000e+00
0.00000000e+00
0.00000000e+00
-1.98921543e-01
-8.17693118e-02
-1.37796029e-01
-9.75427513e-02
-5.11987215e-03
2.50360658e-01
5.27798342e-01
0.00000000e+00
-5.95057068e-01
-1.77574739e-01
1.30862976e-01
0.00000000e+00
2.36959207e-01
-3.08425330e-01
5.34400987e-01
0.00000000e+00
1.63348985e-01
-1.59952822e-01
4.51035166e-01
0.00000000e+00
-6.58150435e-01
-1.93697932e-01
8.33260498e-01
-8.52169025e-02
-2.95802295e-01
6.38028689e-01
0.00000000e+00
-8.39650823e-01
-1.23666471e+00
6.86610692e-01
1.21105445e+00
4.10049623e-01
6.92872858e-01
0.00000000e+00
-8.52899312e-01
-9.88503127e-01
7.30836729e-01
-1.05908414e+00
3.79072075e-01
-2.42619938e-01
0.00000000e+00
-1.87337503e-01
-3.93840812e-01
4.28961614e-01
-7.39118868e-01
1.53853808e-02
-2.42129162e-01
0.00000000e+00
-1.78833967e-01
-7.64538199e-02
3.81252140e-01
-4.40476343e-01
5.45913191e-02
-1.91826292e-01
0.00000000e+00
2.07495374e-01
6.70166502e-02
6.77350243e-02
-5.36129279e-01
-1.82209063e-02
-8.38150624e-02
0.00000000e+00
1.30620221e-01
-6.38666113e-02
2.01261683e-02
-2.40390960e-01
1.06263103e-01
1.76787779e-02
1.79321416e-01
-2.82636642e-02
-2.24837231e-01
9.86699710e-02
3.07297948e-01
7.28176871e-03
-1.58203109e-02
0.00000000e+00
-4.59425240e-01
-1.25060659e-01
4.54599447e-01
-2.80482697e-01
2.61835285e-01
2.10144687e-01
-6.99986113e-01
-9.35623508e-01
-9.97427623e-01
0.00000000e+00
0.00000000e+00
0.00000000e+00
3.33780336e-01
-8.68283923e-01
-1.12009716e-01
1.13355947e-02
-6.14921703e-01
3.47456906e-02
3.09826990e-01
5.11830293e-01
-4.29950483e-01
0.00000000e+00
1.15476618e-01
-4.33909374e-01
-1.00145961e+00
-1.14949265e-01
5.91600920e-01
1.11119516e+00
7.41306072e-01
-7.11446287e-01
-4.35988040e-01
-3.56068951e-02
-1.12278047e-01
0.00000000e+00
0.00000000e+00
0.00000000e+00
1.62313899e-01
-1.10860696e+00
1.61869407e-01
2.52378207e-01
-3.19367489e-01
2.50299682e-01
1.65249584e-01
2.12378846e-01
-1.15354567e-01
0.00000000e+00
3.29586612e-01
-1.18342633e-01
-2.61232478e-01
1.09963308e-01
4.96069382e-02
6.03979945e-02
1.19125163e-01
-3.50156573e-01
7.50963908e-03
2.80103371e-01
-9.35644288e-01
0.00000000e+00
0.00000000e+00
0.00000000e+00
8.46300668e-02
-6.21230859e-01
-1.98585620e-01
2.10503801e-01
-4.39615719e-01
3.28628932e-01
5.19402151e-01
-1.46625812e-01
-3.28742823e-01
0.00000000e+00
4.10821834e-01
-2.79288155e-01
-5.20525035e-01
2.36934643e-01
-1.70993938e-01
3.11803118e-01
1.82061941e-01
-4.12952700e-01
-6.89184993e-02
-3.29516127e-02
-1.65092236e-01
0.00000000e+00
0.00000000e+00
0.00000000e+00
7.69752346e-02
-7.62170410e-01
1.64462382e-01
1.63884773e-01
-2.25956559e-01
9.15566781e-02
5.91971826e-02
1.71407806e-01
6.87532615e-03
0.00000000e+00
2.07184344e-01
-1.66494267e-01
-2.12949185e-01
1.73915336e-01
5.10642606e-02
5.45572271e-02
7.48836794e-02
-3.36018979e-01
2.44600412e-02
2.18072894e-01
136
2.25046946e-01
0.00000000e+00
0.00000000e+00
-1.11790511e-01
1.11447329e-03
1.53539267e-01
-1.94578110e-03
1.83298190e-01
1.15086057e-03
0.00000000e+00
0.00000000e+00
1.78762784e-01
1.00089487e-01
4.69285885e-01
-5.09766044e-01
-6.91114995e-02
5.63698427e-02
0.00000000e+00
0.00000000e+00
0.00000000e+00
-9.10424792e-02
8.98287899e-03
-3.07389784e-02
-4.84053773e-02
-6.71220435e-02
4.28475359e-02
4.11108919e-01
0.00000000e+00
-1.63399301e-01
-2.12095892e-01
4.06396825e-01
0.00000000e+00
3.74661967e-01
-6.79862614e-01
5.33052780e-01
0.00000000e+00
2.66079985e-01
-4.39450868e-01
4.64518143e-01
0.00000000e+00
-2.68648642e-01
-6.03268336e-01
5.47646408e-01
0.00000000e+00
0.00000000e+00
0.00000000e+00
0.00000000e+00
-1.93526122e+00
4.42585991e-01
-4.35298923e-01
-1.06158271e+00
0.00000000e+00
2.08110499e-01
-1.72866053e-01
4.99061093e-01
-8.96189788e-01
0.00000000e+00
3.21465383e-01
-4.89460686e-02
2.72876545e-01
-3.79738062e-01
-3.91715280e-01
2.48598819e-01
-9.54010549e-02
2.44698252e-01
-1.46309050e-01
0.00000000e+00
1.49732378e-01
-3.02077572e-01
1.22328302e-01
-3.63499729e-02
0.00000000e+00
1.36597550e-01
-2.44018822e-01
1.31249925e-01
-1.47554608e-01
1.01271057e-01
-4.73053716e-02
2.25552886e-01
-3.54899927e-02
-3.78868946e-01
0.00000000e+00
9.73580131e-02
-1.24380378e-01
2.76962315e-01
-1.65964903e-01
-5.04666102e-01
-7.84921379e-01
-1.08285688e+00
0.00000000e+00
0.00000000e+00
0.00000000e+00
5.66781110e-01
-2.29557111e+00
4.14396209e-01
5.48810773e-01
-1.37759357e+00
5.75909186e-01
4.88319596e-01
9.69742020e-01
-3.67608680e-01
0.00000000e+00
6.31136054e-01
-6.39026995e-01
-1.32538136e+00
3.37121387e-01
1.07792823e+00
8.34886723e-01
4.91276600e-01
-1.72107106e+00
-5.50728186e-01
2.57816187e-01
-1.23629657e+00
0.00000000e+00
0.00000000e+00
0.00000000e+00
2.79745360e-01
-1.98406796e+00
1.20156530e-01
5.96281810e-01
-1.14833841e+00
8.39557817e-01
8.05681151e-01
7.33088847e-02
-1.92703446e-01
0.00000000e+00
9.13639984e-01
-5.50389872e-01
-1.08202628e+00
6.04057838e-01
-2.69261573e-01
2.91963558e-01
3.35107688e-01
-1.20336301e+00
-1.24658910e-01
4.59012264e-01
10 1
-1.2804e+00 3.8017e-01
8 1
0 1 2 7 3 5 4 8 
217
2.57000615e-01
1.17280355e-02
-2.20261078e-01
-1.10511315e-01
-6.83335363e-02
-3.37173796e-03
-3.36477192e-02
2.23157436e-01
1.48761239e-01
2.29505852e-03
1.56096451e-01
-1.80224742e-01
5.41241809e-02
-2.78152211e-02
0.00000000e+00
0.00000000e+00
0.00000000e+00
-6.63262726e-02
-2.47903656e-03
3.60061144e-01
-1.51104067e-01
1.56319806e-04
4.21087992e-01
4.74430955e-01
1.05770284e-03
1.81552493e-01
0.00000000e+00
0.00000000e+00
1.97732748e-01
1.43065161e-01
5.84924663e-01
-8.20571493e-01
-1.02541318e-02
1.62103668e-01
0.00000000e+00
0.00000000e+00
0.00000000e+00
-1.61513328e-01
-7.02583264e-02
-1.56684161e-01
-1.11666267e-01
-7.51609953e-02
3.08003458e-01
5.24280236e-01
0.00000000e+00
-6.89671575e-01
-1.20761956e-01
3.09865076e-01
0.00000000e+00
2.36196073e-01
-4.41052093e-01
4.48987018e-01
0.00000000e+00
-3.22785523e-02
-9.44724298e-02
3.12105068e-01
0.00000000e+00
-4.14869490e-01
-7.74540852e-02
8.20407562e-01
-9.27978803e-02
-4.40780528e-01
7.90579024e-01
0.00000000e+00
-7.33740563e-01
-1.33922431e+00
5.82317912e-01
1.35163203e+00
4.08423267e-01
6.72678136e-01
0.00000000e+00
-9.00623544e-01
-9.53026696e-01
7.47975572e-01
-1.09035212e+00
4.09648588e-01
-1.99889459e-01
0.00000000e+00
-3.15214369e-01
-3.66702788e-01
4.15317148e-01
-5.96545333e-01
1.56897836e-01
-1.46773239e-01
0.00000000e+00
-2.56437456e-01
-1.33922045e-01
4.34892046e-01
-6.99030887e-01
7.85460255e-02
-2.25367739e-01
0.00000000e+00
1.95523942e-01
1.65293083e-01
5.72336178e-02
-4.43276224e-01
4.24305513e-03
-1.26459486e-01
0.00000000e+00
1.46541139e-01
-1.13846830e-01
1.30871045e-01
-4.35196825e-01
-2.04115678e-02
-1.49030847e-01
2.02978245e-01
4.36796779e-02
-2.92880626e-01
-1.57830074e-03
3.49772519e-01
1.19209934e-02
-8.01980114e-03
0.00000000e+00
-3.91646849e-01
-1.73571886e-01
4.03977853e-01
-2.70539636e-01
2.44669612e-01
1.13338965e-02
-7.33400475e-01
-8.80176253e-01
-9.22438395e-01
0.00000000e+00
0.00000000e+00
0.00000000e+00
1.77817187e-01
-7.73321795e-01
2.89398662e-01
6.37165613e-02
-5.94156187e-01
4.05211494e-01
2.51063283e-01
2.87410220e-01
-4.16497947e-01
0.00000000e+00
2.21085909e-01
-5.32338877e-01
-1.08741779e+00
-1.02861208e-01
5.30022987e-01
7.44546439e-01
7.88190384e-01
-6.97280415e-01
-4.71593567e-01
-5.43373071e-03
-1.88836980e-01
0.00000000e+00
0.00000000e+00
0.00000000e+00
2.26759266e-01
-1.05578190e+00
9.31770209e-02
2.32758816e-01
-4.21579495e-01
1.26044806e-01
1.69048642e-01
2.61616867e-01
-1.46665863e-01
0.00000000e+00
2.99600262e-01
-1.52807458e-01
-2.34485167e-01
1.54927898e-01
9.00142455e-02
1.57764144e-01
9.09811245e-02
-3.32160709e-01
-1.23759274e-03
2.53188112e-01
-9.69966658e-01
0.00000000e+00
0.00000000e+00
0.00000000e+00
6.87324400e-02
-6.91696014e-01
-2.86680558e-02
1.11598809e-01
-4.79274648e-01
3.79731027e-01
2.69325984e-01
-9.04170227e-02
-1.71745649e-01
0.00000000e+00
5.37174855e-01
-2.69384712e-01
-6.28044640e-01
2.87487410e-01
-9.08553512e-02
3.17108961e-01
5.83331757e-02
-5.73055040e-01
-8.66901982e-02
1.10372009e-01
-1.38069652e-01
0.00000000e+00
0.00000000e+00
0.00000000e+00
7.79649447e-02
-8.13036201e-01
6.24723010e-02
1.91652439e-01
-2.81032460e-01
1.10646689e-01
1.57227975e-01
1.29908223e-01
-1.63007714e-02
0.00000000e+00
1.44947221e-01
-9.87677747e-02
-1.91177371e-01
1.87854081e-01
3.26355262e-02
6.94813580e-02
1.56076695e-01
-2.40811262e-01
2.02444240e-02
1.61944311e-01
136
2.32012999e-01
0.00000000e+00
0.00000000e+00
-1.06075991e-01
1.32855439e-03
1.62105958e-01
-1.59522764e-03
1.75983032e-01
1.04900388e-03
0.00000000e+00
0.00000000e+00
1.62782060e-01
1.04683593e-01
4.52399319e-01
-4.93406673e-01
-6.26423828e-02
6.82001057e-02
0.00000000e+00
0.00000000e+00
0.00000000e+00
-8.61052595e-02
2.32266852e-02
-3.12228785e-02
-5.10475004e-02
-5.33803731e-02
1.76304582e-02
4.12914890e-01
0.00000000e+00
-1.49796660e-01
-2.33054042e-01
3.81822797e-01
0.00000000e+00
3.89206571e-01
-6.68069336e-01
5.64621435e-01
0.00000000e+00
3.07272294e-01
-4.50432631e-01
4.84612845e-01
0.00000000e+00
-3.15095753e-01
-6.02380543e-01
5.23309044e-01
0.00000000e+00
0.00000000e+00
0.00000000e+00
0.00000000e+00
-1.95393958e+00
4.38479422e-01
-4.37743213e-01
-9.75483807e-01
0.00000000e+00
2.31583429e-01
-1.69191571e-01
5.10016046e-01
-9.01010910e-01
0.00000000e+00
3.40421580e-01
-5.89373307e-02
2.67932573e-01
-3.81056603e-01
-3.98103165e-01
2.14913018e-01
-8.85825869e-02
2.30938380e-01
-9.97739030e-02
0.00000000e+00
1.52169497e-01
-2.89162466e-01
1.11933791e-01
-4.61504251e-02
0.00000000e+00
1.38093009e-01
-2.34242530e-01
1.28984244e-01
-1.41859343e-01
1.03899971e-01
-2.70223746e-02
2.25442576e-01
-3.52829700e-02
-3.56001293e-01
0.00000000e+00
1.10024993e-01
-1.09567451e-01
2.73461261e-01
-1.36486566e-01
-5.27121070e-01
-7.85462423e-01
-1.09454921e+00
0.00000000e+00
0.00000000e+00
0.00000000e+00
5.70782297e-01
-2.33004380e+00
3.76863941e-01
5.51352288e-01
-1.34822357e+00
5.54217795e-01
4.99727129e-01
9.65365048e-01
-3.60895629e-01
0.00000000e+00
6.26183643e-01
-6.41411193e-01
-1.31182212e+00
3.28041480e-01
1.04442753e+00
8.53705310e-01
4.96565947e-01
-1.71448075e+00
-5.25274800e-01
2.70370249e-01
-1.23646620e+00
0.00000000e+00
0.00000000e+00
0.00000000e+00
2.88533239e-01
-1.98432658e+00
1.25184798e-01
6.15602780e-01
-1.13816160e+00
8.24475780e-01
7.99496794e-01
8.94519981e-02
-1.92137497e-01
0.00000000e+00
9.18603186e-01
-5.95843333e-01
-1.05545541e+00
6.12844361e-01
-2.79508942e-01
2.92672611e-01
3.26288833e-01
-1.21276700e+00
-1.32371228e-01
4.60951009e-01
17 1
-1.2283e+00 3.8916e-01
8 0
0 1 2 7 3 5 4 8 
217
4.79604679e-02
-5.64525745e-01
4.13593050e-01
-1.01659050e-01
1.10068956e-01
-5.29065130e-02
6.14554130e-03
-3.24872210e-01
-2.53391364e-01
9.19641873e-02
-4.99935956e-02
1.16674250e-01
2.35130930e-01
1.08833672e-01
0.00000000e+00
0.00000000e+00
0.00000000e+00
-5.74612964e-02
6.35431414e-03
-7.20366324e-02
2.73738902e-01
6.60299385e-04
-5.98616168e-03
-1.66227318e-01
2.77639124e-04
3.10431368e-01
0.00000000e+00
0.00000000e+00
-1.95132735e-01
5.62407582e-02
3.75295877e-01
-1.26487789e-01
-7.08898610e-03
-5.48666573e-02
0.00000000e+00
0.00000000e+00
0.00000000e+00
-2.76532898e-01
-1.90270723e-01
-1.04985101e-01
-6.75076112e-02
3.33724531e-03
1.93614348e-01
4.90305207e-01
0.00000000e+00
-7.10043937e-01
-1.74091327e-01
2.90205661e-01
0.00000000e+00
3.19669946e-01
-5.12711163e-01
5.73927089e-01
0.00000000e+00
3.91297048e-02
-1.45862924e-01
4.48104032e-01
0.00000000e+00
-4.38031201e-01
-2.39328984e-01
5.96993571e-01
-1.79380589e-01
-3.64943567e-01
5.92284623e-01
0.00000000e+00
-1.07199440e+00
-1.00883088e+00
6.60629010e-01
1.24809559e+00
4.59325855e-01
8.87418665e-01
0.00000000e+00
-7.89275488e-01
-6.75787778e-01
5.57826579e-01
-1.17579864e+00
2.79409376e-01
-6.26250958e-02
0.00000000e+00
-2.52558791e-01
-3.38044668e-01
2.86533471e-01
-3.72353516e-01
1.39857880e-02
-4.87864033e-02
0.00000000e+00
-2.13043731e-01
-5.75278932e-02
2.34525390e-01
-2.74095326e-01
2.64788089e-02
-7.93007551e-03
0.00000000e+00
1.59436765e-01
-3.48606421e-02
-8.30399024e-02
-2.25035683e-01
-2.84363948e-02
5.53896053e-02
0.00000000e+00
3.12968505e-02
-1.93652865e-01
-2.10268978e-02
-2.69020120e-01
3.76905151e-02
9.02304115e-02
-1.30840335e-01
-8.97124105e-02
-5.55267031e-01
2.20348131e-01
2.43894589e-01
4.81650820e-02
-7.62412720e-03
0.00000000e+00
-7.06295217e-01
-2.30592146e-01
4.41624623e-01
-3.64270669e-01
3.12631062e-01
2.91779635e-01
-4.84753035e-01
-6.27194236e-01
-8.66555830e-01
0.00000000e+00
0.00000000e+00
0.00000000e+00
1.59116175e-01
-6.05200214e-01
-1.11399146e-01
1.43635669e-01
-5.12956655e-01
3.00278521e-01
1.24496462e-01
2.47839798e-01
-1.20940752e-01
0.00000000e+00
3.90640882e-01
-1.95539466e-01
-1.07319537e+00
-7.46857002e-02
8.08892727e-01
4.66620526e-01
-4.64504652e-02
-6.73866046e-01
-3.36863282e-01
2.43020508e-01
-6.40026557e-02
0.00000000e+00
0.00000000e+00
0.00000000e+00
2.14966982e-01
-7.02020907e-01
1.71573864e-01
2.19014884e-01
-3.95163449e-01
1.79812711e-01
2.49872850e-01
2.57698091e-01
-4.20376426e-02
0.00000000e+00
1.33660942e-01
-1.21950541e-01
-1.28879913e-01
2.54221373e-01
-4.38105558e-01
1.64722886e-01
2.18690920e-01
-3.99692385e-01
1.63338634e-02
8.32783747e-02
-6.47215365e-01
0.00000000e+00
0.00000000e+00
0.00000000e+00
-5.15052214e-01
-3.76704781e-01
3.32017965e-01
1.28811932e-01
-2.53327599e-01
1.30486650e+00
5.77160735e-01
-2.97862374e-01
-1.80603619e-01
0.00000000e+00
1.55953636e-01
-3.62329599e-01
-7.10827879e-01
3.75458593e-01
1.06199806e-01
7.59967007e-02
-1.23206975e-01
-5.25161109e-01
-1.12118798e-01
-2.46486280e-01
-1.94193519e-01
0.00000000e+00
0.00000000e+00
0.00000000e+00
3.99592318e-01
-5.63854289e-01
-2.81591579e-04
1.50831690e-01
-2.34132024e-01
3.96722368e-02
-8.04521756e-02
2.00777103e-01
-4.29560616e-02
0.00000000e+00
2.43654465e-01
-1.23841439e-01
-2.91741948e-01
5.80471795e-03
-9.66513702e-03
8.32692293e-02
1.96976775e-01
-3.60829623e-01
-6.11249095e-02
2.54107144e-01
136
3.01309137e-01
0.00000000e+00
0.00000000e+00
5.92199228e-02
1.58205806e-03
1.96800491e-01
-1.53503514e-03
4.35613134e-02
-4.80907293e-04
0.00000000e+00
0.00000000e+00
-1.08056762e-01
3.05945089e-02
6.13731502e-01
-3.44668823e-01
5.75942984e-02
5.21355496e-02
0.00000000e+00
0.00000000e+00
0.00000000e+00
-8.88439949e-02
3.15044037e-02
-2.77157288e-02
-4.01959632e-02
-3.90346738e-02
9.29035988e-02
3.72712632e-01
0.00000000e+00
-1.76006424e-01
-1.75272968e-01
3.87817838e-01
0.00000000e+00
3.72883459e-01
-6.43512957e-01
5.34786864e-01
0.00000000e+00
3.12053348e-01
-4.65564775e-01
4.66582211e-01
0.00000000e+00
-3.09984168e-01
-5.82289855e-01
5.79837700e-01
0.00000000e+00
0.00000000e+00
0.00000000e+00
0.00000000e+00
-1.86666169e+00
4.24663510e-01
-4.38040204e-01
-9.36390630e-01
0.00000000e+00
1.98925079e-01
-1.28500762e-01
4.99772567e-01
-1.00287998e+00
0.00000000e+00
3.49588094e-01
-5.45218730e-02
2.81660051e-01
-3.47116511e-01
-4.70795652e-01
3.21279199e-01
-7.32840542e-02
2.53420333e-01
-1.46627511e-01
0.00000000e+00
2.20138051e-01
-2.98862985e-01
1.23059297e-01
-2.19844713e-02
0.00000000e+00
1.75466622e-01
-1.79441615e-01
1.08518438e-01
-1.30834681e-01
5.03401772e-02
5.95438866e-02
2.11729495e-01
-2.24570409e-02
-3.49355131e-01
0.00000000e+00
1.59731003e-01
-1.00490936e-01
2.63187261e-01
-1.26777529e-01
-5.89092268e-01
-8.11558008e-01
-1.16170329e+00
0.00000000e+00
0.00000000e+00
0.00000000e+00
5.55260125e-01
-2.41615382e+00
4.03552601e-01
5.51068935e-01
-1.36684183e+00
5.58143067e-01
5.02986859e-01
9.29680963e-01
-3.95268959e-01
0.00000000e+00
6.61538359e-01
-6.68556762e-01
-1.34626530e+00
3.14422257e-01
1.09198512e+00
8.65564648e-01
5.50023123e-01
-1.69410952e+00
-5.41107237e-01
2.82374074e-01
-1.26291853e+00
0.00000000e+00
0.00000000e+00
0.00000000e+00
3.04603098e-01
-2.11566916e+00
1.01454992e-01
6.23970510e-01
-1.16614350e+00
6.91357005e-01
8.38177979e-01
8.84230927e-02
-1.61369410e-01
0.00000000e+00
9.43438810e-01
-5.52720206e-01
-1.03216339e+00
6.25807862e-01
-2.67667736e-01
3.17310284e-01
3.39369540e-01
-1.20098723e+00
-1.15510780e-01
4.75399706e-01
6 2
-1.1249e+00 3.8751e-01
8 -1
0 1 2 7 3 5 4 8 
217
2.49923420e-01
-4.99645250e-02
5.59656401e-02
1.90291391e-03
-7.58333574e-03
1.53747896e-01
1.07786695e-01
9.07839294e-02
1.28334318e-01
-7.12495372e-02
5.22699245e-02
1.63135542e-01
-3.08841818e-02
1.68877734e-02
-1.58598291e-01
-9.61294256e-03
1.18380197e-01
-5.36203662e-01
7.69490078e-03
2.13397879e-01
-2.07234342e-01
7.49161516e-03
4.09780283e-01
1.15195971e+00
1.35157567e-03
9.47562123e-03
0.00000000e+00
0.00000000e+00
6.07731803e-01
7.37290504e-01
7.29312468e-01
-6.95303651e-01
-4.92173558e-01
-6.36934147e-01
0.00000000e+00
0.00000000e+00
0.00000000e+00
-1.79720865e-01
1.39227480e-02
-1.58311643e-01
-2.17824840e-01
-1.35708827e-01
-6.50456677e-02
9.92612514e-01
0.00000000e+00
-8.36199846e-01
-2.61856368e-02
2.04375174e-01
0.00000000e+00
7.61985752e-02
-2.68383450e-01
6.33877653e-01
0.00000000e+00
4.44501492e-02
-1.53038767e-01
5.39338268e-01
0.00000000e+00
-2.21400326e-01
-3.20203541e-01
5.77095166e-01
-2.61970390e-01
-7.28577754e-02
5.84751585e-01
0.00000000e+00
-7.67811394e-01
-6.43857588e-01
5.62295878e-01
8.41322700e-01
4.55438936e-01
5.97999104e-01
0.00000000e+00
-9.36951448e-01
-7.95661769e-01
6.66122174e-01
-8.73623375e-01
5.20752693e-01
-1.06339823e-01
0.00000000e+00
-2.27260659e-01
-4.78402262e-01
3.67749102e-01
-2.02463441e-01
1.09434977e-01
1.62902814e-01
0.00000000e+00
-2.16317530e-01
-1.58310070e-01
2.64241575e-01
-3.26555612e-01
2.01999374e-01
1.47782341e-01
0.00000000e+00
2.14628807e-01
1.62224630e-01
3.20081940e-02
-1.64306767e-01
-2.99156962e-02
2.05390646e-02
0.00000000e+00
1.21067687e-02
-1.57057294e-01
1.81710507e-01
-2.82435428e-01
2.29040293e-02
1.36499437e-03
-2.77088660e-04
3.04202184e-02
-3.64807006e-01
-5.79041501e-02
3.05975399e-01
2.77684440e-01
1.59836224e-01
0.00000000e+00
-7.25364265e-01
-4.37987845e-01
5.71715505e-01
-3.21107121e-01
4.03572180e-01
-6.66418076e-02
-8.34504143e-01
-8.93049949e-01
-1.26133830e+00
0.00000000e+00
0.00000000e+00
0.00000000e+00
3.87357339e-01
-1.23553447e+00
5.63326936e-02
3.78508391e-01
-1.05063335e+00
2.64566798e-01
3.30855311e-01
6.01770061e-01
-3.75275989e-01
0.00000000e+00
5.38852963e-01
-5.72991815e-01
-1.45532702e+00
2.64765631e-02
1.09216668e+00
7.68656549e-01
2.43784566e-01
-9.29239025e-01
-7.82307798e-01
4.50643254e-01
6.68134014e-02
0.00000000e+00
0.00000000e+00
0.00000000e+00
1.40987081e-01
-3.21198003e-01
1.10150418e-01
9.16827150e-02
-1.34152317e-01
1.60025516e-01
1.39739207e-01
4.77752887e-02
1.15777510e-01
0.00000000e+00
8.52712902e-02
-7.16138357e-02
1.01356000e-01
1.59847012e-01
-3.99621526e-01
-5.30265408e-02
7.87037994e-02
-3.42094642e-01
1.57831574e-01
-6.27146332e-04
-1.08849718e+00
0.00000000e+00
0.00000000e+00
0.00000000e+00
3.87782563e-01
-9.73687587e-01
-3.35899805e-02
6.81942376e-01
-7.93047911e-01
3.89305442e-01
7.02528449e-01
2.15146203e-02
1.23873558e-02
0.00000000e+00
6.11312838e-01
-4.97686498e-01
-1.17892420e+00
3.11889490e-01
-2.37772607e-01
2.89801197e-01
3.00319532e-01
-1.02513607e+00
-3.36913103e-01
2.79476913e-01
-8.30753297e-02
0.00000000e+00
0.00000000e+00
0.00000000e+00
-2.08827950e-02
-7.44253037e-01
7.52987941e-02
-1.64121237e-01
-1.60736325e-01
2.54722007e-01
-2.71907660e-02
5.22551417e-02
-2.19910791e-01
0.00000000e+00
1.26806943e-01
-4.26064731e-02
1.14645457e-01
1.93210109e-01
6.88155384e-02
1.82842751e-02
-1.65991414e-03
2.68429188e-03
2.76342246e-01
1.15221206e-01
136
3.99307608e-01
-6.31925846e-01
-6.50742191e-04
-6.48725548e-01
1.04822948e-02
4.86765048e-01
7.37557710e-03
1.19319395e+00
1.97074857e-03
0.00000000e+00
0.00000000e+00
9.54791298e-01
9.56071492e-01
8.19379639e-01
-8.39498591e-01
-7.20866413e-01
-7.70563283e-01
0.00000000e+00
0.00000000e+00
0.00000000e+00
-1.00698602e-01
9.38565727e-03
-3.27494845e-02
-7.40822493e-02
-4.99365085e-02
5.53671756e-02
5.92028154e-01
0.00000000e+00
-9.33892124e-02
-3.20843292e-01
5.35644410e-01
0.00000000e+00
4.09416626e-01
-8.20870658e-01
6.94762187e-01
0.00000000e+00
3.61627012e-01
-6.28336816e-01
6.23193577e-01
0.00000000e+00
-2.51634795e-01
-8.66410983e-01
7.56156086e-01
0.00000000e+00
0.00000000e+00
0.00000000e+00
0.00000000e+00
-2.63646828e+00
2.73720460e-01
-6.02883356e-01
-8.83555857e-01
0.00000000e+00
4.26013096e-01
-1.27135505e-01
5.52020576e-01
-1.05275106e+00
0.00000000e+00
4.77889145e-01
-1.27550777e-02
3.02055588e-01
-3.71360665e-01
-3.66435965e-01
2.54574541e-01
-9.56550864e-02
2.58432135e-01
-1.70496340e-01
0.00000000e+00
1.56446698e-01
-2.75370227e-01
1.18448157e-01
6.77329601e-04
0.00000000e+00
1.99349306e-01
-1.96663292e-01
1.21876921e-01
-1.05726664e-01
7.82830149e-02
4.63828576e-02
1.71377799e-01
-1.67076316e-02
-2.41381401e-01
0.00000000e+00
1.59217179e-01
-7.33892387e-02
2.45112745e-01
-1.08977422e-01
-5.53156943e-01
-7.79580895e-01
-1.16628187e+00
0.00000000e+00
0.00000000e+00
0.00000000e+00
5.13528427e-01
-2.33066433e+00
3.71778928e-01
5.43069056e-01
-1.31235695e+00
5.52653808e-01
5.13492346e-01
9.01360683e-01
-3.59719823e-01
0.00000000e+00
6.05030713e-01
-6.19835395e-01
-1.30475576e+00
3.51586832e-01
9.92485673e-01
8.46725981e-01
5.29262777e-01
-1.69007864e+00
-5.23740429e-01
2.53894242e-01
-1.21947889e+00
0.00000000e+00
0.00000000e+00
0.00000000e+00
2.93005285e-01
-1.98102700e+00
1.23896185e-01
6.34929843e-01
-1.17130845e+00
7.90712262e-01
8.11776965e-01
6.46827625e-02
-1.43878102e-01
0.00000000e+00
9.06998200e-01
-5.47901260e-01
-1.07902565e+00
6.20431349e-01
-2.42520008e-01
3.04933844e-01
3.40378352e-01
-1.22978276e+00
-1.88514977e-01
4.72734262e-01
11 1
-1.3359e+00 4.0888e-01
8 1
0 1 2 7 3 5 4 8 
217
4.65832890e-01
-8.07586349e-02
-2.34503813e-01
-6.66516735e-03
1.51916202e-01
7.44209430e-02
2.02494914e-01
-2.06340887e-01
-2.68596046e-02
-2.28625704e-02
-5.56621647e-02
2.19462674e-01
1.93943543e-01
1.19181105e-02
0.00000000e+00
0.00000000e+00
0.00000000e+00
-4.35251553e-02
6.60896217e-04
3.55402115e-01
2.47784089e-01
-1.83920316e-03
2.77445654e-01
2.61573957e-01
7.53109121e-04
2.01313882e-01
0.00000000e+00
0.00000000e+00
3.84524637e-01
3.35114995e-01
4.89725131e-01
-5.74421424e-01
-9.50861368e-02
-7.40243124e-02
0.00000000e+00
0.00000000e+00
0.00000000e+00
-1.40850497e-01
-7.14686057e-02
-1.84157107e-01
-1.90745481e-01
3.90694424e-02
3.18909065e-01
6.95076074e-01
0.00000000e+00
-6.75701333e-01
-1.33128365e-01
3.09276474e-01
0.00000000e+00
1.68192423e-01
-4.15374288e-01
6.19279920e-01
0.00000000e+00
8.68836497e-02
-3.39597646e-01
5.16025940e-01
0.00000000e+00
-3.10571260e-01
1.01698166e-01
5.38849209e-01
-3.25412306e-03
-4.36755102e-01
9.05842115e-01
0.00000000e+00
-7.86402134e-01
-1.51879242e+00
5.88393041e-01
1.03259971e+00
6.63841982e-01
9.67516186e-01
0.00000000e+00
-7.31196520e-01
-1.01430824e+00
6.79851996e-01
-8.60835803e-01
5.17177414e-01
-1.03363375e-01
0.00000000e+00
-2.36241280e-01
-4.50032194e-01
5.13777286e-01
-4.73671111e-01
1.88296884e-01
-9.38133870e-02
0.00000000e+00
-1.27455170e-01
-3.94047151e-02
4.06413884e-01
-4.50039800e-01
1.86874176e-01
-1.65875655e-01
0.00000000e+00
2.54961632e-01
6.00034049e-02
1.23955553e-01
-4.50067223e-01
8.69157048e-02
-3.96524933e-02
0.00000000e+00
1.51567339e-01
-3.95516824e-02
2.25145028e-01
-2.41891989e-01
8.91205237e-02
-9.35389933e-03
8.71751607e-02
-3.05148982e-02
-2.79366415e-01
3.32174230e-01
1.69039743e-01
7.69983972e-02
5.93214600e-02
0.00000000e+00
-3.27186667e-01
-1.81753856e-01
5.46876074e-01
-4.52885252e-01
2.46143483e-01
1.31196462e-01
-1.07985202e+00
-9.03684623e-01
-1.33364120e+00
0.00000000e+00
0.00000000e+00
0.00000000e+00
4.62743961e-01
-8.27233776e-01
1.62029986e-01
-1.82236558e-01
-7.14943650e-01
1.43991249e-02
9.62533602e-02
1.94170356e-01
-1.12014541e-01
0.00000000e+00
4.77252869e-01
-4.97194752e-01
-1.02734089e+00
3.00238272e-01
6.34603912e-01
1.48162859e-01
4.95334455e-02
-5.67364846e-01
-9.25252513e-02
1.47824925e-01
-3.64464628e-02
0.00000000e+00
0.00000000e+00
0.00000000e+00
9.62882591e-02
-8.93286095e-01
7.82896653e-02
2.86102060e-01
-4.85845720e-01
2.24247300e-01
1.96500098e-01
2.41514474e-01
-3.83179555e-02
0.00000000e+00
1.51752447e-01
-1.23021131e-01
-1.26501927e-01
6.94135854e-02
7.56690903e-03
2.73089231e-01
2.13818803e-01
-3.23025252e-01
-4.05667998e-02
1.55535584e-01
-1.17396851e+00
0.00000000e+00
0.00000000e+00
0.00000000e+00
-1.45747917e-01
-5.72925297e-01
-1.79615076e-01
1.84656190e-01
-3.84059078e-01
2.58207444e-01
2.04534817e-01
1.31961778e-03
-1.77530676e-01
0.00000000e+00
7.51415313e-01
-1.40602678e-01
-3.92949886e-01
1.83169648e-01
-2.82407587e-01
1.88432576e-03
-1.15265121e-01
-4.56587753e-01
-1.03714283e-01
1.92249491e-01
-6.75812755e-02
0.00000000e+00
0.00000000e+00
0.00000000e+00
2.02693870e-01
-7.94196140e-01
1.67716461e-01
1.98079117e-01
-3.18036544e-01
1.99615867e-01
2.05577360e-01
1.02122112e-01
1.01550880e-03
0.00000000e+00
6.54089771e-02
-1.15043617e-01
-2.97965082e-01
2.02031233e-01
7.90256321e-02
1.37994724e-01
1.28479962e-01
-3.69329232e-01
1.50369376e-02
1.22191577e-01
136
2.48209586e-01
0.00000000e+00
0.00000000e+00
-2.33329870e-01
3.74649463e-03
1.51996879e-01
-4.64517572e-05
3.29542578e-01
1.23806307e-03
0.00000000e+00
0.00000000e+00
2.54367259e-01
1.58665608e-01
4.87113027e-01
-5.68548998e-01
-1.08958496e-01
2.55732822e-02
0.00000000e+00
0.00000000e+00
0.00000000e+00
-1.26698906e-01
6.73780031e-03
-5.96145832e-03
-1.60443403e-02
-3.78701957e-02
3.23922682e-02
3.95656514e-01
0.00000000e+00
-1.38687996e-01
-1.77432835e-01
3.74032650e-01
0.00000000e+00
3.81453479e-01
-6.59426767e-01
5.24121168e-01
0.00000000e+00
2.81985765e-01
-4.52436301e-01
4.39965968e-01
0.00000000e+00
-2.94520096e-01
-6.28445009e-01
5.97601654e-01
0.00000000e+00
0.00000000e+00
0.00000000e+00
0.00000000e+00
-1.91774301e+00
4.20177065e-01
-4.33209965e-01
-7.93752962e-01
0.00000000e+00
2.30229057e-01
-1.39541334e-01
4.92212532e-01
-9.87738959e-01
0.00000000e+00
3.27425156e-01
-5.55388806e-02
2.60928436e-01
-3.59038538e-01
-4.14379658e-01
2.33818214e-01
-8.46461501e-02
2.26639585e-01
-1.27363856e-01
0.00000000e+00
1.14052391e-01
-2.74544143e-01
9.73200743e-02
-1.19741280e-02
0.00000000e+00
1.32627481e-01
-2.31753931e-01
1.17844617e-01
-1.25382398e-01
1.06722050e-01
-4.85472684e-02
2.08444237e-01
-4.38045579e-02
-3.48204320e-01
0.00000000e+00
9.82836261e-02
-8.44272955e-02
2.27053134e-01
-1.35221224e-01
-6.09388834e-01
-7.99406990e-01
-1.20468028e+00
0.00000000e+00
0.00000000e+00
0.00000000e+00
5.07324268e-01
-2.30525584e+00
3.74637254e-01
5.43388681e-01
-1.29589482e+00
5.74452163e-01
5.28195935e-01
8.82103787e-01
-3.73906875e-01
0.00000000e+00
6.05364178e-01
-6.39443811e-01
-1.34577266e+00
3.05711411e-01
1.00626912e+00
8.41240811e-01
5.39074418e-01
-1.69353438e+00
-5.31662143e-01
2.73028218e-01
-1.25311809e+00
0.00000000e+00
0.00000000e+00
0.00000000e+00
3.15252499e-01
-2.02448010e+00
1.31117262e-01
6.14309700e-01
-1.14167315e+00
7.96932031e-01
7.84675884e-01
1.06284004e-01
-1.65344295e-01
0.00000000e+00
8.93652632e-01
-5.94936621e-01
-1.06771062e+00
6.15955011e-01
-2.45886655e-01
3.29751801e-01
3.49757455e-01
-1.24652474e+00
-1.73423320e-01
4.69173131e-01
