1 1 2 8
3 1 7 2
3 1 1 1
8 0.715 -1.230 -0.535 0.443 -3.768 -1.196 -3.232 -1.034
8
5 -0.000 -0.000 -0.000 -0.000 -0.000
5 0.303 0.107 -0.095 -0.483 -0.483
5 -0.212 -0.227 -0.227 -0.227 -0.227
5 0.157 0.157 0.157 -0.094 -0.495
5 -0.059 -0.059 -0.059 -0.334 -0.334
5 0.685 0.203 0.072 -0.261 -0.261
5 0.245 -0.704 -0.725 -0.725 -0.725
5 1.366 0.337 0.128 -0.109 -0.176
8 1.049 -2.750 -2.185 -0.950 -4.990 -3.001 -4.263 -2.688
8
5 -0.005 -0.005 -0.005 -0.005 -0.005
5 0.525 -0.487 -0.487 -0.575 -0.575
5 0.002 -0.623 -0.623 -0.623 -0.623
5 1.284 0.185 0.185 -0.950 -0.950
5 0.014 -0.233 -0.512 -0.512 -0.512
5 1.873 0.186 0.045 -0.330 -0.372
5 2.012 0.348 -0.505 -0.558 -0.558
5 2.970 1.296 -0.121 -0.365 -0.365
8
8 0.000 -2.089 -1.916 -0.267 -1.406 -0.133 -1.527 0.000
8 0.000 -1.133 -3.366 -0.119 -2.618 -0.432 -3.435 -0.984
8 -0.583 -2.459 -1.111 -0.433 -2.743 -2.515 -2.781 -2.358
8 0.000 -0.235 -0.571 1.632 -1.474 -0.263 -1.841 0.355
8 -0.309 -3.180 -4.093 -2.088 -3.302 -2.248 -3.701 -2.927
8 0.000 -0.968 -3.320 -0.324 -2.287 -0.153 -2.734 -0.574
8 -0.187 -2.976 -2.746 -1.673 -2.942 -2.766 -3.810 -2.849
8 0.000 -0.894 -2.710 0.439 -2.431 -0.906 -2.735 -0.451
