1 0 1 8
3 0 1 2
3 1 1 1
8 -1.252 -0.194 -0.114 3.503 -1.608 1.315 1.588 4.818
8
5 -0.003 -0.003 -0.003 -0.003 -0.003
5 0.077 0.077 -0.126 -0.975 -1.706
5 0.129 0.129 -0.129 -0.423 -0.423
5 -0.344 -0.344 -0.344 -0.344 -0.641
5 -0.047 -0.047 -0.047 -0.047 -0.047
5 -0.181 -0.181 -0.181 -0.181 -0.333
5 0.167 0.167 0.044 -0.144 -0.400
5 0.043 -0.000 -0.000 -0.002 -0.309
8 -0.166 -0.418 -0.025 2.945 -1.361 1.005 1.629 4.355
8
5 -0.002 -0.002 -0.002 -0.002 -0.002
5 -0.110 -0.110 -0.110 -0.786 -1.185
5 0.287 0.209 -0.202 -0.549 -0.549
5 -0.261 -0.261 -0.261 -0.261 -0.512
5 -0.149 -0.149 -0.149 -0.149 -0.149
5 -0.178 -0.178 -0.178 -0.178 -0.178
5 0.804 0.309 0.134 -0.166 -0.565
5 0.151 0.151 0.125 -0.000 -0.457
8
8 -1.174 -2.742 -2.052 -1.774 -3.118 -2.907 -2.917 -1.507
8 -1.736 -0.933 -1.908 0.114 -2.776 -0.589 -0.862 1.449
8 -1.985 -3.449 -1.802 -1.033 -3.674 -3.434 -0.965 -0.079
8 0.000 1.121 1.828 3.303 -0.541 1.169 2.455 4.216
8 -2.851 -3.921 -3.452 -3.061 -3.704 -3.094 -2.283 -0.964
8 -0.370 -0.923 -1.298 -0.207 -1.027 0.466 0.421 2.578
8 -1.446 -3.329 -1.458 -0.856 -2.545 -1.959 0.541 1.590
8 0.000 1.230 2.313 3.135 1.196 2.306 3.852 5.254
