1 2 0 8
3 0 5 1
3 1 1 1
8 -0.716 0.830 -2.401 1.917 -1.970 1.825 -2.053 2.566
8
5 -0.002 -0.002 -0.002 -0.002 -0.002
5 0.369 0.259 0.000 -0.635 -1.325
5 -0.177 -0.177 -0.177 -0.177 -0.177
5 0.320 0.308 0.243 -0.043 -0.550
5 0.028 0.028 0.028 -0.291 -0.291
5 0.309 0.196 -0.017 -0.416 -0.685
5 -0.223 -0.223 -0.223 -0.223 -0.223
5 0.094 0.094 0.094 0.050 -0.475
8 -0.218 0.773 -2.183 2.256 -1.995 2.054 -1.562 3.030
8
5 -0.001 -0.001 -0.001 -0.001 -0.001
5 0.375 0.334 0.015 -0.595 -1.003
5 0.099 -0.268 -0.268 -0.268 -0.268
5 0.838 0.423 0.391 -0.034 -0.678
5 -0.038 -0.038 -0.038 -0.038 -0.038
5 0.294 0.294 0.032 -0.392 -0.816
5 -0.141 -0.155 -0.155 -0.155 -0.155
5 0.582 0.229 0.229 0.005 -0.405
8
8 -1.712 -2.702 -1.467 -1.741 -3.620 0.000 0.000 0.000
8 -2.799 0.065 -1.929 1.073 -2.419 1.822 -2.193 2.226
8 -3.757 -3.252 -3.386 -2.001 -4.706 -1.644 -3.794 -0.855
8 -1.742 0.634 -0.892 2.015 -1.718 2.165 -1.289 2.966
8 -3.958 -3.179 -3.561 -2.373 -3.466 -0.540 -3.371 -0.501
8 -2.785 0.203 -2.739 1.022 -2.175 2.171 -1.333 2.680
8 -4.380 -3.155 -4.995 -2.147 -5.204 -1.062 -4.126 -0.287
8 -1.584 0.737 -1.825 1.752 -1.688 2.459 -1.062 3.113
