1 1 0 8
3 0 5 1
3 1 1 1
8 -0.922 0.796 -2.851 1.900 -1.725 2.622 -1.989 3.058
8
5 -0.001 -0.001 -0.001 -0.001 -0.001
5 0.307 0.233 -0.157 -0.828 -1.558
5 0.162 -0.023 -0.103 -0.128 -0.128
5 0.304 0.304 0.163 -0.170 -0.877
5 0.012 0.012 0.005 -0.133 -0.133
5 0.192 0.096 -0.024 -0.308 -0.526
5 -0.240 -0.240 -0.240 -0.240 -0.240
5 0.138 0.138 0.102 -0.030 -0.414
8 -0.438 0.830 -2.224 2.347 -1.535 3.017 -1.346 3.694
8
5 -0.001 -0.001 -0.001 -0.001 -0.001
5 0.327 0.230 0.019 -0.784 -1.656
5 -0.452 -0.452 -0.452 -0.452 -0.452
5 0.456 0.456 0.340 -0.153 -1.028
5 0.052 0.011 -0.081 -0.329 -0.329
5 0.251 0.240 0.045 -0.411 -0.897
5 -0.173 -0.173 -0.173 -0.173 -0.173
5 0.148 0.148 0.148 0.021 -0.517
8
8 -3.556 -2.694 -2.372 -1.238 -3.106 0.000 0.000 0.000
8 -3.350 -0.145 -2.710 0.916 -2.228 2.137 -2.448 2.377
8 -5.330 -4.086 -3.904 -2.442 -4.838 -1.996 -4.112 -1.414
8 -2.197 0.241 -1.335 1.976 -1.674 2.275 -1.489 3.299
8 -4.987 -3.468 -4.420 -2.402 -3.274 -0.172 -3.457 -0.344
8 -3.049 0.610 -2.715 1.375 -1.372 3.266 -1.087 3.448
8 -5.228 -3.544 -4.832 -2.324 -5.021 -0.438 -3.950 0.186
8 -2.532 0.739 -2.055 1.999 -1.343 3.221 -1.119 3.846
