#WEIGHT_SINGLE_STATE_SCORE 1.000
#WEIGHT_SINGLE_OFFSET_SCORE 1.000
#WEIGHT_MULTI_STATE_SCORE 1.000
#WEIGHT_MULTI_OFFSET_SCORE 1.000
#WEIGHT_TRANSFER_SCORE 1.000
#WEIGHT_COMBO_SCORE 3.000
#MULTY_AA_PENALTY -8.000
#BAD_DOUBLE_PENALTY -5.000
#PROBLEMATIC_PAIR_PENALTY -2.000
#TOLS 5 0.100 0.250 0.500 0.900 1000000000.000
0.526 -1.984 -0.523 0.029 -2.031 0.040 0.522 -0.644 -0.610 0.000 1.289 -0.797 -1.515 -0.432 -0.681 -0.350 -0.222 -2.052 -0.655 0.437 
-2.654 -3.928 -3.136 -2.104 -5.377 -3.024 -2.096 -2.760 -3.112 0.000 -1.271 -2.761 -4.654 -2.909 -1.253 -3.465 -3.281 -4.328 -3.194 -2.030 
0.017 -1.957 -0.501 -0.214 -2.081 -0.329 0.110 -0.734 -1.027 0.000 0.888 -1.055 -1.706 -0.641 -1.080 -0.576 -0.467 -1.980 -0.776 0.189 
-0.076 -2.384 -1.017 -0.263 -2.264 -0.843 -0.050 -0.757 -1.231 0.000 0.805 -0.998 -1.825 -0.642 -1.431 -0.682 -0.602 -2.039 -0.844 0.050 
-2.218 -5.377 -2.616 -1.891 -3.711 -2.267 -1.706 -2.523 -2.709 0.000 -1.037 -3.609 -4.243 -2.458 -2.818 -2.526 -2.564 -3.675 -2.879 -1.843 
-0.327 -2.488 -1.402 -0.835 -2.991 -0.375 -0.477 -1.269 -1.372 0.000 0.587 -2.003 -2.584 -1.241 -1.816 -1.158 -1.133 -2.682 -1.278 -0.348 
-0.017 -1.946 -0.854 -0.191 -2.322 -0.334 0.294 -0.970 -1.000 0.000 0.823 -1.178 -2.082 -0.916 -1.961 -0.823 -0.624 -2.293 -0.963 -0.107 
1.336 1.052 0.991 1.550 -0.631 1.110 1.609 1.199 0.758 0.000 2.427 1.551 -0.134 1.194 0.364 1.428 1.330 -0.591 0.982 1.619 
0.622 0.162 0.170 0.480 -1.406 0.250 0.597 0.553 -0.249 0.000 1.709 0.321 -1.456 0.341 0.340 0.314 0.382 -1.235 0.045 0.852 
0.000 0.000 0.000 0.000 0.000 0.000 0.000 0.000 0.000 0.000 0.000 0.000 0.000 0.000 0.000 0.000 0.000 0.000 0.000 0.000 
1.085 -0.685 0.236 0.609 -1.306 0.506 0.932 0.758 0.442 0.000 1.465 0.087 -1.218 0.078 0.200 0.344 0.484 -1.137 -0.087 0.892 
-1.135 -3.016 -2.140 -0.988 -4.939 -1.560 -1.023 -1.200 -2.015 0.000 -0.072 -1.956 -3.222 -1.670 -0.631 -2.122 -1.882 -3.496 -1.794 -0.835 
-1.525 -3.413 -1.962 -1.889 -4.065 -1.775 -1.571 -1.692 -2.404 0.000 -0.752 -2.028 -3.385 -2.283 -2.765 -2.257 -1.923 -3.628 -2.533 -1.447 
-0.384 -2.165 -0.843 -0.330 -2.263 -0.904 -0.280 -0.369 -1.038 0.000 0.323 -1.215 -2.291 -1.081 -1.600 -0.707 -0.694 -2.203 -1.098 -0.403 
1.633 1.035 0.538 1.317 -1.174 0.827 1.692 1.012 0.484 0.000 2.285 1.107 -0.748 0.610 0.655 1.157 1.163 -0.413 0.376 1.753 
1.604 0.802 1.108 1.445 -0.549 1.244 1.621 1.338 0.738 0.000 2.269 1.346 -0.585 0.996 0.683 1.652 1.415 -0.364 0.772 1.484 
0.248 -2.111 -0.410 0.043 -2.099 -0.168 0.324 -0.203 -0.404 0.000 1.078 -1.258 -1.778 -0.426 -0.547 -0.025 -0.174 -2.140 -0.689 0.300 
-2.124 -3.760 -2.170 -1.784 -3.452 -1.984 -1.785 -2.186 -2.471 0.000 -0.973 -3.283 -3.405 -2.281 -2.846 -2.019 -2.370 -4.041 -2.683 -1.924 
-0.545 -2.115 -1.024 -0.596 -2.376 -0.609 -0.536 -0.506 -1.215 0.000 0.238 -1.794 -2.623 -1.004 -1.487 -0.643 -0.874 -2.671 -1.331 -0.706 
0.109 -1.752 -0.559 -0.182 -2.180 -0.649 -0.017 -0.276 -0.437 0.000 0.892 -1.065 -1.838 -0.699 0.325 -0.147 -0.427 -1.966 -0.956 0.179 
