1 -999999999 -999999999 -1 -1
1 0 0 -1 -1
0.4986 -1.318
356
-1.54814460e-01
0.00000000e+00
0.00000000e+00
0.00000000e+00
0.00000000e+00
0.00000000e+00
0.00000000e+00
0.00000000e+00
0.00000000e+00
0.00000000e+00
0.00000000e+00
0.00000000e+00
0.00000000e+00
0.00000000e+00
0.00000000e+00
0.00000000e+00
0.00000000e+00
0.00000000e+00
0.00000000e+00
0.00000000e+00
0.00000000e+00
0.00000000e+00
0.00000000e+00
0.00000000e+00
0.00000000e+00
0.00000000e+00
0.00000000e+00
0.00000000e+00
0.00000000e+00
0.00000000e+00
0.00000000e+00
0.00000000e+00
0.00000000e+00
0.00000000e+00
0.00000000e+00
0.00000000e+00
0.00000000e+00
0.00000000e+00
0.00000000e+00
0.00000000e+00
0.00000000e+00
0.00000000e+00
0.00000000e+00
0.00000000e+00
0.00000000e+00
0.00000000e+00
0.00000000e+00
0.00000000e+00
0.00000000e+00
0.00000000e+00
0.00000000e+00
-8.70715225e-02
2.56673646e-01
-6.35265100e-01
0.00000000e+00
0.00000000e+00
0.00000000e+00
0.00000000e+00
-1.14914262e-01
-9.30278948e-02
3.21960233e-02
-1.82220404e-01
-2.17273785e-01
-1.60174109e-02
-1.13949588e-01
3.24838552e-01
2.59127153e-01
3.29280676e-02
0.00000000e+00
0.00000000e+00
0.00000000e+00
1.95556637e-01
4.37551656e-03
2.31693509e-01
1.09614989e-01
-3.12832790e-04
1.90453973e-01
-4.59986087e-01
3.30378357e-03
-6.33382749e-02
0.00000000e+00
0.00000000e+00
0.00000000e+00
0.00000000e+00
0.00000000e+00
0.00000000e+00
0.00000000e+00
-2.15489976e-01
-1.66463743e-01
2.27479051e-01
-6.34472358e-01
-3.67956198e-01
-3.77267981e-01
-3.08818115e-01
-1.59732209e+00
-1.54620187e+00
-2.98070493e-01
-1.79565303e-01
-5.89487211e-01
-1.62228450e-01
-3.40992132e-02
-5.45691791e-02
0.00000000e+00
0.00000000e+00
1.48574152e+00
1.70867046e+00
0.00000000e+00
0.00000000e+00
0.00000000e+00
0.00000000e+00
0.00000000e+00
0.00000000e+00
5.97761305e-01
3.33615755e-01
1.30886020e-01
-4.14985763e-01
-6.12578841e-01
-1.67525445e+00
8.09107283e-01
1.23040759e+00
7.91032693e-01
7.20928997e-01
-1.61011940e+00
-1.76086705e+00
7.89134080e-01
1.19099163e-01
8.69169638e-02
-1.59258415e+00
0.00000000e+00
-6.76432504e-01
3.95664585e+00
3.93023276e+00
3.77285045e+00
4.00739469e+00
3.96572107e+00
3.78879305e+00
4.99275883e-01
6.67592165e-01
6.69579674e-01
6.77645622e-01
1.00348341e+00
-1.83661218e-01
2.38835904e-01
5.86204313e-01
4.20462120e-01
-1.88357925e-01
2.27874430e-01
-2.58459971e-01
0.00000000e+00
0.00000000e+00
0.00000000e+00
0.00000000e+00
1.80490109e-01
2.70187300e+00
0.00000000e+00
0.00000000e+00
-3.35304569e-01
-7.22130251e-01
0.00000000e+00
0.00000000e+00
-1.00935150e+00
-8.61099494e-01
-6.31204479e-01
-1.00238542e+00
-1.64055598e+00
0.00000000e+00
0.00000000e+00
0.00000000e+00
4.32862007e-01
-6.11443846e-01
-8.53029386e-02
-2.76401001e-02
-6.50752814e-01
7.13734829e-01
2.64447065e-02
7.07318799e-01
-7.32125984e-01
0.00000000e+00
6.89074465e-01
-1.10686405e-01
-1.21781317e+00
-1.50930014e-01
-2.68433826e-01
6.21930790e-01
6.87462871e-01
-1.44892367e+00
-5.32741418e-01
3.17409749e-01
5.65194816e-01
0.00000000e+00
0.00000000e+00
0.00000000e+00
-2.41776967e-02
-8.40861436e-02
2.02013117e-01
-1.53813530e-01
2.40424000e-01
-4.05335570e-02
-7.64517814e-02
1.26511989e-01
2.05277842e-01
0.00000000e+00
-2.16739649e-01
2.73310546e-01
-2.65372701e-02
1.34170277e-01
-6.69666598e-02
-5.25079635e-02
-1.75055974e-01
1.74540492e-01
1.88234137e-01
-6.24173587e-02
-8.10472821e-01
-5.01296497e-01
0.00000000e+00
0.00000000e+00
2.20290100e-01
-1.18428678e-02
-2.30036370e-01
-2.59417260e-01
-2.48310198e-01
0.00000000e+00
0.00000000e+00
0.00000000e+00
1.25646461e-01
1.35794488e+00
-1.01530053e-01
6.27530397e-01
-2.91066252e-01
8.03013859e-02
2.42513721e-01
-6.29979799e-01
5.85416487e-01
0.00000000e+00
1.35655844e-01
-3.13370520e-01
-1.68472602e-01
-2.29049763e-01
-7.62300013e-01
-7.26312234e-01
-1.10793027e-01
3.76061024e-02
-1.65609328e-01
5.75581096e-02
-3.09176324e-01
0.00000000e+00
0.00000000e+00
2.53579995e-01
-8.30083155e-01
-5.08054999e-01
0.00000000e+00
0.00000000e+00
0.00000000e+00
1.00151292e-01
-1.52198132e-01
-4.56008159e-01
-3.22028156e-01
0.00000000e+00
0.00000000e+00
0.00000000e+00
-1.86348492e+00
0.00000000e+00
0.00000000e+00
0.00000000e+00
-5.91502252e-01
1.01531829e+00
-3.18005321e-01
-6.70446851e-02
1.03107742e+00
-2.58058921e+00
-1.42867653e-01
4.95945492e-01
1.65917159e-01
0.00000000e+00
-6.29318041e-01
-8.79705040e-01
-6.01371899e-01
4.88134053e-01
2.06543460e-01
4.47168864e-02
1.41761789e-01
9.40192387e-01
-4.88165687e-01
-9.45220575e-02
2.53192448e-01
0.00000000e+00
0.00000000e+00
0.00000000e+00
-4.00787881e-02
5.56152870e-02
3.31885762e-02
-5.18618082e-02
0.00000000e+00
7.67962704e-01
-8.57192830e-03
-1.28646575e-02
4.17785632e-01
0.00000000e+00
-3.12699713e-01
4.63144600e-01
2.35011483e-01
5.28442395e-02
-6.42629516e-01
-2.80624733e-02
-1.11845312e-01
0.00000000e+00
6.19007843e-01
2.34547506e-02
-2.55964620e-01
-1.10042133e-01
0.00000000e+00
3.88903100e-01
5.13919168e-01
9.06513508e-02
-1.75366054e-01
-2.53274306e-02
-1.56219447e-01
0.00000000e+00
0.00000000e+00
0.00000000e+00
-3.98594837e-01
-4.79316515e-01
-3.23268456e-02
-6.26773061e-01
0.00000000e+00
4.33001953e-02
-8.42639055e-02
1.85040040e-01
-2.65300948e-01
0.00000000e+00
3.14585105e-01
-2.75719581e-01
2.40235058e-02
1.04221419e-01
7.86950985e-01
9.64120174e-02
-5.01727525e-03
0.00000000e+00
3.19748504e-01
-1.85727283e-01
-1.45922486e-01
-1.77278774e-01
2.97620789e-01
1.34229959e+00
-1.60752030e+00
-7.51057361e-01
0.00000000e+00
0.00000000e+00
0.00000000e+00
-1.74199901e-01
0.00000000e+00
0.00000000e+00
-8.56462936e-01
0.00000000e+00
0.00000000e+00
0.00000000e+00
247
-8.22167560e-01
0.00000000e+00
0.00000000e+00
0.00000000e+00
0.00000000e+00
0.00000000e+00
0.00000000e+00
0.00000000e+00
0.00000000e+00
0.00000000e+00
0.00000000e+00
0.00000000e+00
0.00000000e+00
0.00000000e+00
0.00000000e+00
0.00000000e+00
0.00000000e+00
0.00000000e+00
0.00000000e+00
0.00000000e+00
0.00000000e+00
0.00000000e+00
0.00000000e+00
0.00000000e+00
0.00000000e+00
0.00000000e+00
0.00000000e+00
0.00000000e+00
0.00000000e+00
0.00000000e+00
0.00000000e+00
0.00000000e+00
0.00000000e+00
0.00000000e+00
0.00000000e+00
0.00000000e+00
0.00000000e+00
0.00000000e+00
0.00000000e+00
0.00000000e+00
0.00000000e+00
0.00000000e+00
0.00000000e+00
-3.42931434e-02
1.19750189e-02
6.86144571e-01
-8.76731373e-03
-1.47401899e+00
4.77831388e-03
0.00000000e+00
0.00000000e+00
0.00000000e+00
0.00000000e+00
0.00000000e+00
0.00000000e+00
0.00000000e+00
4.13473708e-01
8.07826703e-01
-2.03156725e+00
9.58720698e-01
1.03767244e+00
0.00000000e+00
0.00000000e+00
0.00000000e+00
0.00000000e+00
0.00000000e+00
0.00000000e+00
1.40601194e+00
4.38512789e-01
-2.14513952e-01
-3.29440354e-01
-8.24912568e-01
-2.25654611e+00
1.52142702e+00
1.23900624e-01
7.20730287e-02
0.00000000e+00
0.00000000e+00
0.00000000e+00
7.39095672e-01
1.51547878e-01
7.08584840e-01
-2.85564923e-01
0.00000000e+00
0.00000000e+00
3.59173734e+00
3.35326427e+00
3.50975469e+00
3.76174320e+00
3.83587712e+00
2.42519482e+00
9.45328416e-01
1.43047833e+00
1.51100726e+00
1.61951467e+00
1.27779602e+00
9.98380661e-01
0.00000000e+00
-1.04182001e-02
1.40591712e-01
0.00000000e+00
0.00000000e+00
0.00000000e+00
0.00000000e+00
-2.38105198e+00
2.51581044e+00
0.00000000e+00
1.55888442e+00
-1.22756315e+00
0.00000000e+00
0.00000000e+00
-6.78631919e-01
-1.10225634e+00
-7.52419774e-01
-1.10742022e+00
-1.78088826e+00
0.00000000e+00
0.00000000e+00
0.00000000e+00
6.02615273e-03
0.00000000e+00
1.95802650e-01
-1.86598590e-01
-5.08270577e-01
5.04418091e-01
1.98823836e-01
5.79951344e-01
-1.15001264e+00
0.00000000e+00
3.12328999e-01
5.55729093e-01
-6.93520040e-01
5.35439449e-01
-9.21161318e-01
3.91182702e-01
1.17491852e+00
-1.35622531e+00
-4.33088603e-01
7.96660219e-01
-6.63615969e-01
-2.57926281e-02
0.00000000e+00
0.00000000e+00
-5.69231601e-02
-6.89869353e-01
0.00000000e+00
0.00000000e+00
0.00000000e+00
-3.90992416e-01
0.00000000e+00
2.77722850e-01
-1.08779462e-02
2.63133696e-01
2.83088089e-01
1.72706329e-01
2.30289778e-01
0.00000000e+00
0.00000000e+00
7.06746332e-02
-6.61350917e-02
-2.19291847e-01
1.31452681e-01
1.01239654e+00
-6.11259270e-02
-3.77234955e-01
3.85238114e-01
7.03737227e-02
-1.62724849e-01
-6.37823341e-01
0.00000000e+00
0.00000000e+00
3.11419896e-01
-1.11727229e+00
-6.52839291e-01
0.00000000e+00
0.00000000e+00
0.00000000e+00
-4.64432998e-01
0.00000000e+00
0.00000000e+00
0.00000000e+00
-1.85984000e+00
0.00000000e+00
0.00000000e+00
0.00000000e+00
-5.37115519e-01
1.92420660e-01
-7.24343903e-01
2.63653190e-01
0.00000000e+00
-3.69091662e-01
1.09973308e-01
4.61957776e-02
-3.36802525e-01
0.00000000e+00
1.83117351e-01
3.47193541e-01
2.20305076e-01
7.10995282e-02
-1.68159495e+00
4.54145028e-01
1.84657022e-01
0.00000000e+00
0.00000000e+00
5.90552485e-01
-2.75391024e-01
4.36612774e-01
0.00000000e+00
0.00000000e+00
2.90308752e-01
-9.25614479e-01
0.00000000e+00
0.00000000e+00
0.00000000e+00
-9.26749178e-02
0.00000000e+00
1.60022574e-01
1.60895963e-01
0.00000000e+00
2.05055442e-01
3.98358816e-02
6.00673362e-02
0.00000000e+00
0.00000000e+00
-1.04045099e-01
-2.11864460e-01
1.88114926e-01
0.00000000e+00
1.76937224e-01
-1.29798358e-01
-3.16025609e-01
0.00000000e+00
0.00000000e+00
-1.95327655e-01
-7.12003798e-01
3.95524551e-01
2.81633259e-01
1.04955942e+00
-1.58444898e+00
-1.18903255e+00
0.00000000e+00
0.00000000e+00
0.00000000e+00
-3.95416427e-01
0.00000000e+00
0.00000000e+00
0.00000000e+00
7 -999999999 -999999999 1 -1
1 0 0 1 -1
1.0849e-01 -5.0639e-01
356
1.80258766e-01
0.00000000e+00
0.00000000e+00
0.00000000e+00
0.00000000e+00
0.00000000e+00
0.00000000e+00
0.00000000e+00
0.00000000e+00
0.00000000e+00
0.00000000e+00
0.00000000e+00
0.00000000e+00
0.00000000e+00
0.00000000e+00
0.00000000e+00
0.00000000e+00
0.00000000e+00
0.00000000e+00
0.00000000e+00
0.00000000e+00
0.00000000e+00
0.00000000e+00
0.00000000e+00
0.00000000e+00
0.00000000e+00
0.00000000e+00
0.00000000e+00
0.00000000e+00
0.00000000e+00
0.00000000e+00
1.80258766e-01
0.00000000e+00
-1.73094808e+00
-1.84965922e+00
0.00000000e+00
3.74832407e-02
9.04762056e-01
1.00929899e+00
1.00644479e+00
1.68351860e+00
0.00000000e+00
0.00000000e+00
0.00000000e+00
0.00000000e+00
0.00000000e+00
0.00000000e+00
0.00000000e+00
0.00000000e+00
0.00000000e+00
0.00000000e+00
-4.55088717e-01
1.42653620e-01
5.96088966e-01
0.00000000e+00
0.00000000e+00
0.00000000e+00
0.00000000e+00
-5.74260637e-02
-7.01949990e-01
-2.68762694e-01
-3.23001251e-02
-9.42860609e-02
3.41125669e-01
2.87314125e-01
-3.82272314e-03
3.13419460e-01
-5.88236624e-01
0.00000000e+00
0.00000000e+00
0.00000000e+00
1.24042398e-01
-4.70033157e-03
6.94077604e-01
-5.67939214e-04
8.20175211e-04
8.22508483e-02
5.67843074e-02
8.63095165e-04
-1.03226846e-01
0.00000000e+00
0.00000000e+00
0.00000000e+00
0.00000000e+00
0.00000000e+00
0.00000000e+00
0.00000000e+00
5.75458679e-01
1.18251342e-01
-5.09737413e-01
4.55610792e-01
-2.95264542e-01
2.10559125e-01
-5.48451987e-01
-1.33349381e+00
-7.77487093e-01
-3.05063103e-01
-3.87582072e-01
-1.28021428e-01
3.08871618e-01
-1.35048976e-02
1.93588626e-02
0.00000000e+00
0.00000000e+00
2.29827420e+00
2.52354355e+00
0.00000000e+00
0.00000000e+00
0.00000000e+00
0.00000000e+00
0.00000000e+00
0.00000000e+00
3.11701671e-01
3.87406575e-01
6.36686342e-02
-1.42898541e-01
-8.52174835e-01
-1.88571894e+00
1.51274217e+00
1.36338522e+00
5.78626473e-01
6.95678229e-01
-2.31351853e+00
-1.94030980e+00
5.37965281e-01
2.86000648e-01
4.42572726e-02
-7.35145868e-01
0.00000000e+00
-3.76728288e-01
7.35797930e+00
7.23395873e+00
7.06375207e+00
7.24506662e+00
7.30332929e+00
7.06761445e+00
-5.69149580e-01
-3.89904947e-01
-4.66977790e-01
-4.24317734e-01
-5.56984130e-01
-1.54989252e+00
2.91500918e-01
1.47331610e-01
1.18670782e-01
0.00000000e+00
0.00000000e+00
-1.30792904e-01
0.00000000e+00
0.00000000e+00
0.00000000e+00
0.00000000e+00
-1.03396231e-01
2.22763528e+00
0.00000000e+00
0.00000000e+00
2.83654998e-01
-7.33559428e-01
0.00000000e+00
0.00000000e+00
-7.92969512e-01
-7.11506759e-01
-1.32504592e+00
-1.63177802e+00
-2.11801544e+00
0.00000000e+00
0.00000000e+00
0.00000000e+00
4.95152410e-01
2.91639870e-02
4.37569327e-01
-1.63075554e-01
-3.37536726e-01
5.57030151e-01
9.53316913e-02
3.52447545e-01
-4.08387785e-01
0.00000000e+00
3.28019841e-01
-7.62723415e-01
-1.49759294e+00
6.44276381e-02
-1.48011685e+00
4.22174184e-01
7.41313100e-01
-8.70723855e-01
-4.50573037e-01
3.30084844e-01
2.19106393e-01
0.00000000e+00
0.00000000e+00
0.00000000e+00
-4.93399529e-02
-2.18032386e-01
-1.78394337e-01
-1.53773449e-01
1.87132659e-01
-8.40669845e-02
-2.60514175e-01
5.09318569e-02
9.03783612e-02
0.00000000e+00
3.94367716e-02
2.77461772e-01
1.49806961e-01
1.96087676e-01
-1.52216406e-01
5.06205699e-02
-1.91079034e-02
2.18208330e-01
1.08459645e-01
-3.39726162e-02
-1.29508115e+00
-5.51140739e-01
0.00000000e+00
0.00000000e+00
2.04613176e-01
-8.73872456e-02
-1.63571229e-01
-3.00182264e-01
-7.23427086e-02
0.00000000e+00
0.00000000e+00
0.00000000e+00
5.98643242e-01
1.26758522e+00
1.40349495e-01
2.65655568e-01
-2.82419577e-01
-1.27755668e-01
3.65462831e-01
-6.65233437e-01
1.68481195e-01
0.00000000e+00
1.09134069e-01
-9.14254267e-01
-2.15889731e-01
-2.47534678e-01
-9.98835382e-01
-4.10003706e-01
4.11219401e-01
3.50422372e-01
-1.48508948e-01
2.61139287e-01
-7.43940413e-01
0.00000000e+00
0.00000000e+00
-1.95918386e-01
-8.22934285e-01
-2.41828773e-01
0.00000000e+00
0.00000000e+00
0.00000000e+00
1.73018731e-01
-1.19201645e-01
-2.95645859e-01
-5.81105511e-01
0.00000000e+00
0.00000000e+00
0.00000000e+00
-2.34328478e+00
0.00000000e+00
0.00000000e+00
0.00000000e+00
1.83535797e-01
6.34543830e-01
-4.13091062e-01
-1.42855541e-01
6.97818455e-01
-1.06257663e+00
-2.03378380e+00
1.42919317e+00
-2.90846250e-01
0.00000000e+00
-9.20305134e-01
8.32416807e-01
-1.19776137e+00
-3.24618654e-01
-5.60256246e-02
5.01263302e-01
2.32492600e-02
7.99696057e-01
-6.93982710e-01
-3.09154686e-01
-5.83499254e-01
0.00000000e+00
0.00000000e+00
0.00000000e+00
7.81633707e-02
-2.92236581e-01
1.05082818e-01
-1.54026225e-01
0.00000000e+00
4.90572823e-01
5.88968980e-01
-3.39203292e-01
3.21166481e-01
0.00000000e+00
3.04596504e-01
-3.46688551e-01
5.88611787e-02
1.26262045e-01
-1.17719138e+00
2.91249903e-02
3.28611028e-01
0.00000000e+00
2.76076290e-01
2.14842654e-01
-3.89331733e-01
5.36793508e-02
0.00000000e+00
1.30135897e-01
5.98591286e-01
2.73817207e-01
4.10724054e-02
-2.61210262e-01
4.77700212e-01
0.00000000e+00
0.00000000e+00
0.00000000e+00
-2.18716373e-01
-4.29548865e-01
-2.70177315e-01
-3.61030486e-01
0.00000000e+00
1.75399839e-01
-4.53415147e-01
5.80372440e-01
-3.47169426e-01
0.00000000e+00
-2.43607569e-01
6.32384764e-01
-2.83761697e-01
2.00958027e-01
1.67646920e+00
7.43377571e-02
-2.82327129e-01
0.00000000e+00
-1.47848839e-01
-4.03419733e-01
-4.43011084e-01
-3.37852154e-01
5.46625654e-01
1.87382862e-01
-1.95395305e+00
-7.65186110e-01
0.00000000e+00
0.00000000e+00
0.00000000e+00
7.75739086e-02
-3.47173120e-01
0.00000000e+00
-1.18876694e+00
0.00000000e+00
0.00000000e+00
0.00000000e+00
247
-5.92170442e-01
0.00000000e+00
0.00000000e+00
0.00000000e+00
0.00000000e+00
0.00000000e+00
0.00000000e+00
0.00000000e+00
0.00000000e+00
0.00000000e+00
0.00000000e+00
0.00000000e+00
0.00000000e+00
0.00000000e+00
0.00000000e+00
0.00000000e+00
0.00000000e+00
0.00000000e+00
0.00000000e+00
0.00000000e+00
0.00000000e+00
0.00000000e+00
0.00000000e+00
0.00000000e+00
0.00000000e+00
0.00000000e+00
0.00000000e+00
-5.92170442e-01
0.00000000e+00
1.06095865e+00
-1.65312910e+00
-3.63746712e-01
4.26605312e-01
-4.39712424e-01
0.00000000e+00
0.00000000e+00
0.00000000e+00
0.00000000e+00
0.00000000e+00
0.00000000e+00
0.00000000e+00
0.00000000e+00
0.00000000e+00
-3.22118691e-02
-2.37122562e-03
-1.85679703e-01
5.81345947e-03
-3.74278870e-01
6.73089895e-04
0.00000000e+00
0.00000000e+00
0.00000000e+00
0.00000000e+00
0.00000000e+00
0.00000000e+00
0.00000000e+00
1.63251415e-01
-1.84037902e-01
-5.69756728e-01
-8.05489360e-02
6.08215362e-01
0.00000000e+00
0.00000000e+00
0.00000000e+00
0.00000000e+00
0.00000000e+00
0.00000000e+00
1.16161297e+00
6.58284223e-01
1.27808558e-01
6.73641995e-02
-7.23090418e-01
-1.80360103e+00
1.33177883e+00
9.49369960e-01
-2.07379032e-02
-2.18020739e-01
-1.25419567e+00
-1.61451448e+00
4.76565938e-01
6.77416386e-01
4.24005409e-02
-9.09517079e-01
0.00000000e+00
0.00000000e+00
1.30761972e+00
1.10734089e+00
9.83870575e-01
1.20849578e+00
1.26362606e+00
9.87317946e-01
-1.50656714e-01
4.24338518e-01
4.77246664e-01
4.27374780e-01
3.47132723e-01
-6.64863504e-01
0.00000000e+00
9.68016772e-02
-8.31693025e-02
0.00000000e+00
0.00000000e+00
-7.21843205e-01
0.00000000e+00
-8.26319996e-01
3.09678774e+00
0.00000000e+00
2.34149555e-01
-7.81458251e-01
0.00000000e+00
0.00000000e+00
6.01489520e-02
-5.71770458e-01
-9.16606531e-01
-2.83779273e-01
-5.11621506e-01
0.00000000e+00
0.00000000e+00
0.00000000e+00
-4.01918364e-01
-8.92039134e-01
2.48828370e-01
-1.35370870e-01
3.29715609e-01
7.49539444e-01
1.70159155e-01
9.58104702e-01
-1.26092277e+00
0.00000000e+00
-8.77250138e-02
1.10580883e-01
-8.11920482e-01
4.94535117e-01
-1.18680594e-01
5.47954523e-01
7.32298267e-01
-1.06216461e+00
-9.63066032e-02
1.37108690e-02
-1.45235295e-01
3.65383008e-01
0.00000000e+00
0.00000000e+00
-5.67745259e-02
-5.00222466e-01
0.00000000e+00
0.00000000e+00
0.00000000e+00
-2.58252449e-01
-2.09183107e-01
9.73953833e-02
-2.33995390e-01
-1.18313630e-01
-1.66907353e-01
-2.78833774e-01
2.67225893e-01
1.93036231e-01
0.00000000e+00
-1.04407802e-02
3.59772268e-01
-6.55081757e-02
-2.34600073e-02
7.54482850e-01
-1.93932150e-01
-4.27078134e-01
9.72833456e-02
-1.35923398e-01
-1.47590090e-01
-5.10618303e-01
0.00000000e+00
0.00000000e+00
-1.09783345e-01
-3.66386211e-01
-3.05234056e-01
0.00000000e+00
0.00000000e+00
0.00000000e+00
-6.11521545e-02
0.00000000e+00
0.00000000e+00
0.00000000e+00
-1.20038580e+00
0.00000000e+00
0.00000000e+00
0.00000000e+00
1.58598898e-01
-4.48464864e-01
-3.06076798e-01
-3.98577791e-01
3.34805740e-01
6.01505178e-01
-2.93868856e-01
7.64230964e-01
7.63615409e-02
0.00000000e+00
-3.03425181e-01
3.32142658e-01
-5.25396390e-01
4.14630239e-01
-7.97803500e-01
3.29027675e-01
7.43570141e-01
0.00000000e+00
-1.24791951e+00
-3.66704338e-01
1.02197841e+00
1.74412257e+00
0.00000000e+00
2.26166943e-01
-6.18467633e-02
-1.33992553e+00
0.00000000e+00
0.00000000e+00
0.00000000e+00
5.95648986e-01
0.00000000e+00
7.53377792e-01
3.52166324e-01
0.00000000e+00
4.58189192e-01
5.06048197e-01
1.99955470e-01
7.43782364e-01
0.00000000e+00
6.20483913e-01
0.00000000e+00
2.91149774e-01
1.43712754e-01
0.00000000e+00
3.70355346e-01
5.14195638e-01
0.00000000e+00
0.00000000e+00
5.96184740e-01
-7.22144159e-01
1.09830123e-01
-1.19180854e-01
3.41462103e-01
-2.22236421e+00
0.00000000e+00
0.00000000e+00
0.00000000e+00
0.00000000e+00
4.38364887e-01
0.00000000e+00
0.00000000e+00
0.00000000e+00
2 -999999999 -999999999 1 7
1 0 0 1 1
5.6578e-02 -4.3603e-01
356
5.94904129e-02
0.00000000e+00
0.00000000e+00
0.00000000e+00
0.00000000e+00
0.00000000e+00
0.00000000e+00
0.00000000e+00
0.00000000e+00
0.00000000e+00
0.00000000e+00
0.00000000e+00
0.00000000e+00
0.00000000e+00
0.00000000e+00
0.00000000e+00
0.00000000e+00
0.00000000e+00
0.00000000e+00
0.00000000e+00
0.00000000e+00
0.00000000e+00
0.00000000e+00
0.00000000e+00
0.00000000e+00
0.00000000e+00
0.00000000e+00
0.00000000e+00
0.00000000e+00
0.00000000e+00
0.00000000e+00
5.94904129e-02
0.00000000e+00
-2.09748724e+00
-9.37513778e-01
0.00000000e+00
-1.43978008e+00
1.16655416e+00
4.72042404e-01
9.90423493e-01
1.42621290e+00
5.94904129e-02
0.00000000e+00
-5.24056679e-01
-7.75153662e-03
0.00000000e+00
4.43823988e-01
4.27581563e-01
-1.87482752e-01
1.55965529e-01
3.95488275e-01
-6.33262683e-01
1.09192234e-01
-9.78458267e-01
0.00000000e+00
0.00000000e+00
0.00000000e+00
0.00000000e+00
-2.62374864e-01
1.70028059e-01
-1.21982622e-01
5.52389553e-02
-3.01641191e-02
1.73174062e-01
2.40917704e-01
-1.93581437e-01
2.33094314e-01
-1.11890534e+00
0.00000000e+00
0.00000000e+00
0.00000000e+00
2.96822733e-01
-7.42311716e-03
4.34265760e-01
-2.36933408e-02
5.12476624e-03
7.57139575e-02
-2.13638980e-01
9.88483201e-04
4.87940875e-02
0.00000000e+00
0.00000000e+00
0.00000000e+00
0.00000000e+00
0.00000000e+00
0.00000000e+00
0.00000000e+00
3.53106968e-01
-4.72071439e-02
-2.38171474e-01
-1.11769067e+00
-6.92513214e-01
7.70267212e-01
-2.62417350e-01
-1.46554650e+00
-5.61051281e-01
-2.24604396e-01
3.57109541e-02
-4.63147932e-01
-3.15458201e-01
8.18596448e-02
-2.58472956e-02
0.00000000e+00
0.00000000e+00
1.13222332e+00
1.60956413e+00
0.00000000e+00
0.00000000e+00
0.00000000e+00
0.00000000e+00
0.00000000e+00
0.00000000e+00
4.78091302e-01
6.03260380e-01
1.10944565e-01
-4.17631065e-02
-6.18994705e-01
-1.60427134e+00
2.28944990e+00
1.10277869e+00
8.01993199e-01
1.04375847e+00
-3.44461486e+00
-1.58546384e+00
3.76035369e-01
5.11010650e-01
7.26664129e-01
-6.78990213e-01
0.00000000e+00
-1.16590904e+00
2.88476798e+00
2.68651923e+00
2.54251292e+00
2.55739996e+00
2.70667636e+00
2.63093382e+00
-3.69173539e-01
4.23475686e-01
5.12780554e-01
1.23243781e-01
2.25708901e-01
-1.01283480e+00
2.65630010e-01
-2.47042396e-01
2.62658865e-01
0.00000000e+00
0.00000000e+00
-4.93057625e-02
0.00000000e+00
0.00000000e+00
0.00000000e+00
0.00000000e+00
2.07901568e-01
2.57073672e+00
0.00000000e+00
0.00000000e+00
-1.48411155e-01
-4.44279780e-01
0.00000000e+00
0.00000000e+00
-3.75186853e-01
-2.04137355e-01
-6.97546049e-01
-1.34593636e+00
-1.07273290e+00
0.00000000e+00
0.00000000e+00
0.00000000e+00
9.63051162e-01
-6.20557944e-01
-1.16523656e-01
1.23771112e-01
-4.91113377e-01
8.54257285e-01
-4.63679524e-02
4.51974339e-01
-1.33836118e-01
0.00000000e+00
4.47750347e-01
1.76278164e-01
-1.48351968e+00
3.59523055e-01
-2.10457182e+00
5.38465070e-01
1.23209720e+00
-1.18082669e+00
-5.37437286e-01
4.94853900e-01
1.60680230e-01
0.00000000e+00
0.00000000e+00
0.00000000e+00
-1.35909159e-01
-3.19866624e-01
1.29248129e-01
-1.62552763e-01
1.57080926e-01
-2.03768790e-01
-8.61164091e-02
1.44438724e-01
4.85018256e-02
0.00000000e+00
7.33374553e-02
-2.83839347e-01
2.52342055e-01
9.53383942e-02
1.20337919e-01
1.35586093e-01
-7.99853203e-02
1.68514477e-01
1.70375661e-01
-6.23830165e-02
-5.52962662e-01
-2.26995071e-02
0.00000000e+00
0.00000000e+00
-2.17186490e-01
1.16771263e-01
4.85783119e-02
-1.88049082e-01
-8.15592873e-02
0.00000000e+00
0.00000000e+00
0.00000000e+00
6.10954231e-01
6.80618690e-01
-4.19649550e-01
3.58110638e-01
-2.46449399e-01
2.14731541e-01
4.24414537e-01
-7.43776645e-01
3.32343139e-01
0.00000000e+00
5.57934134e-02
-6.93258034e-01
-3.13903651e-01
-1.05708334e-01
-1.22474853e+00
-1.59155886e-01
4.38085160e-01
2.58624291e-01
1.52891824e-01
2.98523279e-01
-5.30263155e-01
0.00000000e+00
0.00000000e+00
6.20702182e-01
-5.19770241e-01
-3.52487346e-01
0.00000000e+00
0.00000000e+00
0.00000000e+00
1.51923828e-01
9.79454820e-02
-6.02356657e-01
-1.67282895e-01
0.00000000e+00
0.00000000e+00
0.00000000e+00
-1.55007372e+00
0.00000000e+00
0.00000000e+00
0.00000000e+00
1.91804019e-01
4.43005612e-01
1.86894027e-02
-4.43258081e-01
2.12166944e+00
-1.29118494e+00
-1.91441103e+00
1.42755199e+00
4.65799539e-02
0.00000000e+00
-5.85400629e-01
1.13153477e-01
-1.53680250e+00
3.99557117e-01
3.64953581e-01
1.95175224e-01
-4.22384484e-01
3.84419446e-01
-4.09504378e-01
-6.53686940e-01
-2.91356645e-01
0.00000000e+00
0.00000000e+00
0.00000000e+00
4.92593439e-01
0.00000000e+00
-2.58970984e-01
2.28983855e-01
0.00000000e+00
5.67258830e-01
8.38814257e-01
-8.19076620e-02
3.27473367e-01
0.00000000e+00
3.87356687e-01
-7.47223414e-02
3.13076687e-01
-1.83896541e-01
-1.43600548e+00
4.61470674e-01
4.70802264e-01
0.00000000e+00
7.65542328e-01
5.93294179e-01
1.47278644e-01
1.90153838e-01
0.00000000e+00
2.41538719e-01
-5.09376333e-01
1.28744703e-01
5.46341808e-02
6.77495342e-03
2.33747585e-01
0.00000000e+00
0.00000000e+00
0.00000000e+00
-7.97569329e-01
0.00000000e+00
5.43304365e-01
-5.09951087e-01
0.00000000e+00
-1.43991824e-01
-8.55030213e-01
8.53156007e-01
-7.17871202e-01
0.00000000e+00
-2.80089351e-01
9.45539371e-01
-4.87214723e-02
-8.26715348e-01
2.35781925e+00
-3.26122767e-01
-6.33432381e-01
0.00000000e+00
-1.03123990e-01
-3.26123025e-01
-4.28751939e-02
1.79858628e-01
4.21599145e-01
5.75048653e-02
-1.69735236e+00
-3.94291193e-01
0.00000000e+00
0.00000000e+00
0.00000000e+00
4.30839338e-01
0.00000000e+00
0.00000000e+00
-1.30306117e+00
0.00000000e+00
0.00000000e+00
0.00000000e+00
247
-2.41365458e-01
0.00000000e+00
0.00000000e+00
0.00000000e+00
0.00000000e+00
0.00000000e+00
0.00000000e+00
0.00000000e+00
0.00000000e+00
0.00000000e+00
0.00000000e+00
0.00000000e+00
0.00000000e+00
0.00000000e+00
0.00000000e+00
0.00000000e+00
0.00000000e+00
0.00000000e+00
0.00000000e+00
0.00000000e+00
0.00000000e+00
0.00000000e+00
0.00000000e+00
0.00000000e+00
0.00000000e+00
0.00000000e+00
0.00000000e+00
-2.41365458e-01
0.00000000e+00
9.75985326e-01
-1.21735078e+00
-9.35263229e-01
3.74510168e-01
-4.50599852e-01
-2.41365458e-01
0.00000000e+00
4.95972393e-01
-7.37337851e-01
5.31770006e-01
-3.46195994e-01
1.69807759e-01
0.00000000e+00
0.00000000e+00
3.01813024e-02
3.68679879e-03
-3.44331337e-01
1.79231716e-02
7.27845766e-02
1.28448199e-03
0.00000000e+00
0.00000000e+00
0.00000000e+00
0.00000000e+00
0.00000000e+00
0.00000000e+00
0.00000000e+00
2.75520583e-01
-2.14437916e-01
-2.69025416e-01
1.21246339e+00
1.59467165e+00
0.00000000e+00
0.00000000e+00
0.00000000e+00
0.00000000e+00
0.00000000e+00
0.00000000e+00
7.46535867e-01
3.49732230e-01
1.67059283e-01
-1.10846457e-01
-6.95875788e-01
-1.91043399e+00
1.35252508e+00
7.85944089e-01
-1.42562159e-01
1.98575720e-01
-1.02697456e+00
-1.67370598e+00
1.54830282e-01
2.33060063e-01
9.56548328e-02
-1.32735257e+00
0.00000000e+00
-3.40135524e-02
5.12313254e+00
5.11175786e+00
4.95315483e+00
5.04651364e+00
4.83104742e+00
4.81101535e+00
6.14784427e-01
6.40357643e-01
5.98515357e-01
6.76629002e-01
4.98415042e-01
-4.77107121e-01
0.00000000e+00
-2.56181118e-01
-1.03773472e-01
0.00000000e+00
0.00000000e+00
-5.67506045e-01
0.00000000e+00
-5.06197806e-01
2.52692464e+00
0.00000000e+00
2.64832348e-01
-6.36427172e-01
0.00000000e+00
0.00000000e+00
-3.89548049e-01
-1.06428080e+00
-8.55990288e-01
-9.80046821e-01
-1.45382885e+00
0.00000000e+00
0.00000000e+00
0.00000000e+00
-3.38430937e-01
-1.93115181e-01
4.21181411e-01
-1.95565984e-01
3.75481518e-01
4.24652630e-01
-7.44992943e-02
6.21271210e-01
-1.04089731e+00
0.00000000e+00
-7.55430467e-02
-4.43311991e-01
-7.04445572e-01
4.11177903e-01
-3.99869794e-02
1.60418619e-01
2.52830517e-01
-7.91126377e-01
-2.81673971e-01
5.77539849e-02
-5.65485477e-01
2.85368301e-01
0.00000000e+00
0.00000000e+00
1.22506425e-01
-5.53563300e-01
0.00000000e+00
0.00000000e+00
0.00000000e+00
-2.83503501e-01
1.87781038e-01
1.70359464e-02
-2.08101748e-01
-4.54874844e-02
-2.05104359e-01
-2.32845753e-01
3.23615414e-01
-8.50865775e-02
0.00000000e+00
1.18416135e-01
2.90785221e-01
-1.28396256e-01
-1.01423750e-01
6.73773347e-01
2.64726789e-02
-4.86132467e-01
-1.10705290e-01
-1.06424537e-01
-1.98231359e-01
-8.50853778e-01
0.00000000e+00
0.00000000e+00
3.77638826e-03
-8.88343376e-01
-6.74916350e-01
0.00000000e+00
0.00000000e+00
0.00000000e+00
-2.13427025e-01
0.00000000e+00
0.00000000e+00
0.00000000e+00
-1.83603711e+00
0.00000000e+00
0.00000000e+00
0.00000000e+00
4.41715515e-02
-1.35521335e-01
2.68016311e-01
-3.18900883e-01
-3.47908675e-02
-5.34342587e-02
-8.49012981e-01
8.85575672e-01
7.80528254e-01
0.00000000e+00
-2.74280413e-01
5.75734750e-01
-9.01789954e-01
-9.93365469e-02
-7.46907219e-01
1.92139104e-01
4.54149248e-02
0.00000000e+00
-7.18932215e-01
-4.16172786e-01
-6.28582571e-03
4.97475206e-01
0.00000000e+00
1.91677874e-02
4.40582051e-01
-5.69354078e-01
0.00000000e+00
0.00000000e+00
0.00000000e+00
5.30816079e-01
0.00000000e+00
-3.36228217e-01
2.20169740e-01
0.00000000e+00
3.32276727e-01
4.69994751e-01
7.34085065e-02
1.83592424e-01
0.00000000e+00
3.73338977e-01
-2.92611718e-01
3.53289149e-01
3.51920975e-01
0.00000000e+00
5.64777449e-01
6.01619486e-01
0.00000000e+00
0.00000000e+00
4.22163901e-01
-5.03761031e-01
1.78138687e-01
-2.00495334e-01
4.62762848e-01
-1.82975128e+00
0.00000000e+00
0.00000000e+00
0.00000000e+00
0.00000000e+00
-4.76285790e-01
0.00000000e+00
0.00000000e+00
0.00000000e+00
10 1
-9.1449e-01 2.5900e-02
3 1
1 7 2 
217
-1.89510436e-01
-4.03758917e-01
1.01090446e+00
1.18372183e-01
-1.38564161e-01
-3.04621747e-01
-3.85115875e-01
2.99426387e-01
-6.49039401e-02
5.17255094e-01
3.17471587e-01
-1.53319731e-01
8.16019534e-02
2.30753797e-01
0.00000000e+00
0.00000000e+00
0.00000000e+00
0.00000000e+00
0.00000000e+00
0.00000000e+00
4.70434029e-01
-9.97906607e-03
3.97951889e-01
-7.50426898e-01
2.11278286e-03
6.23310554e-01
0.00000000e+00
0.00000000e+00
0.00000000e+00
0.00000000e+00
0.00000000e+00
0.00000000e+00
0.00000000e+00
3.16717508e-01
2.55740011e-01
-7.61589570e-01
0.00000000e+00
-6.20650823e-01
-3.31247234e-01
7.62574871e-01
0.00000000e+00
0.00000000e+00
0.00000000e+00
0.00000000e+00
0.00000000e+00
-4.34785245e-01
7.43320741e-02
3.55006648e-02
-2.60197652e-01
5.26638724e-01
-8.93386623e-01
7.62574871e-01
0.00000000e+00
0.00000000e+00
0.00000000e+00
0.00000000e+00
0.00000000e+00
0.00000000e+00
0.00000000e+00
0.00000000e+00
0.00000000e+00
-1.89323185e-01
0.00000000e+00
0.00000000e+00
-1.07943945e+00
-2.03142698e+00
5.74545876e-01
3.01342497e-01
3.15383139e-01
1.17790376e+00
0.00000000e+00
-1.68531423e-01
7.90016455e-02
1.09779923e-01
-4.79385602e-01
-1.30758936e-01
4.06753788e-01
0.00000000e+00
-3.25139757e-01
-1.18278461e+00
1.49787936e-01
-1.19129470e-01
-1.41586150e-02
-7.10349891e-03
0.00000000e+00
0.00000000e+00
0.00000000e+00
0.00000000e+00
0.00000000e+00
0.00000000e+00
0.00000000e+00
0.00000000e+00
0.00000000e+00
0.00000000e+00
0.00000000e+00
0.00000000e+00
0.00000000e+00
0.00000000e+00
0.00000000e+00
0.00000000e+00
0.00000000e+00
0.00000000e+00
0.00000000e+00
0.00000000e+00
0.00000000e+00
0.00000000e+00
0.00000000e+00
0.00000000e+00
0.00000000e+00
0.00000000e+00
0.00000000e+00
0.00000000e+00
0.00000000e+00
0.00000000e+00
0.00000000e+00
0.00000000e+00
0.00000000e+00
0.00000000e+00
0.00000000e+00
-4.02340114e-01
-3.17755248e+00
-4.03142022e-01
0.00000000e+00
0.00000000e+00
0.00000000e+00
-6.08306211e-02
-7.76100550e-01
7.20464042e-01
2.45168949e-01
-4.14037282e-01
5.43989681e-01
4.95599618e-01
3.78131299e-01
-1.25918994e-01
0.00000000e+00
1.05680960e-01
-6.19127253e-03
-1.11531271e+00
6.99908240e-02
6.11300406e-01
4.46962578e-02
6.15953022e-01
-1.09879978e+00
-5.35304435e-01
-1.01621443e-01
-3.97168885e-01
0.00000000e+00
0.00000000e+00
0.00000000e+00
4.93995781e-01
-1.39232546e+00
-2.46918058e-02
-2.58659526e-02
-1.58463372e-01
9.71653070e-03
-4.23628573e-02
3.50425885e-01
-2.22629128e-01
0.00000000e+00
5.28974714e-01
-1.12198789e+00
-1.47260697e-01
2.09579816e-01
-2.47160406e-01
5.17404370e-01
3.30360472e-01
-2.27631345e-02
5.32068931e-02
5.14677354e-01
-4.25699194e+00
0.00000000e+00
0.00000000e+00
0.00000000e+00
-4.72159620e-01
3.73669987e+00
-5.73025909e-01
-5.17567222e-01
-4.10449803e-01
-7.84495356e-01
-1.43694009e+00
4.88422024e-01
-1.15045974e+00
0.00000000e+00
-1.01118965e+00
2.07704152e+00
-1.05920280e+00
-4.53340224e-01
-2.36165516e+00
5.49938707e-02
4.90612247e-01
-2.91693590e-01
-1.67208596e-01
-4.15373707e-01
6.97095327e-03
0.00000000e+00
0.00000000e+00
0.00000000e+00
3.37106270e-01
-4.52192933e-01
-3.70487361e-02
-5.76882692e-02
-6.37341541e-01
-3.37232719e-02
-2.38094220e-01
1.49625641e-01
2.83140988e-01
0.00000000e+00
3.33644731e-01
1.14457023e-01
-1.93238714e-01
1.67738507e-01
6.70661041e-01
1.48800598e-01
-1.22711686e-01
-3.75158467e-01
-1.81815204e-01
1.30809196e-01
136
1.19097298e+00
0.00000000e+00
0.00000000e+00
6.02118751e-02
1.32146439e-02
4.00703940e-01
6.43567001e-03
7.30057161e-01
5.19944352e-04
0.00000000e+00
0.00000000e+00
0.00000000e+00
0.00000000e+00
0.00000000e+00
0.00000000e+00
0.00000000e+00
1.22810307e+00
7.68176186e-01
-7.97892537e-01
-2.22395247e-01
-2.13800050e-01
4.40641048e-01
1.18652722e+00
0.00000000e+00
0.00000000e+00
0.00000000e+00
0.00000000e+00
-2.22395247e-01
-4.70815638e-02
1.28303362e-01
3.86377765e-01
-2.95021848e-01
1.03615396e+00
-9.81890680e-01
1.18652722e+00
0.00000000e+00
0.00000000e+00
0.00000000e+00
0.00000000e+00
0.00000000e+00
0.00000000e+00
0.00000000e+00
0.00000000e+00
0.00000000e+00
0.00000000e+00
0.00000000e+00
0.00000000e+00
-1.37100441e+00
2.10654548e-01
-4.72472346e-01
-1.60312136e+00
0.00000000e+00
4.71655305e-01
-5.67978288e-02
1.25652913e-01
1.11578298e-01
0.00000000e+00
2.45204316e-01
1.33101835e-01
-4.82045843e-02
-1.16221669e+00
1.41336822e+00
0.00000000e+00
0.00000000e+00
0.00000000e+00
0.00000000e+00
0.00000000e+00
0.00000000e+00
0.00000000e+00
0.00000000e+00
0.00000000e+00
0.00000000e+00
0.00000000e+00
0.00000000e+00
0.00000000e+00
0.00000000e+00
0.00000000e+00
0.00000000e+00
0.00000000e+00
0.00000000e+00
0.00000000e+00
0.00000000e+00
0.00000000e+00
0.00000000e+00
0.00000000e+00
0.00000000e+00
-2.80251111e-01
-3.21977771e+00
-8.94369856e-01
0.00000000e+00
0.00000000e+00
0.00000000e+00
5.31131895e-01
-2.73243459e+00
5.23700957e-01
2.15686746e-01
-9.30830080e-01
6.11446342e-01
4.63745125e-01
1.45511556e+00
-8.76532584e-01
0.00000000e+00
9.80505636e-01
-8.15187383e-01
-1.34358957e+00
3.50320180e-01
1.51581770e+00
8.86770623e-01
4.01327092e-01
-2.03205077e+00
-5.22196845e-01
4.22884116e-01
-4.30865544e+00
0.00000000e+00
0.00000000e+00
0.00000000e+00
4.38526809e-01
2.76699037e+00
-4.15707806e-01
-6.46038387e-01
-1.36859006e+00
-7.20349271e-01
-1.25885523e+00
1.07938452e+00
-4.38775685e-01
0.00000000e+00
-2.70048950e-01
3.25756221e+00
-2.21158232e+00
-4.45399204e-01
-1.67200279e+00
3.28360476e-01
1.58984065e-01
-1.64045505e+00
-1.06478164e+00
-1.85877501e-01
9 1
-1.1773e+00 8.2569e-02
4 1
1 7 2 10 
217
-7.81423676e-02
-7.44828300e-01
1.10357332e+00
-4.90123677e-01
-2.46208073e-01
-3.67384692e-01
-4.80702331e-01
4.11480960e-01
8.21145796e-02
4.25601292e-01
3.62047166e-01
1.01190464e-01
2.04606291e-01
-3.53431714e-01
0.00000000e+00
0.00000000e+00
0.00000000e+00
0.00000000e+00
0.00000000e+00
0.00000000e+00
2.96365375e-01
-1.42079616e-02
9.13896897e-01
-4.69586961e-01
2.05187707e-03
5.72656742e-01
0.00000000e+00
0.00000000e+00
0.00000000e+00
0.00000000e+00
0.00000000e+00
0.00000000e+00
0.00000000e+00
4.27942275e-01
4.21105710e-01
-9.26340773e-01
0.00000000e+00
-3.62042935e-01
-3.03539205e-01
-1.34637910e-01
7.22653259e-01
0.00000000e+00
0.00000000e+00
0.00000000e+00
0.00000000e+00
-6.41509479e-01
6.22428168e-01
-2.74466973e-01
-3.42961624e-01
5.99608380e-01
-5.66455499e-01
8.37002298e-01
0.00000000e+00
-5.31432247e-01
7.90584288e-01
-4.13689842e-01
-3.21377153e-01
8.88309467e-01
-1.44625983e+00
7.22653259e-01
0.00000000e+00
-7.75667913e-02
0.00000000e+00
0.00000000e+00
-1.26461723e+00
-2.09058823e+00
8.32113739e-01
5.37855119e-01
3.54361123e-01
6.61721147e-01
0.00000000e+00
-3.49938233e-01
1.68208694e-01
2.12436677e-01
-6.63555045e-02
5.93591884e-02
6.32887612e-02
0.00000000e+00
-4.48661662e-01
-1.30408832e+00
2.36858997e-01
-4.98844737e-01
1.33660297e-01
4.68931543e-01
0.00000000e+00
2.33069693e-01
-4.03231718e-02
2.99439910e-03
2.68301202e-02
-3.14206460e-01
-3.38974736e-01
0.00000000e+00
0.00000000e+00
0.00000000e+00
0.00000000e+00
0.00000000e+00
0.00000000e+00
0.00000000e+00
0.00000000e+00
0.00000000e+00
0.00000000e+00
0.00000000e+00
0.00000000e+00
0.00000000e+00
0.00000000e+00
0.00000000e+00
0.00000000e+00
0.00000000e+00
0.00000000e+00
0.00000000e+00
0.00000000e+00
0.00000000e+00
0.00000000e+00
0.00000000e+00
0.00000000e+00
0.00000000e+00
0.00000000e+00
0.00000000e+00
0.00000000e+00
-9.36414674e-01
-4.15337172e+00
-8.10006393e-01
0.00000000e+00
0.00000000e+00
0.00000000e+00
5.55536234e-01
-9.51931654e-01
-2.85429333e-01
-3.92158889e-01
-2.72491582e-01
-1.32309843e-01
3.49875864e-01
4.82227796e-01
-2.35948001e-01
0.00000000e+00
3.21833330e-01
-1.54374831e-01
-1.46377465e+00
-1.17963345e-01
1.10860173e+00
1.15177083e+00
2.16434631e-01
-1.08362753e+00
1.32115006e-01
-3.83921507e-02
-2.94965384e-01
0.00000000e+00
0.00000000e+00
0.00000000e+00
2.93739972e-01
-1.07183577e+00
5.98271875e-02
2.18719503e-01
-3.19165651e-01
3.24281154e-01
1.24517781e-01
4.82184220e-01
-3.21340899e-01
0.00000000e+00
3.79301372e-01
-9.41959741e-01
-4.05461814e-02
1.20003659e-01
-4.17790970e-01
1.40087859e-01
5.55727284e-01
-5.08734867e-02
-1.67911481e-01
3.38068807e-01
-4.41359298e+00
0.00000000e+00
0.00000000e+00
0.00000000e+00
-2.51413602e-01
4.74328667e+00
-5.08156366e-02
-1.04477614e+00
-2.50345195e-01
-8.62905426e-01
-1.04355953e+00
-8.16056445e-02
-1.07797696e+00
0.00000000e+00
-8.70624653e-01
1.70484266e+00
-8.79954563e-01
-1.20274972e-01
-2.56936173e+00
-5.95299359e-01
1.70715023e-01
0.00000000e+00
6.85430181e-02
-8.32514081e-01
7.16830221e-03
0.00000000e+00
0.00000000e+00
0.00000000e+00
4.10968046e-01
-7.06879152e-01
-2.08719948e-01
3.76006841e-01
-1.72327902e-01
-1.19036660e-01
-2.16423727e-01
5.11790743e-01
4.39984714e-02
0.00000000e+00
2.61878749e-01
2.51942244e-01
-4.28269176e-01
-8.91054286e-02
6.73256993e-01
5.31611608e-01
-1.68227136e-02
0.00000000e+00
-4.38586313e-01
4.09142055e-01
136
1.39887075e+00
0.00000000e+00
0.00000000e+00
1.00587334e-01
2.27935246e-02
7.12944445e-01
1.36889854e-03
5.85338967e-01
6.85311140e-04
0.00000000e+00
0.00000000e+00
0.00000000e+00
0.00000000e+00
0.00000000e+00
0.00000000e+00
0.00000000e+00
1.26498221e+00
8.18446412e-01
-6.37982293e-01
-1.26270264e-01
-3.48430849e-01
-6.18289513e-02
6.28898021e-01
1.30650279e+00
0.00000000e+00
0.00000000e+00
0.00000000e+00
-1.26270264e-01
-1.39347920e-01
1.62655345e-01
5.90848234e-01
-3.71429293e-01
9.86369742e-01
-7.22020802e-01
1.20974857e+00
0.00000000e+00
6.84908607e-02
-4.28723642e-01
7.13106661e-02
-5.56793344e-01
3.22418709e-01
-9.74579923e-01
1.30650279e+00
0.00000000e+00
0.00000000e+00
0.00000000e+00
0.00000000e+00
-3.01747090e+00
-5.66318908e-02
-7.24464803e-01
-1.66617827e+00
0.00000000e+00
1.83129510e-01
-1.27689205e-01
1.24086200e-01
-5.03170324e-02
0.00000000e+00
1.98654300e-01
2.30868902e-01
-2.56455075e-02
-1.08163588e+00
1.52514101e+00
1.59055361e+00
4.65930449e-02
4.28246594e-01
1.06538878e-01
0.00000000e+00
0.00000000e+00
0.00000000e+00
0.00000000e+00
0.00000000e+00
0.00000000e+00
0.00000000e+00
0.00000000e+00
0.00000000e+00
0.00000000e+00
0.00000000e+00
0.00000000e+00
0.00000000e+00
0.00000000e+00
0.00000000e+00
0.00000000e+00
0.00000000e+00
0.00000000e+00
0.00000000e+00
0.00000000e+00
-1.71901156e-01
-3.11658447e+00
-8.71256600e-01
0.00000000e+00
0.00000000e+00
0.00000000e+00
5.84497349e-01
-2.74819770e+00
5.80240836e-01
2.02243223e-01
-8.85331996e-01
5.82176276e-01
4.10708809e-01
1.46480141e+00
-8.83448936e-01
0.00000000e+00
9.82862181e-01
-9.33638365e-01
-1.38761995e+00
4.00710577e-01
1.49782892e+00
8.99344513e-01
4.49470036e-01
-2.02840841e+00
-5.48291460e-01
4.88796094e-01
-4.32600792e+00
0.00000000e+00
0.00000000e+00
0.00000000e+00
4.70322355e-01
2.69074633e+00
-3.86145537e-01
-5.85212508e-01
-1.72897878e+00
-7.11224675e-01
-1.26298418e+00
1.03945554e+00
-2.84068847e-01
0.00000000e+00
-2.53599732e-01
3.25837318e+00
-2.21129775e+00
-2.15060472e-01
-1.44547857e+00
3.75466933e-01
2.35119608e-01
-2.17382778e+00
-9.46341686e-01
-1.91271366e-01
8 1
-1.1568e+00 8.1701e-02
5 1
1 7 2 10 9 
217
4.41746553e-01
-3.74705411e-01
3.19736650e-01
-5.94350140e-01
-2.56125663e-01
-3.76984400e-01
-1.69274746e-01
4.13575332e-01
3.45105792e-01
-2.08922938e-02
3.09149639e-01
-7.61588067e-01
2.12891532e-01
2.12689453e-01
0.00000000e+00
0.00000000e+00
0.00000000e+00
0.00000000e+00
0.00000000e+00
0.00000000e+00
2.42946502e-01
1.55048743e-02
-3.63640923e-02
-9.94477644e-02
-6.66134651e-04
9.51069669e-01
0.00000000e+00
0.00000000e+00
0.00000000e+00
0.00000000e+00
0.00000000e+00
0.00000000e+00
0.00000000e+00
2.35739931e-01
3.66397736e-01
-1.55576090e-01
0.00000000e+00
-4.11507025e-01
-1.49402575e-01
1.43229834e-01
4.80329823e-01
3.79441490e-01
0.00000000e+00
0.00000000e+00
0.00000000e+00
-5.67944742e-01
-1.36237449e-01
6.98153445e-01
2.32566170e-01
3.45301157e-01
-5.42008270e-01
2.15512150e-01
0.00000000e+00
-5.00479423e-01
-1.37654703e-01
4.78762667e-01
0.00000000e+00
3.22972224e-01
-8.29374104e-01
7.34388383e-01
0.00000000e+00
4.42091548e-01
0.00000000e+00
0.00000000e+00
-1.28491931e+00
-2.78093415e+00
1.38918313e+00
7.48233443e-01
3.37482735e-01
6.31408796e-01
0.00000000e+00
-3.97955659e-02
1.48163067e-01
4.58366641e-01
-2.14468834e-01
2.31754777e-02
-4.63629221e-01
0.00000000e+00
-1.65745200e-01
-8.20122290e-01
4.13260405e-01
-1.62354640e-02
1.94231349e-01
-2.10026619e-01
0.00000000e+00
2.44997467e-01
2.97822742e-02
-2.34422617e-01
3.29103699e-01
4.31171703e-01
1.93841945e-01
0.00000000e+00
-8.37086984e-02
2.03763690e-01
4.48895733e-01
-3.85496151e-01
7.65595185e-02
-2.01936515e-02
0.00000000e+00
0.00000000e+00
0.00000000e+00
0.00000000e+00
0.00000000e+00
0.00000000e+00
0.00000000e+00
0.00000000e+00
0.00000000e+00
0.00000000e+00
0.00000000e+00
0.00000000e+00
0.00000000e+00
0.00000000e+00
0.00000000e+00
0.00000000e+00
0.00000000e+00
0.00000000e+00
0.00000000e+00
0.00000000e+00
0.00000000e+00
-1.26943180e+00
-4.73806334e+00
-1.24691114e+00
0.00000000e+00
0.00000000e+00
0.00000000e+00
2.07634715e-01
-7.21062325e-01
4.39962978e-01
-1.93747039e-01
-2.47110104e-01
-2.06224457e-01
-8.08504059e-02
1.04439657e+00
-7.36341481e-01
0.00000000e+00
-7.94175226e-02
-4.68428218e-01
-3.81837374e-01
-9.52408813e-02
3.06327626e-01
3.25044738e-01
8.80515294e-01
-7.88869659e-01
-6.24540808e-01
1.72877221e-01
-1.08840154e-01
0.00000000e+00
0.00000000e+00
0.00000000e+00
3.20013686e-01
-5.52950065e-01
-2.24530547e-01
-9.60567062e-02
-4.99713341e-01
1.74839476e-01
2.19194615e-01
4.20122129e-02
6.25598116e-01
0.00000000e+00
4.86760768e-01
-8.77856770e-01
-5.29982306e-01
2.50839691e-01
1.56713105e-01
2.82839536e-01
-1.84925513e-01
-1.44827132e-01
1.79919287e-01
2.63271731e-01
-3.69563576e+00
0.00000000e+00
0.00000000e+00
0.00000000e+00
-5.96749512e-01
3.64487887e+00
-6.34879510e-01
-6.08988479e-01
-3.44742765e-01
-1.48490602e+00
-1.11906921e+00
3.72368266e-01
-3.95598990e-01
0.00000000e+00
-4.99305205e-01
9.29360338e-01
-7.95045475e-01
-1.23052071e-01
-7.46436661e-01
1.26099893e-01
-1.89253806e-01
-8.96542228e-01
-4.20715725e-01
8.69425365e-02
-6.45298769e-01
0.00000000e+00
0.00000000e+00
0.00000000e+00
6.15075268e-01
-4.03575955e-01
-6.30030163e-02
-7.18538861e-02
-1.81194244e-01
-3.12312462e-01
-5.59679964e-02
2.74904123e-01
3.33662147e-01
0.00000000e+00
1.89704437e-01
1.82405762e-01
-4.91648316e-01
1.30139259e-01
3.77238832e-01
-9.40064771e-03
1.98430609e-01
-1.21130481e+00
1.40144675e-01
-2.86742548e-01
136
8.20736184e-01
0.00000000e+00
0.00000000e+00
0.00000000e+00
0.00000000e+00
4.14924443e-01
3.12211712e-03
1.85079797e-01
6.22379516e-04
0.00000000e+00
0.00000000e+00
0.00000000e+00
0.00000000e+00
0.00000000e+00
0.00000000e+00
0.00000000e+00
1.05763569e+00
6.37855263e-01
-8.73484486e-01
-5.29900353e-02
-2.30766521e-01
3.84677249e-02
2.25657609e-01
2.67006742e-01
5.73360664e-01
0.00000000e+00
0.00000000e+00
-5.30062818e-02
-9.93518505e-02
5.65409605e-01
3.96111645e-02
-9.30401461e-02
6.50815676e-01
-7.95635153e-01
9.84479703e-01
0.00000000e+00
-1.76989805e-01
-2.67220083e-01
-9.55631218e-02
-6.02851417e-01
6.08277243e-01
-1.31265137e+00
1.46851953e+00
0.00000000e+00
0.00000000e+00
0.00000000e+00
0.00000000e+00
-2.55906235e+00
2.68782294e-02
-4.20785834e-01
-1.56028415e+00
0.00000000e+00
2.33785916e-01
-1.44184098e-02
2.07388867e-01
2.08305330e-04
0.00000000e+00
-8.71778756e-02
1.13052127e-01
5.05627098e-02
-1.20335302e+00
8.73726219e-01
1.19928272e+00
9.26228902e-02
3.74630932e-01
-3.08278333e-01
0.00000000e+00
8.58880470e-01
2.02413036e-01
2.60100619e-01
-7.17616502e-01
0.00000000e+00
0.00000000e+00
0.00000000e+00
0.00000000e+00
0.00000000e+00
0.00000000e+00
0.00000000e+00
0.00000000e+00
0.00000000e+00
0.00000000e+00
0.00000000e+00
0.00000000e+00
0.00000000e+00
0.00000000e+00
0.00000000e+00
-1.27697459e-01
-2.95349175e+00
-9.19839660e-01
0.00000000e+00
0.00000000e+00
0.00000000e+00
6.57551601e-01
-3.37168868e+00
6.67011956e-01
3.87547188e-01
-8.16352322e-01
7.25314529e-01
5.29072494e-01
1.60659048e+00
-1.77951836e+00
0.00000000e+00
1.07251444e+00
-7.67917316e-01
-1.40211883e+00
3.71176845e-01
1.54019305e+00
1.09479523e+00
6.73079249e-01
-2.07110201e+00
-5.42378637e-01
5.06389435e-01
-4.14122011e+00
0.00000000e+00
0.00000000e+00
0.00000000e+00
4.37585147e-01
2.89514632e+00
-3.39067848e-01
-6.10997674e-01
-1.70259012e+00
-6.91029761e-01
-1.36774954e+00
1.02565773e+00
-4.34458195e-01
0.00000000e+00
-2.00897384e-01
3.40305428e+00
-2.20423063e+00
-3.43522202e-01
-1.53864559e+00
3.49079716e-01
2.27527777e-01
-1.71090415e+00
-1.22001484e+00
-1.15163156e-01
13 1
-1.3067e+00 1.0001e-01
6 1
1 7 2 10 9 8 
217
3.49294578e-01
-3.39229282e-01
2.22069280e-01
-2.18798231e-01
2.30135635e-01
1.44443215e-01
-1.29944908e-01
2.77560896e-01
1.28795750e-01
-3.41786642e-01
-2.54626284e-01
2.96155311e-01
3.74934386e-01
3.55723239e-01
0.00000000e+00
0.00000000e+00
0.00000000e+00
1.48602041e-01
-1.37641002e-03
6.91283821e-01
1.38130855e-01
8.48124018e-03
3.62857545e-01
6.25616828e-02
1.24044254e-03
5.41459935e-01
0.00000000e+00
0.00000000e+00
0.00000000e+00
0.00000000e+00
0.00000000e+00
0.00000000e+00
0.00000000e+00
-6.76502019e-01
1.52379381e-02
1.01055866e+00
0.00000000e+00
-1.21819563e-01
-4.52519356e-01
-8.72936133e-02
3.96987708e-01
5.34145797e-01
7.97936051e-02
0.00000000e+00
0.00000000e+00
-6.04606185e-01
3.49148666e-01
2.66045883e-01
2.03184178e-03
2.63811160e-01
-5.59534199e-01
3.48609447e-01
0.00000000e+00
-1.28533373e-01
3.40115758e-01
-5.35262736e-01
0.00000000e+00
3.19181701e-01
-4.76188044e-01
8.44193921e-01
0.00000000e+00
3.49294578e-01
0.00000000e+00
0.00000000e+00
-4.24145237e-01
-1.24282423e+00
5.00990280e-01
8.77624122e-01
2.72449536e-01
9.41098172e-01
0.00000000e+00
-2.27834116e-01
-5.43661182e-02
2.87013114e-01
-9.85539465e-02
2.90115581e-01
-2.38594641e-02
0.00000000e+00
-3.13091989e-01
-1.01548564e+00
2.38162627e-01
-4.86644554e-02
4.24223940e-01
2.76006813e-01
0.00000000e+00
6.55066122e-02
-2.37993970e-01
5.57759583e-02
-2.28493641e-01
2.28012008e-01
1.96184839e-01
0.00000000e+00
-1.32756880e-02
-4.37068028e-01
3.37281338e-01
-1.99065498e-01
2.52889283e-02
-2.46464440e-01
0.00000000e+00
-4.40094446e-01
-8.13923194e-01
5.64710462e-01
-1.89476846e-01
2.24678562e-01
-2.36176436e-01
0.00000000e+00
0.00000000e+00
0.00000000e+00
0.00000000e+00
0.00000000e+00
0.00000000e+00
0.00000000e+00
0.00000000e+00
0.00000000e+00
0.00000000e+00
0.00000000e+00
0.00000000e+00
0.00000000e+00
0.00000000e+00
-1.43495810e-01
-2.23487997e+00
-7.22259907e-01
0.00000000e+00
0.00000000e+00
0.00000000e+00
9.89843122e-02
-1.06328936e+00
-1.29066623e-01
3.78099646e-02
-1.58680213e-01
1.87770284e-01
1.55294059e-01
4.61978301e-01
-6.37888452e-02
0.00000000e+00
3.85424818e-01
-2.53242481e-01
-4.93415752e-01
-1.22707381e-01
9.43663671e-01
1.75198902e-01
9.29410653e-02
-4.81877637e-01
-2.83929282e-01
-2.11327709e-01
-1.73028495e-01
0.00000000e+00
0.00000000e+00
0.00000000e+00
1.73703963e-01
-2.86619940e-02
1.26359929e-01
5.41646346e-02
-3.46509461e-01
7.19966169e-02
1.23744328e-02
3.97921628e-01
-1.99474342e-01
0.00000000e+00
-3.74897366e-02
5.60035253e-02
-3.79366654e-01
1.57667208e-01
5.37802146e-02
3.35367045e-01
1.45093628e-01
-6.40436305e-01
-1.49831116e-01
2.43082876e-02
-2.23354259e+00
0.00000000e+00
0.00000000e+00
0.00000000e+00
-3.87692444e-01
1.62200754e+00
1.23010949e-01
3.71129451e-01
0.00000000e+00
-1.04125110e-01
-6.73767075e-01
-4.07173155e-01
-2.49428332e-01
0.00000000e+00
-7.91343636e-01
1.50487896e+00
-2.64757505e-01
-1.69629888e-02
-6.96372856e-01
-5.93144408e-01
1.09178456e-01
0.00000000e+00
-3.20333782e-01
-2.61893159e-01
-6.28429946e-01
0.00000000e+00
0.00000000e+00
0.00000000e+00
1.68705858e-01
9.82631032e-01
-9.69307610e-02
-1.04834717e-01
0.00000000e+00
-4.93848768e-01
-3.15935468e-01
3.78395093e-01
6.84961761e-01
0.00000000e+00
5.71722280e-01
1.02072449e+00
-7.04121242e-01
1.07639487e-01
6.73671150e-02
2.62651320e-01
1.74193070e-01
0.00000000e+00
-3.70011547e-01
2.88853804e-01
136
6.85483153e-01
0.00000000e+00
0.00000000e+00
1.28164491e-01
6.64024654e-03
1.84349510e-01
8.78717365e-03
2.09806061e-01
1.00520347e-03
0.00000000e+00
0.00000000e+00
0.00000000e+00
0.00000000e+00
0.00000000e+00
0.00000000e+00
0.00000000e+00
1.19552249e+00
6.33617271e-01
-1.10459786e+00
4.41345234e-02
4.11788953e-02
-2.70422429e-01
-1.29864866e-01
9.11757817e-02
3.65743346e-01
5.43537901e-01
0.00000000e+00
4.38036467e-02
-3.87824271e-01
2.46741829e-01
2.45345490e-01
-2.79603569e-01
7.68519312e-01
-7.00583760e-01
1.03556665e+00
0.00000000e+00
-5.90491712e-02
-1.96332979e-01
-3.14358811e-02
-4.39253138e-01
4.93642611e-01
-1.27098404e+00
1.21696318e+00
0.00000000e+00
0.00000000e+00
0.00000000e+00
0.00000000e+00
-2.59624476e+00
1.26011935e-01
-3.98809869e-01
-1.71686884e+00
0.00000000e+00
1.40202670e-01
-3.39314167e-02
2.06441979e-01
9.69877761e-04
0.00000000e+00
-1.38784087e-01
9.16137627e-02
8.17682543e-02
-1.26242607e+00
6.41348629e-01
9.71965324e-01
1.46844423e-01
3.31981745e-01
-3.27587448e-01
0.00000000e+00
6.55151281e-01
1.44492392e-01
2.29651475e-01
-6.45840884e-01
0.00000000e+00
5.15221785e-01
2.71270195e-01
3.68750203e-01
-7.97720134e-01
0.00000000e+00
0.00000000e+00
0.00000000e+00
0.00000000e+00
0.00000000e+00
0.00000000e+00
0.00000000e+00
0.00000000e+00
0.00000000e+00
0.00000000e+00
-1.72192161e-01
-2.87494750e+00
-8.98337088e-01
0.00000000e+00
0.00000000e+00
0.00000000e+00
6.48513880e-01
-3.77839917e+00
6.70102498e-01
2.85701014e-01
-8.05044000e-01
7.55531274e-01
6.01268161e-01
1.53561063e+00
-1.27658062e+00
0.00000000e+00
1.10530515e+00
-1.09038872e+00
-1.30971728e+00
4.05423216e-01
1.53890592e+00
1.02860135e+00
6.38577334e-01
-1.93479557e+00
-4.54750129e-01
5.37797968e-01
-4.06138540e+00
0.00000000e+00
0.00000000e+00
0.00000000e+00
5.03176966e-01
2.49588484e+00
-4.51791365e-01
-4.96062967e-01
-1.31296010e+00
-1.02913950e+00
-1.45926448e+00
1.04974845e+00
-7.46458182e-01
0.00000000e+00
-4.09431430e-01
2.96024705e+00
-1.83306223e+00
-2.47784546e-01
-1.56179107e+00
5.04431555e-01
1.60903709e-01
-1.71317073e+00
-3.02594040e-01
-1.72267336e-01
20 1
-1.4245e+00 1.3296e-01
7 1
1 7 2 10 9 8 13 
217
3.51425772e-01
-2.31347044e-01
2.99447062e-01
-6.92143819e-02
-1.53689294e-01
-2.14531672e-01
6.93636014e-02
9.50383889e-02
1.42512221e-01
2.03858886e-01
1.58811566e-02
8.60153909e-04
2.77358087e-01
1.51885077e-01
0.00000000e+00
0.00000000e+00
0.00000000e+00
0.00000000e+00
0.00000000e+00
0.00000000e+00
5.76344181e-02
-1.20804525e-02
4.77027642e-01
-1.62059636e-01
1.29364398e-03
1.51430426e-01
0.00000000e+00
0.00000000e+00
0.00000000e+00
0.00000000e+00
0.00000000e+00
0.00000000e+00
0.00000000e+00
2.99575833e-01
1.63254665e-01
-1.11056771e-01
0.00000000e+00
-1.91935946e-01
-4.68335989e-01
-1.47828785e-01
3.87026769e-02
5.45429941e-01
8.22921867e-01
0.00000000e+00
0.00000000e+00
-2.56120491e-01
2.68230045e-01
3.67843408e-02
2.66157498e-01
1.39633714e-02
-3.78478948e-01
3.08002478e-01
0.00000000e+00
-1.26521046e-01
2.90065730e-03
-2.76243901e-01
0.00000000e+00
4.46307029e-01
-5.60488086e-01
1.46905044e+00
0.00000000e+00
3.51560683e-01
0.00000000e+00
0.00000000e+00
-1.26379645e+00
-1.76498325e+00
1.13661923e+00
1.01172079e-01
4.78602994e-01
1.10147807e+00
0.00000000e+00
-5.18331258e-01
-2.06502400e-01
8.41109728e-01
-6.11711563e-01
2.86473014e-02
1.48020359e-01
0.00000000e+00
-3.51457675e-01
-7.71292800e-01
6.13550870e-01
-3.27280536e-02
8.93325763e-02
3.31715088e-01
0.00000000e+00
2.58403382e-01
1.67471122e-02
1.70031758e-01
-5.50740332e-01
-7.70093676e-02
-2.24137880e-01
0.00000000e+00
1.45216468e-01
-4.52311464e-01
3.34735448e-02
-2.19123900e-01
1.72735759e-01
-5.45351512e-01
0.00000000e+00
-7.63628581e-01
-5.94539034e-01
1.08282674e+00
-3.50692864e-02
3.22276175e-02
-8.94624128e-01
0.00000000e+00
4.37928750e-01
-1.29894263e-01
9.26587531e-02
-3.03667103e-01
-1.79161731e-01
-1.55697412e-01
0.00000000e+00
0.00000000e+00
0.00000000e+00
0.00000000e+00
0.00000000e+00
0.00000000e+00
0.00000000e+00
7.96201840e-02
-2.16871448e+00
-5.59098094e-01
0.00000000e+00
0.00000000e+00
0.00000000e+00
6.58652345e-02
-3.83857058e-01
9.36063140e-01
1.10963308e-01
-4.42323104e-01
2.21625616e-01
4.39923550e-01
6.60585449e-01
-3.07945979e-01
0.00000000e+00
3.83939484e-03
7.50190173e-02
-1.36831879e+00
7.78480039e-02
5.52283230e-01
6.24931689e-01
7.52332680e-01
-1.20721319e+00
-7.98489970e-01
-5.72230313e-01
-2.00584539e-01
0.00000000e+00
0.00000000e+00
0.00000000e+00
3.60981526e-01
-9.90482677e-01
-8.20548405e-02
1.27690649e-01
-1.10023019e-01
1.76339623e-01
-2.96192988e-02
4.92078085e-02
-4.00803080e-01
0.00000000e+00
4.98861497e-01
-8.15399246e-01
-2.24643231e-01
4.02429542e-02
4.52572796e-04
2.33048099e-01
2.56663009e-01
4.10214113e-02
2.96134322e-03
6.64970360e-01
-3.68518929e+00
0.00000000e+00
0.00000000e+00
0.00000000e+00
-3.10991308e-01
3.50144335e+00
-1.29138608e-01
-6.01646879e-01
-7.42965184e-04
-3.15063182e-01
-1.68384429e+00
3.68898876e-01
-7.09938877e-01
0.00000000e+00
-1.48644208e+00
2.34159227e+00
-6.91911146e-01
-1.90445396e-01
-1.47224245e+00
-1.58768197e-01
-8.01008168e-03
-3.01105775e-01
-1.51094722e-01
-5.09761260e-01
2.14850782e-02
0.00000000e+00
0.00000000e+00
0.00000000e+00
3.90360874e-01
-1.75827062e-01
-2.83796566e-02
1.61010539e-01
-1.18009821e-03
-4.84164642e-02
1.20099124e-01
3.55276660e-01
3.08001841e-01
0.00000000e+00
5.66350272e-01
3.36469617e-01
-4.39634051e-01
3.88358448e-01
3.67145268e-01
1.75676254e-01
2.21601659e-01
-3.57187646e-01
-2.81800390e-02
3.28039498e-01
136
7.68349569e-01
0.00000000e+00
0.00000000e+00
1.07817998e-01
4.31622713e-03
4.04727206e-01
1.59556001e-03
2.55804365e-01
8.57091144e-04
0.00000000e+00
0.00000000e+00
0.00000000e+00
0.00000000e+00
0.00000000e+00
0.00000000e+00
0.00000000e+00
1.00138974e+00
6.52749297e-01
-8.80795201e-01
-1.38844492e-01
-1.57341553e-01
-7.27357054e-02
5.00734008e-02
2.74402886e-01
4.66510063e-01
2.68506226e-01
7.77787437e-02
-1.39151837e-01
-2.64888492e-01
2.43640761e-01
1.60990853e-01
-2.59236192e-01
7.80224252e-01
-8.10790398e-01
1.04584532e+00
0.00000000e+00
-1.82975970e-01
6.68504906e-02
-1.06873483e-03
-2.66818793e-01
5.85132916e-01
-1.45944015e+00
1.27011378e+00
0.00000000e+00
0.00000000e+00
0.00000000e+00
0.00000000e+00
-2.62502436e+00
9.69821786e-02
-4.89584116e-01
-1.62362832e+00
0.00000000e+00
2.52207644e-01
1.56100235e-02
1.75852128e-01
1.07032851e-01
0.00000000e+00
-1.16681168e-01
2.37698733e-02
4.43629213e-02
-1.08166929e+00
9.07194061e-01
7.56634269e-01
1.61577071e-01
2.10021075e-01
-1.53330185e-01
0.00000000e+00
6.29384720e-01
6.04327153e-02
2.60728757e-01
-5.58706051e-01
0.00000000e+00
4.06813334e-01
2.99372374e-01
3.13249401e-01
-8.94817264e-01
0.00000000e+00
6.42054887e-01
-2.50383704e-01
2.77715014e-01
-4.39699789e-01
0.00000000e+00
0.00000000e+00
0.00000000e+00
0.00000000e+00
0.00000000e+00
-2.37894054e-01
-3.18058268e+00
-9.24307936e-01
0.00000000e+00
0.00000000e+00
0.00000000e+00
5.54234301e-01
-3.00892375e+00
5.14152560e-01
2.52102182e-01
-9.00990232e-01
6.80463845e-01
4.97307441e-01
1.54419296e+00
-1.15177126e+00
0.00000000e+00
9.73922250e-01
-7.23673717e-01
-1.38984109e+00
3.54477195e-01
1.52231618e+00
9.84544594e-01
5.60717006e-01
-2.10447268e+00
-5.46452165e-01
4.63386446e-01
-4.38825044e+00
0.00000000e+00
0.00000000e+00
0.00000000e+00
4.52925241e-01
2.75895495e+00
-4.30673520e-01
-3.98882620e-01
-1.62399211e+00
-9.20380067e-01
-1.41189887e+00
1.02417844e+00
-4.17935567e-01
0.00000000e+00
-2.26255722e-01
3.30671531e+00
-2.10041859e+00
-3.33090565e-01
-1.56143817e+00
3.93535501e-01
2.03522465e-01
-1.96357741e+00
-9.13795511e-01
-2.25743639e-01
11 1
-1.9550e+00 1.8652e-01
8 1
1 7 2 10 9 8 13 20 
217
2.84924001e-02
-1.09129501e-01
7.56088432e-01
-6.31964167e-01
5.60411755e-02
4.39499531e-02
-1.63397545e-01
3.88174747e-01
6.13116478e-02
1.36651271e-01
-1.04380706e-01
9.90439306e-01
1.78917827e-01
3.56852976e-02
0.00000000e+00
0.00000000e+00
0.00000000e+00
0.00000000e+00
0.00000000e+00
0.00000000e+00
7.43812492e-01
-2.66938766e-02
1.29779458e+00
-7.15320092e-01
1.88035732e-03
6.58860941e-01
0.00000000e+00
0.00000000e+00
0.00000000e+00
0.00000000e+00
0.00000000e+00
0.00000000e+00
0.00000000e+00
5.70481843e-01
3.89764538e-02
-5.79472767e-01
0.00000000e+00
-1.38270245e-01
-1.87455434e-01
-4.39367276e-01
-1.64946832e-02
1.68385008e-01
1.11128554e-01
5.35790506e-01
0.00000000e+00
-5.52789671e-01
2.46537199e-01
4.92592279e-01
-8.96336464e-01
2.13801299e-02
-2.60883956e-01
6.10420080e-01
0.00000000e+00
-8.94526002e-04
-3.70884862e-01
-4.29341212e-01
6.66277498e-01
3.23964146e-01
-8.68111804e-01
1.05305053e+00
0.00000000e+00
3.37164295e-02
0.00000000e+00
0.00000000e+00
-1.48988936e+00
-2.54541367e+00
1.04899213e+00
6.28806859e-01
4.69389635e-01
-2.22548263e-02
0.00000000e+00
-4.44885858e-01
-1.52031821e-02
4.49787935e-01
-3.74446096e-01
2.35903234e-02
-7.67197673e-03
0.00000000e+00
-6.21267764e-01
-1.38203800e+00
2.46666963e-01
-6.01335470e-02
4.03093201e-01
-1.24967299e-01
0.00000000e+00
-3.45567374e-01
-6.13809080e-01
-4.92707065e-02
1.65367123e-01
4.23330480e-01
2.95219650e-01
0.00000000e+00
-1.33408701e-01
6.23703298e-02
7.87138087e-02
9.23331299e-02
8.31872928e-02
-3.74090214e-01
0.00000000e+00
-4.42224274e-01
-1.80152015e-01
2.31030659e-01
1.32525284e-01
2.39686015e-01
1.83162561e-01
0.00000000e+00
1.55678742e-01
-4.91321510e-01
2.29829558e-01
-2.79495545e-01
-3.57015900e-01
-6.00502149e-01
0.00000000e+00
1.87535560e-01
-4.53708142e-01
-2.04935418e-02
-1.31222961e-01
-1.38549618e-01
-7.92433459e-01
-4.87836608e-01
-3.37993535e+00
-5.63768451e-01
0.00000000e+00
0.00000000e+00
0.00000000e+00
9.58049165e-01
-1.70858262e+00
7.28603390e-01
-7.57214015e-01
-1.03563334e+00
2.71631143e-01
4.78875537e-01
1.17475774e+00
4.39215655e-01
0.00000000e+00
5.74880894e-01
-5.76625650e-01
-1.47393154e+00
5.14233718e-01
1.24176209e+00
3.63922583e-01
-5.10610724e-03
-1.53772111e+00
-2.20754617e-01
5.86863104e-03
-3.50483522e-01
0.00000000e+00
0.00000000e+00
0.00000000e+00
1.42794626e-01
-8.96692322e-01
-2.15728456e-02
3.25175051e-01
-2.41407797e-01
8.29585247e-02
-7.76943842e-03
-5.60494002e-02
-2.94710378e-01
0.00000000e+00
3.09432847e-01
-7.87352025e-01
-4.55838137e-02
1.00262039e-01
-3.52474720e-01
1.98504685e-01
1.97904343e-01
3.88354536e-01
1.37984995e-01
4.69757572e-01
-4.39091539e+00
0.00000000e+00
0.00000000e+00
0.00000000e+00
3.21742103e-01
4.54965134e+00
-7.56841844e-01
-2.04991639e-01
0.00000000e+00
-7.42466692e-01
-2.49913279e+00
1.87237053e+00
-8.63102768e-01
0.00000000e+00
-8.29277872e-01
3.40785197e-01
-8.63167533e-01
-5.12852202e-01
-1.78552913e+00
-1.91386368e+00
1.22185382e+00
-1.23845153e-04
6.41449815e-01
-7.91148642e-01
-7.77490723e-02
0.00000000e+00
0.00000000e+00
0.00000000e+00
1.75475268e-01
-2.18880570e-01
2.96240161e-01
3.94171542e-02
0.00000000e+00
-4.00041445e-01
5.58874312e-01
-4.06584425e-01
4.25662359e-01
0.00000000e+00
3.24369788e-01
9.14052931e-01
-5.18101942e-01
2.36125041e-01
7.40014791e-01
1.17987012e+00
-4.25828307e-01
-2.39193680e-04
-1.97927727e-01
1.97760624e-01
136
6.39067433e-01
0.00000000e+00
0.00000000e+00
6.66997204e-02
1.87309606e-02
3.16301287e-02
1.36239093e-02
5.40737584e-01
8.64881689e-04
0.00000000e+00
0.00000000e+00
0.00000000e+00
0.00000000e+00
0.00000000e+00
0.00000000e+00
0.00000000e+00
9.60880098e-01
6.00834000e-01
-9.09232374e-01
-1.52690799e-01
-1.94217869e-01
-7.68263853e-02
1.14050339e-02
1.83805875e-01
2.59535213e-01
5.20079411e-01
8.79769540e-02
-1.52932481e-01
-2.99534749e-01
3.91052320e-01
1.63291805e-01
-1.97983960e-01
6.20206556e-01
-7.15832739e-01
9.92343311e-01
0.00000000e+00
-2.26613931e-01
-1.28477339e-01
-1.90870936e-02
-4.96922864e-01
5.90253450e-01
-1.23368724e+00
1.35299239e+00
0.00000000e+00
0.00000000e+00
0.00000000e+00
0.00000000e+00
-2.53478430e+00
1.37977856e-01
-4.56828005e-01
-1.55950187e+00
0.00000000e+00
-1.63527978e-01
-3.69966434e-02
7.18387029e-02
6.62858337e-02
0.00000000e+00
-2.72301467e-01
2.70736808e-02
3.85903529e-02
-1.07430211e+00
7.91758232e-01
8.00610064e-01
1.24365497e-01
2.56224895e-01
-3.24574672e-01
0.00000000e+00
5.41029652e-01
1.11115870e-01
2.26383155e-01
-4.98965094e-01
0.00000000e+00
2.06078897e-01
3.16103094e-01
2.71464060e-01
-9.87280083e-01
0.00000000e+00
3.94093128e-01
-2.73412977e-01
2.37898432e-01
-4.30095092e-01
0.00000000e+00
7.09525600e-01
-7.17738884e-02
2.17881483e-01
-6.26068457e-02
-1.67338187e-01
-2.88582724e+00
-9.12036182e-01
0.00000000e+00
0.00000000e+00
0.00000000e+00
5.90390701e-01
-2.74232939e+00
5.43628775e-01
2.44402073e-01
-8.46486228e-01
6.60044190e-01
4.71174503e-01
1.60805581e+00
-1.36219163e+00
0.00000000e+00
9.38007224e-01
-7.16679268e-01
-1.45988833e+00
3.16930920e-01
1.51868277e+00
1.05625698e+00
5.93478128e-01
-2.16783168e+00
-5.97063289e-01
4.39381558e-01
-4.22577608e+00
0.00000000e+00
0.00000000e+00
0.00000000e+00
4.31871107e-01
2.74896212e+00
-4.14572650e-01
-4.57773156e-01
-1.53215590e+00
-8.45927594e-01
-1.46553598e+00
9.54860536e-01
-3.78758542e-01
0.00000000e+00
-2.76329469e-01
3.29919578e+00
-2.05629239e+00
-2.83610928e-01
-1.59064487e+00
3.58224753e-01
1.89206957e-01
-1.73160691e+00
-1.00645515e+00
-1.68433786e-01
