0 1 -999999999 -1 -1
1 1 0 -1 -1
0.09231 0.02513
356
9.84498387e-01
1.96714082e-01
7.87784305e-01
5.42837575e-01
-7.54131402e-01
-1.20064369e+00
1.50935689e-01
0.00000000e+00
0.00000000e+00
3.07695255e-01
-7.88052068e-01
-2.28979938e-01
-1.51477263e-01
1.91851095e-01
2.70476946e-01
8.05095346e-02
0.00000000e+00
0.00000000e+00
0.00000000e+00
0.00000000e+00
0.00000000e+00
0.00000000e+00
0.00000000e+00
0.00000000e+00
0.00000000e+00
0.00000000e+00
0.00000000e+00
0.00000000e+00
0.00000000e+00
0.00000000e+00
0.00000000e+00
0.00000000e+00
0.00000000e+00
0.00000000e+00
0.00000000e+00
0.00000000e+00
0.00000000e+00
0.00000000e+00
0.00000000e+00
0.00000000e+00
0.00000000e+00
0.00000000e+00
0.00000000e+00
0.00000000e+00
0.00000000e+00
0.00000000e+00
0.00000000e+00
0.00000000e+00
0.00000000e+00
0.00000000e+00
0.00000000e+00
-7.09194515e-01
-4.62397133e-01
4.50083492e-01
0.00000000e+00
0.00000000e+00
0.00000000e+00
0.00000000e+00
2.74672969e-01
4.12510986e-02
2.62093730e-01
1.80763129e-01
4.84253045e-01
-2.40772421e-01
1.03019787e-01
-5.65205807e-01
-1.39541144e-01
-4.27784376e-01
0.00000000e+00
0.00000000e+00
0.00000000e+00
1.23508571e-01
-6.91955595e-03
1.56641443e-01
7.91823834e-02
8.35178325e-04
-7.30133093e-02
7.81807433e-01
-1.45209381e-03
-1.13881903e-01
4.99897953e-01
4.80333655e-01
5.86832123e-01
-2.73578927e-01
-3.08986417e-01
0.00000000e+00
0.00000000e+00
0.00000000e+00
0.00000000e+00
0.00000000e+00
-9.61891513e-01
-2.45176690e-01
-2.17128526e+00
-7.24835514e-01
-4.20568793e-01
-4.61448256e-01
4.41247485e-01
5.83489560e-02
5.10748837e-01
1.24787363e-01
8.55500824e-02
3.34930489e-02
0.00000000e+00
0.00000000e+00
2.52479871e+00
2.59576031e+00
1.43309518e+00
8.81805752e-01
3.19885256e-01
1.97835500e-01
-3.97709981e-01
-1.19672709e+00
8.59595155e-01
2.92787751e-01
4.25775990e-01
-6.93447948e-01
-1.22126795e+00
-2.44192793e+00
0.00000000e+00
0.00000000e+00
0.00000000e+00
0.00000000e+00
0.00000000e+00
0.00000000e+00
7.33307457e-01
-1.44783140e-01
-6.69747394e-02
-3.19400545e-01
-5.21878416e-01
-1.29153254e+00
5.03397757e+00
5.13061776e+00
5.00062995e+00
5.13196955e+00
4.94430323e+00
5.06183999e+00
2.13231659e-01
6.22622200e-02
7.73695430e-02
9.52632491e-02
2.25735086e-01
-2.52761917e-01
2.37436421e-01
2.26027118e-03
-1.50729661e-01
-2.84034894e-01
-3.78049658e-01
-8.05818355e-01
1.23818461e+00
0.00000000e+00
0.00000000e+00
0.00000000e+00
0.00000000e+00
0.00000000e+00
0.00000000e+00
0.00000000e+00
-2.53686228e-01
-4.08331291e-01
0.00000000e+00
0.00000000e+00
-1.91708003e-01
-2.31892201e-01
-1.34859232e+00
-1.39492029e+00
-1.54030032e+00
0.00000000e+00
0.00000000e+00
0.00000000e+00
-3.30847837e-01
-6.58091364e-01
5.43176332e-02
4.37281368e-01
-4.18577306e-01
-8.99004341e-02
2.18927551e-01
-8.52945494e-01
9.84767783e-01
0.00000000e+00
2.98699262e-01
2.49760073e-01
-6.38240155e-01
7.29528148e-01
-2.53606621e-01
-1.67856136e+00
7.49907576e-02
-2.67694257e-01
2.63310999e-01
3.36580931e-01
2.19507889e-01
0.00000000e+00
0.00000000e+00
0.00000000e+00
3.77305728e-02
1.16333509e-01
-6.29231569e-02
-2.52879958e-01
2.22213116e-01
-1.69226816e-03
-7.17366402e-02
2.17843683e-01
3.27498158e-02
0.00000000e+00
-2.14321909e-01
1.03930159e-02
-8.91847292e-02
-2.60727734e-01
-1.05100640e-01
7.10695915e-01
-9.39532871e-02
-3.06217082e-02
8.49878543e-02
-3.02975607e-02
-9.42673148e-01
-1.48252026e-01
0.00000000e+00
1.43166148e-01
-2.45590799e-01
2.70524206e-01
9.83613339e-03
-4.28612365e-01
-3.75080526e-01
0.00000000e+00
0.00000000e+00
0.00000000e+00
-2.26933198e-01
-4.43290714e-02
-2.20271798e-01
9.36391680e-01
1.34628859e-02
6.07848588e-01
8.42492775e-01
-1.38463086e+00
-6.85688436e-02
0.00000000e+00
3.11446886e-01
2.72980151e-01
6.47278418e-04
2.13439178e-01
-6.96154650e-01
-9.55007978e-01
-2.52057360e-01
-1.23391198e-01
9.21011198e-02
3.05453885e-01
-7.94421122e-01
-7.72856365e-02
-3.25844261e-01
-2.98846534e-01
-5.97627171e-01
-4.34559770e-02
0.00000000e+00
-1.20156400e-01
-6.59585442e-02
4.02327516e-01
1.52047070e-01
-5.97830563e-01
-5.54171194e-01
8.13230702e-02
-4.50873727e-02
-4.24344711e-01
-1.62681250e+00
0.00000000e+00
0.00000000e+00
0.00000000e+00
-3.08386672e-01
-4.10463124e-01
-8.81058072e-02
-2.10103987e+00
-4.18562304e-01
9.79816866e-01
-1.00204278e+00
6.03085277e-01
8.84789502e-01
0.00000000e+00
2.22544646e-01
-8.83479851e-01
-1.01823862e+00
8.93722029e-01
-1.55414639e-01
4.15672189e-01
4.37201375e-01
-3.15353367e-01
2.99001966e-01
3.38440687e-01
3.12183626e-01
0.00000000e+00
0.00000000e+00
0.00000000e+00
-1.04597193e-01
-4.21473413e-01
2.00940890e-01
5.65186427e-01
1.57082911e-01
-1.97414106e-01
4.44960637e-01
-2.09566660e-01
3.30181272e-02
0.00000000e+00
-1.81402814e-01
1.08314567e-01
-5.25207755e-02
-6.21251764e-02
1.04411430e-01
-3.40462699e-02
-9.02844261e-02
-1.53471194e-02
9.78320606e-02
-3.07854704e-02
-7.63899400e-01
-4.44057256e-02
0.00000000e+00
0.00000000e+00
-2.69092788e-02
3.85246629e-01
1.39656863e-01
-5.69309218e-01
-4.87477378e-01
0.00000000e+00
0.00000000e+00
0.00000000e+00
1.72440295e-01
2.21192727e-01
-1.78618830e-02
-1.14889607e+00
-1.17678735e-01
-3.81071754e-01
-1.20231417e+00
9.18738377e-01
1.96142346e-01
0.00000000e+00
-9.79128658e-02
-2.50298462e-01
7.54700655e-02
1.53635670e-02
3.99300514e-01
3.79553531e-01
4.11842763e-01
2.89873461e-01
-5.10464698e-03
-3.46256440e-01
-7.19493674e-01
0.00000000e+00
0.00000000e+00
4.76842394e-02
-8.62913096e-01
-1.87486475e-01
0.00000000e+00
-4.63132668e-01
3.56017670e-02
3.02331187e-01
3.61720438e-02
-5.25989705e-01
-6.75426621e-01
0.00000000e+00
3.98491744e-01
8.91119661e-01
247
3.27017506e-01
9.04768590e-02
2.36540647e-01
3.44523045e-01
-2.54046186e-01
-6.47494579e-01
-1.26740650e+00
4.25591791e-01
0.00000000e+00
0.00000000e+00
5.17364776e-01
5.04623229e-02
-1.14550282e-01
-9.63965220e-01
0.00000000e+00
0.00000000e+00
0.00000000e+00
0.00000000e+00
0.00000000e+00
0.00000000e+00
0.00000000e+00
0.00000000e+00
0.00000000e+00
0.00000000e+00
0.00000000e+00
0.00000000e+00
0.00000000e+00
0.00000000e+00
0.00000000e+00
0.00000000e+00
0.00000000e+00
0.00000000e+00
0.00000000e+00
0.00000000e+00
0.00000000e+00
0.00000000e+00
0.00000000e+00
0.00000000e+00
0.00000000e+00
0.00000000e+00
0.00000000e+00
0.00000000e+00
0.00000000e+00
-4.19517055e-02
1.71010237e-03
6.96213779e-02
-1.44662226e-02
2.99347833e-01
-1.04338912e-03
-8.62174695e-02
-7.78583356e-02
3.98803926e-01
-5.51776193e-02
1.47467004e-01
0.00000000e+00
0.00000000e+00
0.00000000e+00
0.00000000e+00
0.00000000e+00
2.45154459e+00
2.08515892e+00
1.75028365e+00
5.28312080e-01
3.86402137e-01
2.54377089e-01
-4.28277261e-01
-9.03308011e-01
2.28048729e-01
6.73256181e-02
-2.49199909e-01
-4.45655022e-01
-1.46509764e+00
-1.84773854e+00
0.00000000e+00
0.00000000e+00
0.00000000e+00
0.00000000e+00
0.00000000e+00
0.00000000e+00
8.95533774e-01
-3.67911444e-02
-2.50901649e-01
-1.93470293e-01
-7.31174180e-01
-1.44133792e+00
4.92189814e+00
5.02960732e+00
5.03048277e+00
5.13617856e+00
5.07183764e+00
5.04926860e+00
2.51823924e-01
5.95330466e-01
2.50980121e-01
7.12501254e-01
4.79332432e-01
4.42290857e-02
5.89923105e-01
-6.49439399e-01
-9.35757989e-01
-5.20036389e-01
-6.63290885e-01
-1.45929909e+00
1.58778968e+00
0.00000000e+00
0.00000000e+00
0.00000000e+00
-1.26077217e+00
-1.13493486e+00
0.00000000e+00
0.00000000e+00
-2.40173780e-01
-1.88435331e+00
-3.39603626e-01
-1.35988735e+00
-2.12452709e+00
0.00000000e+00
0.00000000e+00
0.00000000e+00
3.95130809e-01
0.00000000e+00
-1.45311314e-01
-7.34666859e-01
-6.90309827e-01
-1.42767935e-02
-1.86681840e+00
8.23892516e-01
4.85726749e-01
0.00000000e+00
9.60021334e-01
1.04096532e+00
-1.24433542e+00
3.33941115e-01
-5.04519846e-01
2.23036267e-01
5.37819632e-01
-2.36029940e-01
2.22395979e-01
4.64711767e-01
-8.70313515e-01
-7.46205700e-01
0.00000000e+00
0.00000000e+00
0.00000000e+00
2.63615350e-01
0.00000000e+00
0.00000000e+00
0.00000000e+00
3.00563437e-01
0.00000000e+00
2.36005316e-01
-3.61467605e-01
0.00000000e+00
2.79969505e-01
4.58905056e-01
3.43833699e-01
7.77803468e-02
0.00000000e+00
8.87975914e-02
1.53175775e-01
-8.85657977e-02
8.03894161e-02
7.35400927e-01
2.72447590e-01
6.63655459e-02
0.00000000e+00
-5.22769397e-02
8.66921234e-03
-1.24107815e-01
-6.86518436e-03
0.00000000e+00
0.00000000e+00
-1.25421357e+00
5.06031920e-01
0.00000000e+00
0.00000000e+00
0.00000000e+00
-1.76024549e+00
0.00000000e+00
0.00000000e+00
0.00000000e+00
-1.69949097e+00
0.00000000e+00
0.00000000e+00
0.00000000e+00
-4.62660138e-01
0.00000000e+00
5.12008524e-01
-1.71119846e-01
1.45806280e-02
1.53659617e+00
4.60304169e-01
-2.11032654e-03
-8.13172839e-01
0.00000000e+00
3.00226320e-01
6.17514793e-02
-2.78787734e-01
6.89695808e-01
-1.36987599e+00
-1.69223726e-01
3.15001421e-01
-5.73614976e-01
5.04857473e-01
4.06340825e-01
-1.05748900e+00
-3.24409305e-01
0.00000000e+00
0.00000000e+00
-5.71452507e-01
8.82399400e-05
0.00000000e+00
0.00000000e+00
0.00000000e+00
8.39599235e-02
0.00000000e+00
3.52727537e-01
6.97943375e-01
9.48961163e-02
5.84746233e-01
6.40967372e-01
2.75292906e-02
5.62590932e-01
0.00000000e+00
2.56185216e-01
1.47645795e-01
-3.52850727e-02
2.38583207e-01
1.43347927e-01
7.75535689e-02
2.09818551e-01
0.00000000e+00
-1.24433318e-01
3.50181786e-01
-7.33079691e-01
0.00000000e+00
0.00000000e+00
6.78318134e-01
-6.42001977e-01
-1.51943216e-02
0.00000000e+00
-6.77630978e-02
-6.05910225e-02
-6.26807656e-01
0.00000000e+00
7.95929543e-01
8.48925510e-01
5 -999999999 -999999999 0 -1
1 0 0 1 -1
-2.2075e-01 6.2112e-01
356
5.20607154e-01
0.00000000e+00
0.00000000e+00
0.00000000e+00
0.00000000e+00
0.00000000e+00
0.00000000e+00
0.00000000e+00
0.00000000e+00
0.00000000e+00
0.00000000e+00
0.00000000e+00
0.00000000e+00
0.00000000e+00
0.00000000e+00
0.00000000e+00
0.00000000e+00
0.00000000e+00
0.00000000e+00
0.00000000e+00
0.00000000e+00
0.00000000e+00
0.00000000e+00
0.00000000e+00
0.00000000e+00
0.00000000e+00
0.00000000e+00
0.00000000e+00
0.00000000e+00
0.00000000e+00
0.00000000e+00
5.20607154e-01
0.00000000e+00
-1.48039291e+00
-2.41737847e+00
0.00000000e+00
-3.63823450e-01
1.14209337e+00
1.12726003e+00
8.58906695e-01
5.68419357e-01
0.00000000e+00
0.00000000e+00
0.00000000e+00
0.00000000e+00
0.00000000e+00
0.00000000e+00
0.00000000e+00
0.00000000e+00
0.00000000e+00
0.00000000e+00
-3.39590280e-01
-2.11627811e-01
-7.35552353e-01
0.00000000e+00
0.00000000e+00
0.00000000e+00
0.00000000e+00
-1.73199911e-01
2.23050456e-01
8.11196633e-02
2.69918875e-01
2.95314766e-01
-3.12694944e-01
8.87902189e-02
-3.16449587e-01
2.28582416e-01
-1.48046703e+00
0.00000000e+00
0.00000000e+00
0.00000000e+00
7.15302865e-02
-7.75760551e-03
1.09554567e-01
1.58037805e-01
-1.33541811e-03
8.22345347e-02
2.91039062e-01
-9.89775512e-04
4.40181839e-02
9.50000176e-01
2.24922866e-01
-1.26186368e-01
-2.70208976e-01
-2.57920543e-01
0.00000000e+00
0.00000000e+00
0.00000000e+00
0.00000000e+00
0.00000000e+00
5.32743074e-01
-1.40582676e-01
2.28519515e-01
-5.95231868e-02
6.36627328e-02
1.87019462e-01
-1.51712179e+00
-6.84721316e-01
-2.13958390e-01
-1.05272335e-01
1.10606894e-01
6.58688839e-02
0.00000000e+00
0.00000000e+00
1.90589672e+00
1.85030441e+00
1.90429298e+00
3.59258964e-01
1.24018459e-01
-7.57669692e-02
-6.14816242e-01
-1.30375183e+00
8.51678803e-01
6.40204236e-01
2.86175401e-02
-1.93189469e-01
-8.92007155e-01
-2.21382889e+00
0.00000000e+00
0.00000000e+00
0.00000000e+00
0.00000000e+00
0.00000000e+00
0.00000000e+00
4.72843431e-01
-2.47708688e-01
3.41201576e-02
-2.98511804e-01
-2.56072800e-01
-1.03436756e+00
4.96885362e+00
4.95950895e+00
4.93475020e+00
5.00729771e+00
4.79669245e+00
4.81912415e+00
4.45183138e-01
5.88451080e-01
4.89484961e-01
7.21637444e-01
6.71770136e-01
3.40875604e-01
5.85983041e-01
4.39277328e-01
-2.19274643e-02
3.62601643e-02
-3.95721160e-01
-7.60485107e-01
3.93235368e-01
0.00000000e+00
0.00000000e+00
0.00000000e+00
0.00000000e+00
0.00000000e+00
0.00000000e+00
0.00000000e+00
1.27371786e-01
-2.69003733e-01
0.00000000e+00
0.00000000e+00
-5.89865503e-01
-1.86749202e-01
-7.95424061e-01
-1.05478325e+00
-1.38528956e+00
0.00000000e+00
0.00000000e+00
0.00000000e+00
-1.62983304e-01
-7.85908102e-01
-8.44267380e-01
-2.60262190e-01
-5.10761336e-01
-5.83457615e-01
8.95159894e-02
-5.59481921e-01
8.23930746e-01
0.00000000e+00
3.86494945e-01
5.16904369e-01
-7.16234528e-01
1.15172690e+00
-8.68378385e-01
-1.06237267e+00
2.82931923e-01
5.02191908e-01
8.37899441e-01
3.77221645e-01
-4.00768671e-01
0.00000000e+00
0.00000000e+00
0.00000000e+00
-2.01110621e-01
4.30928797e-01
2.46646547e-01
-7.33540671e-02
4.44048377e-01
5.45855988e-01
-1.62078588e-01
1.53073132e-01
-2.01035149e-01
0.00000000e+00
-4.12025274e-01
-2.58180099e-01
-2.49562875e-01
-2.67296694e-01
4.18104459e-02
2.78848138e-01
-1.30898433e-01
-3.34630631e-02
-2.26850020e-01
-3.26125214e-01
-4.75429918e-01
-5.96893233e-02
0.00000000e+00
-1.05212576e-01
-2.38640612e-01
2.11679943e-02
-4.01283360e-02
-4.07289816e-02
2.38992441e-01
0.00000000e+00
0.00000000e+00
0.00000000e+00
2.23136041e-02
-4.39474220e-01
-8.55665290e-01
3.29604229e-01
-1.67630674e-01
-6.52231409e-01
3.40568913e-01
-6.39397734e-01
-1.44528119e-01
0.00000000e+00
3.53062267e-01
2.04092916e-01
5.55874700e-01
4.67597109e-01
-6.31121928e-01
3.62229889e-02
2.85986993e-01
-4.87148552e-02
5.15073410e-01
7.07359540e-01
-4.15740595e-01
1.62328096e-01
7.16658324e-02
1.59844586e-01
-9.09859646e-01
-5.30176180e-01
0.00000000e+00
0.00000000e+00
5.51333199e-01
-8.71292960e-02
-2.90145253e-02
-4.14032358e-01
-3.79683466e-01
-8.71950875e-02
-1.28226432e-01
-2.89818159e-01
-1.24153245e+00
0.00000000e+00
0.00000000e+00
0.00000000e+00
-5.12574912e-01
-1.25032929e+00
5.76813171e-01
2.69994398e-01
-3.91835817e-01
1.86328274e+00
6.90134924e-01
4.55667929e-01
4.71818879e-01
0.00000000e+00
-1.79438913e-01
-8.33261896e-01
-1.70672982e+00
-1.07860256e-01
5.21291738e-01
5.79265570e-01
-2.57347121e-02
-1.13909654e+00
-2.82839730e-01
-2.40099910e-01
-5.88660497e-01
0.00000000e+00
0.00000000e+00
0.00000000e+00
-4.11942971e-02
-1.85289095e-01
-3.60624547e-01
2.44334421e-01
-5.04882471e-03
-2.86067483e-01
4.65017762e-02
-2.15783194e-01
-1.32796427e-01
0.00000000e+00
-1.24597246e-01
2.15093121e-01
1.52791643e-01
8.58882772e-02
-1.22451930e-01
-1.09625135e-01
-9.64300373e-02
1.75481569e-01
1.40026470e-01
3.11304408e-02
-3.12927726e-01
1.33097829e-01
0.00000000e+00
1.15149365e-01
5.81618534e-01
8.15483319e-02
3.76662056e-02
1.38832912e-02
2.09130304e-01
0.00000000e+00
0.00000000e+00
0.00000000e+00
-2.06033761e-01
4.88048841e-01
9.54212859e-01
-6.94604175e-01
3.36615295e-01
6.30045721e-01
-5.03993553e-01
8.19363435e-01
2.41042279e-01
0.00000000e+00
-2.06945394e-01
-1.86635374e-01
-5.15442438e-01
-4.36449986e-01
5.28964761e-01
-2.96178870e-02
-1.46454880e-01
-9.44252239e-02
-2.88548263e-01
-4.80011953e-01
-4.46025555e-01
0.00000000e+00
0.00000000e+00
-3.18461316e-02
-9.28604727e-01
-3.19847031e-01
0.00000000e+00
8.84741952e-01
1.12871633e+00
-4.25545820e-02
6.17500703e-02
-3.39042519e-01
-6.08757696e-01
0.00000000e+00
-1.13001991e-01
5.89025368e-02
247
-2.54212149e-01
0.00000000e+00
0.00000000e+00
0.00000000e+00
0.00000000e+00
0.00000000e+00
0.00000000e+00
0.00000000e+00
0.00000000e+00
0.00000000e+00
0.00000000e+00
0.00000000e+00
0.00000000e+00
0.00000000e+00
0.00000000e+00
0.00000000e+00
0.00000000e+00
0.00000000e+00
0.00000000e+00
0.00000000e+00
0.00000000e+00
0.00000000e+00
0.00000000e+00
0.00000000e+00
0.00000000e+00
0.00000000e+00
0.00000000e+00
-2.54212149e-01
0.00000000e+00
9.32419098e-01
-1.18663125e+00
-1.17560022e+00
4.70844742e-01
-3.78896224e-01
0.00000000e+00
0.00000000e+00
0.00000000e+00
0.00000000e+00
0.00000000e+00
0.00000000e+00
0.00000000e+00
0.00000000e+00
0.00000000e+00
2.01772609e-01
4.38995024e-03
-5.45551150e-01
1.46559884e-02
8.95663914e-02
1.97801180e-04
2.32970717e-01
1.79392537e-01
-1.08557046e-01
-2.18035732e-01
-3.39982625e-01
0.00000000e+00
0.00000000e+00
0.00000000e+00
0.00000000e+00
0.00000000e+00
1.48495763e+00
1.68359361e+00
8.11605519e-01
4.80158179e-01
1.13180827e-01
6.77590623e-02
-6.50567119e-01
-1.19512769e+00
8.42890929e-01
5.67224089e-01
1.81216711e-01
-1.23521437e-01
-9.18649668e-01
-1.91533918e+00
0.00000000e+00
0.00000000e+00
0.00000000e+00
0.00000000e+00
0.00000000e+00
0.00000000e+00
9.20257797e-01
1.39695684e-02
-1.42405879e-01
-5.00679364e-01
-7.44515040e-01
-1.48443284e+00
5.55304990e+00
5.48866545e+00
5.40679599e+00
5.46118614e+00
5.36810233e+00
5.51257214e+00
9.49192002e-01
4.83201643e-01
3.33412638e-01
3.12575215e-01
1.84448678e-01
-2.83988663e-01
1.33548584e-02
1.36511180e-01
9.34728228e-02
4.78877707e-02
2.06706042e-01
-4.91173456e-01
-3.72991218e-01
0.00000000e+00
0.00000000e+00
0.00000000e+00
1.18779068e-01
-4.85813863e-01
0.00000000e+00
0.00000000e+00
-1.04924896e+00
-6.89920824e-01
-7.67797034e-01
-8.97944153e-01
-1.73916978e+00
0.00000000e+00
0.00000000e+00
0.00000000e+00
-2.81120899e-01
-6.27642723e-01
-1.43732493e-01
-2.22861932e-01
-3.97890825e-01
-2.11075920e-01
8.93486173e-02
-4.55790588e-01
8.09216255e-01
0.00000000e+00
-1.80353736e-02
1.41828860e-01
-8.77396650e-01
7.40039593e-01
-6.52670585e-01
-6.45789737e-01
4.33218619e-01
3.42506077e-01
1.10470628e-01
1.28209296e-01
-6.40927783e-01
-7.19671096e-02
0.00000000e+00
-1.69849623e-01
1.68600152e-02
-2.57970527e-01
0.00000000e+00
0.00000000e+00
0.00000000e+00
-7.45912427e-02
2.33689507e-01
3.73560731e-01
-2.53623071e-01
4.01113848e-01
5.48475288e-01
-1.78124229e-01
3.50968500e-01
-5.06172844e-02
0.00000000e+00
-2.39851350e-01
-1.47361118e-01
-5.80978620e-01
-4.40646303e-01
3.99808760e-01
2.73546615e-01
-1.58293799e-01
-1.34155301e-01
-2.63478484e-01
-3.17412974e-01
-5.68960673e-01
7.23618166e-02
-5.43930109e-02
-1.58479867e-02
-1.09824200e+00
-9.77281845e-01
0.00000000e+00
0.00000000e+00
1.38084035e-01
-1.20960151e-01
-1.60159482e-01
2.13618466e-01
-1.66522557e-01
-1.66574119e+00
0.00000000e+00
0.00000000e+00
0.00000000e+00
-3.89632832e-01
-2.16198251e+00
-4.34813576e-02
1.09615392e-01
-7.55593114e-01
-8.27147881e-01
3.36428076e-01
4.78789451e-01
7.74613854e-01
0.00000000e+00
-8.86198404e-02
-7.49717010e-01
-6.40801186e-01
9.69991900e-01
-4.16743971e-01
4.23759493e-01
5.33509927e-01
-2.56365632e-01
6.94609520e-01
3.43026540e-01
-4.15992647e-01
1.64992812e-01
0.00000000e+00
0.00000000e+00
4.26582247e-01
-5.43843901e-01
0.00000000e+00
0.00000000e+00
0.00000000e+00
1.23002400e-01
0.00000000e+00
-5.28204903e-01
3.77250933e-01
-1.93494501e-01
5.04051591e-02
4.55233130e-01
-1.26954429e-01
-1.34449916e-01
0.00000000e+00
1.93891569e-01
5.59720612e-01
8.92752855e-02
2.11205319e-01
-2.73795303e-01
-4.03822152e-02
-4.50396134e-02
1.04107239e-01
9.18701718e-02
3.49093559e-01
-5.80985459e-01
0.00000000e+00
1.53009305e-01
-1.35764372e-01
-1.24974854e+00
-9.32789846e-01
0.00000000e+00
7.68351637e-01
7.08085226e-01
-3.16958693e-01
0.00000000e+00
-6.28320616e-01
-2.06231024e-01
1 -999999999 -999999999 0 5
1 0 0 1 1
-2.8048e-01 6.0321e-01
356
1.00792950e-01
0.00000000e+00
0.00000000e+00
0.00000000e+00
0.00000000e+00
0.00000000e+00
0.00000000e+00
0.00000000e+00
0.00000000e+00
0.00000000e+00
0.00000000e+00
0.00000000e+00
0.00000000e+00
0.00000000e+00
0.00000000e+00
0.00000000e+00
0.00000000e+00
0.00000000e+00
0.00000000e+00
0.00000000e+00
0.00000000e+00
0.00000000e+00
0.00000000e+00
0.00000000e+00
0.00000000e+00
0.00000000e+00
0.00000000e+00
0.00000000e+00
0.00000000e+00
0.00000000e+00
0.00000000e+00
1.00792950e-01
0.00000000e+00
-1.45439865e+00
-1.26082114e+00
0.00000000e+00
0.00000000e+00
7.96689687e-01
6.53858106e-01
7.58501909e-01
6.02852806e-01
1.00792950e-01
0.00000000e+00
4.71642157e-03
-8.19330576e-01
0.00000000e+00
0.00000000e+00
7.75231372e-02
-5.97491042e-01
1.85533914e-02
-7.76840232e-02
8.54125305e-02
-1.87552264e-01
-3.80510404e-01
0.00000000e+00
0.00000000e+00
0.00000000e+00
0.00000000e+00
-1.99161003e-01
3.49558491e-01
2.58543164e-01
2.44955706e-01
3.45645325e-01
-3.75700924e-01
-1.20573315e-01
7.71152172e-01
-1.83661220e-01
-9.92345486e-01
-3.74102098e-02
9.05235566e-03
-1.63454716e-01
4.88722093e-01
7.36782284e-03
-2.94101738e-01
-3.50518933e-01
1.22557440e+00
3.08645400e-01
0.00000000e+00
0.00000000e+00
0.00000000e+00
0.00000000e+00
0.00000000e+00
8.37338864e-02
1.10507917e-02
7.74027037e-03
0.00000000e+00
0.00000000e+00
0.00000000e+00
0.00000000e+00
0.00000000e+00
-1.66529590e-01
-2.10728410e-01
-3.27235117e-01
-2.86492427e-01
1.25541281e-01
-1.41489986e-01
-1.14558476e-01
-5.87706340e-03
-1.52467845e-01
8.27853016e-02
0.00000000e+00
0.00000000e+00
0.00000000e+00
0.00000000e+00
3.93043886e+00
2.07675309e+00
0.00000000e+00
0.00000000e+00
0.00000000e+00
0.00000000e+00
0.00000000e+00
4.59172123e-01
-6.65630681e-02
-1.80059766e-01
-2.06066414e-01
-5.67741567e-01
-9.89678929e-01
-2.27870829e+00
0.00000000e+00
0.00000000e+00
0.00000000e+00
0.00000000e+00
0.00000000e+00
0.00000000e+00
7.07403718e-01
-2.08865073e-01
2.03573315e-01
-2.99592865e-01
-6.05149167e-01
-1.77333007e+00
7.00958947e+00
6.90983173e+00
6.82719563e+00
6.72982226e+00
6.99158457e+00
6.63977838e+00
-1.25383208e-01
-7.70142428e-03
-4.89852195e-01
-3.05896928e-01
-3.93965016e-01
-5.96708505e-01
-4.62037227e-01
-4.50242451e-01
-6.58036517e-01
-7.79438250e-01
-8.17974757e-01
-1.37873289e+00
4.59172123e-01
0.00000000e+00
0.00000000e+00
0.00000000e+00
0.00000000e+00
0.00000000e+00
0.00000000e+00
0.00000000e+00
-3.58379173e-01
-3.75491187e-01
-2.28683829e+00
0.00000000e+00
-1.15611301e+00
-5.99501215e-01
-3.86694611e-01
-1.37645892e+00
-1.54280762e+00
0.00000000e+00
0.00000000e+00
0.00000000e+00
2.16561262e-01
0.00000000e+00
-6.12431453e-01
-8.00924662e-02
0.00000000e+00
-6.40340782e-02
-6.23173505e-02
2.10910645e-01
5.69572361e-01
0.00000000e+00
1.34359337e-01
-1.85871132e-01
-9.35772949e-01
-2.80149606e-01
-3.60145491e-01
-2.95307859e-01
-2.63198999e-01
1.69097802e-01
0.00000000e+00
-2.79499706e-02
3.94468089e-01
0.00000000e+00
0.00000000e+00
0.00000000e+00
9.75543821e-02
0.00000000e+00
-4.40613537e-02
-7.27921753e-01
0.00000000e+00
3.06784356e-01
-3.45988204e-01
2.57031661e-01
-4.98267048e-01
0.00000000e+00
3.76373889e-01
-3.45572950e-01
9.76341404e-01
5.00955818e-02
-8.30249470e-02
2.92802754e-01
-1.39663827e-01
0.00000000e+00
0.00000000e+00
2.21984145e-01
-2.73102647e-01
-1.02378145e-01
7.09607555e-02
-1.73338901e-01
0.00000000e+00
1.08705058e-01
-1.09167890e-01
-1.01915313e-01
-4.12584654e-01
0.00000000e+00
0.00000000e+00
0.00000000e+00
-6.83323202e-02
0.00000000e+00
2.12941112e-01
1.39201758e+00
0.00000000e+00
-6.44525114e-01
7.15865686e-01
-3.49172417e-01
3.36013434e-01
0.00000000e+00
-2.25090718e-01
8.93677638e-01
-1.48098616e+00
-2.22948211e-01
-7.26461085e-02
-1.02526941e+00
4.75048607e-03
0.00000000e+00
0.00000000e+00
1.21119865e-01
-1.70724502e-01
-6.03712364e-02
-1.10353265e-01
0.00000000e+00
-1.26970498e+00
0.00000000e+00
0.00000000e+00
0.00000000e+00
0.00000000e+00
0.00000000e+00
0.00000000e+00
0.00000000e+00
-2.15970109e-01
-2.15970109e-01
0.00000000e+00
0.00000000e+00
-1.97596014e+00
0.00000000e+00
0.00000000e+00
0.00000000e+00
-1.20234524e+00
-1.00812341e+00
-4.11919346e-01
1.75773075e-01
2.15973196e-01
6.95249303e-01
7.53963749e-01
-3.56677025e-02
-5.06216265e-01
0.00000000e+00
-4.14422655e-01
-4.08989141e-01
-1.04409218e+00
2.87621790e-01
1.88252854e-01
6.85117490e-01
6.95369046e-02
-2.59267981e-01
3.68686529e-01
-1.25091107e-01
3.01242070e-02
0.00000000e+00
0.00000000e+00
0.00000000e+00
1.74826550e-01
-1.20602377e+00
-7.93493503e-02
-2.16672238e-01
1.06719245e-01
-1.22696463e-01
-1.94233842e-01
-1.39954719e-01
7.73540664e-02
0.00000000e+00
2.84297124e-01
3.44076325e-01
4.99958747e-01
3.97763475e-01
-3.37883488e-01
-2.56620100e-01
-2.05104725e-01
3.23171695e-01
2.29109433e-01
3.51386240e-01
-1.14823536e+00
-3.78881821e-01
0.00000000e+00
3.44971272e-01
-1.01963917e-01
-1.74431566e-02
-6.56626582e-02
-2.95776006e-01
-7.87647763e-02
0.00000000e+00
0.00000000e+00
0.00000000e+00
3.62890500e-02
-1.57778603e+00
-8.80335267e-02
-8.92730476e-01
3.92505980e-01
5.48239613e-02
-6.84378184e-01
5.84193255e-01
-4.89612956e-01
0.00000000e+00
-1.01327798e-01
3.93249433e-02
1.38147413e-01
1.48841129e-01
7.67033748e-01
1.09060230e+00
7.22711280e-01
1.81879344e-02
6.50957747e-02
-3.02652570e-01
-7.69353540e-01
0.00000000e+00
7.00379480e-01
3.00760302e-01
-8.27724777e-01
-2.20619393e-01
0.00000000e+00
0.00000000e+00
-5.87408897e-01
1.48694976e-01
2.30391347e-02
-3.92353504e-01
-6.07105384e-01
0.00000000e+00
0.00000000e+00
2.80652661e-01
247
1.51382012e-01
0.00000000e+00
0.00000000e+00
0.00000000e+00
0.00000000e+00
0.00000000e+00
0.00000000e+00
0.00000000e+00
0.00000000e+00
0.00000000e+00
0.00000000e+00
0.00000000e+00
0.00000000e+00
0.00000000e+00
0.00000000e+00
0.00000000e+00
0.00000000e+00
0.00000000e+00
0.00000000e+00
0.00000000e+00
0.00000000e+00
0.00000000e+00
0.00000000e+00
0.00000000e+00
0.00000000e+00
0.00000000e+00
0.00000000e+00
1.51382012e-01
0.00000000e+00
2.44566139e+00
-2.29427938e+00
-2.65085927e+00
3.20635608e-01
-6.34670806e-01
1.51382012e-01
0.00000000e+00
2.98206263e+00
-2.83068062e+00
-4.17636508e-01
-1.24106306e+00
-9.16982948e-01
-2.43154504e-01
4.30456966e-03
-5.08878243e-02
4.60049883e-03
4.45424340e-01
-3.28731241e-02
0.00000000e+00
0.00000000e+00
0.00000000e+00
0.00000000e+00
3.23854669e-01
2.69490546e-01
1.35725232e-01
0.00000000e+00
0.00000000e+00
0.00000000e+00
0.00000000e+00
0.00000000e+00
4.30985776e+00
2.55971941e+00
0.00000000e+00
0.00000000e+00
0.00000000e+00
0.00000000e+00
0.00000000e+00
9.71820743e-01
6.88818084e-02
2.16634262e-02
1.14795050e-01
-9.71217468e-01
-1.10269066e+00
-2.78827560e+00
0.00000000e+00
0.00000000e+00
0.00000000e+00
0.00000000e+00
0.00000000e+00
0.00000000e+00
4.31727892e-01
-1.64898229e-01
9.08985819e-02
-6.43244810e-01
-6.42687122e-01
-1.48013371e+00
7.43661914e+00
7.39552953e+00
7.42923735e+00
7.30978512e+00
7.36471329e+00
7.12531769e+00
2.72813139e-01
3.82833703e-01
8.88991950e-03
1.30621357e-01
-1.66522993e-02
-1.72789029e-01
-6.27568578e-01
-3.06887537e-01
-6.31294095e-01
-6.40589715e-01
-5.48676540e-01
-1.13579528e+00
4.98367688e-01
0.00000000e+00
0.00000000e+00
0.00000000e+00
-3.46985676e-01
-5.84524558e-01
-2.45923752e+00
0.00000000e+00
-1.21115195e+00
-4.88086286e-01
-6.15381848e-01
-1.25324313e+00
-1.69923823e+00
0.00000000e+00
0.00000000e+00
0.00000000e+00
1.21774146e-01
0.00000000e+00
-1.87167730e-01
-6.36366679e-01
0.00000000e+00
3.82147470e-05
-2.69255164e-01
6.80925298e-01
-4.59246866e-01
0.00000000e+00
-1.75458333e-01
-2.73245295e-01
-6.97124187e-01
-3.24863959e-01
-8.20891875e-02
4.52669573e-01
1.15349632e-01
0.00000000e+00
0.00000000e+00
-6.06173364e-01
-8.54241850e-02
-2.16378770e-02
1.03215280e-01
-1.24853157e-01
0.00000000e+00
-8.49930543e-02
0.00000000e+00
0.00000000e+00
0.00000000e+00
-2.59667942e-02
0.00000000e+00
-1.02194427e+00
-3.96022599e-02
0.00000000e+00
-1.55234816e-01
2.99957889e-01
-5.66579232e-01
0.00000000e+00
0.00000000e+00
3.19955714e-01
4.68534102e-01
7.40279140e-02
-7.80560930e-02
-1.22785664e-01
2.30736805e-01
-5.43743978e-02
0.00000000e+00
0.00000000e+00
4.41316651e-01
-6.37863080e-02
-1.70864845e-02
-4.66998236e-02
0.00000000e+00
-1.61381405e+00
0.00000000e+00
0.00000000e+00
0.00000000e+00
0.00000000e+00
-4.24299978e-01
-4.24299978e-01
0.00000000e+00
0.00000000e+00
-1.86862498e+00
0.00000000e+00
0.00000000e+00
0.00000000e+00
-4.89908483e-01
-2.09652793e+00
1.27656250e-01
6.95277673e-01
1.13922767e-01
3.76010667e-01
6.33618695e-01
2.85279272e-01
-1.27830181e-02
0.00000000e+00
-3.90190973e-01
-9.73491791e-01
-6.76681452e-01
5.49512844e-01
-1.46017424e-01
4.15926369e-01
8.35690901e-02
-3.57033279e-01
5.31474776e-01
-5.38239031e-01
-8.25195247e-01
-1.36576060e-01
0.00000000e+00
1.53972595e-01
-2.01230737e-01
-3.09020768e-01
0.00000000e+00
0.00000000e+00
0.00000000e+00
3.41637073e-02
6.52213133e-01
-2.55543072e-01
1.21274108e-01
-4.96543059e-01
-8.53727230e-03
1.52959161e-01
-5.29617043e-01
6.93034419e-01
0.00000000e+00
2.74517544e-01
7.33094222e-02
1.42928144e-02
-6.28040621e-02
-7.62901506e-01
-5.44778629e-01
-4.13209500e-01
2.59504969e-01
2.67531958e-02
4.62890901e-01
-6.88619187e-01
0.00000000e+00
5.78820676e-01
6.27125042e-02
-1.04342973e+00
-4.78805788e-01
0.00000000e+00
0.00000000e+00
-8.46231953e-02
-5.64623942e-01
0.00000000e+00
0.00000000e+00
3.60567490e-01
3 1
2.6363e-01 -1.4548e-01
2 0
0 5 
217
-2.89441991e-01
-3.86559095e-01
4.89792339e-01
-2.18402295e-02
1.51220386e-02
8.88512749e-02
2.32434327e-02
-2.89557736e-02
-4.85368841e-02
-2.51897028e-01
-2.88720525e-01
9.68945092e-02
9.44994654e-03
3.92093998e-01
0.00000000e+00
0.00000000e+00
0.00000000e+00
-5.11385866e-03
-1.08719992e-02
-1.88494085e-02
-8.93839750e-02
-6.81746026e-04
-3.72779742e-01
-1.94944158e-01
-1.23828501e-03
-2.13575993e-01
4.41304650e-01
3.14756952e-01
-2.62728623e-01
-4.88310509e-01
-2.94464461e-01
0.00000000e+00
0.00000000e+00
0.00000000e+00
0.00000000e+00
0.00000000e+00
-1.99316676e-01
-2.69779745e-01
1.79654429e-01
0.00000000e+00
0.00000000e+00
0.00000000e+00
0.00000000e+00
0.00000000e+00
-1.99316676e-01
2.35623967e-01
-5.05403711e-01
1.79654429e-01
0.00000000e+00
0.00000000e+00
0.00000000e+00
0.00000000e+00
0.00000000e+00
0.00000000e+00
0.00000000e+00
0.00000000e+00
0.00000000e+00
0.00000000e+00
0.00000000e+00
0.00000000e+00
0.00000000e+00
0.00000000e+00
-9.01253158e-02
0.00000000e+00
-7.04720387e-01
-1.59325245e+00
3.36295096e-01
9.86992332e-01
7.89832996e-02
4.14587544e-01
0.00000000e+00
3.63072909e-02
-8.31685035e-02
-2.07101203e-01
1.30749208e-01
-1.18648080e-01
3.15505794e-01
0.00000000e+00
0.00000000e+00
0.00000000e+00
0.00000000e+00
0.00000000e+00
0.00000000e+00
0.00000000e+00
0.00000000e+00
0.00000000e+00
0.00000000e+00
0.00000000e+00
0.00000000e+00
0.00000000e+00
0.00000000e+00
0.00000000e+00
0.00000000e+00
0.00000000e+00
0.00000000e+00
0.00000000e+00
0.00000000e+00
0.00000000e+00
0.00000000e+00
0.00000000e+00
0.00000000e+00
0.00000000e+00
0.00000000e+00
0.00000000e+00
0.00000000e+00
0.00000000e+00
0.00000000e+00
0.00000000e+00
0.00000000e+00
0.00000000e+00
0.00000000e+00
0.00000000e+00
0.00000000e+00
0.00000000e+00
0.00000000e+00
0.00000000e+00
0.00000000e+00
0.00000000e+00
0.00000000e+00
-7.79357693e-02
-1.12574464e+00
-9.36457221e-01
0.00000000e+00
0.00000000e+00
0.00000000e+00
3.54434761e-01
-5.85808043e-01
1.60206851e-01
-9.06498027e-01
-4.09519006e-01
6.89914361e-01
2.28956467e-02
9.06841655e-01
2.62291034e-01
0.00000000e+00
6.30679087e-01
-1.60592101e+00
-8.99422999e-01
4.26688168e-01
4.59745685e-02
-4.68844601e-01
3.72502353e-01
-2.59093199e-01
-2.56314837e-01
5.82536013e-01
1.91384119e-01
0.00000000e+00
0.00000000e+00
0.00000000e+00
1.00181852e-01
-5.92317049e-01
-1.11532183e-01
7.78354876e-01
-5.37821917e-01
-3.04793601e-01
3.81305621e-01
-3.33223772e-01
-2.04569806e-02
0.00000000e+00
1.96014667e-01
6.61824000e-01
-2.23666535e-01
1.27880851e-01
9.69761646e-03
2.51158287e-02
-2.82065106e-02
-1.07381462e-01
1.04236683e-01
6.61721350e-02
-1.06891177e+00
0.00000000e+00
0.00000000e+00
0.00000000e+00
-4.10166114e-01
-6.70534317e-01
-3.67507119e-01
1.15803300e+00
-5.65691194e-01
6.17746905e-01
1.03953663e+00
-1.62331359e-01
-5.16803161e-01
0.00000000e+00
1.00896792e-01
-5.36635982e-01
-7.47652869e-01
4.65089022e-01
-1.17567629e+00
8.95193726e-01
7.82606519e-01
-5.04238513e-01
-2.92016742e-01
-1.78760708e-01
-1.16788275e-01
0.00000000e+00
0.00000000e+00
0.00000000e+00
2.47481088e-01
-9.36175571e-01
-5.00690137e-02
-3.32075026e-01
-2.39089101e-01
3.08025018e-01
7.18855768e-02
2.18678096e-01
4.13659479e-01
0.00000000e+00
1.35168252e-01
-4.38390307e-03
-3.96328814e-01
-8.55173861e-02
8.10647331e-01
-6.32938196e-02
-1.25134355e-01
-2.50330539e-01
9.78647410e-02
6.21996692e-02
136
1.11931570e+00
0.00000000e+00
0.00000000e+00
9.52053528e-02
8.65622051e-03
2.22741829e-01
7.50851198e-03
8.01368521e-01
6.94697714e-05
8.43302313e-01
3.22409832e-01
-6.13214948e-02
-2.58991689e-02
4.08242217e-02
0.00000000e+00
0.00000000e+00
0.00000000e+00
0.00000000e+00
0.00000000e+00
-3.73926225e-01
-3.09008347e-02
1.52414276e+00
0.00000000e+00
0.00000000e+00
0.00000000e+00
0.00000000e+00
0.00000000e+00
-3.73926225e-01
5.80849481e-01
-6.11750316e-01
1.52414276e+00
0.00000000e+00
0.00000000e+00
0.00000000e+00
0.00000000e+00
0.00000000e+00
0.00000000e+00
0.00000000e+00
0.00000000e+00
0.00000000e+00
0.00000000e+00
0.00000000e+00
0.00000000e+00
0.00000000e+00
0.00000000e+00
0.00000000e+00
0.00000000e+00
-9.85676541e-01
3.23148956e-01
-7.21236273e-01
-1.11766914e+00
0.00000000e+00
2.06923256e-01
-6.51315102e-01
-2.88129706e-01
-2.27264794e-01
0.00000000e+00
0.00000000e+00
0.00000000e+00
0.00000000e+00
0.00000000e+00
0.00000000e+00
1.49324193e+00
0.00000000e+00
0.00000000e+00
0.00000000e+00
0.00000000e+00
0.00000000e+00
0.00000000e+00
0.00000000e+00
0.00000000e+00
0.00000000e+00
0.00000000e+00
0.00000000e+00
0.00000000e+00
0.00000000e+00
0.00000000e+00
0.00000000e+00
0.00000000e+00
0.00000000e+00
0.00000000e+00
0.00000000e+00
0.00000000e+00
0.00000000e+00
0.00000000e+00
0.00000000e+00
-3.34765394e-01
-1.02756080e+00
-9.77152378e-01
0.00000000e+00
0.00000000e+00
0.00000000e+00
6.67287163e-01
-2.59517370e+00
2.05886569e-01
-7.18145709e-01
-1.11225018e+00
2.03557957e-01
1.53342939e-01
6.70199639e-01
2.73533113e-01
0.00000000e+00
1.29964419e+00
-6.40943695e-01
-1.23534822e+00
6.65099974e-01
2.71137537e-01
3.08489453e-01
6.31339149e-01
-7.45523888e-01
-8.43391473e-03
7.29149257e-01
-1.40143408e+00
0.00000000e+00
0.00000000e+00
0.00000000e+00
4.24227112e-01
-2.79715804e+00
4.41998291e-01
7.98884530e-01
-9.45894125e-01
7.66053333e-01
7.02807466e-01
2.52822107e-01
-1.03291602e-01
0.00000000e+00
1.10732726e+00
-1.05372295e+00
-1.03819868e+00
8.15825658e-01
-8.47762971e-01
1.97716344e-01
2.29836412e-01
-1.03853047e+00
-1.17829232e-02
6.97409179e-01
17 1
-2.8370e-01 1.1714e-01
4 0
0 5 3 1 
217
3.96123768e-01
-6.62830554e-01
-8.31778513e-02
2.45396064e-01
4.91663894e-02
1.41024543e-01
3.10963736e-01
-2.25437315e-01
6.25408240e-03
-9.58788214e-02
1.79714164e-01
-4.20160958e-01
-1.49974603e-01
-1.71384009e-01
0.00000000e+00
0.00000000e+00
0.00000000e+00
-1.40493210e-02
-1.01112443e-03
-1.88884937e-01
7.46828338e-02
-5.22598539e-03
-4.22993752e-02
3.35490256e-01
-8.75654284e-04
-2.77936269e-01
1.03906533e+00
3.51070784e-01
-2.69762180e-01
-4.21363203e-01
-3.02886966e-01
0.00000000e+00
0.00000000e+00
0.00000000e+00
0.00000000e+00
0.00000000e+00
0.00000000e+00
-1.97414741e-01
4.03354293e-02
2.75210537e-01
2.72783788e-01
0.00000000e+00
0.00000000e+00
0.00000000e+00
0.00000000e+00
1.84279334e-01
-4.48109562e-01
3.73345462e-01
0.00000000e+00
-2.20049844e-01
-2.75733132e-02
3.10040046e-01
6.64154873e-02
6.01006666e-01
-7.89385651e-01
4.04357447e-01
0.00000000e+00
-2.85406828e-01
-1.53780128e-01
2.72783788e-01
1.52567403e-01
6.64154873e-02
1.71932123e-01
0.00000000e+00
-1.24423230e+00
-1.48933877e+00
1.03972788e+00
1.06688611e+00
6.00628188e-01
7.53520293e-01
0.00000000e+00
4.54445681e-01
-1.71690062e-01
8.62363021e-03
-6.01242548e-03
-6.69455427e-02
-1.75309936e-01
0.00000000e+00
3.97117938e-01
-1.23167324e-01
2.03337772e-03
-7.69441432e-01
-3.02754780e-03
-2.60594991e-01
1.93143330e-01
-1.60024516e-02
-1.26643469e-01
1.79222708e-01
-6.53917461e-01
3.97601820e-02
-3.90044784e-02
0.00000000e+00
0.00000000e+00
0.00000000e+00
0.00000000e+00
0.00000000e+00
0.00000000e+00
0.00000000e+00
0.00000000e+00
0.00000000e+00
0.00000000e+00
0.00000000e+00
0.00000000e+00
0.00000000e+00
0.00000000e+00
0.00000000e+00
0.00000000e+00
0.00000000e+00
0.00000000e+00
0.00000000e+00
0.00000000e+00
0.00000000e+00
0.00000000e+00
0.00000000e+00
0.00000000e+00
0.00000000e+00
0.00000000e+00
0.00000000e+00
0.00000000e+00
2.18975357e-01
-9.02775870e-01
-4.57517681e-01
0.00000000e+00
0.00000000e+00
0.00000000e+00
5.62947613e-01
-5.51339314e-01
-7.32676191e-02
-3.46114659e-01
-6.07390125e-01
5.67439887e-01
6.52914172e-01
4.50799493e-01
-4.19685875e-01
0.00000000e+00
1.33215191e+00
-8.89337334e-01
-1.07025356e+00
-1.37222002e-01
-2.92211269e-01
-1.19980639e+00
4.22335699e-01
-2.39984896e-01
3.29522683e-01
1.05098391e+00
-3.43727206e-02
0.00000000e+00
0.00000000e+00
0.00000000e+00
1.70947945e-02
-7.46897430e-01
-3.10107633e-02
2.86898892e-01
-4.48562781e-01
-2.59902911e-01
1.34436252e-02
-7.53890127e-02
1.88203970e-01
0.00000000e+00
-6.57598661e-02
4.11853359e-01
-1.61517320e-01
4.78042929e-01
4.17952250e-02
5.17715882e-01
6.44992328e-03
-1.13147204e-01
-1.72187438e-02
-7.64652880e-02
-9.46239480e-01
0.00000000e+00
0.00000000e+00
0.00000000e+00
-3.81850295e-01
-6.88899009e-01
3.41124190e-01
1.31189803e+00
-2.33114129e-01
9.61434722e-01
6.00985703e-01
-1.63274724e-01
-7.26909334e-01
0.00000000e+00
1.69877813e-01
-5.62205724e-01
-8.41934504e-01
1.76052177e-01
-5.27599380e-02
5.33670813e-02
-1.33367539e-01
-3.89194979e-01
-4.99759896e-02
-3.37493037e-01
-1.46094982e-01
0.00000000e+00
0.00000000e+00
0.00000000e+00
2.48124175e-01
-1.00158139e+00
1.40293721e-01
-3.01343345e-01
-1.97547819e-02
3.33113943e-01
-7.76310100e-02
2.08501245e-01
3.38403468e-01
0.00000000e+00
1.51807316e-01
-2.10295887e-01
-3.33391530e-01
6.30152396e-02
1.83336572e-01
1.38241132e-01
1.47968185e-01
-3.26008073e-01
-7.79983072e-02
2.49104349e-01
136
6.58502650e-01
0.00000000e+00
0.00000000e+00
6.02949274e-02
9.99493255e-03
-1.55688388e-03
7.24713195e-03
5.99764606e-01
-1.74950653e-04
4.34424883e-01
3.19611603e-01
-5.62704519e-02
-6.76166703e-02
2.83532865e-02
0.00000000e+00
0.00000000e+00
0.00000000e+00
0.00000000e+00
0.00000000e+00
-1.20867521e-02
-3.93601905e-01
1.65189578e-01
4.60962860e-01
4.38038870e-01
0.00000000e+00
0.00000000e+00
0.00000000e+00
-1.20867521e-02
2.44292600e-01
-7.88724169e-02
3.94690744e-01
1.80676105e-01
-3.42506901e-01
1.55927713e-01
3.01582889e-01
-7.39698193e-01
5.80905490e-01
-4.56005029e-01
8.52527910e-01
-1.67822439e-01
-2.15580435e-01
-4.77567504e-01
4.38038870e-01
0.00000000e+00
0.00000000e+00
0.00000000e+00
0.00000000e+00
-1.59544852e+00
5.78327110e-01
-4.21627770e-01
-1.45460380e+00
0.00000000e+00
-4.71820526e-01
-3.05122804e-01
-1.32734829e-01
-9.77794004e-02
0.00000000e+00
7.85754353e-01
-5.84577591e-01
3.31610379e-01
-1.24689608e-01
5.74574484e-01
3.85222037e-01
-8.23561966e-02
2.43515206e-01
-4.11800398e-01
0.00000000e+00
0.00000000e+00
0.00000000e+00
0.00000000e+00
0.00000000e+00
0.00000000e+00
0.00000000e+00
0.00000000e+00
0.00000000e+00
0.00000000e+00
0.00000000e+00
0.00000000e+00
0.00000000e+00
0.00000000e+00
0.00000000e+00
0.00000000e+00
0.00000000e+00
0.00000000e+00
0.00000000e+00
0.00000000e+00
-3.88329082e-01
-1.04011771e+00
-9.00694779e-01
0.00000000e+00
0.00000000e+00
0.00000000e+00
6.21909916e-01
-2.28086158e+00
1.37150727e-01
-9.35753396e-02
-1.26917470e+00
1.33159674e-01
2.92639515e-01
5.44940975e-01
2.19693851e-01
0.00000000e+00
1.18441721e+00
-3.81670894e-01
-1.30679924e+00
5.70136554e-01
2.89266706e-01
4.76018927e-02
5.26560439e-01
-7.20355647e-01
-9.75916025e-02
6.81856765e-01
-1.35684411e+00
0.00000000e+00
0.00000000e+00
0.00000000e+00
3.68699085e-01
-2.70921398e+00
-8.80482369e-02
7.13740527e-01
-1.27836203e+00
5.90756504e-01
1.07347590e+00
2.81596594e-01
1.26893252e-01
0.00000000e+00
9.58136088e-01
-8.74185284e-01
-1.20006094e+00
7.29751444e-01
-3.25668104e-01
4.35952671e-01
3.85971138e-01
-1.09667131e+00
2.16336741e-03
5.48229200e-01
2 1
-4.3726e-02 1.4802e-01
5 1
0 5 3 1 17 
217
4.87976211e-01
2.04640333e-01
-7.15158489e-01
-3.28068300e-01
-1.11527446e-01
9.85966155e-01
7.93720385e-01
3.73985006e-01
8.92184439e-01
-5.50380082e-01
-3.53973713e-02
1.90993385e-01
-1.05100380e+00
-6.48404132e-01
2.34709835e-01
-7.65337706e-04
-6.95444203e-01
2.53266377e-01
5.03509987e-03
-6.84513499e-01
0.00000000e+00
0.00000000e+00
0.00000000e+00
0.00000000e+00
0.00000000e+00
0.00000000e+00
0.00000000e+00
0.00000000e+00
1.94843348e-01
1.18062959e-01
1.77679128e-01
0.00000000e+00
0.00000000e+00
0.00000000e+00
0.00000000e+00
0.00000000e+00
-2.06148697e-01
4.16886093e-01
-1.98294874e-01
-3.15881918e-01
1.89520952e-01
6.01894655e-01
0.00000000e+00
0.00000000e+00
-1.62011686e-01
-4.39213749e-01
-4.88959850e-01
1.57218231e-01
0.00000000e+00
-2.47316241e-01
8.31835196e-01
4.22771660e-01
-1.49458733e-01
9.92161894e-01
-3.31252602e-01
5.89508723e-01
2.59960534e-01
9.49766789e-02
-5.81668682e-01
-2.06860011e-01
2.02253894e-01
4.65113908e-01
2.67571062e-02
0.00000000e+00
-8.75270974e-01
-9.56980644e-01
6.04713701e-01
9.82053610e-01
7.58533485e-01
7.78169207e-01
0.00000000e+00
9.53835476e-02
-3.65090070e-01
4.99478876e-01
-3.11523580e-01
-1.06886212e-01
-5.71190625e-01
0.00000000e+00
1.67992228e-01
8.48028306e-02
2.26194223e-01
-6.86637379e-01
9.37897606e-02
-1.34417331e-02
0.00000000e+00
-1.79391591e-01
-6.42857763e-01
3.32454616e-01
-7.85506179e-01
3.34913186e-01
-7.99259684e-01
0.00000000e+00
3.90960173e-01
-2.86881262e-02
1.02707910e-01
-1.50993510e-01
-5.69187122e-03
-1.04931859e-01
0.00000000e+00
0.00000000e+00
0.00000000e+00
0.00000000e+00
0.00000000e+00
0.00000000e+00
0.00000000e+00
0.00000000e+00
0.00000000e+00
0.00000000e+00
0.00000000e+00
0.00000000e+00
0.00000000e+00
0.00000000e+00
0.00000000e+00
0.00000000e+00
0.00000000e+00
0.00000000e+00
0.00000000e+00
0.00000000e+00
0.00000000e+00
-3.66744302e-01
-9.11893441e-01
-1.00621336e+00
0.00000000e+00
0.00000000e+00
0.00000000e+00
1.81226263e-02
-1.04995078e+00
-1.88385449e-01
1.78348294e-01
-1.52063395e+00
8.83859815e-02
4.02674352e-01
3.90051818e-01
7.75760842e-01
0.00000000e+00
7.83172751e-01
6.87433903e-01
-1.98895647e+00
4.57297989e-01
2.29326028e-01
1.59717676e-01
1.94871027e-01
-1.04090483e+00
-3.65444098e-02
4.53999239e-01
2.15677439e-02
0.00000000e+00
0.00000000e+00
0.00000000e+00
5.90714896e-01
-1.26216763e+00
1.03914288e-01
7.47458539e-02
2.47388568e-01
3.65626417e-01
2.06367691e-01
2.00070360e-01
-3.91997333e-01
0.00000000e+00
3.42096442e-01
-1.34318676e+00
-1.79545051e-02
4.22926374e-02
-1.39899046e-01
2.34037635e-01
3.55188900e-01
1.69719708e-01
-2.46947688e-02
2.69304387e-01
-9.94276213e-01
0.00000000e+00
0.00000000e+00
0.00000000e+00
1.86699860e-01
-1.59133815e+00
3.49452553e-01
7.06253786e-01
-4.90682702e-01
2.03934502e-01
1.07875494e+00
3.43761747e-01
7.09972033e-01
0.00000000e+00
5.21188349e-01
-8.43689740e-01
-1.51412113e+00
2.92899188e-01
-3.97703805e-04
1.64837164e-01
1.52460294e-01
-6.43542644e-01
-2.71377389e-01
-3.49341171e-01
-2.07069800e-01
0.00000000e+00
0.00000000e+00
0.00000000e+00
2.59843010e-01
-1.52079072e+00
-3.86032972e-01
-5.88953002e-02
-1.28678519e-01
3.23489608e-01
-8.25136375e-02
-1.66668177e-01
-1.02303187e+00
0.00000000e+00
4.14675331e-01
3.04656936e-01
3.42938502e-01
4.67690940e-01
-2.20341311e-01
1.12814793e-01
9.08272321e-02
5.83629818e-02
4.43407385e-01
5.61175984e-01
136
9.44613146e-01
4.53755172e-01
1.10752573e-03
4.90857974e-01
2.12038230e-03
0.00000000e+00
0.00000000e+00
0.00000000e+00
0.00000000e+00
0.00000000e+00
0.00000000e+00
3.51791583e-01
3.16613228e-01
2.88622077e-01
0.00000000e+00
0.00000000e+00
0.00000000e+00
0.00000000e+00
0.00000000e+00
1.60708600e-01
-4.28621450e-01
-4.50563715e-01
-1.39407881e-01
5.73771336e-01
1.22872626e+00
0.00000000e+00
0.00000000e+00
3.88725361e-02
-5.34464555e-01
-8.12490223e-01
7.62013966e-01
4.25821748e-01
-2.74868530e-01
1.09293258e-01
9.72647723e-01
-7.26054075e-01
7.52755110e-01
-5.02577677e-01
1.29510528e+00
-5.26783871e-01
-5.03606714e-03
-3.53923991e-01
3.24302513e-01
0.00000000e+00
0.00000000e+00
0.00000000e+00
0.00000000e+00
-2.34784229e+00
4.55013623e-01
-7.23113993e-01
-1.10873774e+00
0.00000000e+00
-8.49757702e-01
-3.58294870e-01
-3.17320464e-01
-7.91136470e-02
0.00000000e+00
2.73160363e-01
-7.11842463e-01
2.47451731e-01
-1.30297576e-01
-3.57386910e-01
1.21740202e+00
2.05068315e-01
5.04237690e-01
-3.96539418e-01
0.00000000e+00
2.69935334e-01
-4.31199853e-01
6.68872231e-02
1.62574267e-01
0.00000000e+00
0.00000000e+00
0.00000000e+00
0.00000000e+00
0.00000000e+00
0.00000000e+00
0.00000000e+00
0.00000000e+00
0.00000000e+00
0.00000000e+00
0.00000000e+00
0.00000000e+00
0.00000000e+00
0.00000000e+00
0.00000000e+00
-1.64146946e-01
-6.55780468e-01
-9.69282201e-01
0.00000000e+00
0.00000000e+00
0.00000000e+00
6.21932074e-01
-2.81609090e+00
1.04680815e-01
-8.36738651e-02
-9.57043026e-01
5.53671436e-01
2.35043564e-01
1.05679967e+00
-4.17010982e-02
0.00000000e+00
7.88561789e-01
-9.66826607e-01
-1.42451290e+00
5.35751581e-01
7.12446549e-01
7.98348813e-01
5.09254679e-01
-8.90462330e-01
-1.25093089e-01
4.19630644e-01
-1.11160811e+00
0.00000000e+00
0.00000000e+00
0.00000000e+00
2.65675494e-01
-2.70198064e+00
1.86250508e-01
8.03264527e-01
-1.03846944e+00
8.79659514e-01
1.03516052e+00
2.42791918e-01
2.10128070e-01
0.00000000e+00
8.93292401e-01
-1.21368890e+00
-1.22278033e+00
7.57361271e-01
-3.28714506e-01
4.01453234e-01
2.68103264e-01
-9.62554003e-01
4.76609924e-02
3.65777995e-01
12 1
-3.4569e-01 1.5512e-01
6 0
0 5 3 1 17 2 
217
2.91448598e-01
-4.37275993e-01
-6.62243608e-02
-1.65331251e-01
1.13060594e-01
4.06442937e-03
9.79900709e-02
-3.03430436e-01
-6.67622906e-02
-6.06714450e-02
2.07767158e-02
2.66657266e-01
1.26383507e-01
-3.79252525e-02
0.00000000e+00
0.00000000e+00
0.00000000e+00
-1.29419692e-02
2.17792962e-03
8.72912194e-04
-2.36462458e-02
-1.57008334e-02
4.14373869e-01
3.28036813e-01
-7.93984665e-04
-1.42225531e-02
4.33170949e-01
2.02511508e-01
-2.87315312e-01
-2.11509866e-01
1.54591318e-01
0.00000000e+00
0.00000000e+00
0.00000000e+00
0.00000000e+00
0.00000000e+00
0.00000000e+00
9.82000908e-03
-1.86970827e-01
-1.37725792e-01
1.61302688e-01
2.06218589e-01
2.23857102e-01
0.00000000e+00
0.00000000e+00
-1.26308738e-01
-7.58699170e-01
5.35340294e-01
0.00000000e+00
-2.13134083e-01
1.29451247e-02
2.98610999e-01
-8.07170787e-02
8.49445066e-01
-4.00327934e-01
3.79034037e-01
1.93531998e-01
-1.66874142e-01
-2.07524123e-01
-2.33589338e-02
-1.24364055e-01
-7.08322800e-02
4.71698104e-01
0.00000000e+00
-1.24130590e+00
-1.54934600e+00
9.73738940e-01
1.09736269e+00
5.59015560e-01
3.71816019e-01
0.00000000e+00
4.55428303e-01
-1.36541570e-01
-5.82339783e-02
-2.92371539e-01
-1.05745727e-01
-2.16115651e-01
0.00000000e+00
4.06547337e-01
1.87802856e-01
-9.14471395e-02
-5.62964900e-01
-2.36515996e-02
-3.42923356e-01
-2.04836608e-01
-4.69236855e-02
-5.29231250e-02
1.73834125e-01
-5.31074117e-01
3.69374766e-01
1.04017305e-01
0.00000000e+00
2.54852625e-01
1.44545447e-01
1.50593709e-01
-4.44152622e-02
-1.13997737e-01
2.71296430e-02
5.84971840e-02
-1.75714953e-01
-2.23065699e-01
1.25391505e-01
-3.85350479e-01
2.83274862e-01
8.89131459e-02
0.00000000e+00
0.00000000e+00
0.00000000e+00
0.00000000e+00
0.00000000e+00
0.00000000e+00
0.00000000e+00
0.00000000e+00
0.00000000e+00
0.00000000e+00
0.00000000e+00
0.00000000e+00
0.00000000e+00
0.00000000e+00
-1.31461502e-01
-1.05875949e+00
-5.53125640e-01
0.00000000e+00
0.00000000e+00
0.00000000e+00
2.15722903e-01
-4.35850860e-01
-3.53859450e-01
3.58875438e-01
-4.31116701e-01
3.99807547e-01
5.22374355e-01
-3.44300520e-01
-1.38006263e-01
0.00000000e+00
8.72215795e-01
-1.08522195e+00
-5.41797672e-01
2.98850341e-01
-5.15283435e-03
-8.39372223e-01
3.40858021e-01
-3.23308789e-01
2.60780143e-01
6.75377080e-01
-1.03403705e-01
0.00000000e+00
0.00000000e+00
0.00000000e+00
2.04140058e-01
-9.57825321e-01
1.42263034e-01
-4.06267838e-02
-5.08386207e-01
-1.16962776e-01
1.00215059e-01
2.64237500e-01
2.23390902e-01
0.00000000e+00
1.81061024e-01
5.11423544e-01
-5.50878220e-01
2.96578563e-01
1.55414291e-02
3.30903454e-01
1.64506395e-02
-6.77422537e-02
-1.90776311e-01
4.35889600e-02
-8.96910080e-01
0.00000000e+00
0.00000000e+00
0.00000000e+00
-3.38286219e-01
-6.04585049e-01
-2.64311520e-01
6.99737057e-01
-4.57183984e-01
8.06532019e-01
3.86346192e-01
1.59725722e-01
-1.05562009e-01
0.00000000e+00
1.10073230e-01
-7.34311593e-01
-8.83980490e-01
2.64225014e-01
2.18084136e-01
4.50149549e-01
-2.40008414e-01
-4.18221570e-01
-3.07842293e-02
8.54520798e-02
-2.21806026e-01
0.00000000e+00
0.00000000e+00
0.00000000e+00
2.92310716e-01
-1.12619959e+00
5.64408441e-02
-2.75157318e-02
-1.98920751e-01
1.52739392e-01
1.51166307e-01
9.03533414e-02
1.98038581e-01
0.00000000e+00
3.61153771e-01
3.75691969e-03
-3.86199964e-01
1.91529725e-02
1.95509690e-03
9.46612432e-02
2.06155782e-01
-2.57441239e-01
-1.30377577e-03
1.47890058e-01
136
7.13231421e-01
0.00000000e+00
0.00000000e+00
2.11263187e-02
1.45336564e-02
5.57001408e-02
7.29259423e-03
6.36404962e-01
-6.67380085e-05
5.84701965e-01
2.72064958e-01
-1.08057337e-01
-6.03918819e-02
2.49137181e-02
0.00000000e+00
0.00000000e+00
0.00000000e+00
0.00000000e+00
0.00000000e+00
5.97975232e-01
-4.52056540e-01
-3.80243548e-01
-2.33431578e-01
2.23862057e-01
4.65350591e-01
4.91775208e-01
0.00000000e+00
-3.48074663e-01
1.91482121e-01
-2.74067303e-01
8.08838394e-01
2.64738025e-01
-3.50095357e-01
2.19099209e-01
4.86956271e-01
-1.02198063e+00
7.88838289e-01
-2.73800729e-01
9.82711105e-01
-9.89485712e-02
-4.75202431e-01
-1.65423945e-01
-2.18383674e-02
0.00000000e+00
0.00000000e+00
0.00000000e+00
0.00000000e+00
-1.69845860e+00
5.42786161e-01
-4.39317945e-01
-1.32518952e+00
0.00000000e+00
-1.04924321e+00
-3.21387931e-01
-2.71051622e-01
-1.56254023e-01
0.00000000e+00
8.53946588e-01
-4.96158757e-01
4.40829971e-01
-1.68731673e-01
5.42832521e-01
4.06237435e-01
8.65104593e-04
2.83500473e-01
-5.26983978e-01
0.00000000e+00
1.37061514e-01
-3.37666086e-01
6.27313463e-02
1.68538137e-01
4.56281447e-01
3.20910039e-01
-3.27858417e-01
2.27540273e-01
-1.58248341e-01
0.00000000e+00
0.00000000e+00
0.00000000e+00
0.00000000e+00
0.00000000e+00
0.00000000e+00
0.00000000e+00
0.00000000e+00
0.00000000e+00
0.00000000e+00
-2.83112189e-01
-1.00460722e+00
-8.41428134e-01
0.00000000e+00
0.00000000e+00
0.00000000e+00
6.13992482e-01
-2.16901922e+00
8.73290400e-02
-5.82457439e-02
-1.25691056e+00
7.46341508e-02
2.87945146e-01
5.54865405e-01
1.31158107e-01
0.00000000e+00
1.16071282e+00
-4.28420619e-01
-1.24728295e+00
6.23687604e-01
1.82238188e-01
5.44405232e-02
5.53547750e-01
-6.71499754e-01
-5.53700929e-02
7.20769600e-01
-1.32172591e+00
0.00000000e+00
0.00000000e+00
0.00000000e+00
3.43433111e-01
-2.82903058e+00
1.22948898e-01
7.02911656e-01
-1.05906654e+00
9.27595788e-01
9.91744560e-01
2.69556650e-01
4.92955128e-02
0.00000000e+00
8.35001874e-01
-9.41232860e-01
-1.17213592e+00
6.80671667e-01
-2.83228977e-01
3.56481341e-01
3.57160919e-01
-1.12565830e+00
-4.06809807e-02
4.92506278e-01
21 1
-5.8906e-01 2.3446e-01
7 0
0 5 3 1 17 2 12 
217
3.52391166e-01
-5.58730915e-01
-6.41698362e-02
-2.08928735e-02
3.15564731e-01
1.31381778e-01
1.98764187e-01
-1.32829278e-01
-1.43063656e-01
1.26376022e-01
3.52594556e-02
-5.95462841e-03
-5.41335509e-02
-4.30146836e-02
0.00000000e+00
0.00000000e+00
0.00000000e+00
-2.62241642e-02
3.95850174e-03
-2.45080485e-01
-1.14062668e-01
1.99126823e-03
2.08207483e-01
4.92677999e-01
-1.00580413e-03
-8.52867507e-02
8.07387553e-01
4.45532864e-01
-1.49743428e-01
-3.89820697e-01
-3.60965125e-01
0.00000000e+00
0.00000000e+00
0.00000000e+00
0.00000000e+00
0.00000000e+00
0.00000000e+00
-2.05655399e-01
-2.20949527e-01
-3.31046188e-01
9.01319142e-02
2.16454419e-01
2.32685242e-01
2.18020235e-01
0.00000000e+00
-3.81599389e-01
-7.10617349e-01
4.36907897e-01
0.00000000e+00
-1.29616754e-01
-3.00954705e-01
4.06469529e-01
7.31780936e-02
6.42504621e-01
-3.55493049e-01
5.13099382e-01
0.00000000e+00
-5.47676910e-02
0.00000000e+00
2.36721961e-01
-4.19641148e-01
1.84238133e-01
2.35043712e-01
0.00000000e+00
-1.31732839e+00
-1.41614675e+00
9.65691614e-01
1.20314515e+00
7.04027943e-01
7.80511850e-01
0.00000000e+00
3.89901882e-01
-2.06050283e-01
2.99169178e-02
-6.78965377e-02
-6.74276332e-02
-7.59985288e-02
0.00000000e+00
5.10966827e-01
6.26217301e-02
-1.44773509e-01
-7.04331731e-01
-1.38021513e-02
-2.55628872e-01
-2.24367497e-01
-1.69875376e-01
-5.10067950e-02
3.02284272e-01
-4.59047340e-01
4.44349768e-01
2.07591454e-01
0.00000000e+00
3.85352668e-01
1.01543803e-01
1.85735625e-02
-2.16959419e-01
-5.15350639e-02
5.24308819e-03
2.01743721e-02
-1.59345236e-01
-1.57509078e-01
1.38608713e-01
-4.53322333e-01
3.52953317e-01
7.36788220e-02
0.00000000e+00
3.06899081e-01
-2.19325196e-01
1.19804226e-01
4.08675444e-02
-7.43121404e-02
-2.05240994e-02
0.00000000e+00
0.00000000e+00
0.00000000e+00
0.00000000e+00
0.00000000e+00
0.00000000e+00
0.00000000e+00
9.44920883e-02
-1.00315932e+00
-6.19504813e-01
0.00000000e+00
0.00000000e+00
0.00000000e+00
3.45605687e-01
-7.02693188e-01
-7.90991811e-01
-5.55944333e-01
-5.87136489e-01
5.79201459e-01
4.59562159e-01
-1.24049324e-01
-1.40483179e-01
0.00000000e+00
1.20021533e+00
-6.95840168e-01
-7.74458568e-01
6.45842773e-01
-2.51864143e-01
-8.41746655e-01
7.80873070e-01
-2.14921633e-01
4.88507172e-01
5.60817033e-01
-3.76185573e-02
0.00000000e+00
0.00000000e+00
0.00000000e+00
1.97490079e-01
-8.01347192e-01
3.92363929e-01
2.15749573e-01
-5.89692380e-01
-1.42697501e-01
7.37206136e-02
2.32114576e-01
9.11081292e-02
0.00000000e+00
-9.08179375e-03
2.83458566e-01
-3.10376298e-01
1.50738037e-01
7.17618563e-04
4.29074192e-01
-1.09440111e-01
-7.85211729e-02
-1.78226577e-01
1.15229154e-01
-9.85487203e-01
0.00000000e+00
0.00000000e+00
0.00000000e+00
-3.60381116e-01
-6.34686175e-01
4.40090402e-01
4.59330978e-01
-4.87114557e-01
7.92706969e-01
3.46339172e-01
-5.39477249e-01
-9.76681242e-02
0.00000000e+00
3.69477793e-01
-6.36491901e-01
-7.57818958e-01
2.18328549e-01
-2.89179168e-02
2.43912014e-01
-1.29161456e-01
-2.97683452e-01
5.34701385e-02
6.02576864e-02
-1.54587906e-01
0.00000000e+00
0.00000000e+00
0.00000000e+00
3.41066029e-01
-1.21610552e+00
-3.23487225e-02
1.60432053e-02
-8.84660903e-02
1.59455617e-01
1.40056310e-01
3.39821464e-01
2.01848897e-01
0.00000000e+00
2.84197354e-01
-1.98253900e-03
-4.03480098e-01
-4.83174783e-02
9.83759947e-02
7.99978387e-02
1.98438540e-01
-2.80564887e-01
-1.50898693e-01
2.08274876e-01
136
7.30560715e-01
0.00000000e+00
0.00000000e+00
2.23570881e-02
1.19704988e-02
8.31280429e-02
6.34516304e-03
6.25075583e-01
-1.75835281e-04
5.02527441e-01
2.63574206e-01
-1.15220984e-01
-3.42088013e-02
1.13888853e-01
0.00000000e+00
0.00000000e+00
0.00000000e+00
0.00000000e+00
0.00000000e+00
6.65666218e-01
-5.06771265e-01
-3.93104945e-01
-2.62363753e-01
3.73138619e-02
4.29652722e-01
5.96345431e-01
1.63822446e-01
-3.30111524e-01
1.30474118e-01
-2.35142809e-01
7.01197924e-01
1.83764478e-01
-3.00428400e-01
3.64347346e-01
5.13686647e-01
-9.60715738e-01
7.37034787e-01
-3.45859632e-01
1.02116136e+00
-1.93808349e-01
-3.20329980e-01
-2.53363115e-01
1.86536036e-02
0.00000000e+00
0.00000000e+00
0.00000000e+00
0.00000000e+00
-1.77088934e+00
5.20970265e-01
-4.58604222e-01
-1.13528789e+00
0.00000000e+00
-1.05412061e+00
-3.27806315e-01
-2.79763655e-01
-1.55446985e-01
0.00000000e+00
7.18038484e-01
-4.44953679e-01
3.52938788e-01
-1.29362935e-01
5.41811883e-01
3.92212336e-01
-3.95854998e-02
2.63602958e-01
-5.60347302e-01
0.00000000e+00
6.64047524e-02
-3.42348733e-01
4.94317652e-02
1.91392366e-01
4.07772697e-01
2.78337373e-01
-3.08610818e-01
2.05521368e-01
-1.29145338e-01
0.00000000e+00
4.98317519e-01
-4.29640000e-02
8.90924422e-02
-1.38985601e-01
0.00000000e+00
0.00000000e+00
0.00000000e+00
0.00000000e+00
0.00000000e+00
-2.75047287e-01
-1.01655882e+00
-8.37612411e-01
0.00000000e+00
0.00000000e+00
0.00000000e+00
5.95796804e-01
-2.19248880e+00
9.15503045e-02
-6.25037237e-03
-1.24896194e+00
4.26373813e-02
3.32693143e-01
5.02325136e-01
1.74969136e-01
0.00000000e+00
1.16471403e+00
-3.25371811e-01
-1.31885732e+00
5.97332725e-01
2.10713717e-01
3.91310517e-02
5.57393305e-01
-6.82237809e-01
-7.97803387e-02
7.07079253e-01
-1.32369778e+00
0.00000000e+00
0.00000000e+00
0.00000000e+00
3.52757855e-01
-2.85010939e+00
4.08467653e-02
7.23088273e-01
-1.05028772e+00
9.78875352e-01
9.84913543e-01
2.88212813e-01
7.06663221e-02
0.00000000e+00
8.52970258e-01
-9.57554859e-01
-1.22098457e+00
6.76037761e-01
-2.62879844e-01
4.09359713e-01
3.30894258e-01
-1.15115974e+00
-1.68919903e-02
4.77547421e-01
7 1
-3.7226e-01 3.2869e-01
8 1
0 5 3 1 17 2 12 21 
217
-5.53566325e-02
1.53727408e-01
-1.19785065e-01
-9.20578358e-02
7.66425858e-03
3.45979438e-01
3.86998531e-01
1.71082448e-01
5.18003967e-01
1.53753563e-01
3.14822103e-02
9.47222902e-01
0.00000000e+00
0.00000000e+00
-1.10909816e-01
-1.68996433e-04
-2.26346131e-01
5.55531833e-02
7.95536643e-03
-4.28986880e-01
0.00000000e+00
0.00000000e+00
0.00000000e+00
0.00000000e+00
0.00000000e+00
0.00000000e+00
0.00000000e+00
0.00000000e+00
1.53108669e-01
-5.77256376e-02
-1.50739664e-01
0.00000000e+00
0.00000000e+00
0.00000000e+00
0.00000000e+00
0.00000000e+00
3.82398663e-01
7.29717716e-03
-2.30411195e-01
-2.09415149e-01
-2.18449339e-01
3.22966406e-04
8.74984147e-02
1.25401830e-01
-2.61399167e-01
-6.18418811e-01
-1.09591402e-01
-1.91952591e-01
1.32112091e+00
-6.90856278e-01
4.90886577e-01
-6.10693045e-02
9.31574821e-03
1.01907471e+00
-6.52537802e-01
7.22054140e-01
-5.98411838e-01
-1.21887012e-01
-5.22355308e-01
2.10670799e-01
-3.66426621e-01
-2.90411880e-01
2.19083206e-01
0.00000000e+00
-3.22972282e-01
-5.08606084e-01
2.99915861e-01
8.26463147e-01
-3.23002124e-02
1.44879649e-01
0.00000000e+00
5.85382594e-02
-2.86262741e-01
-6.95250990e-02
-6.52141760e-02
-4.43697929e-02
-8.76848078e-02
0.00000000e+00
-8.34551780e-02
6.34529939e-02
1.08585667e-01
-6.18317195e-01
-8.04871214e-02
1.00843914e-01
0.00000000e+00
-1.21280068e-01
-4.21604090e-01
1.74526992e-01
-6.62270091e-01
-1.08603557e-01
-5.23672188e-01
0.00000000e+00
3.20429965e-01
2.33660081e-01
-1.03073224e-01
-2.51434530e-01
-2.72713374e-01
-1.79228316e-01
-3.06447222e-01
-2.58562580e-01
-1.83884021e-01
4.66467602e-01
-5.83495379e-01
4.31855676e-02
-3.75699244e-01
0.00000000e+00
6.27597259e-03
-1.31831134e-01
7.96487545e-02
1.21023867e-01
-1.41281360e-01
-5.69146870e-01
0.00000000e+00
-3.00671601e-01
-4.13153991e-01
2.04214721e-02
-4.05412508e-01
2.24893496e-01
1.06915653e-02
-4.41396357e-01
-3.21925809e-01
-8.93819537e-01
0.00000000e+00
0.00000000e+00
0.00000000e+00
2.15647234e-01
-1.74415890e-01
1.42257992e-01
2.45252375e-01
-1.46159779e+00
5.13789311e-01
3.38789410e-01
4.34074985e-01
8.33981784e-01
0.00000000e+00
6.66182548e-01
-6.45338139e-01
-2.29415570e+00
9.83282710e-01
2.84108126e-01
-4.93771682e-01
-3.60185709e-02
-4.09141199e-01
-2.71172356e-01
2.34425316e-01
-1.95342884e-01
0.00000000e+00
0.00000000e+00
0.00000000e+00
6.01917634e-01
-1.67818884e+00
2.04744964e-01
5.51599280e-02
1.94837608e-01
9.88217561e-02
2.62151891e-01
1.99274755e-01
-6.58268306e-01
0.00000000e+00
2.66863835e-01
-7.47022024e-01
4.02839351e-01
-4.41646048e-01
-9.62741414e-02
6.01888772e-01
2.80396570e-01
-3.51798490e-01
1.78956870e-01
4.30001031e-01
-8.06782121e-01
0.00000000e+00
0.00000000e+00
0.00000000e+00
4.33399352e-02
-7.35430577e-01
3.27807884e-01
8.75341798e-01
-4.90443216e-01
2.02762146e-01
6.38954819e-01
5.54713653e-01
6.82446189e-01
0.00000000e+00
4.17346867e-01
-1.04525386e+00
-1.66222513e+00
7.62696936e-01
-1.52215080e-01
-8.54492734e-02
-1.77137049e-01
-3.95832559e-01
-2.27581419e-01
-3.40624189e-01
-1.88078619e-01
0.00000000e+00
0.00000000e+00
0.00000000e+00
2.62235311e-01
-1.94130813e+00
-3.67920904e-01
-2.88713245e-01
-3.37339072e-01
4.68413798e-01
1.43095633e-01
-2.83147150e-01
-9.74318011e-01
0.00000000e+00
4.57586288e-01
3.87866584e-01
2.91191511e-01
7.82707936e-02
-4.97204216e-02
4.58061400e-01
3.82120699e-01
3.30435691e-02
4.67038824e-01
6.25463901e-01
136
9.13960295e-01
4.38806427e-01
1.01254297e-03
4.75153867e-01
2.05372809e-03
0.00000000e+00
0.00000000e+00
0.00000000e+00
0.00000000e+00
0.00000000e+00
0.00000000e+00
2.79893358e-01
3.12878987e-01
3.51619164e-01
0.00000000e+00
0.00000000e+00
0.00000000e+00
0.00000000e+00
0.00000000e+00
0.00000000e+00
-1.90210840e-01
-1.17540540e-01
-1.16099710e-01
-1.06291985e-02
3.23251594e-01
5.36934290e-01
4.88254699e-01
-2.64946126e-01
-9.53087764e-02
-1.66219900e-01
6.75529817e-01
0.00000000e+00
-1.16263368e-01
2.78448204e-01
1.03343807e+00
-8.65581527e-01
6.38830559e-01
-7.75610832e-01
1.09708351e+00
-5.17524568e-01
8.74070408e-03
-4.81729197e-01
3.90634100e-01
0.00000000e+00
0.00000000e+00
0.00000000e+00
0.00000000e+00
-2.71872433e+00
4.34628674e-01
-7.31663472e-01
-5.03575960e-01
0.00000000e+00
-1.13761348e+00
-3.20156472e-01
-2.58352428e-01
-1.95839786e-01
0.00000000e+00
2.43776727e-01
-6.04598429e-01
2.63823931e-01
-1.42055591e-01
4.15063437e-02
2.49740514e-01
-3.27448119e-02
2.39692765e-01
-5.09578278e-01
0.00000000e+00
2.73707601e-01
-3.20049724e-01
6.76501832e-02
1.50460794e-01
2.40184219e-01
2.98800030e-01
-2.01657239e-01
1.87516501e-01
-2.75686346e-02
0.00000000e+00
5.29321170e-01
-8.35424031e-02
1.55712544e-01
-1.65721268e-01
0.00000000e+00
6.84643752e-01
-1.59852696e-01
2.41900123e-01
-5.78455737e-02
-1.37472954e-01
-7.10508338e-01
-9.85838588e-01
0.00000000e+00
0.00000000e+00
0.00000000e+00
6.23549283e-01
-3.15010068e+00
2.23321439e-02
-3.28027085e-02
-9.33323185e-01
4.77180413e-01
3.44075541e-01
1.02157607e+00
2.96078255e-02
0.00000000e+00
8.23938334e-01
-8.38142806e-01
-1.48511519e+00
4.96101914e-01
7.11577197e-01
7.97726587e-01
6.16354717e-01
-8.05967547e-01
-1.16689317e-01
4.12282817e-01
-1.14352213e+00
0.00000000e+00
0.00000000e+00
0.00000000e+00
3.40862004e-01
-2.82690096e+00
2.42681743e-01
8.47112999e-01
-1.04155783e+00
7.58870332e-01
9.86779798e-01
2.71411510e-01
1.11900437e-01
0.00000000e+00
8.47360921e-01
-1.07816249e+00
-1.15615776e+00
7.32060352e-01
-4.00674344e-01
4.16532742e-01
2.71005510e-01
-8.53110546e-01
1.30434270e-02
3.73420017e-01
11 1
-7.2224e-01 3.8676e-01
8 1
0 5 3 1 17 2 12 21 
217
9.10689662e-02
1.32390816e-01
-5.61084673e-01
-2.42321881e-02
-1.15631494e-01
4.38509685e-01
2.81517102e-01
5.85680861e-01
6.95949181e-01
2.13367708e-01
-9.25961838e-03
1.89736000e-02
0.00000000e+00
0.00000000e+00
-1.06354122e-01
3.00500118e-03
-2.00095047e-01
1.97423088e-01
2.07676724e-04
-2.72853358e-01
0.00000000e+00
0.00000000e+00
0.00000000e+00
0.00000000e+00
0.00000000e+00
0.00000000e+00
0.00000000e+00
0.00000000e+00
0.00000000e+00
-1.48240356e-03
1.34233925e-01
0.00000000e+00
0.00000000e+00
0.00000000e+00
0.00000000e+00
0.00000000e+00
1.71873091e-01
-2.25162745e-01
-1.46075908e-01
-4.85135090e-03
-1.43867399e-01
-2.97481192e-02
3.92895595e-01
7.60058021e-02
1.67646726e-01
-1.36810069e+00
3.14662961e-01
-4.92599930e-01
0.00000000e+00
-4.34318921e-01
0.00000000e+00
9.28569510e-01
4.66809624e-01
1.27786475e-01
2.10151563e-01
9.56382265e-01
4.70970598e-01
3.50294893e-03
0.00000000e+00
1.27121761e+00
-7.98749111e-02
-5.58745160e-01
5.57815946e-01
0.00000000e+00
-9.01370309e-01
-7.49993814e-01
6.42552148e-01
9.83169095e-01
3.49887127e-01
1.31378114e+00
0.00000000e+00
2.93204780e-01
-4.27487561e-01
2.81556662e-02
-4.32435331e-01
-2.30291480e-01
-6.73345017e-01
0.00000000e+00
3.82738996e-01
-1.72344941e-01
-1.73691582e-01
-6.39010085e-01
-1.17978448e-01
-1.17258292e-01
0.00000000e+00
-2.75966156e-01
-4.02870054e-01
3.96915830e-01
-4.41521251e-01
-2.98807077e-02
-2.18019036e-02
0.00000000e+00
6.43774019e-01
4.39621168e-01
4.02396313e-01
-4.22204297e-01
-9.55101366e-01
-1.49818781e+00
0.00000000e+00
-2.81587184e-01
-5.57596031e-02
3.71603110e-01
-3.30512034e-01
1.05304054e-03
-3.29804609e-01
0.00000000e+00
-1.08555383e-01
-1.00414673e-01
3.57057686e-01
-3.06325846e-01
-1.57433337e-01
-2.72374840e-01
0.00000000e+00
1.88483261e-01
-1.01032017e-01
1.15671334e-01
-9.57470565e-03
-2.13085629e-01
-1.67452693e-01
-2.37141508e-01
-6.64119233e-01
-1.99943414e+00
0.00000000e+00
0.00000000e+00
0.00000000e+00
1.19218577e+00
-1.63574995e-01
1.14556715e+00
1.41120979e+00
-1.30083758e+00
1.29560914e+00
8.71169111e-01
2.16726033e+00
1.47372812e+00
0.00000000e+00
1.88264202e+00
6.58732220e-01
-5.21761196e-01
6.59552002e-01
1.39296899e+00
1.25323732e+00
1.29148261e+00
-4.07767495e-01
5.14405847e-01
1.55642590e+00
-1.00805119e+00
0.00000000e+00
0.00000000e+00
0.00000000e+00
1.49886308e+00
-1.47783314e-01
1.38037568e+00
6.70564923e-01
1.81421104e+00
1.47969437e+00
1.57817577e+00
9.69606609e-01
6.15870983e-01
0.00000000e+00
1.43983221e+00
-8.21077322e-02
5.61181813e-01
1.82430096e+00
5.50008192e-01
1.07423291e+00
9.70550868e-01
1.64720450e+00
1.49970073e+00
1.28345931e+00
-1.62144294e+00
0.00000000e+00
0.00000000e+00
0.00000000e+00
1.01854874e+00
-2.00864549e-01
6.77701128e-01
1.21517879e+00
-3.61862707e-01
1.41261846e+00
1.25254548e+00
1.48238257e+00
1.03371841e+00
0.00000000e+00
1.50206146e+00
3.01575926e-01
-8.88456571e-01
1.33250902e+00
1.12629957e-01
1.15818779e+00
1.14537256e+00
-1.00410489e+00
4.36709231e-01
1.05300780e+00
-8.99329337e-01
0.00000000e+00
0.00000000e+00
0.00000000e+00
7.11481539e-01
-2.01148824e-01
7.39001964e-01
8.91328707e-01
9.06025549e-01
7.56354645e-01
1.02674104e+00
4.06841140e-01
-2.22599716e-01
0.00000000e+00
1.07016822e+00
8.37167995e-01
1.33250289e+00
9.14759197e-01
1.00145824e+00
5.46140397e-01
2.05857266e-01
1.50477103e+00
1.19695494e+00
8.51726120e-01
136
8.36721072e-01
3.18288965e-01
4.01504158e-03
5.18432106e-01
3.49217762e-04
0.00000000e+00
0.00000000e+00
0.00000000e+00
0.00000000e+00
0.00000000e+00
0.00000000e+00
0.00000000e+00
3.26640300e-01
3.86821346e-01
0.00000000e+00
0.00000000e+00
0.00000000e+00
0.00000000e+00
0.00000000e+00
6.41301944e-01
-4.02090180e-01
-2.76361673e-01
-2.20785696e-01
-9.12209833e-02
1.82797408e-01
4.76264428e-01
5.26815825e-01
-3.79124991e-01
-3.31543967e-02
1.44255120e-03
8.11590691e-01
5.55282147e-01
-1.76577242e-01
3.13586951e-01
9.89252120e-01
-1.08084272e+00
7.29673508e-01
-8.61904145e-01
1.11504769e+00
-8.99066402e-01
-1.39507649e-01
-5.26699184e-01
4.17722144e-01
0.00000000e+00
0.00000000e+00
0.00000000e+00
0.00000000e+00
-2.87732579e+00
3.49411443e-01
-8.02933084e-01
-3.13941149e-01
0.00000000e+00
-1.42331775e+00
-3.41487920e-01
-3.48954106e-01
-1.78776671e-01
0.00000000e+00
3.02728186e-01
-4.97536129e-01
2.52007149e-01
-6.09986963e-02
1.91764417e-01
2.87885734e-01
-1.60502490e-01
2.86659027e-01
-3.94006467e-01
0.00000000e+00
4.15535868e-01
-2.91544283e-01
6.20908197e-02
1.69325160e-01
0.00000000e+00
7.01921449e-01
-3.04068039e-01
3.22164826e-01
-4.32825642e-02
0.00000000e+00
6.33188402e-01
-6.29301551e-02
1.73835722e-01
-1.71646923e-01
0.00000000e+00
6.35663902e-01
-8.72475576e-02
1.89337697e-01
-6.15906052e-02
-5.41068369e-02
-6.26230168e-01
-9.06168056e-01
0.00000000e+00
0.00000000e+00
0.00000000e+00
6.97223345e-01
-2.75862972e+00
1.26087570e-01
-6.33589654e-02
-1.03788301e+00
5.20102680e-01
3.16511808e-01
9.54728231e-01
2.51735913e-02
0.00000000e+00
7.61882993e-01
-8.50149977e-01
-1.50060762e+00
4.34178639e-01
7.16587620e-01
8.70937053e-01
6.21601188e-01
-9.32709517e-01
-2.83504972e-01
4.75661005e-01
-1.08553504e+00
0.00000000e+00
0.00000000e+00
0.00000000e+00
2.57593226e-01
-2.64740629e+00
1.62492176e-01
8.03061856e-01
-9.33992978e-01
7.38152533e-01
1.01062273e+00
2.05556664e-01
1.95425706e-01
0.00000000e+00
8.31031572e-01
-1.02361722e+00
-1.21884659e+00
7.97079793e-01
-4.53335441e-01
2.96569009e-01
2.62348514e-01
-7.73199287e-01
5.43605907e-02
3.50568390e-01
8 1
-8.8266e-01 4.2556e-01
8 1
0 5 3 1 17 2 12 21 
217
1.85779104e-02
7.82866365e-02
-2.94742328e-01
-7.86755620e-02
-2.75822664e-01
3.77530865e-01
-1.16289124e-01
4.18656302e-01
4.30048384e-01
-4.34027138e-01
4.23521916e-01
7.59745859e-01
0.00000000e+00
0.00000000e+00
-2.93077354e-01
3.61669481e-03
6.11177244e-01
3.11655265e-01
5.92388857e-03
1.12947429e-01
0.00000000e+00
0.00000000e+00
0.00000000e+00
0.00000000e+00
0.00000000e+00
0.00000000e+00
0.00000000e+00
0.00000000e+00
0.00000000e+00
8.13990428e-01
5.35279820e-01
0.00000000e+00
0.00000000e+00
0.00000000e+00
0.00000000e+00
0.00000000e+00
8.06656092e-01
-5.26850422e-01
-3.35557064e-01
-1.84405278e-01
-2.40141392e-01
-1.31956443e-02
4.66520870e-01
4.55507485e-02
6.30710690e-01
-6.72645340e-01
5.10468413e-01
-3.86250536e-01
0.00000000e+00
-1.71501153e-01
0.00000000e+00
7.27996977e-01
-5.16725653e-01
2.70854250e-01
-4.95429950e-01
8.78521087e-01
4.67196516e-01
2.32467489e-01
0.00000000e+00
3.66486902e-01
-6.24591767e-01
1.22434154e-01
-2.85920568e-01
0.00000000e+00
-1.22735176e+00
-4.21284787e-01
3.75678504e-01
9.86426139e-01
8.70251171e-01
1.52192691e+00
0.00000000e+00
1.58449004e-01
-1.60902072e-01
-6.45617931e-02
-2.78324313e-01
-7.53093004e-02
2.20815667e-01
0.00000000e+00
2.19502961e-01
-3.28620324e-01
-1.44667584e-02
-7.12294530e-01
-1.86458292e-01
4.38861281e-02
0.00000000e+00
-3.58220400e-01
-1.08510914e+00
4.07645583e-01
1.44524621e-01
-3.08472732e-02
-3.67263734e-01
0.00000000e+00
2.86473590e-01
1.84237062e-01
2.75847437e-01
-7.77788437e-01
-5.43743116e-01
-1.12576774e+00
0.00000000e+00
-3.73330479e-01
3.03706027e-01
1.42633150e-01
-7.65847767e-01
2.49275240e-01
-4.99241807e-02
0.00000000e+00
-2.42344384e-01
-1.38006221e-01
7.83171519e-02
-2.63924201e-01
1.82605143e-01
-9.55257781e-02
0.00000000e+00
-2.01085532e-01
-3.48679275e-03
-2.08855944e-02
-3.23783766e-01
2.40549037e-01
-3.76578322e-01
-1.53234842e-01
-1.03250188e+00
-8.19721350e-01
0.00000000e+00
0.00000000e+00
0.00000000e+00
8.71504479e-01
-5.00253225e-01
-6.49826167e-01
2.09849421e-01
-1.76899308e+00
-7.82936900e-02
3.19745774e-01
3.73800454e-01
1.13789280e+00
0.00000000e+00
1.03641048e+00
-1.28375288e+00
-1.66462073e+00
2.25548477e-01
6.41935438e-01
8.60989048e-01
4.85518348e-01
-1.00825275e+00
-1.09348209e+00
1.06455853e+00
-1.19532766e-01
0.00000000e+00
0.00000000e+00
0.00000000e+00
1.10652015e-01
-1.43025835e+00
5.91638978e-01
-5.46716519e-02
2.58009402e-01
1.90271292e-01
-2.79373602e-02
4.89116172e-01
-2.73450764e-01
0.00000000e+00
1.94355283e-01
-4.49654704e-01
4.44480595e-02
2.68806144e-01
-3.57763604e-02
-2.99953730e-01
-1.67952264e-01
-1.09040297e-01
5.95253796e-01
-1.33884199e-02
-1.64841756e+00
0.00000000e+00
0.00000000e+00
0.00000000e+00
1.08447302e+00
-2.69971294e-01
2.51554993e-01
1.20450252e+00
-8.19115071e-01
1.13285945e+00
7.83011283e-01
9.87958502e-01
1.98124134e+00
0.00000000e+00
1.07233907e+00
-1.15826295e+00
-1.14701797e+00
1.91540757e+00
7.61564157e-01
2.97112713e-01
1.31887384e+00
-2.18404740e-01
5.20030275e-01
1.30273356e-01
-9.38339681e-01
0.00000000e+00
0.00000000e+00
0.00000000e+00
5.55812949e-01
-3.15785728e-01
8.81657874e-01
8.30632964e-01
1.16719247e+00
7.70969271e-01
1.26901928e+00
6.42664737e-01
-7.58498561e-01
0.00000000e+00
1.09810474e+00
1.75602481e+00
9.85848620e-01
5.11685064e-01
7.33992551e-01
1.21518646e+00
2.71100095e-01
7.03017807e-01
1.05740643e+00
1.35613313e+00
136
8.48602647e-01
4.04201479e-01
4.97356155e-04
4.44401168e-01
2.57844559e-03
0.00000000e+00
0.00000000e+00
0.00000000e+00
0.00000000e+00
0.00000000e+00
0.00000000e+00
-1.47288173e-01
5.01124368e-01
5.02909715e-01
0.00000000e+00
0.00000000e+00
0.00000000e+00
0.00000000e+00
0.00000000e+00
3.07280703e-01
-2.18866754e-01
-1.26903936e-01
-1.00555237e-01
-3.09460109e-02
1.88208245e-01
3.49511886e-01
4.80873751e-01
-1.22156651e-01
1.87705962e-02
2.13359124e-01
9.26155161e-01
5.92905410e-01
-8.34049219e-02
5.34413058e-01
1.06775160e+00
-1.24836258e+00
5.44662774e-01
-1.00508821e+00
9.87725768e-01
-1.04607119e+00
-3.56500457e-01
-4.19638684e-01
2.44081856e-01
0.00000000e+00
0.00000000e+00
0.00000000e+00
0.00000000e+00
-2.50063973e+00
3.64580206e-01
-7.43848857e-01
-2.57900042e-01
0.00000000e+00
-1.70015702e+00
-4.03629358e-01
-4.06148662e-01
-1.93280150e-01
0.00000000e+00
3.15065975e-01
-4.59796026e-01
2.41950811e-01
-5.58288528e-02
1.33313945e-01
4.61304020e-01
-1.75319752e-01
4.04262716e-01
-2.88869862e-01
0.00000000e+00
-5.03114940e-02
-3.21303454e-01
-1.98105674e-02
1.48962833e-01
0.00000000e+00
5.84869296e-01
-2.54772568e-01
2.99630022e-01
-1.03183856e-01
0.00000000e+00
5.85136290e-01
-4.86251967e-02
1.62403099e-01
-1.29157323e-01
0.00000000e+00
6.37133676e-01
-1.23570465e-01
2.13544092e-01
-2.96071277e-02
-1.64785779e-01
-6.23773483e-01
-9.85135875e-01
0.00000000e+00
0.00000000e+00
0.00000000e+00
7.18449154e-01
-2.88603024e+00
1.32085862e-01
-4.27195674e-02
-1.01706758e+00
5.68076693e-01
3.37359908e-01
1.03408352e+00
-1.94600741e-01
0.00000000e+00
7.64099380e-01
-8.84391053e-01
-1.60360785e+00
4.81834576e-01
7.19751565e-01
8.06057751e-01
6.18886621e-01
-8.14666117e-01
-1.17012125e-01
3.94274363e-01
-1.11964076e+00
0.00000000e+00
0.00000000e+00
0.00000000e+00
3.62813543e-01
-2.72234105e+00
1.60824161e-01
7.77234187e-01
-1.02112003e+00
6.92686873e-01
9.62574371e-01
2.59558092e-01
9.64893302e-02
0.00000000e+00
8.68106002e-01
-1.15230661e+00
-1.09068752e+00
7.17016621e-01
-4.10889175e-01
3.90690043e-01
2.61065059e-01
-7.89887057e-01
9.39258964e-02
4.24606495e-01
10 1
-7.6132e-01 4.3527e-01
8 1
0 5 3 1 17 2 12 21 
217
-5.81276887e-01
-1.52212493e-02
6.25981676e-01
-1.56480697e-01
-1.68568393e-01
-3.37945749e-01
-4.45659729e-01
-4.06316913e-01
-7.07458038e-01
-2.28246095e-01
-7.08054510e-01
-9.33532264e-03
1.44846378e+00
7.72141976e-01
-4.32635858e-01
2.44564763e-03
7.88451368e-01
-1.48641029e-01
5.58040558e-03
8.10962327e-01
0.00000000e+00
0.00000000e+00
0.00000000e+00
0.00000000e+00
0.00000000e+00
0.00000000e+00
0.00000000e+00
0.00000000e+00
0.00000000e+00
-2.51426617e-01
-7.97998935e-02
0.00000000e+00
0.00000000e+00
0.00000000e+00
0.00000000e+00
0.00000000e+00
0.00000000e+00
6.76901341e-02
-4.42765010e-02
-2.31997132e-01
-1.53120409e-01
-1.68697513e-01
3.70286216e-03
-5.45783277e-02
0.00000000e+00
-9.22382105e-01
-1.26409525e-01
-5.22800844e-01
0.00000000e+00
-5.13563075e-01
6.89418491e-01
3.10707263e-01
-3.27143738e-02
4.87611448e-01
-4.51932375e-01
3.28448398e-01
4.99263590e-02
1.30338421e-02
0.00000000e+00
6.01808554e-01
-3.15282541e-01
-5.50106898e-01
2.84112553e-01
0.00000000e+00
-3.64140368e-01
-6.32618738e-01
-3.17817931e-01
1.01987838e+00
1.00681413e-01
1.21468554e+00
0.00000000e+00
-3.38407231e-01
-4.56677845e-01
-2.77760440e-01
-1.23830891e-01
3.48907839e-02
-9.22845864e-02
0.00000000e+00
-4.54748967e-02
-4.67273886e-02
-3.74894487e-01
-3.76317401e-01
-1.60907502e-01
-1.59153428e-01
0.00000000e+00
-5.05349121e-01
-8.82816902e-02
1.29462035e-01
-6.73569910e-01
-2.05389801e-01
-4.41751852e-01
0.00000000e+00
-1.22553456e-01
9.68191836e-03
-3.01470206e-01
-2.93240542e-01
-1.57253225e-01
8.52127156e-02
0.00000000e+00
-6.21196722e-01
-3.21634252e-01
1.51986614e-01
-4.27988000e-01
-1.12066778e-01
-1.11279206e-01
0.00000000e+00
-2.29963082e-01
-4.35866542e-01
-1.71520304e-01
-1.06897865e-02
-1.79793500e-01
-7.20212353e-01
0.00000000e+00
-5.36054736e-01
-7.88522104e-02
3.70171912e-02
-3.91351149e-01
-8.22393415e-02
5.40691903e-01
-3.02784847e-01
-6.89076397e-01
-4.80517680e-01
0.00000000e+00
0.00000000e+00
0.00000000e+00
3.72357746e-01
-9.14910219e-01
-6.93492336e-02
-5.80363722e-02
-1.27058459e+00
8.48200597e-01
-7.34850238e-02
4.62385906e-01
7.75486751e-01
0.00000000e+00
5.00095307e-01
3.99418308e-02
-2.01780581e+00
4.32450876e-01
4.33991441e-01
4.71300603e-01
4.04986200e-01
-6.56835355e-02
-9.25722677e-01
1.73862517e-01
-3.76154553e-01
0.00000000e+00
0.00000000e+00
0.00000000e+00
3.60742475e-01
-9.12818853e-01
8.38650315e-02
2.32519096e-01
6.70897429e-02
5.18514639e-02
5.31647024e-01
4.31208105e-01
-8.85300309e-01
0.00000000e+00
3.30155679e-01
-1.20727802e+00
2.47166398e-01
-5.61447399e-02
-3.39738030e-01
2.18491008e-01
3.26029571e-01
-4.49081660e-01
3.70883102e-01
2.22558361e-01
-1.90999830e+00
0.00000000e+00
0.00000000e+00
0.00000000e+00
1.03482438e+00
-2.18161990e-01
1.17520143e+00
2.03766838e+00
-6.40587879e-01
7.50817391e-01
1.53188254e+00
1.02765814e+00
1.10071714e+00
0.00000000e+00
1.65840099e+00
-2.53103680e-01
-9.48303708e-01
1.42161241e+00
1.14195372e+00
1.05605420e+00
1.06388626e+00
-1.26035998e-01
5.68838180e-01
1.36812953e+00
-9.47986370e-01
0.00000000e+00
0.00000000e+00
0.00000000e+00
7.98283757e-01
-1.34842597e-01
4.58576658e-01
4.07307514e-01
1.13162199e+00
1.36661303e+00
8.88526124e-01
7.40578650e-01
2.01502171e-02
0.00000000e+00
9.49416908e-01
9.81542148e-01
1.27963015e+00
9.06072745e-01
1.07034769e-01
8.67200115e-01
7.26186078e-01
1.28176074e+00
1.39052289e+00
7.37963908e-01
136
1.14504205e+00
4.81627727e-01
3.05305742e-03
6.63414321e-01
7.84534477e-04
0.00000000e+00
0.00000000e+00
0.00000000e+00
0.00000000e+00
0.00000000e+00
0.00000000e+00
0.00000000e+00
5.31238297e-01
5.22930338e-01
0.00000000e+00
0.00000000e+00
0.00000000e+00
0.00000000e+00
0.00000000e+00
2.50616702e-01
-3.72668560e-01
-2.07002877e-01
-6.35526195e-02
1.34520275e-02
3.06551379e-01
5.51699028e-01
6.65946967e-01
-3.26687496e-01
-1.87238308e-02
2.37771671e-01
7.81833025e-01
1.65899122e-01
-3.87536344e-02
6.27237225e-01
9.88969956e-01
-1.09407927e+00
7.31013215e-01
-1.02958026e+00
1.12039594e+00
-8.57113909e-01
-8.38615764e-02
-5.05974361e-01
4.46696236e-01
0.00000000e+00
0.00000000e+00
0.00000000e+00
0.00000000e+00
-2.78252728e+00
3.10220125e-01
-8.21955919e-01
-3.14128523e-01
0.00000000e+00
-1.52230738e+00
-3.95163413e-01
-3.52263561e-01
-1.74276520e-01
0.00000000e+00
4.01942990e-01
-4.68687998e-01
2.41026746e-01
-5.15625109e-02
2.77048807e-02
2.44995356e-01
-8.88428388e-02
2.32688990e-01
-4.18247630e-01
0.00000000e+00
-1.00648743e-02
-4.02118130e-01
-4.39767282e-03
1.96642118e-01
0.00000000e+00
5.20473759e-01
-2.66596029e-01
2.42871429e-01
-3.54553983e-02
0.00000000e+00
7.73373822e-01
3.79250290e-02
1.62599322e-01
-2.09511710e-01
0.00000000e+00
6.77878351e-01
-1.37939251e-01
2.21448301e-01
-8.88390486e-02
-1.15203878e-01
-6.81865569e-01
-9.98442541e-01
0.00000000e+00
0.00000000e+00
0.00000000e+00
7.50471513e-01
-2.98075215e+00
1.66760462e-01
-1.05928659e-01
-1.00427184e+00
4.54355663e-01
3.56620285e-01
1.00450499e+00
9.36442982e-02
0.00000000e+00
8.35811679e-01
-1.01171999e+00
-1.55046730e+00
4.88172002e-01
7.38749045e-01
7.73704544e-01
5.90820546e-01
-9.11221307e-01
-1.06755803e-01
4.19059478e-01
-1.14091616e+00
0.00000000e+00
0.00000000e+00
0.00000000e+00
3.35557793e-01
-2.72030231e+00
1.26570079e-01
7.97359884e-01
-9.96977296e-01
7.51235195e-01
9.82585532e-01
2.35624794e-01
1.45286723e-01
0.00000000e+00
8.42594871e-01
-9.94604951e-01
-1.23476241e+00
7.08010768e-01
-3.40804548e-01
3.65044568e-01
2.60936644e-01
-8.15071083e-01
1.51237258e-02
3.95675862e-01
16 1
-8.6201e-01 4.4724e-01
8 1
0 5 3 1 17 2 12 21 
217
1.43439348e-01
-9.33013848e-02
-5.01234749e-01
-2.48564191e-01
-1.68718681e-01
5.11678266e-01
3.14894545e-01
1.24680681e-01
1.14529165e-01
-4.79967774e-02
4.40474272e-01
-2.49690131e-01
0.00000000e+00
0.00000000e+00
9.74877550e-03
2.77195226e-04
1.34986941e-02
1.33690573e-01
-1.94381095e-03
7.34735891e-02
0.00000000e+00
0.00000000e+00
0.00000000e+00
0.00000000e+00
0.00000000e+00
0.00000000e+00
0.00000000e+00
0.00000000e+00
0.00000000e+00
1.93382596e-01
7.71439548e-02
0.00000000e+00
0.00000000e+00
0.00000000e+00
0.00000000e+00
0.00000000e+00
0.00000000e+00
-4.12581719e-01
-3.28319866e-01
-1.17099033e-01
-1.70886748e-01
-1.02626706e-01
5.54165223e-01
1.71293247e-01
0.00000000e+00
-3.61152231e-01
4.33047241e-01
-5.04539253e-01
0.00000000e+00
-2.85642475e-01
1.04899892e+00
4.79546990e-02
-3.05104320e-01
6.50549103e-01
-6.25117537e-01
8.86186994e-01
2.12573266e-01
3.36416316e-01
0.00000000e+00
-5.91754576e-02
-3.01815611e-01
-9.39394617e-02
-1.03005292e-02
0.00000000e+00
-5.67158348e-01
-9.56899991e-01
2.83872069e-01
9.54426918e-01
4.26725627e-01
1.05599394e+00
0.00000000e+00
-3.48785522e-01
-5.35828151e-02
8.17653424e-02
-1.05072899e-01
4.10459528e-01
9.20488075e-01
0.00000000e+00
-4.14643121e-02
-4.27978362e-01
-1.38747994e-02
-6.00183439e-01
1.98778460e-01
-3.57426056e-01
0.00000000e+00
-2.17758282e-01
-4.63856123e-01
3.81295769e-01
-3.34047280e-01
-2.00981392e-02
6.33653992e-01
0.00000000e+00
6.03210047e-01
1.96792993e-01
2.23135221e-01
-2.68907924e-01
-6.82905919e-01
-1.01367785e+00
0.00000000e+00
-2.51660243e-01
-3.50043948e-01
3.05598570e-01
-2.77538577e-01
8.95010208e-02
-1.98380748e-01
0.00000000e+00
1.64112389e-01
-3.29140316e-01
4.33399745e-01
-2.69451389e-01
-4.54072785e-01
-1.27593461e+00
0.00000000e+00
2.17831284e-01
1.07449841e-01
2.23319974e-01
-4.63211185e-02
-2.97711909e-01
-1.32925299e+00
-6.33356761e-02
-3.73761870e-01
-1.93166529e+00
0.00000000e+00
0.00000000e+00
0.00000000e+00
1.68732497e+00
-2.21424572e-01
4.64252817e-01
1.39271106e+00
-4.62800251e-01
1.42771057e+00
1.38838317e+00
2.50372387e+00
2.42477441e+00
0.00000000e+00
2.25811019e+00
1.74432120e-01
-1.50708355e+00
1.43098010e+00
1.63059563e+00
1.73301212e+00
1.43725312e+00
6.74689903e-01
1.14770880e+00
2.34943669e+00
-1.22755248e+00
0.00000000e+00
0.00000000e+00
0.00000000e+00
1.42301736e+00
-2.18713164e-01
1.53620125e+00
1.30666169e+00
1.17596775e+00
1.36595598e+00
1.49521370e+00
1.01999380e+00
-2.46552770e-01
0.00000000e+00
1.28291647e+00
9.94783858e-01
1.90112963e+00
1.29831022e+00
1.28389650e+00
1.35047589e+00
1.42249157e+00
8.63388992e-01
1.11391347e+00
9.21203746e-01
-1.42825536e+00
0.00000000e+00
0.00000000e+00
0.00000000e+00
7.02467357e-01
-2.93199341e-01
4.00781223e-01
1.64646174e+00
9.48808830e-01
1.13538316e+00
1.10436315e+00
1.28609368e+00
8.62250831e-01
0.00000000e+00
1.56392210e+00
5.01146207e-01
-8.34176137e-01
1.26747246e+00
8.89419691e-01
1.11283952e+00
1.13255078e+00
-3.57877034e-01
3.79288281e-01
6.57703727e-01
-9.36232070e-01
0.00000000e+00
0.00000000e+00
0.00000000e+00
1.01683841e+00
-1.74890001e-01
1.04905571e+00
7.50392581e-01
-2.92997090e-01
6.19772560e-01
1.22284036e+00
6.90784461e-01
5.58950121e-01
0.00000000e+00
1.02560779e+00
4.49818674e-01
1.27183392e+00
9.00059347e-01
6.83421219e-01
7.80090192e-01
5.97175830e-01
8.20893224e-01
1.32170747e+00
1.29021556e+00
136
8.40878951e-01
3.65240769e-01
1.52747785e-03
4.75638182e-01
1.23918224e-03
0.00000000e+00
0.00000000e+00
0.00000000e+00
0.00000000e+00
0.00000000e+00
0.00000000e+00
0.00000000e+00
3.25055836e-01
3.71669476e-01
0.00000000e+00
0.00000000e+00
0.00000000e+00
0.00000000e+00
0.00000000e+00
3.10028804e-01
-2.18439938e-01
-1.24173906e-01
-8.13213224e-02
-1.12049253e-02
1.58639050e-01
3.91312036e-01
4.16039152e-01
-2.69196283e-01
-2.62413570e-02
2.88172940e-01
8.21111045e-01
3.49571451e-01
-1.49307441e-01
5.75269416e-01
1.00405554e+00
-1.18440208e+00
6.75714692e-01
-9.46433339e-01
1.15691880e+00
-9.37088356e-01
-2.62879536e-01
-6.25402233e-01
3.71015696e-01
0.00000000e+00
0.00000000e+00
0.00000000e+00
0.00000000e+00
-2.74950849e+00
3.18665804e-01
-8.34153858e-01
-2.07859781e-01
0.00000000e+00
-1.80382891e+00
-4.34607768e-01
-4.09823671e-01
-1.69988869e-01
0.00000000e+00
5.15644419e-01
-4.15946683e-01
3.04772713e-01
-8.39142533e-02
-1.51876470e-02
1.69076017e-01
-1.32840795e-01
2.64900132e-01
-3.85144979e-01
0.00000000e+00
-3.53582019e-02
-3.32075139e-01
-2.52276400e-02
1.93168124e-01
0.00000000e+00
1.40149511e+00
-1.99067705e-01
4.40568412e-01
-4.82638923e-02
0.00000000e+00
8.22200787e-01
1.08824629e-02
2.07085223e-01
-8.21114306e-02
0.00000000e+00
5.53656447e-01
-1.03798873e-01
1.86421952e-01
-1.37632497e-01
-7.44114108e-02
-6.40098856e-01
-9.57711154e-01
0.00000000e+00
0.00000000e+00
0.00000000e+00
7.75706186e-01
-2.69572217e+00
1.74342926e-01
-1.21046104e-01
-9.86351576e-01
5.42975125e-01
2.61852962e-01
9.34010569e-01
4.58781891e-02
0.00000000e+00
7.95431026e-01
-9.29814269e-01
-1.52941188e+00
4.55617108e-01
6.53888177e-01
8.08918430e-01
6.26293555e-01
-9.94128865e-01
-1.91210991e-01
4.15060445e-01
-1.14144233e+00
0.00000000e+00
0.00000000e+00
0.00000000e+00
3.03142750e-01
-2.65498545e+00
1.61844934e-01
7.67649025e-01
-9.73090718e-01
7.65014726e-01
9.99776205e-01
2.54390637e-01
1.91919031e-01
0.00000000e+00
8.47268143e-01
-9.92889088e-01
-1.27627552e+00
7.41492833e-01
-4.71849161e-01
3.59720162e-01
1.96248829e-01
-7.38482011e-01
3.96574531e-02
3.38004899e-01
9 1
-8.3776e-01 4.6267e-01
8 1
0 5 3 1 17 2 12 21 
217
1.36498547e-01
1.25697925e-01
-1.55006149e-01
-2.73658472e-01
-3.64246056e-01
1.37028030e-02
5.96061863e-02
-8.25404884e-02
3.77436718e-01
-9.02203899e-01
-7.92569187e-04
5.81414240e-01
6.44942677e-02
-6.03822160e-01
-2.79312884e-01
1.17073694e-02
3.44716033e-02
4.15811430e-01
4.42792725e-04
4.21578766e-02
0.00000000e+00
0.00000000e+00
0.00000000e+00
0.00000000e+00
0.00000000e+00
0.00000000e+00
0.00000000e+00
0.00000000e+00
0.00000000e+00
6.85953802e-02
6.79031665e-02
0.00000000e+00
0.00000000e+00
0.00000000e+00
0.00000000e+00
0.00000000e+00
0.00000000e+00
-2.95874582e-01
-2.41830311e-01
-6.69435624e-02
-1.61309900e-01
-2.51700339e-01
2.17186514e-01
1.15521459e-01
0.00000000e+00
-1.08193998e+00
1.99992658e-01
-2.08670406e-01
0.00000000e+00
-1.15577332e+00
1.16379794e+00
-1.46930988e-01
4.85233227e-01
9.34384549e-01
0.00000000e+00
1.63881699e+00
0.00000000e+00
-7.68675029e-02
0.00000000e+00
7.27907116e-01
-5.36954391e-01
-1.33882021e-01
-1.41143086e-02
0.00000000e+00
-4.94427918e-01
-5.76320323e-01
2.57081726e-01
1.06146699e+00
3.73844739e-01
4.58114246e-01
0.00000000e+00
3.00540403e-01
-2.20703380e-01
-1.59244824e-01
-7.04822289e-02
-4.79703190e-03
-3.59041310e-01
0.00000000e+00
-1.24485718e-01
-1.04578134e-01
1.49109602e-01
-5.84904013e-01
1.11874662e-01
-5.19462869e-01
0.00000000e+00
4.13158650e-01
-6.64083728e-01
7.91491048e-02
-6.15966642e-01
-3.55809209e-01
-4.69055102e-01
0.00000000e+00
2.45718569e-01
8.04601706e-02
1.21078439e-01
-3.21115902e-01
-2.30298461e-01
1.52506528e-01
0.00000000e+00
-3.08157931e-01
1.88984444e-01
2.33703611e-01
-5.49979256e-01
2.10952866e-01
-3.30964512e-01
0.00000000e+00
-2.53807450e-01
-4.67967186e-01
-2.75324778e-01
-7.58119440e-02
6.65630775e-01
4.24047852e-01
0.00000000e+00
-1.92728528e-01
-6.70819823e-02
4.60294087e-01
-5.38429193e-01
-1.31067013e-01
-3.64474530e-01
-5.51660387e-01
-9.51343955e-01
-1.67855954e+00
0.00000000e+00
0.00000000e+00
0.00000000e+00
1.09723291e+00
-1.74064860e-01
6.04354709e-01
5.27997458e-01
-1.63062292e+00
1.36291525e+00
1.33931639e+00
1.59219327e+00
1.89867513e+00
0.00000000e+00
1.54271443e+00
8.18160219e-01
-4.07877581e-01
1.33389053e+00
1.86181992e+00
1.50787296e+00
1.47994251e+00
-1.55387694e-01
7.11236340e-01
1.20121915e+00
-1.15216606e+00
0.00000000e+00
0.00000000e+00
0.00000000e+00
1.34667626e+00
-1.65416478e-01
1.09471429e+00
1.20843608e+00
1.67707525e+00
9.09604940e-01
8.56899835e-01
1.05096015e+00
-9.57435526e-02
0.00000000e+00
1.13173435e+00
-4.42470966e-01
6.73713118e-01
9.89060243e-01
5.20612184e-01
1.29378746e+00
1.43495312e+00
1.10532807e+00
9.15563385e-01
9.50340651e-01
-1.73244000e+00
0.00000000e+00
0.00000000e+00
0.00000000e+00
8.82248017e-01
-8.53449047e-02
8.63351935e-01
1.41707669e+00
-6.23554032e-01
8.45786693e-01
1.61552736e+00
1.08898404e+00
1.36945467e+00
0.00000000e+00
1.68152379e+00
-3.08844610e-01
-9.75624022e-01
1.18879717e+00
1.11337942e+00
1.44370424e+00
1.28335674e+00
1.18183733e-01
1.04096929e+00
1.08212066e+00
-1.18592584e+00
0.00000000e+00
0.00000000e+00
0.00000000e+00
1.03172951e+00
-8.49790053e-02
8.72876051e-01
9.34152000e-01
1.16670408e+00
1.25888290e+00
9.76391320e-01
8.42144981e-01
1.19482985e-01
0.00000000e+00
9.41857210e-01
9.42335985e-01
1.31888108e+00
1.27134218e+00
3.24878209e-01
7.84108412e-01
7.50296640e-01
1.11227296e+00
1.11408605e+00
9.45088167e-01
136
8.88709500e-01
3.81752285e-01
1.39190589e-03
5.06957215e-01
5.06321408e-04
0.00000000e+00
0.00000000e+00
0.00000000e+00
0.00000000e+00
0.00000000e+00
0.00000000e+00
0.00000000e+00
3.37149467e-01
3.91887714e-01
0.00000000e+00
0.00000000e+00
0.00000000e+00
0.00000000e+00
0.00000000e+00
2.78367565e-01
-2.03064783e-01
-1.26010950e-01
-3.34742556e-02
-2.79261787e-02
2.21444662e-01
3.44737207e-01
4.34636233e-01
-9.48128046e-02
-1.85281449e-02
2.11642267e-01
6.39327598e-01
4.15721530e-01
1.15257389e-02
5.34244139e-01
9.48599394e-01
-1.22322851e+00
6.67324883e-01
-1.03049835e+00
1.02101191e+00
-8.69232667e-01
-1.13822089e-01
-5.03689242e-01
2.93123847e-01
0.00000000e+00
0.00000000e+00
0.00000000e+00
0.00000000e+00
-2.55985364e+00
2.83613547e-01
-7.89101364e-01
-2.68097894e-01
0.00000000e+00
-1.22505207e+00
-2.62820329e-01
-2.95257721e-01
-1.46407569e-01
0.00000000e+00
1.72238848e-01
-4.75769156e-01
1.87003915e-01
-7.79436441e-02
7.40789813e-02
2.79556935e-01
-6.76895175e-02
2.86789779e-01
-4.32991336e-01
0.00000000e+00
2.85981288e-02
-3.42929952e-01
-1.02713669e-02
2.10508853e-01
0.00000000e+00
5.77169546e-01
-1.76962040e-01
2.50145613e-01
-1.86010170e-01
0.00000000e+00
7.13162727e-01
-2.69657962e-03
1.77328019e-01
-1.09998260e-01
0.00000000e+00
7.49316078e-01
-1.18060251e-01
2.49542616e-01
-6.00573090e-02
-1.39067243e-01
-5.58489881e-01
-9.56987188e-01
0.00000000e+00
0.00000000e+00
0.00000000e+00
7.30886720e-01
-2.68300124e+00
1.30472493e-01
1.42997628e-02
-1.03721539e+00
5.38915213e-01
3.32737581e-01
9.28541996e-01
8.08111626e-03
0.00000000e+00
8.31622401e-01
-9.13447351e-01
-1.61872412e+00
5.07474904e-01
6.72482269e-01
7.08920452e-01
5.06359185e-01
-8.95112379e-01
-2.03912295e-01
4.83631503e-01
-1.11245436e+00
0.00000000e+00
0.00000000e+00
0.00000000e+00
3.50814554e-01
-2.79328476e+00
1.35873262e-01
7.48645533e-01
-9.23824659e-01
7.20484513e-01
9.58641690e-01
3.00573318e-01
1.27743397e-01
0.00000000e+00
7.88945842e-01
-9.06912712e-01
-1.18674960e+00
6.84445704e-01
-3.68662055e-01
3.78454600e-01
2.48582368e-01
-8.41437217e-01
8.08251881e-02
3.84386676e-01
20 1
-9.6344e-01 4.8964e-01
8 1
0 5 3 1 17 2 12 21 
217
-3.94692526e-01
-6.21137191e-03
3.42788650e-01
-6.60959679e-01
-1.36035218e-02
-2.07264068e-01
-1.18117295e-01
5.13077214e-01
-4.74269124e-02
8.13652803e-01
-2.30359900e-01
5.59162368e-02
0.00000000e+00
0.00000000e+00
-3.60555437e-01
8.15641997e-03
5.07820638e-02
-3.41370893e-02
5.22459782e-03
2.37936609e-02
0.00000000e+00
0.00000000e+00
0.00000000e+00
0.00000000e+00
0.00000000e+00
0.00000000e+00
0.00000000e+00
0.00000000e+00
0.00000000e+00
-1.21668270e-01
-9.02484476e-03
0.00000000e+00
0.00000000e+00
0.00000000e+00
0.00000000e+00
0.00000000e+00
3.88129766e-01
-4.09442070e-02
-2.87435937e-01
-1.25695356e-01
-3.34848494e-01
-1.29722848e-01
1.21552918e-01
1.42716323e-02
5.09863674e-01
-1.01776183e+00
9.18210376e-01
-5.29594577e-01
0.00000000e+00
-1.16323014e+00
1.07033354e+00
-1.25541033e-01
1.25407884e+00
1.07279959e+00
0.00000000e+00
1.32684352e+00
0.00000000e+00
2.34235670e-01
0.00000000e+00
6.01051485e-01
-2.97391234e-01
-5.11452753e-01
2.60216942e-02
0.00000000e+00
-7.93495216e-01
-5.53640740e-01
1.93141749e-01
1.00716385e+00
2.05660941e-01
4.33814360e-01
0.00000000e+00
-6.23221991e-02
-1.61260946e-01
2.36648541e-02
-2.24266403e-01
-3.56035181e-01
-6.32854448e-01
0.00000000e+00
-4.10484255e-01
-2.54206897e-01
-3.18575915e-01
-5.69432355e-01
3.34367645e-01
-8.15002831e-01
0.00000000e+00
2.93385008e-01
-3.61616174e-02
-1.54969073e-01
-5.46872494e-01
-5.33108460e-01
-9.07263113e-01
0.00000000e+00
5.13044476e-02
2.51349135e-01
-3.61850820e-01
-2.62206056e-01
-8.41461536e-02
1.67777273e-01
0.00000000e+00
-6.91386766e-01
-3.78637721e-01
2.44968028e-01
-5.23437487e-01
5.17262127e-02
-5.35027612e-01
0.00000000e+00
-5.22035816e-01
3.90546603e-02
-5.72101793e-01
1.20957677e-01
6.99445083e-01
1.98972760e+00
0.00000000e+00
-1.79406852e-01
-1.38141375e-02
1.45361709e-01
-3.97716651e-01
-3.60647383e-01
5.83692641e-01
-1.13137532e-01
-5.17120189e-01
-8.39695349e-01
0.00000000e+00
0.00000000e+00
0.00000000e+00
6.06926156e-01
-8.10577524e-01
-6.30576538e-01
3.80811952e-01
-1.87611904e+00
8.73287924e-01
6.94043686e-02
5.93383461e-01
3.34222770e-01
0.00000000e+00
6.76489042e-01
-2.44219400e-01
-1.45222827e+00
5.05861628e-01
6.31979258e-01
-9.86183708e-02
2.26450696e-02
-5.75785204e-01
-6.53386039e-02
2.18755967e-01
-9.30576989e-02
0.00000000e+00
0.00000000e+00
0.00000000e+00
2.78322099e-01
-1.36550370e+00
4.86508596e-01
1.02740413e-01
3.41677806e-01
-5.87686696e-02
5.69533833e-01
2.83956608e-01
-5.80874908e-01
0.00000000e+00
2.10688601e-01
-8.80104266e-01
1.81079067e-01
1.40673666e-02
-2.99411540e-01
6.50144978e-01
4.44051750e-01
-5.75571473e-01
-1.94026978e-01
2.98432714e-01
-1.82670437e+00
0.00000000e+00
0.00000000e+00
0.00000000e+00
1.04202505e+00
-1.38358520e-01
9.07497590e-01
1.84957944e+00
-4.22463036e-01
7.92913731e-01
2.21317241e+00
1.58033354e+00
8.46101972e-01
0.00000000e+00
2.27260528e+00
5.94963287e-03
-6.18592140e-03
2.07530261e+00
9.20331910e-01
8.24166041e-01
8.58284144e-01
-2.89314785e-01
1.08961513e+00
9.28501162e-01
-1.08749265e+00
0.00000000e+00
0.00000000e+00
0.00000000e+00
1.13463986e+00
-1.40715055e-01
9.87534205e-01
8.25122283e-01
1.30937667e+00
1.39705072e+00
6.25759885e-01
6.20759078e-01
8.33434747e-01
0.00000000e+00
5.72550267e-01
7.31532106e-01
6.79105778e-01
5.54102719e-01
4.70125733e-01
1.28119943e+00
1.25785855e+00
1.40170088e+00
9.58984815e-01
1.15553031e+00
136
9.46786399e-01
4.01100791e-01
1.34422111e-03
5.45685608e-01
1.07354848e-03
0.00000000e+00
0.00000000e+00
0.00000000e+00
0.00000000e+00
0.00000000e+00
0.00000000e+00
0.00000000e+00
4.21863343e-01
4.39716455e-01
0.00000000e+00
0.00000000e+00
0.00000000e+00
0.00000000e+00
0.00000000e+00
4.84728922e-02
-1.81062626e-01
-7.42451496e-02
-2.75940039e-03
7.66298675e-02
1.65672538e-01
4.06035916e-01
5.08042361e-01
-1.41600803e-01
-8.81352524e-02
4.83951144e-02
7.03320323e-01
1.58389452e-01
3.38187346e-02
2.24315504e-01
1.04492149e+00
-1.19622285e+00
6.12275236e-01
-9.24684061e-01
9.99989043e-01
-6.69118758e-01
-5.71128895e-02
-2.16270963e-01
4.14507077e-01
0.00000000e+00
0.00000000e+00
0.00000000e+00
0.00000000e+00
-2.71679736e+00
2.32336794e-01
-8.46962921e-01
-2.75079722e-01
0.00000000e+00
-1.34770713e+00
-3.19903027e-01
-3.15607916e-01
-1.79102942e-01
0.00000000e+00
1.33367546e-02
-5.26010908e-01
1.52593625e-01
-2.17443714e-02
-9.91796723e-03
3.30595920e-01
-2.88654035e-02
2.69727804e-01
-4.54081259e-01
0.00000000e+00
7.90716213e-02
-2.68518716e-01
-9.29480949e-03
1.22088776e-01
0.00000000e+00
7.95516066e-01
-2.10980591e-01
2.98628638e-01
-8.61330903e-02
0.00000000e+00
7.55205330e-01
4.56309642e-02
1.67442468e-01
-1.29005243e-01
0.00000000e+00
8.15260180e-01
-7.38568648e-02
2.37559791e-01
-1.07188137e-01
-1.53151160e-01
-6.24603684e-01
-9.90919997e-01
0.00000000e+00
0.00000000e+00
0.00000000e+00
7.30763060e-01
-3.04881532e+00
1.56525105e-01
-2.18092041e-02
-1.02251286e+00
5.13259856e-01
4.03206135e-01
9.73729115e-01
4.27488227e-02
0.00000000e+00
8.32075705e-01
-9.53435584e-01
-1.62922900e+00
4.92534404e-01
6.63509483e-01
7.74028840e-01
5.73440520e-01
-8.50839940e-01
-1.27158670e-01
5.07059545e-01
-1.14573107e+00
0.00000000e+00
0.00000000e+00
0.00000000e+00
2.94687394e-01
-2.63834372e+00
1.22388553e-01
6.95004385e-01
-9.35717475e-01
6.85026872e-01
9.22925177e-01
3.03347662e-01
1.58307501e-01
0.00000000e+00
8.08070982e-01
-9.52913551e-01
-1.27763050e+00
6.94301653e-01
-2.92429144e-01
3.60569924e-01
2.24152815e-01
-8.06985423e-01
1.16061435e-01
3.73444388e-01
