0 6 -999999999 -1 -1
1 2 0 -1 -1
0.3803 -0.4174
356
6.40971003e-01
6.40971003e-01
0.00000000e+00
-7.45340411e-02
1.79948530e-02
-7.63851731e-01
5.79176239e-01
0.00000000e+00
0.00000000e+00
-4.45478818e-01
4.28235062e-03
0.00000000e+00
0.00000000e+00
5.62006455e-02
-9.91882325e-02
-3.15464541e-02
0.00000000e+00
0.00000000e+00
0.00000000e+00
0.00000000e+00
0.00000000e+00
0.00000000e+00
0.00000000e+00
0.00000000e+00
0.00000000e+00
0.00000000e+00
0.00000000e+00
0.00000000e+00
0.00000000e+00
0.00000000e+00
0.00000000e+00
0.00000000e+00
0.00000000e+00
0.00000000e+00
0.00000000e+00
0.00000000e+00
0.00000000e+00
0.00000000e+00
0.00000000e+00
0.00000000e+00
0.00000000e+00
0.00000000e+00
0.00000000e+00
0.00000000e+00
0.00000000e+00
0.00000000e+00
0.00000000e+00
0.00000000e+00
0.00000000e+00
0.00000000e+00
0.00000000e+00
-8.06366681e-01
-6.35603664e-01
1.13699281e+00
0.00000000e+00
0.00000000e+00
0.00000000e+00
0.00000000e+00
-1.61400381e-01
1.00390905e+00
7.63275220e-01
-3.61940939e-02
6.61975887e-01
-7.70048818e-01
-2.40671000e-01
-1.57220137e-01
-3.82208723e-01
-6.11737710e-02
8.35738083e-01
-1.35830819e-02
-7.64845471e-02
-1.12074156e-01
-1.21339362e-02
-1.54269798e-02
-8.26929239e-02
2.69133211e-02
-9.24371414e-02
0.00000000e+00
0.00000000e+00
0.00000000e+00
0.00000000e+00
0.00000000e+00
0.00000000e+00
0.00000000e+00
0.00000000e+00
0.00000000e+00
0.00000000e+00
1.92572569e-01
4.48398434e-01
0.00000000e+00
-6.19141122e-01
-3.56733302e-01
-1.21358556e+00
-5.50032813e-01
-2.80391043e-01
-2.57603065e-01
1.30265860e-01
-2.37603086e-01
2.88434908e-01
-3.78843969e-02
0.00000000e+00
0.00000000e+00
0.00000000e+00
0.00000000e+00
2.79452182e+00
3.86285931e+00
0.00000000e+00
0.00000000e+00
0.00000000e+00
0.00000000e+00
0.00000000e+00
0.00000000e+00
3.73371241e-01
3.90055919e-01
2.08541997e-01
-2.51175809e-01
-7.38059703e-01
-2.13628446e+00
0.00000000e+00
1.01071178e+00
-1.22821588e+00
-1.78322655e-01
1.05124770e-02
-1.74364998e+00
2.94124439e-01
-2.13362392e-01
7.65754447e-03
-5.67903182e-01
-9.87144422e-01
-1.40273285e+00
7.26577504e+00
7.19712484e+00
7.19197331e+00
7.13524205e+00
7.19690045e+00
7.17342836e+00
-6.03935141e-01
-2.98691899e-01
-2.61384494e-01
-1.11846284e-01
-4.26956372e-01
-8.22566078e-01
-4.18775439e-01
-8.88865001e-01
-8.65768420e-01
-9.80844590e-01
-1.07818077e+00
-5.52973519e-01
0.00000000e+00
0.00000000e+00
0.00000000e+00
0.00000000e+00
-3.52527437e-01
1.50515218e+00
0.00000000e+00
0.00000000e+00
9.93498440e-01
-2.89305530e-01
0.00000000e+00
-1.72345388e+00
-8.96752960e-01
-1.52209056e+00
-1.25679786e+00
2.36561336e-02
-2.15355082e+00
0.00000000e+00
0.00000000e+00
0.00000000e+00
7.69817835e-01
-2.75822357e-01
-3.96636525e-04
-2.82896297e-01
-1.60773071e+00
1.05205160e+00
3.44753014e-01
1.67205716e-01
-5.19225392e-01
0.00000000e+00
1.18473554e+00
-1.34831728e-02
-7.05128301e-01
1.36297852e-01
-1.74242156e+00
5.42020419e-02
3.67403701e-01
-1.46499585e+00
-2.92996267e-01
6.75078429e-01
4.64914769e-01
0.00000000e+00
0.00000000e+00
0.00000000e+00
-6.55235619e-02
-4.17121552e-02
-1.29242345e-03
2.15508401e-01
3.53974120e-01
-1.27099909e-01
-7.96955660e-03
-2.06475034e-01
3.69631758e-01
0.00000000e+00
-2.83521580e-01
1.70091884e-01
3.02134970e-02
1.22728814e-01
-3.18093839e-01
4.31445481e-02
-5.99551623e-03
2.06274861e-01
1.12378123e-01
-1.01347659e-01
-1.20490883e+00
-6.18741276e-01
0.00000000e+00
-5.85495297e-02
-2.11557654e-02
1.92031408e-01
-9.91244745e-02
-7.11648210e-01
-8.36265751e-01
0.00000000e+00
0.00000000e+00
0.00000000e+00
-5.69719849e-02
-7.54668651e-02
-3.83647981e-01
7.06624517e-01
-5.58998369e-01
5.70313834e-01
7.04470383e-01
-1.14970432e+00
-1.77320240e-01
0.00000000e+00
6.80364338e-01
6.00359045e-01
1.29365556e-01
1.46109004e-02
-1.66141647e+00
-7.52779633e-01
-2.42057074e-01
-6.53006032e-02
9.49188262e-02
7.86370386e-01
-5.86167551e-01
0.00000000e+00
1.32506341e-01
4.60093431e-02
-9.48641991e-01
-2.78011684e-01
0.00000000e+00
-1.42504801e+00
3.71746963e-01
4.52049786e-01
9.43802423e-02
-8.24441713e-01
-6.70630306e-01
0.00000000e+00
0.00000000e+00
4.25834316e-01
-1.49843442e+00
0.00000000e+00
0.00000000e+00
0.00000000e+00
-8.14484408e-01
2.14359708e-01
-2.12021160e-01
2.93345237e-02
-1.94635466e-01
3.23615549e-01
2.57202338e-01
-2.01734760e-01
-5.57343820e-01
0.00000000e+00
-2.01167401e-01
2.47683617e-01
-6.11985041e-01
4.96395654e-01
-2.62449988e-01
5.98252628e-02
-1.39062384e-01
1.72995119e-01
1.45464431e-01
-2.50426198e-01
5.68807182e-01
0.00000000e+00
0.00000000e+00
0.00000000e+00
9.36171587e-03
0.00000000e+00
-9.26760117e-02
5.82900775e-01
0.00000000e+00
5.47814037e-01
7.12779829e-01
-9.09595052e-01
4.23278567e-01
0.00000000e+00
2.31192690e-01
4.69229260e-01
4.82277679e-01
0.00000000e+00
-1.78239516e+00
-3.88964465e-01
-1.13997895e-01
0.00000000e+00
0.00000000e+00
3.97601210e-01
-2.63592704e-01
2.05720514e-01
-1.49181129e-01
3.54901643e-01
0.00000000e+00
2.52626101e-01
1.65616778e-01
-2.12522365e-01
-6.31933280e-01
0.00000000e+00
0.00000000e+00
0.00000000e+00
1.26491824e-01
0.00000000e+00
9.01026922e-02
-1.42694098e+00
0.00000000e+00
-9.06587674e-01
-1.21814059e+00
1.51394850e+00
2.37354605e-01
0.00000000e+00
-4.14822538e-01
-1.07010224e+00
-2.75657915e-01
0.00000000e+00
2.63782107e+00
7.44889715e-01
3.03103014e-01
0.00000000e+00
0.00000000e+00
-9.73392776e-01
-4.69313219e-01
-1.55371522e-01
-3.13941697e-01
0.00000000e+00
-1.23484172e+00
0.00000000e+00
0.00000000e+00
0.00000000e+00
0.00000000e+00
0.00000000e+00
0.00000000e+00
0.00000000e+00
4.92969352e-01
4.92969352e-01
0.00000000e+00
0.00000000e+00
247
-2.56899488e+00
-2.56899488e+00
0.00000000e+00
-1.35904663e+00
-1.20994825e+00
-3.60531269e-01
-1.59321831e+00
-6.24968851e-01
0.00000000e+00
0.00000000e+00
2.75996335e-01
-1.64505085e-01
0.00000000e+00
0.00000000e+00
0.00000000e+00
0.00000000e+00
0.00000000e+00
0.00000000e+00
0.00000000e+00
0.00000000e+00
0.00000000e+00
0.00000000e+00
0.00000000e+00
0.00000000e+00
0.00000000e+00
0.00000000e+00
0.00000000e+00
0.00000000e+00
0.00000000e+00
0.00000000e+00
0.00000000e+00
0.00000000e+00
0.00000000e+00
0.00000000e+00
0.00000000e+00
0.00000000e+00
0.00000000e+00
0.00000000e+00
0.00000000e+00
0.00000000e+00
0.00000000e+00
-3.92628467e-01
-1.54199905e-02
-1.49844242e+00
-1.54271742e-02
0.00000000e+00
0.00000000e+00
0.00000000e+00
0.00000000e+00
0.00000000e+00
0.00000000e+00
0.00000000e+00
0.00000000e+00
0.00000000e+00
0.00000000e+00
0.00000000e+00
5.62783562e+00
5.62930152e+00
0.00000000e+00
4.33385464e+00
3.35587772e+00
0.00000000e+00
0.00000000e+00
0.00000000e+00
0.00000000e+00
0.00000000e+00
0.00000000e+00
-1.71276335e-01
-3.85709743e-01
-6.76985366e-01
-1.09281911e+00
-1.57039833e+00
-3.00566064e+00
0.00000000e+00
2.34546537e+00
1.56643019e+00
2.36701932e+00
2.68651118e+00
1.39489338e+00
3.83220111e-01
8.62417055e-03
-5.67839415e-02
-6.96174840e-01
-1.27002487e+00
-9.27456657e-01
8.27101739e+00
8.28239889e+00
8.18503351e+00
8.25047938e+00
8.16867628e+00
8.24686019e+00
-4.17115405e-01
-4.25999656e-01
-4.32049192e-01
-4.11724266e-01
-7.77319106e-01
-7.09379119e-01
-7.53709285e-01
-6.76126822e-01
-5.95041940e-01
-1.44530956e+00
-7.32222116e-01
-2.30930920e-01
0.00000000e+00
-3.36627658e+00
2.91198540e+00
0.00000000e+00
7.97281694e-01
-6.17349937e-01
0.00000000e+00
-3.70395534e+00
-7.32997341e-01
-8.15560292e-01
-1.64297086e+00
-5.77946400e-01
-1.54855763e+00
0.00000000e+00
0.00000000e+00
0.00000000e+00
3.99859892e-01
-5.93926619e-01
3.14861064e-01
-2.12181777e-01
-8.78524207e-01
9.34957884e-01
-3.84346870e-02
6.01799802e-01
-2.14807040e-01
0.00000000e+00
5.33341363e-01
-2.34233177e-02
-4.98764893e-02
3.66569062e-01
-2.33599697e+00
2.83696303e-01
5.90298212e-01
-1.08122978e+00
-3.99111978e-01
2.53571649e-01
-1.28899612e+00
-9.57319232e-01
0.00000000e+00
6.73136973e-01
4.32313784e-01
5.64485413e-01
0.00000000e+00
0.00000000e+00
0.00000000e+00
8.31292230e-02
4.96032045e-01
7.95669602e-02
-4.70662212e-01
3.19535096e-01
-6.26909512e-02
-2.17084825e-01
3.40577436e-01
1.63351718e-01
0.00000000e+00
-1.60048398e-01
-2.75496997e-01
-4.89870121e-01
6.24790784e-02
9.16037025e-01
3.40282269e-01
-5.95953486e-02
-1.70901419e-01
8.69635471e-02
-4.17118713e-01
-3.31676889e-01
0.00000000e+00
9.39048360e-02
3.66377936e-02
-2.59561511e-01
2.24321892e-01
0.00000000e+00
-1.91667781e-02
2.02611625e-01
-4.83883403e-01
0.00000000e+00
0.00000000e+00
2.75869550e-01
-2.22091726e+00
0.00000000e+00
0.00000000e+00
0.00000000e+00
-3.87863727e-01
-1.79560937e+00
1.17473433e-01
-1.63130919e-01
-6.57990607e-01
1.07796480e+00
1.01353945e+00
-3.02586061e-02
-1.26709474e+00
0.00000000e+00
5.23173273e-01
6.80475565e-01
-4.24578980e-02
4.83999052e-01
-4.83915095e-01
-4.83832739e-02
4.54806701e-01
0.00000000e+00
6.23790881e-01
1.00981438e-02
-9.04466706e-01
-3.08456018e-01
-2.65694812e-01
-4.27612056e-02
0.00000000e+00
4.76720414e-01
0.00000000e+00
0.00000000e+00
0.00000000e+00
2.65944985e-01
0.00000000e+00
7.03758986e-02
1.20737673e+00
0.00000000e+00
0.00000000e+00
3.92257187e-01
-8.38365053e-01
0.00000000e+00
0.00000000e+00
4.99281924e-01
0.00000000e+00
0.00000000e+00
0.00000000e+00
-9.14472683e-01
-3.59138001e-01
-2.75604723e-01
0.00000000e+00
0.00000000e+00
9.17507257e-01
-5.96010689e-01
-2.67958667e-01
-3.28052022e-01
0.00000000e+00
-1.31645056e+00
0.00000000e+00
0.00000000e+00
0.00000000e+00
0.00000000e+00
1.80642882e-02
1.80642882e-02
0.00000000e+00
0.00000000e+00
1 -999999999 0 0 -1
1 0 1 1 -1
1.9053e-01 -2.3971e-01
356
4.20173182e-01
0.00000000e+00
0.00000000e+00
0.00000000e+00
0.00000000e+00
0.00000000e+00
0.00000000e+00
0.00000000e+00
0.00000000e+00
0.00000000e+00
0.00000000e+00
0.00000000e+00
0.00000000e+00
0.00000000e+00
0.00000000e+00
0.00000000e+00
1.50127338e-02
4.05160448e-01
6.40830441e-01
-4.11154262e-01
-5.68045807e-01
5.19182096e-01
4.28417505e-02
8.47498028e-02
-3.07053246e-01
3.58197496e-01
-4.31726714e-01
2.70584081e-01
4.30251666e-01
4.57834670e-01
-2.47255895e-01
1.50127338e-02
4.05160448e-01
-6.25817707e-01
-4.11154262e-01
3.95208733e-01
2.45621708e-01
4.59603486e-01
-2.09707207e-02
1.81226955e-01
8.77901105e-01
0.00000000e+00
0.00000000e+00
0.00000000e+00
0.00000000e+00
0.00000000e+00
0.00000000e+00
0.00000000e+00
0.00000000e+00
0.00000000e+00
0.00000000e+00
-5.55807192e-01
-3.62057547e-01
-8.90171075e-01
0.00000000e+00
0.00000000e+00
0.00000000e+00
0.00000000e+00
-2.95998422e-01
7.46142689e-01
4.50038928e-01
1.64021375e-01
5.96956017e-01
-6.34218255e-01
-8.58336412e-02
-1.92355780e-01
-2.44989700e-01
1.02189673e-01
1.99275652e-01
-1.22984080e-02
3.64116770e-01
-4.36034775e-02
-2.22573675e-03
2.45015059e-01
2.05052523e-02
1.51084025e-03
2.18431360e-02
2.43995755e-01
-2.28028854e-04
-3.87040234e-02
0.00000000e+00
0.00000000e+00
0.00000000e+00
0.00000000e+00
0.00000000e+00
0.00000000e+00
0.00000000e+00
-3.94489292e-01
2.69600463e-01
5.45062010e-01
-4.43781618e-01
-3.87851392e-01
-4.84595442e-01
-5.37089989e-01
-8.38084488e-01
-8.10202134e-01
1.32690403e-01
1.12420260e-01
-1.50672678e-01
3.89656154e-02
-4.86871283e-01
2.62981282e-01
0.00000000e+00
0.00000000e+00
1.85133564e+00
1.63477795e+00
0.00000000e+00
0.00000000e+00
0.00000000e+00
0.00000000e+00
0.00000000e+00
0.00000000e+00
2.45871269e-01
3.56833090e-01
3.42210174e-01
1.06318649e-02
-5.68164128e-01
-1.81854473e+00
1.13571425e+00
9.71696977e-01
-9.48018089e-01
-7.62016659e-01
1.50294034e-01
-9.43465696e-01
9.72320530e-01
9.04162799e-02
2.07007714e-01
-2.89003807e-01
-5.38047565e-01
-1.26150273e+00
4.77008854e+00
4.74977253e+00
4.67591970e+00
4.67381952e+00
4.78057671e+00
4.60647145e+00
1.18987928e-01
2.90068892e-01
2.36707471e-01
2.51629095e-01
3.14258654e-01
-4.77827858e-01
4.07690218e-01
4.96506710e-01
4.00007665e-01
7.36752815e-02
7.00504539e-02
1.23520790e-01
0.00000000e+00
0.00000000e+00
0.00000000e+00
0.00000000e+00
-3.95795186e-01
2.46140129e+00
0.00000000e+00
0.00000000e+00
8.15968367e-01
-1.80194022e-01
0.00000000e+00
0.00000000e+00
-3.84570924e-01
-4.79670260e-01
-1.04659153e+00
-7.13327422e-01
-1.43116246e+00
0.00000000e+00
0.00000000e+00
0.00000000e+00
4.84326108e-01
-6.00390950e-02
-1.37418127e-01
-9.00593297e-02
-5.74347555e-01
6.76666965e-01
1.97205267e-01
-1.32261719e-02
1.10563138e-01
0.00000000e+00
9.43065117e-01
-1.20154927e-01
-7.92185566e-01
3.66643710e-01
-1.88889151e+00
3.47007447e-01
2.60483336e-01
-1.12053625e+00
-2.48012391e-01
2.27747386e-01
1.66247474e-02
0.00000000e+00
0.00000000e+00
0.00000000e+00
9.16315152e-02
7.28114947e-02
-4.46823177e-02
-5.74553541e-02
-8.36960661e-03
-4.97485363e-02
-5.55629802e-02
6.13419001e-02
4.67113156e-02
0.00000000e+00
-1.28693579e-01
1.08233801e-01
-1.84564826e-02
-1.19636470e-02
-1.65876040e-01
-9.59102308e-02
-6.02847581e-02
2.07926329e-01
4.85974506e-02
7.63744745e-02
-6.87631725e-01
-1.83977471e-01
0.00000000e+00
-3.20184665e-02
2.61070956e-02
4.59857705e-02
-1.00944371e-02
-2.19868804e-01
-1.16787880e-01
0.00000000e+00
0.00000000e+00
0.00000000e+00
1.21115091e-01
1.88827806e-01
-2.17263622e-01
6.43052278e-01
-4.82962800e-01
5.15702744e-01
6.76825683e-01
-1.10315573e+00
1.61243181e-01
0.00000000e+00
8.46432478e-01
6.84393250e-02
6.46331645e-02
4.13284663e-02
-1.56826812e+00
-8.37008946e-01
-1.88976642e-01
5.05676612e-02
1.92587197e-01
7.10092897e-01
-5.03654254e-01
0.00000000e+00
-6.06682008e-01
-2.12925063e-01
-7.43530731e-01
-2.00593453e-01
0.00000000e+00
2.61221807e-02
2.32500716e-01
9.03601687e-02
-6.63080106e-02
-2.24645611e-01
-5.42937278e-01
0.00000000e+00
-2.64382572e-03
-9.99216511e-02
-1.19299768e+00
0.00000000e+00
0.00000000e+00
0.00000000e+00
-1.01173166e+00
7.85417555e-01
-9.75070661e-02
-2.54771470e-01
-3.48993081e-01
2.12927183e-01
2.58666146e-01
-3.78771716e-02
-6.06585204e-02
0.00000000e+00
-4.33353898e-01
1.67100644e-01
-7.67283489e-01
3.77953312e-01
-2.22149413e-01
7.04562756e-02
1.41698626e-01
1.46458513e-01
1.01745622e-01
-2.21095789e-01
2.09046186e-01
0.00000000e+00
0.00000000e+00
0.00000000e+00
1.37549610e-02
-2.15535374e-01
-2.80426278e-01
3.34267797e-02
3.25312925e-01
1.95096534e-01
1.37488231e-01
-2.68186703e-01
3.70820876e-02
0.00000000e+00
-5.70880575e-02
1.96668180e-01
2.49292693e-01
2.96199520e-01
-8.20778443e-01
-2.81752880e-01
-2.15642291e-01
2.44383050e-01
4.35827923e-01
1.83923326e-01
-4.96118581e-01
1.19285916e-03
1.07879496e-01
-1.01342212e-01
-2.69203448e-01
9.30592600e-02
8.11273857e-03
-9.99791394e-02
-5.16398175e-01
0.00000000e+00
0.00000000e+00
0.00000000e+00
-4.09518278e-02
-4.41429359e-01
3.02840142e-01
-4.82163733e-01
-6.17880929e-02
-3.36940247e-01
-5.88656249e-01
1.03397063e+00
-3.60606104e-01
0.00000000e+00
-3.32373112e-01
-3.23644511e-02
-2.91700262e-01
-2.59257091e-01
1.20764109e+00
1.07966897e+00
4.01120271e-01
-1.03608012e-01
-5.02395299e-01
-7.07405436e-01
-4.97311440e-01
2.25234479e-01
2.10163826e-01
-1.23155028e-01
-6.96879101e-01
-4.80863119e-01
7.41787446e-02
7.24816904e-03
1.27129272e-01
-1.26414015e-01
-1.85882345e-01
-1.68566759e-01
-2.16015982e-01
-4.99697482e-01
-2.46208668e-01
-1.09916563e-01
247
-2.87249725e-01
0.00000000e+00
0.00000000e+00
0.00000000e+00
0.00000000e+00
0.00000000e+00
0.00000000e+00
0.00000000e+00
0.00000000e+00
7.45183557e-01
0.00000000e+00
0.00000000e+00
0.00000000e+00
0.00000000e+00
-2.86552082e-01
0.00000000e+00
-4.78110683e-02
-2.38741013e-01
0.00000000e+00
-8.26510908e-01
0.00000000e+00
0.00000000e+00
0.00000000e+00
-1.00629882e-01
2.76338393e-01
-2.90471034e-01
1.59700012e-01
-2.86552082e-01
0.00000000e+00
-4.78110683e-02
-2.38741013e-01
0.00000000e+00
6.82229455e-01
-2.05427176e-01
0.00000000e+00
0.00000000e+00
0.00000000e+00
0.00000000e+00
0.00000000e+00
0.00000000e+00
0.00000000e+00
3.13772575e-01
-1.53736639e-02
-3.70333497e-01
2.21207498e-03
-2.07727847e-01
7.39718063e-04
-2.29609569e-02
-1.06941310e-03
0.00000000e+00
0.00000000e+00
0.00000000e+00
0.00000000e+00
0.00000000e+00
0.00000000e+00
0.00000000e+00
-5.35605669e-01
3.04562174e-02
2.17899726e-01
5.92465594e-01
6.23577105e-01
0.00000000e+00
0.00000000e+00
0.00000000e+00
0.00000000e+00
0.00000000e+00
0.00000000e+00
3.81277423e-01
5.07642853e-01
4.82307840e-01
2.88769062e-02
-4.65015665e-01
-1.81480468e+00
1.44365998e+00
7.26609918e-01
-3.20099506e-01
-1.28942176e+00
1.79589609e-01
-1.71639411e+00
6.11853268e-01
2.50111490e-01
2.13458412e-01
-1.79465534e-01
-3.45222465e-01
-4.85506138e-01
2.33333887e+00
2.45870949e+00
2.26581299e+00
2.43320081e+00
2.37606459e+00
1.87035956e+00
2.35070677e-01
1.85390837e-01
2.62771166e-01
3.36049981e-01
2.07130264e-01
-4.85630585e-01
6.49457512e-01
-1.48189141e-01
-1.27799681e-01
-4.63611524e-01
-5.70103479e-01
-4.62334015e-02
0.00000000e+00
-9.76055863e-01
1.81858605e+00
0.00000000e+00
6.88806138e-01
-1.94369108e-01
0.00000000e+00
0.00000000e+00
-3.14729091e-01
-5.64986228e-01
-5.31255295e-01
-3.15838746e-01
-8.79715319e-01
0.00000000e+00
0.00000000e+00
0.00000000e+00
2.54152165e-01
-5.31538046e-01
1.70908203e-01
-1.87285464e-01
-1.69262993e-01
4.48069377e-01
5.58676903e-02
2.46513178e-01
-6.83627722e-01
0.00000000e+00
6.11364209e-01
3.37168938e-01
-4.69262588e-01
3.31686174e-01
-5.16221480e-01
1.41922721e-01
3.09912874e-01
-9.78961105e-01
-1.48791804e-01
-1.02329648e-01
-4.52932655e-01
-1.53820621e-01
0.00000000e+00
3.97894038e-02
2.38441805e-02
7.25576450e-02
0.00000000e+00
0.00000000e+00
0.00000000e+00
-5.26060774e-02
-3.47924312e-02
-5.46951656e-02
-1.81593743e-01
-5.18118849e-03
-1.12550338e-01
-7.68324711e-02
3.21731048e-01
-2.88298516e-02
0.00000000e+00
1.29872172e-02
1.08487773e-02
-2.63227947e-01
-6.69068695e-02
8.36468590e-01
1.26184418e-01
-6.05679146e-02
-2.04453536e-02
-6.24802858e-02
-2.14952770e-01
-2.99112034e-01
0.00000000e+00
1.89668890e-01
3.17733849e-02
-4.26782664e-01
-1.60908470e-01
0.00000000e+00
0.00000000e+00
6.78937585e-01
-2.65874193e-01
0.00000000e+00
7.63348488e-02
7.09007871e-01
-8.47094040e-01
0.00000000e+00
0.00000000e+00
0.00000000e+00
-6.31361534e-01
-1.63027656e-01
1.13878174e-02
2.89215412e-02
6.18087098e-02
5.67262647e-01
4.68901729e-01
-4.60721978e-01
-7.33270421e-01
0.00000000e+00
-2.19394559e-01
5.24529209e-01
-2.25892110e-01
6.60957021e-01
-9.42939125e-01
-5.32587179e-02
-6.81086382e-02
9.78514285e-02
4.12820472e-01
-1.83559876e-01
-4.42495473e-01
-1.60501048e-01
-1.00840361e-01
-1.05425150e-01
-1.17904147e-01
2.33202202e-01
0.00000000e+00
0.00000000e+00
0.00000000e+00
3.11489957e-02
6.76701456e-02
-2.23859620e-01
2.88040851e-01
-1.56674134e-01
1.79616318e-02
5.67119830e-02
-3.41105664e-01
5.38988157e-01
0.00000000e+00
3.17269086e-01
7.29851245e-02
1.25951165e-01
-2.04086145e-02
-7.20875245e-01
-1.35179669e-01
-1.54966778e-01
2.34690260e-01
-6.14334345e-02
2.96287961e-01
-2.81994425e-01
4.09452170e-01
9.35577361e-02
-1.00039589e-01
-4.04598567e-01
-3.70754246e-01
4.31325317e-02
-1.27660700e-01
-2.66486114e-02
-3.38443210e-02
1.52813203e-01
-1.33151610e-01
3.14765146e-02
7 1
-1.5363e-01 -8.6643e-02
2 1
0 1 
217
5.42029823e-01
-5.31132662e-01
3.64964051e-02
1.99743984e-01
-8.55777975e-02
4.41320983e-01
2.90255614e-01
5.54943193e-02
3.24146769e-01
-3.61462873e-01
-1.53420911e-01
-9.86421641e-02
1.66626149e-01
5.78802284e-02
-3.39951093e-01
1.21547926e-02
5.53372570e-01
2.18168071e-03
1.20692414e-03
4.30775922e-01
3.95660912e-01
1.22386386e-03
1.55483975e-01
4.84138323e-01
-1.84753728e-04
9.97490399e-02
0.00000000e+00
0.00000000e+00
0.00000000e+00
0.00000000e+00
0.00000000e+00
0.00000000e+00
0.00000000e+00
-8.53297510e-02
7.56911338e-01
-1.29551764e-01
0.00000000e+00
3.47004793e-02
5.07329344e-01
0.00000000e+00
0.00000000e+00
0.00000000e+00
0.00000000e+00
0.00000000e+00
0.00000000e+00
-7.32469035e-02
1.07947383e-01
5.07329344e-01
0.00000000e+00
0.00000000e+00
0.00000000e+00
0.00000000e+00
0.00000000e+00
0.00000000e+00
0.00000000e+00
0.00000000e+00
0.00000000e+00
0.00000000e+00
0.00000000e+00
0.00000000e+00
5.07329344e-01
1.07947383e-01
-7.32469035e-02
1.00775850e+00
-8.99811117e-01
-1.82362939e+00
3.86305580e-01
5.77335845e-01
4.77768599e-02
1.33258702e+00
0.00000000e+00
-7.32469035e-02
-1.03063966e+00
6.77298324e-01
-2.65087782e-01
-6.20215977e-02
5.33891757e-01
0.00000000e+00
0.00000000e+00
0.00000000e+00
0.00000000e+00
0.00000000e+00
0.00000000e+00
0.00000000e+00
0.00000000e+00
0.00000000e+00
0.00000000e+00
0.00000000e+00
0.00000000e+00
0.00000000e+00
0.00000000e+00
0.00000000e+00
0.00000000e+00
0.00000000e+00
0.00000000e+00
0.00000000e+00
0.00000000e+00
0.00000000e+00
0.00000000e+00
0.00000000e+00
0.00000000e+00
0.00000000e+00
0.00000000e+00
0.00000000e+00
0.00000000e+00
0.00000000e+00
0.00000000e+00
0.00000000e+00
0.00000000e+00
0.00000000e+00
0.00000000e+00
0.00000000e+00
0.00000000e+00
0.00000000e+00
0.00000000e+00
0.00000000e+00
0.00000000e+00
0.00000000e+00
0.00000000e+00
-8.08300012e-01
-2.31067523e+00
-8.65231897e-01
0.00000000e+00
0.00000000e+00
0.00000000e+00
5.34464696e-01
-1.07645696e+00
9.84804864e-02
-5.76439803e-01
-6.40177846e-01
5.85973282e-01
9.02020249e-02
7.53569267e-01
-1.50450694e-01
0.00000000e+00
4.00289415e-01
-5.06528632e-02
-7.65354581e-01
2.40779706e-01
1.51717591e-01
9.02650225e-01
7.08453047e-01
-1.33808494e+00
-7.01876138e-01
-3.23178074e-02
-2.49091032e-01
0.00000000e+00
0.00000000e+00
0.00000000e+00
2.73666442e-01
-8.07352085e-01
1.79150958e-02
5.82451422e-01
-6.11198100e-01
2.37587043e-02
2.43435926e-01
-2.38501566e-01
-1.22250151e-01
0.00000000e+00
5.19001124e-01
-3.77417984e-01
-3.43290091e-01
1.34059934e-01
-2.96724172e-01
-7.77149556e-02
3.55388115e-02
-8.60953199e-02
2.65181680e-01
6.16444251e-01
-2.20966318e+00
0.00000000e+00
0.00000000e+00
0.00000000e+00
5.33654550e-02
2.59927995e+00
-6.07107792e-01
-2.86806842e-01
-7.92470464e-01
2.56538327e-01
-1.30848288e+00
6.78362987e-02
-1.08831092e+00
0.00000000e+00
-2.11767604e-01
3.70283154e+00
-1.36113791e+00
9.29609415e-02
-2.03474512e+00
-5.12660757e-01
3.27570223e-02
-4.01576626e-01
-3.89886775e-01
-2.02790173e-02
5.19983366e-02
0.00000000e+00
0.00000000e+00
0.00000000e+00
4.61535438e-02
-5.50823420e-01
1.48982195e-01
-3.94806893e-02
-3.23384313e-01
6.49229838e-02
2.46177646e-01
9.76202498e-02
1.31072194e-01
0.00000000e+00
2.00790796e-01
-8.93242187e-01
-1.85086428e-01
2.00905898e-01
8.25396175e-01
3.17165142e-01
-6.35078992e-02
-1.42495412e-01
5.73602596e-02
-8.65283984e-02
136
7.78269451e-01
3.34550679e-01
3.19400112e-03
4.65849328e-02
1.77151468e-03
1.74896806e-01
3.87553170e-04
2.22237033e-01
-4.12302658e-04
0.00000000e+00
0.00000000e+00
0.00000000e+00
0.00000000e+00
0.00000000e+00
0.00000000e+00
0.00000000e+00
1.77367132e-01
5.08747762e-01
9.21545573e-02
1.24742833e-01
1.20319542e-01
5.33207076e-01
0.00000000e+00
0.00000000e+00
0.00000000e+00
0.00000000e+00
0.00000000e+00
1.24742833e-01
6.40136541e-02
5.63058878e-02
5.33207076e-01
0.00000000e+00
0.00000000e+00
0.00000000e+00
0.00000000e+00
0.00000000e+00
0.00000000e+00
0.00000000e+00
0.00000000e+00
0.00000000e+00
0.00000000e+00
0.00000000e+00
0.00000000e+00
0.00000000e+00
0.00000000e+00
0.00000000e+00
4.27528391e-01
-2.46479671e-01
6.04678352e-01
-1.13246404e-01
-1.25335406e+00
0.00000000e+00
1.93157440e-01
4.01902496e-01
5.92329845e-02
-1.01841106e+00
0.00000000e+00
0.00000000e+00
0.00000000e+00
0.00000000e+00
5.33207076e-01
5.63058878e-02
6.40136541e-02
0.00000000e+00
0.00000000e+00
0.00000000e+00
0.00000000e+00
0.00000000e+00
0.00000000e+00
0.00000000e+00
0.00000000e+00
0.00000000e+00
0.00000000e+00
0.00000000e+00
0.00000000e+00
0.00000000e+00
0.00000000e+00
0.00000000e+00
0.00000000e+00
0.00000000e+00
0.00000000e+00
0.00000000e+00
0.00000000e+00
0.00000000e+00
0.00000000e+00
0.00000000e+00
-7.17665237e-01
-1.58289975e+00
-1.00885240e+00
0.00000000e+00
0.00000000e+00
0.00000000e+00
7.36660514e-01
-2.45318388e+00
3.65073820e-01
6.38357992e-02
-1.19542755e+00
6.64344088e-01
3.38495659e-01
1.17445367e+00
-5.16749019e-01
0.00000000e+00
8.69596045e-01
-4.64212791e-01
-1.06882662e+00
4.45791087e-01
1.01734701e+00
9.66891059e-01
5.54641501e-01
-2.05935313e+00
-6.24598400e-01
1.76368745e-01
-1.89492842e+00
0.00000000e+00
0.00000000e+00
0.00000000e+00
2.47506873e-01
1.74288466e+00
-2.49883685e-01
-1.36437071e-01
-1.40006941e+00
-1.17793594e-01
-9.00565842e-02
8.94183643e-02
-8.25364036e-01
0.00000000e+00
4.55672285e-01
3.00002598e+00
-1.48084672e+00
2.70483679e-01
-1.37636121e+00
-9.62251831e-02
-4.84367162e-02
-1.31817618e+00
-5.83353455e-01
2.20835826e-02
2 1
-2.5798e-01 -4.8297e-02
3 1
0 1 7 
217
6.05832656e-01
-4.90039993e-01
3.54696740e-02
-8.45894555e-01
-1.32363271e-02
3.79283497e-01
2.83443499e-01
1.27204905e-01
3.10621318e-01
-1.14542421e-02
1.66220118e-01
-3.57435869e-02
-1.41215951e-01
-5.91190818e-02
-1.39942533e-01
9.25605014e-03
4.45742359e-01
8.97663210e-02
-5.04160944e-04
4.04631984e-01
2.50530060e-01
-7.92902086e-04
2.56573528e-01
4.05478809e-01
-3.77937859e-04
1.31706305e-01
0.00000000e+00
0.00000000e+00
0.00000000e+00
0.00000000e+00
0.00000000e+00
0.00000000e+00
0.00000000e+00
-1.01990613e-01
6.82171477e-01
2.56517927e-02
0.00000000e+00
-1.56870121e-01
1.34390977e-01
6.28311800e-01
0.00000000e+00
0.00000000e+00
0.00000000e+00
0.00000000e+00
0.00000000e+00
1.95754032e-01
-3.52624152e-01
4.40210127e-01
0.00000000e+00
-6.47500953e-01
3.41681803e-01
6.28311800e-01
0.00000000e+00
0.00000000e+00
0.00000000e+00
0.00000000e+00
0.00000000e+00
0.00000000e+00
0.00000000e+00
0.00000000e+00
4.21020975e-01
-1.09423497e-02
1.95754032e-01
1.00385862e+00
-1.01480097e+00
-1.39559057e+00
3.71262392e-01
5.60605117e-01
2.45512615e-01
1.24851274e+00
0.00000000e+00
-4.51746921e-01
-1.00756758e+00
7.68008937e-01
-2.93916862e-01
2.89570641e-01
9.62284987e-01
0.00000000e+00
2.83340006e-01
-3.27108504e-02
3.12904492e-01
-1.22970988e-01
9.58815873e-03
7.23025827e-02
0.00000000e+00
0.00000000e+00
0.00000000e+00
0.00000000e+00
0.00000000e+00
0.00000000e+00
0.00000000e+00
0.00000000e+00
0.00000000e+00
0.00000000e+00
0.00000000e+00
0.00000000e+00
0.00000000e+00
0.00000000e+00
0.00000000e+00
0.00000000e+00
0.00000000e+00
0.00000000e+00
0.00000000e+00
0.00000000e+00
0.00000000e+00
0.00000000e+00
0.00000000e+00
0.00000000e+00
0.00000000e+00
0.00000000e+00
0.00000000e+00
0.00000000e+00
0.00000000e+00
0.00000000e+00
0.00000000e+00
0.00000000e+00
0.00000000e+00
0.00000000e+00
0.00000000e+00
-7.50637842e-01
-2.34625067e+00
-7.61893605e-01
0.00000000e+00
0.00000000e+00
0.00000000e+00
5.53364570e-01
-1.30148763e+00
1.01802450e-01
-3.06718591e-01
-5.60137337e-01
2.75394880e-01
2.05600757e-01
6.35144792e-01
-8.74079451e-02
0.00000000e+00
3.59599201e-01
-8.66433198e-02
-7.39741794e-01
2.45720388e-01
2.39484680e-01
1.04868872e+00
5.18950814e-01
-1.21759750e+00
-5.48222256e-01
-9.76884820e-02
-2.66922895e-01
0.00000000e+00
0.00000000e+00
0.00000000e+00
3.22846464e-01
-8.65247091e-01
-1.66761286e-01
3.62528548e-01
-6.44811925e-01
1.63516008e-01
1.89035353e-01
-1.63510505e-02
-1.38156306e-01
0.00000000e+00
5.58942932e-01
-3.24268484e-01
-3.31811169e-01
4.39911033e-02
-2.99119767e-01
-2.66101246e-02
2.16275423e-01
-1.35987021e-01
2.03197732e-01
6.21867765e-01
-2.21399756e+00
0.00000000e+00
0.00000000e+00
0.00000000e+00
1.94625621e-02
2.75154248e+00
-6.89087286e-01
-1.69674918e-01
-6.89823128e-01
-1.25105804e-01
-8.54760015e-01
-9.02349016e-02
-8.03090546e-01
0.00000000e+00
-2.84868741e-01
3.20939255e+00
-1.30067175e+00
-4.17830788e-02
-2.12124409e+00
-3.04256862e-01
2.53477139e-01
-3.57070111e-01
-5.21844533e-01
-9.43565297e-02
4.72869480e-02
0.00000000e+00
0.00000000e+00
0.00000000e+00
3.90454283e-02
-7.40485470e-01
1.32994269e-01
-1.23494782e-01
-2.92920916e-01
1.84121690e-01
1.79548173e-01
1.56281977e-01
-2.49303408e-02
0.00000000e+00
2.03925120e-01
-7.22756125e-01
-1.23440302e-01
3.44661760e-01
8.22854078e-01
1.70427019e-01
-1.64886581e-01
-1.16938496e-01
1.83378436e-01
-6.00979884e-02
136
5.78629687e-01
2.61444225e-01
4.60620520e-03
1.61766574e-02
1.50055032e-03
1.19304103e-01
7.00498131e-04
1.81704701e-01
-2.86759525e-04
0.00000000e+00
0.00000000e+00
0.00000000e+00
0.00000000e+00
0.00000000e+00
0.00000000e+00
0.00000000e+00
1.33606907e-01
4.41893844e-01
3.12893560e-03
9.47987570e-02
-3.78902676e-03
1.70034355e-01
3.17585602e-01
0.00000000e+00
0.00000000e+00
0.00000000e+00
0.00000000e+00
9.47987570e-02
1.57705700e-02
-1.95595968e-02
3.12245140e-01
0.00000000e+00
-8.46334442e-02
-5.75773407e-02
3.17585602e-01
0.00000000e+00
0.00000000e+00
0.00000000e+00
0.00000000e+00
0.00000000e+00
0.00000000e+00
0.00000000e+00
0.00000000e+00
0.00000000e+00
0.00000000e+00
0.00000000e+00
3.35407469e-01
-3.17745649e-01
6.10868482e-01
-8.24938181e-02
-1.55730145e+00
0.00000000e+00
3.01025409e-02
4.31860145e-01
8.76381418e-02
-1.02099050e+00
0.00000000e+00
4.03254870e-01
-3.13568480e-01
3.06765025e-01
4.88558407e-01
-7.71369375e-02
1.57705700e-02
0.00000000e+00
0.00000000e+00
0.00000000e+00
0.00000000e+00
0.00000000e+00
0.00000000e+00
0.00000000e+00
0.00000000e+00
0.00000000e+00
0.00000000e+00
0.00000000e+00
0.00000000e+00
0.00000000e+00
0.00000000e+00
0.00000000e+00
0.00000000e+00
0.00000000e+00
0.00000000e+00
0.00000000e+00
0.00000000e+00
0.00000000e+00
0.00000000e+00
0.00000000e+00
-6.73937480e-01
-1.50887613e+00
-9.92909431e-01
0.00000000e+00
0.00000000e+00
0.00000000e+00
7.17350169e-01
-2.29579033e+00
4.02573042e-01
6.93018768e-02
-1.20718135e+00
6.03486918e-01
2.87303109e-01
1.19201911e+00
-5.18425295e-01
0.00000000e+00
8.60202907e-01
-4.31492309e-01
-1.06254808e+00
4.60761803e-01
1.02490095e+00
8.58714004e-01
4.72502183e-01
-2.01321074e+00
-6.47222801e-01
2.33845400e-01
-1.86948968e+00
0.00000000e+00
0.00000000e+00
0.00000000e+00
2.88322666e-01
1.74446215e+00
-2.52946238e-01
-1.31606849e-01
-1.47095148e+00
-6.45444169e-02
-2.22856628e-01
9.78946844e-02
-8.34330113e-01
0.00000000e+00
4.55377546e-01
3.01789785e+00
-1.50606172e+00
2.18704646e-01
-1.31028366e+00
-1.07448427e-01
-5.36204827e-02
-1.26620284e+00
-5.20299553e-01
4.90031811e-02
19 2
-6.6118e-02 -6.5906e-02
4 -1
0 1 7 2 
217
-2.11813972e-02
3.13988047e-01
-7.40489937e-02
7.55338510e-02
-3.39539395e-02
-4.03446674e-02
1.54617081e-01
-1.94226998e-01
-1.97695653e-01
1.94123072e-01
-1.47622643e-01
2.51436426e-01
2.03473757e-01
2.04113522e-01
0.00000000e+00
0.00000000e+00
0.00000000e+00
0.00000000e+00
0.00000000e+00
0.00000000e+00
0.00000000e+00
0.00000000e+00
0.00000000e+00
-2.11813972e-02
5.45664644e-03
5.45354229e-01
0.00000000e+00
0.00000000e+00
0.00000000e+00
0.00000000e+00
0.00000000e+00
0.00000000e+00
0.00000000e+00
-4.27145885e-01
4.13492238e-02
3.64615264e-01
0.00000000e+00
-3.17918895e-01
-2.36466289e-01
4.55119941e-02
4.87691793e-01
0.00000000e+00
0.00000000e+00
0.00000000e+00
0.00000000e+00
1.04511825e-01
-4.22430720e-01
1.07553118e-02
0.00000000e+00
-1.46406837e-01
-2.92342444e-02
3.36941793e-01
0.00000000e+00
7.60380758e-02
-1.47618595e-01
2.86688956e-01
0.00000000e+00
-8.83885262e-01
3.05766506e-01
4.87691793e-01
1.67823831e-01
-2.93517053e-01
1.04511825e-01
4.48346670e-01
-7.41863723e-01
-9.56778809e-01
1.74803200e-01
7.29968181e-01
9.75324556e-02
4.84630376e-01
0.00000000e+00
-8.49742199e-01
-6.58973847e-01
3.56738260e-01
-3.03779666e-01
4.71822541e-01
3.99204515e-01
0.00000000e+00
-9.20551462e-02
-2.19293378e-01
9.96437985e-02
-2.35239848e-01
-2.87700495e-02
-4.64938887e-02
0.00000000e+00
-1.45862872e-01
-7.54236507e-01
8.09317849e-02
-2.30064179e-01
4.37496899e-02
6.28781869e-02
0.00000000e+00
0.00000000e+00
0.00000000e+00
0.00000000e+00
0.00000000e+00
0.00000000e+00
0.00000000e+00
0.00000000e+00
0.00000000e+00
0.00000000e+00
0.00000000e+00
0.00000000e+00
0.00000000e+00
0.00000000e+00
0.00000000e+00
0.00000000e+00
0.00000000e+00
0.00000000e+00
0.00000000e+00
0.00000000e+00
0.00000000e+00
0.00000000e+00
0.00000000e+00
0.00000000e+00
0.00000000e+00
0.00000000e+00
0.00000000e+00
0.00000000e+00
-7.63959716e-01
-1.98669022e+00
-7.91264049e-01
0.00000000e+00
0.00000000e+00
0.00000000e+00
3.82183039e-01
-5.01907289e-01
1.97695699e-01
1.51206063e-02
-5.42633577e-01
3.33728277e-01
-7.80740287e-02
8.26469494e-01
-3.89504735e-01
0.00000000e+00
2.85964076e-01
-3.08252339e-01
-6.77340079e-01
-3.56685526e-01
1.72410034e-01
6.23976747e-01
1.14027731e-03
-5.82728723e-01
-3.17312877e-01
1.24486875e-01
-1.55405060e-01
0.00000000e+00
0.00000000e+00
0.00000000e+00
2.19112914e-01
-4.90911618e-01
-1.11921685e-01
2.77731853e-02
-4.36090662e-01
6.64738800e-02
1.19349193e-01
-2.87388577e-02
1.57237235e-01
0.00000000e+00
3.34269042e-01
-1.40316398e-01
-1.94695262e-01
2.85679826e-01
-7.13393368e-02
2.86573497e-02
2.78722119e-01
-3.36990530e-01
-9.36468203e-02
2.31971365e-01
-1.95323513e+00
0.00000000e+00
0.00000000e+00
0.00000000e+00
2.60025544e-01
1.11943343e-01
-5.97615501e-01
-4.86773370e-01
-3.96648100e-01
8.33927703e-02
5.31664119e-02
-2.62856778e-01
-9.02902033e-01
0.00000000e+00
6.46378144e-01
4.33529903e-01
-5.88704375e-01
5.31874661e-02
-1.83307183e-01
2.36881079e-01
-3.49288920e-01
-1.10542412e-01
-1.40841441e-01
1.87740323e-01
8.84810791e-02
0.00000000e+00
0.00000000e+00
0.00000000e+00
-5.64363897e-02
2.92650304e-01
6.92940463e-02
1.13689147e-01
-2.68810748e-01
1.02207560e-01
-2.16485944e-01
4.43371741e-02
-1.79175608e-01
0.00000000e+00
-5.45003993e-02
4.33670101e-01
-1.31501847e-01
3.34276146e-01
-2.99992368e-01
-1.06588972e-01
1.54719261e-01
-2.03880478e-01
8.35585279e-02
-2.25484346e-02
136
5.59995169e-01
0.00000000e+00
0.00000000e+00
0.00000000e+00
0.00000000e+00
0.00000000e+00
0.00000000e+00
5.60527676e-01
2.85116673e-03
0.00000000e+00
0.00000000e+00
0.00000000e+00
0.00000000e+00
0.00000000e+00
0.00000000e+00
0.00000000e+00
1.89171986e-01
5.27506278e-01
-1.56683095e-01
-1.77019150e-01
-1.91555963e-01
1.68962522e-01
3.04701276e-01
4.54906484e-01
0.00000000e+00
0.00000000e+00
0.00000000e+00
-1.77019150e-01
-8.53216047e-02
-1.06234358e-01
1.08395334e-01
0.00000000e+00
3.03667771e-01
-2.31841927e-01
3.14038039e-01
0.00000000e+00
3.08808514e-01
-3.20067170e-01
4.19376251e-01
0.00000000e+00
-4.17761295e-01
-1.09517182e-02
4.54906484e-01
0.00000000e+00
0.00000000e+00
0.00000000e+00
-5.56086952e-02
-7.90505629e-01
6.20120757e-01
-1.98906212e-01
-1.77884203e+00
0.00000000e+00
-4.72668753e-02
5.05062164e-01
1.58522066e-01
-1.08299674e+00
0.00000000e+00
1.53744289e-01
-2.33478303e-01
1.95113264e-01
4.06401704e-03
-6.74901648e-01
4.61689728e-02
-1.97884873e-01
1.45523619e-01
-7.56195921e-01
0.00000000e+00
0.00000000e+00
0.00000000e+00
0.00000000e+00
0.00000000e+00
0.00000000e+00
0.00000000e+00
0.00000000e+00
0.00000000e+00
0.00000000e+00
0.00000000e+00
0.00000000e+00
0.00000000e+00
0.00000000e+00
0.00000000e+00
0.00000000e+00
0.00000000e+00
0.00000000e+00
0.00000000e+00
0.00000000e+00
-6.10605824e-01
-1.55778583e+00
-1.00973340e+00
0.00000000e+00
0.00000000e+00
0.00000000e+00
7.35124425e-01
-2.40244643e+00
3.41407742e-01
3.54072930e-02
-1.23044786e+00
6.75402333e-01
3.23004354e-01
1.18705533e+00
-5.18142022e-01
0.00000000e+00
8.87078313e-01
-4.63160968e-01
-1.14478077e+00
4.33090057e-01
9.66166295e-01
9.34462923e-01
5.38609100e-01
-1.99158995e+00
-5.65669799e-01
2.49696230e-01
-1.99005920e+00
0.00000000e+00
0.00000000e+00
0.00000000e+00
2.69687726e-01
1.72033552e+00
-3.00243599e-01
-1.85763013e-01
-1.50466659e+00
2.37330701e-02
-2.54001474e-01
1.68040685e-01
-6.64671609e-01
0.00000000e+00
3.32296627e-01
3.11537112e+00
-1.64708112e+00
2.04980228e-01
-1.21694069e+00
-1.10542626e-01
-7.85905192e-02
-1.26544329e+00
-6.01574691e-01
5.01504836e-03
14 2
-1.0368e-01 -3.5226e-02
5 19
0 1 7 2 19 
217
1.14516110e-01
1.87517790e-01
-9.48851139e-02
3.41458990e-02
-5.75264986e-02
-1.25584489e-01
9.70846327e-02
-1.89511999e-01
-1.26941743e-01
-4.60696436e-02
-5.55047475e-02
7.26404208e-02
2.57404466e-01
7.43482155e-03
0.00000000e+00
0.00000000e+00
0.00000000e+00
0.00000000e+00
0.00000000e+00
0.00000000e+00
0.00000000e+00
0.00000000e+00
0.00000000e+00
1.14516110e-01
3.74875925e-03
4.25213878e-01
0.00000000e+00
0.00000000e+00
0.00000000e+00
0.00000000e+00
0.00000000e+00
0.00000000e+00
0.00000000e+00
-3.32036401e-01
1.20156797e-01
3.26395713e-01
0.00000000e+00
-5.17603376e-01
7.91276823e-02
1.97878750e-01
2.37012904e-01
1.18100149e-01
0.00000000e+00
0.00000000e+00
0.00000000e+00
6.73965347e-02
-1.84592316e-01
-2.90112493e-02
0.00000000e+00
-3.87993657e-02
-1.08233515e-01
3.21560933e-01
0.00000000e+00
-9.57382421e-03
-3.39115978e-01
3.08706945e-01
0.00000000e+00
-1.00659300e+00
2.73945504e-01
8.58825441e-01
1.25916657e-01
-3.57996306e-01
3.46595758e-01
4.74938769e-01
-8.32935074e-01
-1.10849881e+00
2.74063623e-01
5.53246220e-01
1.98448793e-01
4.70346680e-01
0.00000000e+00
-9.86345566e-01
-6.83701024e-01
4.71806037e-01
-2.63016244e-01
6.30279728e-01
5.18507419e-01
0.00000000e+00
-1.85059436e-01
-1.25326471e-01
3.57934994e-01
-4.00704940e-01
-5.72289962e-02
-7.81443714e-02
0.00000000e+00
2.94514737e-02
-4.62495081e-01
-3.53574079e-02
-3.63577956e-02
1.21552495e-01
-1.15915385e-02
0.00000000e+00
3.03174774e-01
1.57673431e-01
-1.11986051e-01
-1.34030864e-01
-7.66726138e-02
9.55826606e-03
0.00000000e+00
0.00000000e+00
0.00000000e+00
0.00000000e+00
0.00000000e+00
0.00000000e+00
0.00000000e+00
0.00000000e+00
0.00000000e+00
0.00000000e+00
0.00000000e+00
0.00000000e+00
0.00000000e+00
0.00000000e+00
0.00000000e+00
0.00000000e+00
0.00000000e+00
0.00000000e+00
0.00000000e+00
0.00000000e+00
0.00000000e+00
-8.10162195e-01
-1.97268425e+00
-1.11667210e+00
0.00000000e+00
0.00000000e+00
0.00000000e+00
7.69120341e-02
-4.96985762e-01
1.31774379e-01
-7.68958559e-02
-8.64829175e-01
4.47426596e-01
-1.23117395e-01
6.87559250e-01
-2.33509809e-01
0.00000000e+00
1.83940319e-01
-1.30863979e-01
-5.99566090e-01
-3.22500796e-01
6.67322022e-01
4.45051658e-01
2.10394688e-01
-8.36079015e-01
-2.90624317e-01
7.91914593e-03
3.81636417e-03
0.00000000e+00
0.00000000e+00
0.00000000e+00
3.56675412e-01
-5.51758033e-01
-7.25484908e-02
2.06422256e-02
-2.74559824e-01
2.09423949e-02
1.14811439e-01
-4.84461963e-03
1.72076143e-02
0.00000000e+00
4.00583145e-01
-2.05521746e-01
-2.30753117e-01
2.54180904e-01
-2.74148664e-01
1.49233517e-01
2.43284236e-01
-1.84894298e-01
-4.29179307e-02
2.68202201e-01
-1.68821130e+00
0.00000000e+00
0.00000000e+00
0.00000000e+00
4.46011929e-01
-1.30549046e-01
-5.42405644e-01
-5.02922279e-01
-4.70842338e-01
2.55109171e-01
1.62531506e-01
-1.72836551e-01
-7.59692884e-01
0.00000000e+00
6.22118602e-01
7.47024832e-01
-4.50980491e-01
9.81747025e-02
-4.33645409e-01
3.84480644e-02
4.32338145e-02
-3.03511009e-01
-2.98614571e-01
-3.48637005e-02
-2.08153493e-03
0.00000000e+00
0.00000000e+00
0.00000000e+00
-1.35457303e-01
4.21900402e-01
6.06525131e-02
6.81529214e-02
-2.59725592e-01
-3.01556273e-02
-1.95365755e-01
2.35927156e-02
-1.80893415e-01
0.00000000e+00
-1.43346535e-02
2.75854858e-01
-2.59443863e-01
3.08015037e-01
-1.63675101e-01
-5.41176715e-02
4.86534388e-02
-1.19997112e-01
1.33827576e-01
7.04350953e-02
136
4.19379278e-01
0.00000000e+00
0.00000000e+00
0.00000000e+00
0.00000000e+00
0.00000000e+00
0.00000000e+00
4.19402448e-01
2.78755538e-03
0.00000000e+00
0.00000000e+00
0.00000000e+00
0.00000000e+00
0.00000000e+00
0.00000000e+00
0.00000000e+00
8.47666221e-02
4.51536854e-01
-1.16924198e-01
-1.88401760e-01
-3.29027541e-01
2.45991040e-01
3.00448994e-01
3.34919130e-01
5.54494138e-02
0.00000000e+00
0.00000000e+00
-1.88401760e-01
-5.35595077e-02
3.87064647e-02
1.31719220e-02
0.00000000e+00
1.62474406e-01
-2.56502633e-01
3.26978721e-01
0.00000000e+00
2.51570765e-01
-4.06993376e-01
3.70484964e-01
0.00000000e+00
-3.90147443e-01
-1.54698426e-02
5.67066597e-01
0.00000000e+00
0.00000000e+00
0.00000000e+00
-4.47490050e-02
-7.83912142e-01
6.31869689e-01
-1.84834704e-01
-1.66862801e+00
0.00000000e+00
-2.05662757e-01
4.73820725e-01
1.35756600e-01
-1.05318190e+00
0.00000000e+00
2.96960044e-02
-2.36546898e-01
1.67562049e-01
7.69014200e-03
-6.44975920e-01
1.89473231e-01
-1.68994022e-01
1.77705835e-01
-8.09717215e-01
0.00000000e+00
3.94548877e-01
7.99658375e-02
-1.04080911e-01
9.95471355e-02
0.00000000e+00
0.00000000e+00
0.00000000e+00
0.00000000e+00
0.00000000e+00
0.00000000e+00
0.00000000e+00
0.00000000e+00
0.00000000e+00
0.00000000e+00
0.00000000e+00
0.00000000e+00
0.00000000e+00
0.00000000e+00
0.00000000e+00
-5.88145324e-01
-1.55510730e+00
-9.90418354e-01
0.00000000e+00
0.00000000e+00
0.00000000e+00
7.41444931e-01
-2.35281072e+00
3.47173996e-01
4.61993969e-02
-1.22445009e+00
6.07559851e-01
3.32334464e-01
1.20004016e+00
-5.38424821e-01
0.00000000e+00
8.85572276e-01
-4.56170264e-01
-1.12651199e+00
4.38422129e-01
9.43832101e-01
9.35971999e-01
5.33916386e-01
-2.00488013e+00
-5.70982738e-01
2.71344715e-01
-1.98312962e+00
0.00000000e+00
0.00000000e+00
0.00000000e+00
2.49223976e-01
1.73202518e+00
-2.98030953e-01
-1.74201053e-01
-1.43285677e+00
-1.51402092e-02
-2.95269364e-01
1.63927335e-01
-6.72462372e-01
0.00000000e+00
3.44864422e-01
3.03062334e+00
-1.60191150e+00
2.26570919e-01
-1.21274168e+00
-9.17318031e-02
-5.16992783e-02
-1.29162220e+00
-5.95304260e-01
2.60665574e-03
3 1
-2.4152e-01 8.8502e-02
6 0
0 1 7 2 19 14 
217
-1.34725891e-01
-2.28762894e-01
4.92609311e-01
1.36010448e-01
-1.53310712e-01
4.52544402e-01
2.56118865e-01
-2.18507582e-02
4.72759171e-02
4.80304965e-01
1.85360588e-01
-1.12912890e-01
0.00000000e+00
0.00000000e+00
1.95249711e-02
-4.08253680e-03
-2.98670766e-01
-1.54250862e-01
-1.02594409e-02
-5.31804569e-01
0.00000000e+00
0.00000000e+00
0.00000000e+00
0.00000000e+00
0.00000000e+00
0.00000000e+00
0.00000000e+00
0.00000000e+00
0.00000000e+00
0.00000000e+00
0.00000000e+00
0.00000000e+00
0.00000000e+00
-6.61212590e-02
-6.86046317e-02
0.00000000e+00
0.00000000e+00
-3.43717180e-01
3.66490962e-02
3.85462862e-02
5.71839071e-02
-4.18901050e-02
1.18502105e-01
0.00000000e+00
0.00000000e+00
-2.76794827e-01
-1.58072598e-02
-2.72804293e-01
0.00000000e+00
1.06180270e-01
-1.65871988e-01
3.68114848e-01
0.00000000e+00
-4.80624571e-02
-9.82568210e-03
3.28246535e-01
0.00000000e+00
-5.78808030e-01
-2.93351321e-01
7.24058314e-01
1.99916563e-01
-4.84856250e-01
1.50213796e-01
0.00000000e+00
-4.84856250e-01
-1.26502097e+00
2.69993923e-01
8.73216597e-01
8.01364366e-02
5.87438171e-01
0.00000000e+00
-7.97485044e-01
-8.01033582e-01
5.68626786e-01
-1.69172141e-01
9.41323675e-02
8.06405052e-02
0.00000000e+00
-2.95047984e-01
-3.49810963e-02
1.63418639e-01
-5.05772644e-01
-3.09654621e-03
1.47482627e-01
0.00000000e+00
-2.56983249e-01
-5.97296386e-01
1.26463124e-01
-9.39544354e-02
-4.20576497e-03
6.36171917e-02
0.00000000e+00
2.84533173e-01
3.06331184e-01
-1.38442016e-01
-1.26237178e-01
-2.80817048e-01
1.25894757e-01
0.00000000e+00
1.65966407e-01
9.73377152e-02
-2.73183064e-01
6.41971111e-02
-2.75092337e-02
3.93219494e-01
0.00000000e+00
0.00000000e+00
0.00000000e+00
0.00000000e+00
0.00000000e+00
0.00000000e+00
0.00000000e+00
0.00000000e+00
0.00000000e+00
0.00000000e+00
0.00000000e+00
0.00000000e+00
0.00000000e+00
0.00000000e+00
-5.83076385e-01
-1.79371533e+00
-1.06560472e+00
0.00000000e+00
0.00000000e+00
0.00000000e+00
7.81749991e-01
-1.98472890e+00
3.76436426e-01
-2.66622388e-01
-1.05399351e+00
5.77999776e-01
1.18434258e-01
8.30755439e-01
-1.19792913e-01
0.00000000e+00
9.89960304e-01
-8.95696667e-01
-1.35763498e+00
4.33143204e-01
9.01648850e-01
1.16129331e+00
5.41419042e-01
-1.84428095e+00
-4.63849307e-01
2.08154295e-01
1.17779398e-01
0.00000000e+00
0.00000000e+00
0.00000000e+00
-3.62560466e-02
1.16037815e-01
-1.29844193e-01
5.47246325e-01
-3.28395744e-01
3.48662366e-02
1.56746093e-01
-1.37952477e-01
-8.80324819e-03
0.00000000e+00
-1.97160613e-02
6.18124219e-01
5.00857217e-03
-1.63858311e-01
-3.69101777e-01
-3.51329553e-01
-7.04474092e-02
6.93685209e-02
-1.96350142e-01
3.82436579e-01
-2.00013694e+00
0.00000000e+00
0.00000000e+00
0.00000000e+00
-2.82689927e-01
-7.75518781e-01
-4.02700559e-01
5.30669785e-01
-6.97009020e-01
5.78628550e-01
1.37988553e-01
-4.35373542e-01
-8.59416223e-01
0.00000000e+00
7.79976372e-01
2.27130615e-01
-8.08617686e-01
1.03259715e+00
-1.33684474e+00
4.10171846e-01
1.07573277e-01
-5.11691722e-01
-3.70995371e-02
3.42088654e-01
1.80105812e-01
0.00000000e+00
0.00000000e+00
0.00000000e+00
-1.07570711e-05
1.93396508e-01
-3.56937906e-02
-4.29570148e-01
-2.36420902e-01
4.02703572e-01
7.29489478e-01
2.67706933e-01
7.60075200e-01
0.00000000e+00
-4.61151669e-01
7.87731388e-02
-3.36121062e-01
-4.54953537e-01
8.47575249e-01
-3.20467370e-01
-2.41513886e-01
-3.79306450e-02
-5.41320766e-03
-5.40367292e-01
136
4.34853774e-01
1.57820737e-01
6.72136997e-04
2.66587558e-01
-7.27791454e-03
0.00000000e+00
0.00000000e+00
0.00000000e+00
0.00000000e+00
0.00000000e+00
0.00000000e+00
0.00000000e+00
0.00000000e+00
0.00000000e+00
0.00000000e+00
0.00000000e+00
1.19529286e+00
1.16789046e+00
0.00000000e+00
0.00000000e+00
3.88554831e-01
4.81354195e-01
3.92931747e-01
3.66600663e-01
5.94284510e-02
1.73679772e-01
0.00000000e+00
0.00000000e+00
2.16553488e-01
1.70604846e-01
4.37284849e-01
0.00000000e+00
2.08256032e-01
-1.21255572e-01
5.01350848e-01
0.00000000e+00
3.59738092e-01
-3.77204652e-01
7.09459407e-01
0.00000000e+00
-3.84932860e-01
-5.92007590e-01
7.34702771e-01
0.00000000e+00
0.00000000e+00
0.00000000e+00
0.00000000e+00
-6.78623308e-01
6.60862396e-01
-2.22520552e-01
-1.43199873e+00
0.00000000e+00
-1.00825250e+00
-7.20544531e-02
1.48784165e-01
-1.11866509e+00
0.00000000e+00
8.88373195e-02
-2.37476453e-01
2.60511880e-01
-8.05815801e-02
-9.19960143e-01
-1.94814427e-01
-2.24764957e-01
1.41201980e-01
-5.95733402e-01
0.00000000e+00
3.03047180e-01
-5.01112993e-02
-2.92047768e-02
2.14303633e-01
0.00000000e+00
2.72194699e-01
-3.51139017e-02
1.44434007e-02
4.03560532e-02
0.00000000e+00
0.00000000e+00
0.00000000e+00
0.00000000e+00
0.00000000e+00
0.00000000e+00
0.00000000e+00
0.00000000e+00
0.00000000e+00
0.00000000e+00
-6.65316913e-01
-1.13599043e+00
-1.08064413e+00
0.00000000e+00
0.00000000e+00
0.00000000e+00
8.72498156e-01
-2.87694271e+00
3.49631858e-01
-1.04258340e-01
-1.32047625e+00
6.64473571e-01
2.94409293e-01
1.23013868e+00
-4.20690805e-01
0.00000000e+00
9.43232000e-01
-8.57463257e-01
-1.23853524e+00
3.61382885e-01
1.15235678e+00
1.09592461e+00
7.83198242e-01
-1.82117681e+00
-5.74251880e-01
3.85905085e-01
-1.53334347e+00
0.00000000e+00
0.00000000e+00
0.00000000e+00
4.09593734e-01
-7.66749885e-01
2.07424388e-02
2.59637490e-01
-1.04583951e+00
6.85643702e-01
1.32291410e-01
3.30321270e-01
-1.35571114e+00
0.00000000e+00
8.60800759e-01
1.58167264e-01
-9.56519049e-01
5.89970580e-01
-9.00002995e-01
3.99537741e-01
2.64377296e-01
-8.19676371e-01
-2.56432031e-01
4.56503830e-01
6 2
-2.6479e-01 3.0246e-02
7 19
0 1 7 2 19 14 3 
217
-3.07769047e-02
6.51672049e-01
-3.10719541e-01
-4.39055362e-02
-1.33493426e-01
-1.20109597e-01
1.20187034e-01
-1.42012779e-01
-5.66808119e-02
-2.95788562e-01
-3.02576086e-01
5.15750368e-01
3.41786385e-01
-7.21279979e-02
0.00000000e+00
0.00000000e+00
0.00000000e+00
0.00000000e+00
0.00000000e+00
0.00000000e+00
0.00000000e+00
0.00000000e+00
0.00000000e+00
-3.07769047e-02
5.41807192e-03
3.51954124e-01
0.00000000e+00
0.00000000e+00
0.00000000e+00
0.00000000e+00
0.00000000e+00
0.00000000e+00
0.00000000e+00
-4.37147567e-01
9.30643035e-02
3.13306359e-01
0.00000000e+00
-3.82269315e-01
-3.61605496e-02
3.40396274e-02
1.11338476e-01
1.38334878e-01
4.22470147e-02
6.66126005e-02
0.00000000e+00
-2.58591496e-01
-3.20708629e-01
2.31696338e-01
0.00000000e+00
-1.07768956e-01
-2.51533346e-01
4.00599333e-01
0.00000000e+00
8.08680527e-02
-4.73312857e-01
4.72298988e-01
0.00000000e+00
-2.45038182e-01
-1.20569274e-01
5.66202760e-01
-2.59940298e-01
3.55202164e-01
-1.21119134e-01
-6.84943194e-02
-1.10254942e+00
-8.91911172e-01
4.76721847e-01
9.81145288e-01
6.63544991e-01
4.85539816e-01
0.00000000e+00
-5.10082360e-01
-4.70939223e-01
3.96032448e-01
-1.55808249e-01
1.08640866e-01
3.78213171e-01
0.00000000e+00
-2.47739351e-01
-6.74239747e-02
1.70858294e-01
-1.57884953e-01
7.10340409e-02
-6.21090555e-02
0.00000000e+00
-2.86296504e-01
-7.12207599e-01
-2.80091005e-02
-5.51768895e-04
3.08458589e-01
9.67520531e-02
0.00000000e+00
-2.46967760e-02
-1.15437199e-01
-1.67355423e-01
-2.52220481e-01
1.61275294e-01
3.54258146e-01
0.00000000e+00
6.52053187e-02
-1.18887752e-01
-8.94185109e-02
4.83853795e-02
-6.56371259e-03
7.94903096e-02
4.50342147e-01
7.97735189e-02
2.72424039e-02
-5.80978956e-01
-5.32038211e-01
2.00863856e-02
-1.13740856e-01
0.00000000e+00
0.00000000e+00
0.00000000e+00
0.00000000e+00
0.00000000e+00
0.00000000e+00
0.00000000e+00
-6.49616900e-01
-1.86610050e+00
-8.77308172e-01
0.00000000e+00
0.00000000e+00
0.00000000e+00
1.06131129e-01
-8.85259973e-01
2.70113604e-01
-1.21159261e-01
-3.64430024e-01
2.94752324e-01
-1.26538537e-01
7.37436916e-01
-2.02564584e-01
0.00000000e+00
4.72182347e-02
-3.52351457e-01
-8.03060741e-01
-2.04211721e-02
1.04626553e+00
3.90677238e-01
2.76217622e-01
-5.90371614e-01
-3.75038803e-01
-2.04924604e-01
-4.42091384e-02
0.00000000e+00
0.00000000e+00
0.00000000e+00
2.30588921e-01
-1.10243893e-01
-1.38430089e-01
5.14125911e-02
-4.77805113e-01
6.09057681e-02
9.61769223e-02
-2.21238396e-02
1.84342893e-01
0.00000000e+00
3.11762432e-01
-2.79699760e-02
-6.96077770e-02
1.94753310e-01
-3.37867601e-01
1.74711000e-02
4.23324939e-02
-3.21239615e-01
-1.71822615e-03
2.73050561e-01
-2.11022791e+00
0.00000000e+00
0.00000000e+00
0.00000000e+00
3.35189331e-01
2.51962085e-01
-4.24041463e-01
-8.07731709e-02
-2.07117958e-01
1.42865998e-01
-4.27508152e-01
-1.50760152e-01
-4.43918362e-01
0.00000000e+00
4.15891079e-01
4.36613852e-01
-8.27365734e-01
-4.84792303e-02
-4.41829102e-01
-8.96785386e-02
-1.63780628e-01
-2.52810352e-01
-3.99700429e-01
2.65013015e-01
1.80506500e-01
0.00000000e+00
0.00000000e+00
0.00000000e+00
-9.49092977e-02
1.69872801e-01
-3.46018091e-03
-4.38934847e-02
-2.30390570e-01
2.23705150e-02
6.44724910e-03
2.52796765e-02
-3.71124900e-01
0.00000000e+00
4.30428050e-02
4.97279134e-01
-6.09275043e-02
3.25977626e-01
-2.24728626e-01
2.32768715e-02
7.39527522e-02
-1.89202083e-01
2.58356838e-01
-4.67131215e-02
136
3.24753495e-01
0.00000000e+00
0.00000000e+00
0.00000000e+00
0.00000000e+00
0.00000000e+00
0.00000000e+00
3.24753495e-01
2.21668475e-03
0.00000000e+00
0.00000000e+00
0.00000000e+00
0.00000000e+00
0.00000000e+00
0.00000000e+00
0.00000000e+00
8.54573541e-02
4.06495041e-01
-1.67198900e-01
5.13924240e-02
-2.10520132e-01
-4.53161538e-02
-5.45751247e-03
6.28220880e-02
1.42863901e-01
6.59077813e-02
2.63061099e-01
5.13924240e-02
-2.28223287e-01
-3.77663482e-01
2.25382905e-01
0.00000000e+00
9.93177521e-02
-3.40899954e-01
5.04148486e-01
0.00000000e+00
1.61978097e-01
-3.97252845e-01
5.15695544e-01
0.00000000e+00
-4.61343065e-01
-7.65046783e-02
6.48725599e-01
0.00000000e+00
0.00000000e+00
0.00000000e+00
-3.33207750e-01
-8.07720785e-01
8.35494071e-01
-6.61886000e-02
-1.50009986e+00
0.00000000e+00
-3.53286293e-01
5.51081797e-01
7.26829826e-02
-1.16526235e+00
0.00000000e+00
-3.40487274e-02
-2.66382060e-01
1.73376981e-01
8.41813563e-03
3.04074742e-01
-6.06553684e-02
-2.38626586e-01
1.33305913e-01
-7.39466305e-01
0.00000000e+00
2.21263912e-01
-3.87450941e-02
-5.32470459e-03
7.75319019e-02
0.00000000e+00
2.36199400e-01
-1.68565844e-02
-2.25264144e-02
-5.17982488e-03
3.44124332e-01
2.19771975e-01
-7.42326550e-01
2.12070860e-01
-4.94380592e-02
0.00000000e+00
0.00000000e+00
0.00000000e+00
0.00000000e+00
0.00000000e+00
-5.37514285e-01
-1.51310596e+00
-9.82296983e-01
0.00000000e+00
0.00000000e+00
0.00000000e+00
7.63273740e-01
-2.51044285e+00
3.49483708e-01
1.72876301e-02
-1.18630021e+00
6.29343685e-01
3.23575301e-01
1.24769341e+00
-6.33293701e-01
0.00000000e+00
8.73947094e-01
-4.28864388e-01
-1.09222240e+00
4.05953165e-01
1.00170408e+00
9.61866791e-01
5.77800739e-01
-1.99013885e+00
-5.59501850e-01
2.66537922e-01
-2.02634484e+00
0.00000000e+00
0.00000000e+00
0.00000000e+00
2.74419202e-01
1.79312965e+00
-3.34515954e-01
-1.51007887e-01
-1.45375045e+00
-6.84321810e-02
-2.14035359e-01
1.65584741e-01
-5.62385687e-01
0.00000000e+00
3.38588207e-01
3.07347594e+00
-1.61545305e+00
1.10874781e-01
-1.23650202e+00
-1.05269040e-01
-9.57447526e-02
-1.24633553e+00
-6.94020672e-01
-4.96477328e-03
5 1
-5.3464e-01 1.8243e-01
8 0
0 1 7 2 19 14 3 6 
217
-2.39357860e-01
-2.75406558e-01
4.82485593e-01
-2.20427438e-01
2.85904078e-01
-1.44655505e-01
1.18709341e-01
-1.38005644e-01
-3.22943871e-01
4.56096397e-01
-4.92007293e-01
4.52383184e-02
0.00000000e+00
0.00000000e+00
-2.19217342e-01
2.89624181e-03
-1.39317345e-01
-2.01405186e-02
-9.43679548e-03
-1.58323308e-01
0.00000000e+00
0.00000000e+00
0.00000000e+00
0.00000000e+00
0.00000000e+00
0.00000000e+00
0.00000000e+00
0.00000000e+00
0.00000000e+00
0.00000000e+00
0.00000000e+00
0.00000000e+00
0.00000000e+00
-1.33854376e-01
-1.05503484e-01
0.00000000e+00
0.00000000e+00
2.58240480e-01
9.17677992e-02
-5.17556057e-02
-2.65687149e-01
-8.00185449e-02
-2.91454192e-01
9.95493523e-02
0.00000000e+00
-1.13347594e-01
-3.48016647e-01
-9.61421437e-02
0.00000000e+00
-1.47672372e-01
-5.75715769e-02
4.90500636e-01
0.00000000e+00
2.53131736e-02
-4.39554461e-01
5.84170707e-01
0.00000000e+00
-6.45274955e-01
-2.42895871e-01
7.51133243e-01
3.38087805e-02
3.18143843e-01
-5.91310484e-01
0.00000000e+00
-1.08803856e+00
-1.98293678e+00
4.39609429e-01
8.62835902e-01
4.09071267e-01
1.58111362e-01
0.00000000e+00
-8.79928734e-01
-1.09127741e+00
5.88447478e-01
-1.75156632e-01
5.31764083e-02
-1.99761382e-01
0.00000000e+00
-3.87576965e-01
-4.53505780e-02
6.36326555e-02
-3.17083462e-01
8.45864490e-02
3.29560297e-01
0.00000000e+00
-2.72249697e-01
-6.24652781e-01
1.92262370e-01
-1.00935138e-01
-1.59370533e-01
-1.71054160e-01
0.00000000e+00
2.74057966e-01
3.11092390e-01
-1.85055717e-01
1.07587582e-02
-3.28360109e-01
3.95697305e-01
0.00000000e+00
3.08184370e-01
6.18518443e-04
-6.10127907e-02
5.39330298e-02
-4.86529439e-01
-3.86216426e-01
-5.03030568e-01
-1.61043678e-01
3.62005749e-01
1.85008510e-01
-5.03071423e-01
2.39707876e-01
1.86327550e-01
0.00000000e+00
1.10296262e-01
2.49034269e-01
8.48957548e-02
-3.71247570e-01
-4.34549877e-01
-8.16101172e-01
-6.05216060e-01
-1.71012241e+00
-9.01162256e-01
0.00000000e+00
0.00000000e+00
0.00000000e+00
7.31299475e-01
-1.54945027e+00
2.85798093e-01
-1.75030136e-01
-1.23928753e+00
5.95015855e-01
-9.28343105e-03
7.04963137e-01
2.74919711e-03
0.00000000e+00
7.85269695e-01
-3.38492907e-01
-1.18170041e+00
3.17012115e-01
4.86748680e-01
6.32189647e-01
5.26988966e-01
-1.73706201e+00
-5.03843288e-01
7.64952866e-01
-7.72216404e-02
0.00000000e+00
0.00000000e+00
0.00000000e+00
1.17115441e-01
-6.14970833e-01
-1.88307895e-01
4.12785553e-01
-4.05194156e-01
-1.71958572e-02
3.16496163e-01
1.41196999e-02
-8.72408294e-02
0.00000000e+00
1.10126591e-01
-1.33186030e-01
-9.87347352e-02
1.16716931e-01
6.50626368e-02
1.65347990e-01
1.00526087e-01
1.07836102e-01
1.07276495e-02
-6.92521492e-02
-1.84783505e+00
0.00000000e+00
0.00000000e+00
0.00000000e+00
2.60087562e-01
-1.20556019e+00
2.47404772e-01
3.16254620e-01
-6.20949275e-01
4.58953296e-01
3.62839688e-01
-1.27826674e-01
-5.25994623e-01
0.00000000e+00
7.99026652e-01
3.20991185e-01
-1.27373006e+00
4.54832441e-01
-6.00557887e-01
3.55448497e-02
-2.96559996e-01
-1.03085994e+00
-4.73508362e-02
6.25619370e-01
6.65264721e-02
0.00000000e+00
0.00000000e+00
0.00000000e+00
-1.44674713e-01
3.42637956e-01
2.63248296e-01
-4.10983346e-01
-1.90280977e-01
7.50362657e-01
-1.08882494e-01
1.42708271e-01
-1.68082212e-01
0.00000000e+00
-3.73466053e-01
-3.66674117e-01
-4.93958417e-03
1.29331660e-01
1.47247394e-01
-1.39156385e-01
-4.19918570e-02
8.48986564e-01
-5.52703478e-02
-5.53594241e-01
136
3.83387870e-01
2.69137542e-01
-2.60987252e-03
9.70584760e-02
-7.00686038e-03
0.00000000e+00
0.00000000e+00
0.00000000e+00
0.00000000e+00
0.00000000e+00
0.00000000e+00
0.00000000e+00
0.00000000e+00
0.00000000e+00
0.00000000e+00
0.00000000e+00
1.50988894e+00
1.44105020e+00
0.00000000e+00
0.00000000e+00
5.30526262e-01
4.77251295e-01
3.41552738e-01
2.89474994e-01
2.78805283e-01
1.44639679e-01
1.70938578e-01
0.00000000e+00
2.47749787e-01
-1.77337598e-01
8.27477245e-01
0.00000000e+00
1.22990906e-01
-4.57381775e-01
8.62950020e-01
0.00000000e+00
2.83172316e-01
-4.92940960e-01
1.08403563e+00
0.00000000e+00
-4.75924595e-01
-7.72806004e-01
1.18120386e+00
0.00000000e+00
0.00000000e+00
0.00000000e+00
0.00000000e+00
-1.12789293e+00
7.47897295e-01
-2.28623137e-01
-1.33118223e+00
0.00000000e+00
-1.64397187e+00
-1.06407120e-01
-9.48035537e-02
-9.77747354e-01
0.00000000e+00
-5.11351524e-02
-2.80338683e-01
2.59013410e-01
-1.06751042e-01
2.21154215e-01
-4.79902084e-01
-2.45402698e-01
8.17370325e-02
-4.77512096e-01
0.00000000e+00
2.80254204e-01
-2.93182777e-02
8.93623977e-03
1.48272313e-01
0.00000000e+00
1.75430977e-01
1.84232751e-03
5.18125865e-03
-1.84380723e-03
1.38068993e-01
6.20743531e-01
-3.46041409e-01
2.55262935e-01
-4.78985359e-02
0.00000000e+00
3.25047455e-01
-2.50994378e-01
9.64438102e-02
1.05831513e-01
-6.05977389e-01
-1.09820946e+00
-1.07267580e+00
0.00000000e+00
0.00000000e+00
0.00000000e+00
8.23246810e-01
-2.49791250e+00
3.89159117e-01
-9.68821793e-02
-1.30630890e+00
6.34137145e-01
2.41884355e-01
1.19492643e+00
-3.13007343e-01
0.00000000e+00
8.90215429e-01
-7.66270271e-01
-1.31835930e+00
3.44623596e-01
1.15787042e+00
1.09144339e+00
7.12659518e-01
-1.91438031e+00
-6.77003160e-01
3.37281938e-01
-1.50874843e+00
0.00000000e+00
0.00000000e+00
0.00000000e+00
3.74948895e-01
-8.29660318e-01
-4.10710514e-01
2.62108520e-01
-1.18737316e+00
4.95398739e-01
4.70717149e-01
2.78012176e-01
-7.42246303e-01
0.00000000e+00
8.33794671e-01
3.31989764e-01
-9.39695299e-01
5.95545233e-01
-8.78673287e-01
4.11481331e-01
2.52969875e-01
-1.02378725e+00
-2.09611786e-01
4.06043132e-01
12 1
-9.0103e-01 2.6167e-01
8 0
0 1 7 2 19 14 3 6 
217
-1.90846739e-03
-2.72257561e-01
2.77590975e-01
-1.32590093e-01
1.18795403e-01
2.66944791e-01
3.29987660e-01
-4.69557005e-02
7.27298223e-01
-8.05405377e-01
0.00000000e+00
0.00000000e+00
0.00000000e+00
0.00000000e+00
2.05702090e-01
-8.00052946e-03
-2.62409737e-01
-2.07610557e-01
-5.80061113e-03
-1.89593765e-01
0.00000000e+00
0.00000000e+00
0.00000000e+00
0.00000000e+00
0.00000000e+00
0.00000000e+00
0.00000000e+00
0.00000000e+00
0.00000000e+00
0.00000000e+00
0.00000000e+00
0.00000000e+00
0.00000000e+00
-5.87442127e-02
5.68357453e-02
0.00000000e+00
0.00000000e+00
4.91385417e-01
2.70060109e-01
8.54505862e-02
-1.12330266e-01
-1.31995163e-01
-4.11587226e-01
-1.92891925e-01
0.00000000e+00
-2.84120930e-01
-4.58885508e-01
3.06619840e-02
0.00000000e+00
-2.47236960e-01
1.15810245e-01
4.95921929e-01
0.00000000e+00
5.18991205e-02
-3.59532027e-01
6.35637735e-01
0.00000000e+00
-4.04315510e-01
-4.36317725e-01
8.58569181e-01
1.48104636e-01
3.32212115e-01
-4.82225218e-01
0.00000000e+00
-1.13892502e+00
-1.24614610e+00
6.47946853e-01
9.32146462e-01
4.89069695e-01
3.07225219e-01
0.00000000e+00
-8.83774280e-01
-1.31691377e+00
5.24375920e-01
-1.30565238e-01
3.57489893e-01
4.52717231e-01
0.00000000e+00
-3.84339625e-01
-4.89970989e-02
1.50012586e-01
-1.77035243e-01
2.32418572e-01
3.51004765e-01
0.00000000e+00
-3.47849241e-01
-6.14602117e-01
1.48201122e-01
-2.07998157e-01
1.97739652e-01
-5.45475913e-01
0.00000000e+00
6.40538722e-01
1.80394032e-01
5.29454204e-01
-1.50101896e-01
-1.17190139e+00
-7.30294217e-01
0.00000000e+00
5.86298483e-02
-1.26490523e-01
-1.36589187e-01
2.42126490e-02
7.60508713e-02
-1.67859263e+00
0.00000000e+00
-1.50824114e-01
2.51540238e-01
1.27478441e-01
-6.94961048e-01
2.14372055e-02
-2.83193778e-01
0.00000000e+00
-5.19884381e-02
-1.54427589e-01
-2.56370090e-01
-2.22032227e-01
3.06450061e-01
1.84802123e-01
-7.64387242e-01
-1.55991925e+00
-9.97241332e-01
0.00000000e+00
0.00000000e+00
0.00000000e+00
6.65325514e-01
-1.07555205e+00
-9.43352279e-02
6.55405675e-02
-1.79474535e+00
1.49642939e-01
1.24544466e-01
9.12930303e-01
-2.39516418e-02
0.00000000e+00
7.73718736e-01
-4.07830959e-01
-8.91261659e-01
8.02396077e-03
1.23038324e+00
6.18593415e-01
4.31268839e-01
-1.18430939e+00
-7.39824769e-01
2.34597733e-01
-1.35848223e-01
0.00000000e+00
0.00000000e+00
0.00000000e+00
1.64610780e-01
-1.28993605e+00
1.87048699e-01
1.70023007e-01
3.12033276e-01
7.08952708e-01
1.09355670e-01
2.67634295e-01
-3.92329985e-01
0.00000000e+00
2.47107990e-01
-1.49160080e-01
-4.65676076e-01
1.65814116e-01
-4.92752095e-01
2.41662847e-01
2.57404724e-01
-6.52607947e-01
9.28109931e-02
3.82154909e-01
-1.89329790e+00
0.00000000e+00
0.00000000e+00
0.00000000e+00
2.93761526e-01
-5.85022174e-01
-7.37736590e-02
-2.06931359e-01
-6.28675262e-01
7.06921113e-01
4.83885386e-01
4.41997274e-01
-6.98883383e-01
0.00000000e+00
4.25207034e-01
-4.96168193e-01
-7.64566483e-01
3.52506381e-01
-7.42382377e-01
2.05485996e-02
-5.39092701e-01
1.43680591e-01
2.76372058e-01
-3.02682267e-01
2.72083163e-01
0.00000000e+00
0.00000000e+00
0.00000000e+00
-1.27357032e-01
-1.33628944e-01
1.21432887e-01
3.23190685e-01
-2.18510454e-01
2.45869460e-01
-1.55239035e-01
-1.36406455e-02
2.65165482e-01
0.00000000e+00
1.91762414e-02
5.03748346e-01
-4.04561534e-01
-1.61312802e-03
-3.22262935e-01
1.76026688e-01
5.94352298e-01
-6.56054750e-02
-7.45442916e-01
2.10983174e-01
136
2.69289460e-01
2.37130914e-01
-3.28142146e-03
5.38388635e-02
-6.24492366e-03
0.00000000e+00
0.00000000e+00
0.00000000e+00
0.00000000e+00
0.00000000e+00
0.00000000e+00
0.00000000e+00
0.00000000e+00
0.00000000e+00
0.00000000e+00
0.00000000e+00
9.09787687e-01
8.94071655e-01
0.00000000e+00
0.00000000e+00
1.48275435e-01
2.16260957e-01
1.70072762e-01
2.08163767e-01
2.66321327e-01
6.88883554e-02
2.91346794e-01
0.00000000e+00
1.19143886e-01
-1.87629687e-01
6.87723400e-01
0.00000000e+00
1.31156460e-01
-3.74591024e-01
8.45298294e-01
0.00000000e+00
1.47193478e-01
-6.71308833e-01
9.63842117e-01
0.00000000e+00
-5.46481859e-01
-8.00309081e-01
1.05529225e+00
0.00000000e+00
0.00000000e+00
0.00000000e+00
0.00000000e+00
-1.50067060e+00
7.11693994e-01
-2.80872644e-01
-1.48934600e+00
0.00000000e+00
-1.24902797e+00
-9.96173587e-02
-1.10133988e-04
-1.05613824e+00
0.00000000e+00
-4.10755773e-02
-3.32935590e-01
2.29372405e-01
-1.08849436e-01
1.64458836e-01
-4.23895116e-01
-2.68492786e-01
9.45116742e-02
-5.18976758e-01
0.00000000e+00
1.76065631e-01
-4.74464529e-02
-1.90499271e-02
1.35026034e-01
0.00000000e+00
-5.71197278e-02
-3.08944021e-02
-7.36959999e-02
6.12145205e-02
0.00000000e+00
1.82034136e+00
-3.25850067e-01
5.11739565e-01
-1.13158395e-01
0.00000000e+00
1.16078031e-02
-3.82212827e-01
6.70122055e-02
1.35622554e-01
-5.91953522e-01
-7.64413613e-01
-1.06595732e+00
0.00000000e+00
0.00000000e+00
0.00000000e+00
8.05902540e-01
-2.65492004e+00
3.39621951e-01
-3.48154993e-02
-1.31958013e+00
6.30554774e-01
2.43474611e-01
1.15273766e+00
-3.06292052e-01
0.00000000e+00
9.16048425e-01
-8.44019857e-01
-1.34321239e+00
3.52690545e-01
1.16347119e+00
1.12670504e+00
7.71007132e-01
-1.89659769e+00
-5.90288724e-01
4.21555198e-01
-1.26509205e+00
0.00000000e+00
0.00000000e+00
0.00000000e+00
2.65488197e-01
-7.87783231e-01
-2.00827814e-01
2.35349855e-01
-1.15265665e+00
8.86347392e-01
4.83183547e-01
1.20444429e-01
-7.70629160e-01
0.00000000e+00
8.84191689e-01
2.77300543e-01
-9.01618676e-01
5.87909457e-01
-7.43911940e-01
3.10816959e-01
2.10358178e-01
-1.12821692e+00
-1.65730602e-01
3.24892694e-01
13 1
-1.3613e+00 2.3644e-01
8 1
0 1 7 2 19 14 3 6 
217
4.99446329e-01
-5.68664115e-01
3.91845172e-02
-1.13340023e-01
1.69423013e-01
-2.31514990e-01
1.71597241e-01
-2.32448877e-01
4.96028339e-02
4.93642259e-01
9.25276906e-02
-1.26196671e-01
1.62955504e-02
7.40743265e-02
1.78208807e-01
-8.97797970e-03
3.30803846e-01
5.45516565e-03
6.48598891e-04
1.50840383e-01
1.47344949e-01
9.44713983e-04
5.87354900e-03
1.68437407e-01
-3.23731562e-04
1.03606454e-01
0.00000000e+00
0.00000000e+00
0.00000000e+00
0.00000000e+00
0.00000000e+00
0.00000000e+00
0.00000000e+00
-2.23936479e-01
9.02313947e-02
6.33151413e-01
0.00000000e+00
-4.71306935e-01
-1.25243903e-02
2.16620219e-01
1.89030962e-01
1.68623397e-01
1.96543877e-01
2.12459200e-01
0.00000000e+00
-1.47547464e-01
-6.24261959e-01
2.76681590e-01
0.00000000e+00
1.40325546e-02
-4.08737296e-01
8.78202986e-01
0.00000000e+00
8.84514490e-02
-6.06251270e-01
9.34090735e-01
0.00000000e+00
-3.51822893e-01
-4.00205580e-01
8.46813476e-01
-2.09195487e-01
1.01450082e+00
-3.05859006e-01
-7.91139948e-01
-1.24831616e+00
-8.82628734e-01
1.50782016e+00
-2.45763510e-02
1.03108227e+00
6.27091828e-01
0.00000000e+00
-3.96886353e-01
-1.21916941e+00
6.98159919e-01
7.84879593e-01
1.98172763e-01
1.05380789e+00
0.00000000e+00
-7.88369185e-02
-8.99003292e-03
3.89449312e-01
-6.05897559e-02
1.88833935e-01
-1.45180071e-01
0.00000000e+00
-1.16295876e-02
-8.44672979e-01
4.34536653e-01
-4.76859946e-01
7.65392641e-02
-1.99925761e-01
0.00000000e+00
4.09009700e-01
-1.25371985e-01
-1.02231890e-01
2.79237201e-01
1.92668519e-01
-1.97726709e-01
0.00000000e+00
3.26864104e-01
8.50862731e-02
4.27174929e-03
1.62016743e-02
1.68310476e-01
-4.59947044e-03
4.49712431e-01
1.75093748e-01
6.22607225e-02
-9.12052767e-02
-5.46784418e-01
-3.41545728e-02
-5.74838716e-01
0.00000000e+00
4.49383417e-01
7.85977765e-02
-2.34804611e-01
2.62197982e-01
2.84867523e-01
-3.53847154e-01
-1.25344689e-01
-1.70647889e+00
-8.25887904e-01
0.00000000e+00
0.00000000e+00
0.00000000e+00
3.26430937e-01
-1.29171570e+00
9.30513094e-02
-2.80563169e-01
-1.01037818e+00
4.95342947e-01
-3.90745433e-02
1.05360343e+00
9.31023943e-02
0.00000000e+00
4.98947140e-01
2.85824885e-01
-1.04773964e+00
1.35021759e-01
9.52024884e-01
8.80661840e-01
2.02450521e-01
-1.42449082e+00
-4.56554188e-01
-2.91833702e-01
-1.44932699e-01
0.00000000e+00
0.00000000e+00
0.00000000e+00
3.19650194e-01
-9.44696913e-02
7.88394168e-02
1.86214019e-01
-2.10927880e-01
3.06574754e-03
1.81946510e-01
1.28558363e-01
-3.94685681e-01
0.00000000e+00
1.82007592e-01
-5.05178854e-01
-1.54169542e-01
9.85902926e-02
-3.64393487e-01
1.03760442e-01
2.94069443e-01
-3.94763456e-01
6.16085939e-02
3.35345278e-01
-2.17368035e+00
0.00000000e+00
0.00000000e+00
0.00000000e+00
-2.03736462e-01
3.48316965e+00
-2.75747957e-02
-3.62861672e-01
-8.42083689e-01
-6.56311190e-01
-1.49087582e+00
-4.10827875e-01
4.44876315e-01
0.00000000e+00
-6.03820790e-02
3.50545355e+00
-1.92704683e+00
-4.01400210e-01
-1.39611843e+00
-2.59750713e-01
-2.91425818e-01
-3.68430809e-01
-6.63099819e-01
-2.45253654e-01
-1.35389344e-01
0.00000000e+00
0.00000000e+00
0.00000000e+00
3.68248895e-01
-3.98831878e-01
-2.60124759e-01
4.18651812e-03
-6.71716526e-01
4.22663500e-01
7.57838499e-01
3.34830230e-01
-7.13511177e-01
0.00000000e+00
2.81129916e-01
-3.96587685e-01
-9.96282962e-02
1.80576579e-01
1.85606977e-01
-9.95970189e-02
2.23164775e-01
-4.06248298e-01
-2.56922276e-01
4.09532682e-01
136
2.88506041e-01
2.28534342e-01
-6.22968502e-03
1.26193078e-02
2.83697724e-04
2.70762500e-02
-2.52644700e-04
2.02761407e-02
-3.00727407e-04
0.00000000e+00
0.00000000e+00
0.00000000e+00
0.00000000e+00
0.00000000e+00
0.00000000e+00
0.00000000e+00
2.76462451e-02
4.40698073e-01
-1.79838278e-01
1.10117432e-01
-4.12784219e-01
2.24007957e-02
1.50743827e-01
2.74393389e-01
2.74524224e-01
8.27774863e-02
-2.13666896e-01
1.09384435e-01
-4.85399228e-02
-3.63150001e-02
-4.81660396e-02
0.00000000e+00
1.28507429e-01
-2.18304745e-01
1.89122879e-01
0.00000000e+00
1.53246319e-01
-3.47365179e-01
2.69208126e-01
0.00000000e+00
-4.60764257e-01
6.49674654e-02
5.33524530e-01
0.00000000e+00
0.00000000e+00
0.00000000e+00
1.82013105e-01
-6.09646129e-01
7.14055334e-01
-5.09892370e-02
-1.14707033e+00
0.00000000e+00
-1.18165996e-01
4.74418842e-01
1.75991899e-01
-1.02485899e+00
0.00000000e+00
5.14527385e-02
-2.05346766e-01
1.47459017e-01
1.40086647e-02
-6.23011942e-02
-2.18893352e-02
-1.87057148e-01
1.08244754e-01
-6.95134761e-01
0.00000000e+00
2.78102102e-01
4.06817758e-02
-4.95299858e-02
4.00215721e-02
0.00000000e+00
2.74930892e-01
1.10516526e-01
-7.95023996e-02
-5.47864973e-02
2.55133524e-01
1.20342577e-01
-4.57741019e-01
1.12493830e-01
1.44095874e-02
0.00000000e+00
2.73892137e-01
-6.43905357e-02
-5.18632968e-02
-3.58368635e-02
-6.07871139e-01
-1.49874974e+00
-9.97525845e-01
0.00000000e+00
0.00000000e+00
0.00000000e+00
7.64307718e-01
-2.54003534e+00
2.95035568e-01
4.29410264e-02
-1.22385642e+00
6.32796043e-01
3.18874468e-01
1.14601855e+00
-4.86401773e-01
0.00000000e+00
9.27539273e-01
-4.82066884e-01
-1.12520324e+00
4.50162176e-01
9.61855297e-01
8.82017610e-01
5.33563536e-01
-1.89757255e+00
-5.45587105e-01
3.48086203e-01
-1.84612937e+00
0.00000000e+00
0.00000000e+00
0.00000000e+00
1.89193956e-01
1.44100891e+00
-3.10348962e-01
-1.34169734e-01
-1.38584365e+00
-1.11973733e-01
-2.88104783e-01
1.03340315e-01
-8.24414634e-01
0.00000000e+00
4.11469726e-01
2.76691501e+00
-1.46488328e+00
4.31605933e-01
-1.16302234e+00
9.92885079e-02
-7.48232303e-02
-1.13363794e+00
-3.80216800e-01
-1.75126451e-02
21 1
-1.1416e+00 3.0876e-01
8 0
0 1 7 2 19 14 3 6 
217
4.06642327e-01
-1.38972176e-01
-3.81519620e-01
-1.19796345e-01
9.18713381e-02
2.58257041e-01
2.40062722e-01
3.70074648e-01
4.23457509e-01
1.15192567e-01
4.59124896e-01
1.51966693e-01
0.00000000e+00
0.00000000e+00
3.12965045e-01
-3.63185579e-03
-3.60810647e-01
9.36772823e-02
-3.42360406e-03
-1.36852483e-01
0.00000000e+00
0.00000000e+00
0.00000000e+00
0.00000000e+00
0.00000000e+00
0.00000000e+00
0.00000000e+00
0.00000000e+00
0.00000000e+00
0.00000000e+00
0.00000000e+00
0.00000000e+00
0.00000000e+00
1.22194257e-01
2.84448070e-01
0.00000000e+00
0.00000000e+00
3.10968914e-01
3.05382078e-01
2.04212526e-02
4.11607735e-02
4.93743884e-03
-5.68540114e-02
-2.19374119e-01
0.00000000e+00
-4.61223755e-01
-5.87912827e-02
-4.84710887e-03
0.00000000e+00
-3.21658348e-02
-1.46004974e-02
5.92014306e-01
0.00000000e+00
-5.04271677e-02
-6.11760204e-01
7.98775547e-01
0.00000000e+00
-2.72721667e-01
-3.90853228e-01
9.13243219e-01
1.77008394e-01
2.02589631e-01
2.70443018e-02
0.00000000e+00
-1.07600521e+00
-1.14996258e+00
8.71445936e-01
7.73695172e-01
6.11201603e-01
4.04680535e-01
0.00000000e+00
-8.16538424e-01
-1.41164896e+00
7.14374527e-01
-1.63992949e-01
5.08806224e-01
5.27385071e-01
0.00000000e+00
-3.88273971e-01
-1.31542030e-01
2.68664216e-01
-4.70417938e-01
5.26252083e-01
3.19074433e-02
0.00000000e+00
2.03858277e-02
-4.95928973e-01
3.55016240e-01
-1.11371481e-01
3.12402592e-02
-6.31261388e-01
0.00000000e+00
1.32132026e+00
5.12037662e-01
4.91823890e-01
1.75264040e-01
0.00000000e+00
0.00000000e+00
0.00000000e+00
-8.95848909e-02
1.92066063e-01
-1.08314097e-01
-6.16133686e-02
6.04541315e-01
-3.72424028e-01
0.00000000e+00
-6.10875628e-02
-1.59429968e-01
3.65558372e-01
-5.30451495e-01
1.02171518e-01
-2.47327163e-01
0.00000000e+00
1.90910530e-01
6.79403028e-03
8.55601938e-02
-2.73643683e-01
1.30171603e-01
1.46077792e+00
-4.15941619e-01
-1.41908167e+00
-7.57477522e-01
0.00000000e+00
0.00000000e+00
0.00000000e+00
9.35688478e-01
-2.14528516e+00
1.34981044e-01
-5.17731015e-01
-1.33624600e+00
3.14183884e-01
6.62014713e-03
9.40583511e-01
-1.26121131e-01
0.00000000e+00
9.73458177e-01
-2.64843014e-01
-1.11333705e+00
2.25062830e-01
7.49504653e-01
8.85971339e-01
6.76463879e-01
-1.18827863e+00
-4.42149438e-01
5.33995972e-01
-1.62256646e-01
0.00000000e+00
0.00000000e+00
0.00000000e+00
-5.18671963e-02
-4.18259190e-01
2.73078400e-01
4.93818207e-01
-8.68541049e-02
3.50355241e-01
4.00617257e-01
3.04360288e-01
-1.22246517e-01
0.00000000e+00
-1.59732873e-01
-5.65201274e-01
-2.61719430e-01
1.23019905e-01
-3.76038674e-01
2.45431809e-01
7.12746593e-02
-4.87362386e-01
3.60117145e-03
1.01468062e-01
-1.71931489e+00
0.00000000e+00
0.00000000e+00
0.00000000e+00
7.32990434e-01
6.31292930e-01
1.38282089e-01
-4.64301620e-01
-2.55960841e+00
1.23366303e+00
4.78379115e-01
4.18225952e-01
-8.66110287e-01
0.00000000e+00
5.29289282e-01
8.99785014e-01
-6.45650369e-01
8.12516102e-01
-1.24324139e+00
-4.02942988e-01
-2.37537567e-01
-8.42325638e-01
-4.11433479e-01
7.94129142e-02
1.05811633e-01
0.00000000e+00
0.00000000e+00
0.00000000e+00
-9.52863196e-02
-9.41171194e-01
1.31491681e-01
4.03284784e-01
8.72133481e-01
-4.54826719e-01
-2.00869575e-01
-1.87255547e-01
9.41799858e-02
0.00000000e+00
6.79561274e-02
-5.42697688e-01
-1.74677552e-01
4.24986449e-02
2.51105986e-01
4.85145749e-01
3.04304918e-01
1.08746734e-01
5.54722303e-02
-1.13724094e-01
136
9.32549535e-02
1.92441924e-01
-5.21590675e-03
-9.72148871e-02
-7.07460427e-03
0.00000000e+00
0.00000000e+00
0.00000000e+00
0.00000000e+00
0.00000000e+00
0.00000000e+00
0.00000000e+00
0.00000000e+00
0.00000000e+00
0.00000000e+00
0.00000000e+00
1.10283232e+00
1.05506715e+00
0.00000000e+00
0.00000000e+00
4.11624565e-01
3.56387644e-01
2.40170168e-01
1.65353278e-01
1.43390376e-01
-5.79697434e-02
1.64811333e-01
0.00000000e+00
3.48228707e-01
-1.93334372e-01
7.18316784e-01
0.00000000e+00
1.12496501e-01
-4.41718577e-01
7.65885209e-01
0.00000000e+00
1.54888609e-01
-6.48050174e-01
9.63994575e-01
0.00000000e+00
-5.10915615e-01
-8.26991069e-01
9.80967042e-01
0.00000000e+00
0.00000000e+00
0.00000000e+00
0.00000000e+00
-1.66447663e+00
6.87538814e-01
-3.02733127e-01
-1.23746298e+00
0.00000000e+00
-1.22581446e+00
-7.12602340e-02
3.69610686e-02
-1.06339265e+00
0.00000000e+00
1.35314623e-02
-2.42508199e-01
2.53243282e-01
-1.07317988e-01
1.26225037e-01
-5.69459224e-01
-2.56711525e-01
8.76140548e-02
-4.97565033e-01
0.00000000e+00
-8.25107432e-02
-1.25475946e-01
-2.02815187e-02
1.40979932e-01
0.00000000e+00
2.74558810e-02
1.09265636e-02
-6.09187632e-02
2.82493811e-03
0.00000000e+00
1.95595977e+00
-2.87277035e-01
5.48015241e-01
-7.08416901e-02
0.00000000e+00
9.16989234e-02
-3.43226948e-01
8.87442006e-02
2.18124437e-01
-6.05919018e-01
-8.48979297e-01
-1.09120251e+00
0.00000000e+00
0.00000000e+00
0.00000000e+00
8.45414414e-01
-2.60555375e+00
3.00269992e-01
2.54989883e-02
-1.34194587e+00
6.17428174e-01
2.37317625e-01
1.13471693e+00
-3.25813927e-01
0.00000000e+00
9.20969836e-01
-7.60762441e-01
-1.35120467e+00
3.39171448e-01
1.19245396e+00
1.08137950e+00
7.56431518e-01
-1.95324725e+00
-6.32686424e-01
4.28959437e-01
-1.30609248e+00
0.00000000e+00
0.00000000e+00
0.00000000e+00
2.30337649e-01
-9.49198016e-01
-1.79634457e-01
2.47639194e-01
-1.07650217e+00
9.09217794e-01
4.99205062e-01
1.79912874e-01
-7.34868931e-01
0.00000000e+00
8.48601469e-01
2.38830376e-01
-9.65707688e-01
5.33539914e-01
-7.51914014e-01
3.27095880e-01
2.13495834e-01
-9.53663855e-01
-2.12796146e-01
2.90316744e-01
17 1
-1.1405e+00 3.1209e-01
8 0
0 1 7 2 19 14 3 6 
217
-2.99734926e-01
-1.61304837e-01
5.00183875e-01
-6.33147049e-01
2.61814523e-01
-4.45954582e-01
-1.84678385e-01
-2.97993347e-01
-2.85138527e-01
-2.41897147e-01
-5.57202910e-01
1.79425420e-01
0.00000000e+00
0.00000000e+00
-1.28603527e-02
1.96765749e-04
1.75260659e-01
-2.86874574e-01
-3.48845286e-03
4.61982433e-01
0.00000000e+00
0.00000000e+00
0.00000000e+00
0.00000000e+00
0.00000000e+00
0.00000000e+00
0.00000000e+00
0.00000000e+00
0.00000000e+00
0.00000000e+00
0.00000000e+00
0.00000000e+00
0.00000000e+00
-2.01111229e-01
-9.86236973e-02
0.00000000e+00
0.00000000e+00
1.30777586e-01
-1.04123330e-01
-1.94631718e-01
-1.16083945e-01
-9.42380691e-02
2.60340929e-02
5.25304572e-02
0.00000000e+00
-1.22486436e-01
-4.15929626e-01
8.62282852e-02
0.00000000e+00
-2.07566244e-01
1.00324484e-01
3.89106342e-01
0.00000000e+00
1.47224038e-02
-4.11715316e-01
4.56319437e-01
0.00000000e+00
-5.02529177e-01
-3.56554970e-01
6.70345892e-01
1.71049782e-01
1.48271634e-01
-6.19056343e-01
0.00000000e+00
-1.08387543e+00
-7.76767196e-01
5.06686687e-01
8.43682293e-01
2.77453816e-01
4.12638469e-01
0.00000000e+00
-8.17859453e-01
-1.11160466e+00
4.45671623e-01
-1.94861857e-01
7.24529041e-02
6.74104196e-01
0.00000000e+00
-3.92861253e-01
-5.76113757e-02
6.97159366e-02
-2.80300627e-01
2.34103902e-02
-4.23351683e-01
0.00000000e+00
-1.70323196e-01
-6.52739147e-01
1.50450489e-01
-2.42998865e-01
-2.79862220e-01
-1.36131287e-01
0.00000000e+00
5.93792910e-02
2.70584212e-01
-6.77690619e-01
1.61545496e-01
3.18576401e-01
7.00556544e-01
0.00000000e+00
-1.84340173e-01
2.15120847e-02
-3.15597381e-01
-6.50849130e-02
2.00202627e-01
1.24097796e+00
-4.76323145e-01
-2.55781421e-01
-3.05162171e-01
2.88052534e-01
-6.22827187e-01
1.44317106e-01
1.26524756e-01
0.00000000e+00
1.28837867e-01
-8.97664329e-02
2.38421349e-02
-2.57871340e-01
-4.52414928e-01
-6.61793758e-01
-3.05697259e-01
-1.26046004e+00
-7.48169935e-01
0.00000000e+00
0.00000000e+00
0.00000000e+00
6.37522884e-01
-2.40437746e+00
-1.85037158e-01
-8.23306787e-02
-1.03894566e+00
6.88017732e-01
1.38637294e-01
3.93286277e-01
2.52351146e-01
0.00000000e+00
9.61729055e-01
-7.94882460e-01
-7.89084537e-01
6.14315802e-01
1.15264093e+00
1.11824031e+00
2.61049311e-01
-1.75121924e+00
-7.18292596e-01
7.98209108e-01
-2.83546298e-02
0.00000000e+00
0.00000000e+00
0.00000000e+00
1.22016199e-01
5.56319472e-02
4.05064784e-01
1.14527159e-01
-2.20456969e-01
4.69100572e-02
3.31321251e-01
3.61595006e-01
-6.50925297e-01
0.00000000e+00
3.43938116e-02
-5.09600306e-02
-5.18757405e-01
1.47399782e-02
-6.67363488e-01
9.03015550e-02
3.17748366e-01
2.30547720e-01
2.11342553e-01
-2.56031826e-01
-1.73240349e+00
0.00000000e+00
0.00000000e+00
0.00000000e+00
5.76123330e-02
-2.60700075e-02
1.28495401e-01
-2.80994582e-01
-1.35826500e+00
1.40920198e+00
-2.22399101e-02
4.30795596e-03
-1.13892363e+00
0.00000000e+00
1.08650494e+00
1.45367260e-01
-1.45810025e+00
1.70952066e-01
-1.00487019e+00
5.76017992e-01
-5.53405705e-01
2.78518781e-01
-5.35231257e-02
3.07010191e-01
1.72786775e-01
0.00000000e+00
0.00000000e+00
0.00000000e+00
2.66901368e-01
-3.01177409e-01
3.43091187e-02
2.21911255e-01
-2.48639815e-01
-5.19013567e-01
3.40204425e-01
1.79234020e-01
1.63982935e-01
0.00000000e+00
-1.92546000e-01
2.81485332e-02
3.47505986e-01
1.02178901e-01
4.51393681e-01
-4.40265239e-01
3.74563122e-01
-5.23495772e-01
3.81952311e-02
-1.50603999e-01
136
5.33036495e-01
3.04005250e-01
-3.66423657e-04
2.16949535e-01
-6.70632454e-03
0.00000000e+00
0.00000000e+00
0.00000000e+00
0.00000000e+00
0.00000000e+00
0.00000000e+00
0.00000000e+00
0.00000000e+00
0.00000000e+00
0.00000000e+00
0.00000000e+00
1.21547339e+00
1.20841585e+00
0.00000000e+00
0.00000000e+00
2.96761504e-01
3.38790388e-01
2.70719593e-01
2.15142465e-01
2.30410931e-01
3.27147741e-02
3.21710292e-01
0.00000000e+00
1.26493618e-01
-1.85533617e-01
5.82501811e-01
0.00000000e+00
3.78835944e-02
-4.06082094e-01
7.69850314e-01
0.00000000e+00
1.43059660e-01
-4.96776765e-01
9.42142347e-01
0.00000000e+00
-4.42288417e-01
-5.73102828e-01
1.20810232e+00
0.00000000e+00
0.00000000e+00
0.00000000e+00
0.00000000e+00
-1.15210929e+00
7.30345797e-01
-1.99361549e-01
-1.08927352e+00
0.00000000e+00
-1.26977981e+00
-6.51778996e-02
-2.23157276e-02
-1.06599531e+00
0.00000000e+00
-2.70016150e-02
-2.78689706e-01
2.17927543e-01
-9.91495728e-02
2.91776236e-01
-4.87642772e-01
-2.26326642e-01
4.43755032e-02
-4.40441013e-01
0.00000000e+00
3.20026567e-01
-5.90944078e-02
3.20498007e-02
1.79335815e-01
0.00000000e+00
3.28784965e-01
6.03888677e-02
-8.77390689e-03
-2.80823108e-02
3.59175923e-01
5.61778191e-01
-4.32602574e-01
2.51490457e-01
6.79378246e-02
0.00000000e+00
1.32507686e-01
-2.88965314e-01
7.46417889e-02
1.42222237e-01
-6.63508058e-01
-1.17835304e+00
-1.12384300e+00
0.00000000e+00
0.00000000e+00
0.00000000e+00
8.27286692e-01
-2.52037923e+00
2.75621502e-01
-2.04805041e-02
-1.41440722e+00
6.28098484e-01
2.17921540e-01
1.14132701e+00
-2.98783358e-01
0.00000000e+00
9.05672439e-01
-6.93992355e-01
-1.29039575e+00
3.06671531e-01
1.15166540e+00
1.04478646e+00
7.28307601e-01
-1.90470870e+00
-6.45163100e-01
4.37108544e-01
-1.55144038e+00
0.00000000e+00
0.00000000e+00
0.00000000e+00
3.03723454e-01
-9.27837615e-01
-1.54316614e-01
1.50483292e-01
-1.14513718e+00
7.51897706e-01
4.12083484e-01
2.44480350e-01
-7.51000274e-01
0.00000000e+00
7.48111131e-01
3.41497277e-01
-1.05112541e+00
5.46627594e-01
-8.02496769e-01
3.60653680e-01
1.79051117e-01
-8.89102259e-01
-2.59138813e-01
3.90105473e-01
8 1
-1.6290e+00 2.8666e-01
8 1
0 1 7 2 19 14 3 6 
217
3.77977298e-01
-4.13508075e-02
-2.68561754e-01
-5.73125421e-02
-3.22914308e-02
2.90176450e-01
1.89092785e-01
-8.28376777e-02
2.83230617e-01
-1.45015071e-01
2.45225653e-01
5.87871669e-02
-3.07280327e-01
-1.42708735e-01
-2.01847092e-01
2.56361296e-03
2.98615205e-01
-3.38312402e-02
4.39146101e-03
-5.56157458e-02
3.18662057e-01
2.58536693e-03
-9.25433477e-02
2.94993573e-01
3.65283714e-04
9.00556935e-02
0.00000000e+00
0.00000000e+00
0.00000000e+00
0.00000000e+00
0.00000000e+00
0.00000000e+00
0.00000000e+00
3.77295261e-01
4.94857218e-01
-4.94175181e-01
0.00000000e+00
-5.24909482e-01
8.67675189e-02
2.71295892e-01
2.22425954e-01
2.38811461e-01
8.99603229e-03
7.45899221e-02
0.00000000e+00
-4.39440710e-01
-1.78736712e-01
2.84890843e-01
0.00000000e+00
2.21129031e-01
-3.79103178e-01
4.36645610e-01
0.00000000e+00
3.57367081e-02
-5.04984256e-01
5.90582833e-01
0.00000000e+00
-5.89221653e-01
1.05044989e-01
7.95433793e-01
-2.82136959e-02
1.63790151e-01
2.42400843e-01
1.29144604e-01
-1.08692376e+00
-1.36063673e+00
6.90418206e-01
3.27752777e-01
6.45338249e-01
8.46953200e-01
0.00000000e+00
-7.66429813e-01
-1.60602278e+00
9.04209797e-01
6.85647389e-01
2.45564126e-01
5.20818637e-01
0.00000000e+00
-2.10237021e-01
-1.68135327e-01
5.18747098e-01
-5.21504054e-01
7.11814939e-02
-3.55470927e-01
0.00000000e+00
-5.29008432e-02
-1.02317850e+00
2.37828730e-01
9.50783008e-02
1.94763683e-01
-2.49871549e-01
0.00000000e+00
4.23052264e-01
-8.03113128e-02
9.46302202e-02
1.13605208e-01
-1.39705186e-01
-6.03557731e-02
0.00000000e+00
1.73815577e-01
-2.78957367e-01
-1.14672593e-02
6.80267407e-02
2.15628981e-01
2.51825010e-01
4.51525416e-01
6.35212666e-02
-3.04455614e-01
7.61225601e-02
-7.14252963e-01
-2.13191945e-01
-3.46480242e-01
0.00000000e+00
4.70490096e-01
5.99542232e-02
-1.43508489e-01
-1.32734092e-02
5.09956914e-02
-2.11651831e-01
-7.81272296e-01
-1.49932711e+00
-8.20534097e-01
0.00000000e+00
0.00000000e+00
0.00000000e+00
2.91146746e-01
-1.23200588e+00
1.29877732e-01
-6.58955280e-01
-4.38325985e-01
5.46643022e-02
-7.37699052e-03
7.34363171e-01
4.95613420e-01
0.00000000e+00
7.09876287e-01
-2.18319427e-01
-5.17715682e-01
4.06505842e-01
6.17871081e-01
2.83755796e-01
1.36566539e-01
-1.14608300e+00
-7.33715649e-01
2.71722873e-01
-2.53795152e-01
0.00000000e+00
0.00000000e+00
0.00000000e+00
4.33014200e-01
-1.14590391e+00
-3.80983977e-02
4.02396932e-01
-7.19781995e-01
3.20182115e-01
2.03063925e-01
1.42182227e-01
-3.62248384e-01
0.00000000e+00
2.00073971e-01
-4.08517299e-01
-5.02757520e-01
9.96143509e-02
-8.69346540e-02
4.45681874e-01
4.62481268e-01
-1.89046395e-01
2.93838390e-01
1.96964152e-01
-2.03354792e+00
0.00000000e+00
0.00000000e+00
0.00000000e+00
2.02222156e-01
2.32142027e+00
-6.43275854e-01
-5.43394637e-01
-7.49628222e-01
-4.19391457e-01
-1.59180596e+00
-8.16200408e-02
-4.56971797e-01
0.00000000e+00
3.96506657e-02
3.53661702e+00
-1.17880328e+00
9.18225859e-02
-1.22929402e+00
-1.31754895e-01
-1.73283583e-01
-4.58957897e-01
-3.24407413e-02
-5.34658234e-01
5.29538637e-02
0.00000000e+00
0.00000000e+00
0.00000000e+00
8.33948357e-03
-5.43742491e-01
2.56572499e-01
2.01578491e-01
-9.76933017e-02
1.07774096e-01
7.58907448e-01
1.37233424e-01
9.90718621e-02
0.00000000e+00
2.37341170e-01
-1.22849511e+00
-2.74681489e-01
2.12916013e-01
2.35220380e-01
1.45689649e-01
2.54039561e-02
-4.26941869e-01
-2.42033012e-02
2.22662951e-01
136
2.07009756e-01
-2.34770424e-01
2.12604831e-02
5.12685235e-02
2.33305467e-03
1.66857924e-01
9.34271356e-04
2.23653733e-01
-3.05930452e-04
0.00000000e+00
0.00000000e+00
0.00000000e+00
0.00000000e+00
0.00000000e+00
0.00000000e+00
0.00000000e+00
-6.92680389e-02
2.92873642e-01
-1.65958470e-02
1.08213969e-01
-4.46981516e-01
1.25484543e-02
1.57780394e-01
2.65769609e-01
2.57960204e-01
5.43411294e-02
-2.02622488e-01
1.07629838e-01
-4.00427066e-02
-1.11206027e-01
-2.95084683e-02
0.00000000e+00
8.93196061e-02
-1.92441287e-01
1.97967922e-01
0.00000000e+00
1.53408887e-01
-3.36644965e-01
2.53798137e-01
0.00000000e+00
-4.72234067e-01
3.59745868e-02
5.50988300e-01
0.00000000e+00
0.00000000e+00
0.00000000e+00
1.14505233e-01
-6.11193088e-01
7.74850063e-01
2.95890324e-02
-8.88874664e-01
0.00000000e+00
-1.50448709e-01
4.69189818e-01
1.45591265e-01
-1.02606404e+00
0.00000000e+00
-1.35149804e-03
-1.85728595e-01
1.33941314e-01
1.12814932e-02
2.88764859e-01
5.97844073e-03
-1.69520062e-01
1.18150587e-01
-6.94558603e-01
0.00000000e+00
2.36811863e-01
4.88727623e-02
-5.93650022e-02
7.26977277e-02
0.00000000e+00
2.07111701e-01
7.62692859e-02
-8.41760519e-02
-7.87169786e-02
2.56656461e-01
8.97355462e-02
-6.88071685e-01
1.54968793e-01
-5.91143398e-03
0.00000000e+00
2.13229070e-01
-2.50008127e-02
-8.37252618e-02
-3.60886449e-02
-5.75254781e-01
-1.48151396e+00
-1.00779964e+00
0.00000000e+00
0.00000000e+00
0.00000000e+00
7.48352489e-01
-2.33804222e+00
3.05288184e-01
5.00525677e-02
-1.22217566e+00
6.33831713e-01
3.28369870e-01
1.16964247e+00
-5.43174104e-01
0.00000000e+00
8.94708930e-01
-4.30630576e-01
-1.14201625e+00
4.18132072e-01
9.06438478e-01
9.06135251e-01
5.47274120e-01
-1.96840590e+00
-5.67367901e-01
2.95786822e-01
-1.89383928e+00
0.00000000e+00
0.00000000e+00
0.00000000e+00
2.11664541e-01
1.81047720e+00
-3.44540704e-01
-1.71196581e-01
-1.41872611e+00
-2.73732370e-02
-2.77900134e-01
1.00603640e-01
-8.02395624e-01
0.00000000e+00
3.63183330e-01
2.95631942e+00
-1.56985467e+00
2.89031900e-01
-1.21315579e+00
-1.64111311e-01
-6.58051226e-02
-1.05548946e+00
-5.42434336e-01
2.78637808e-02
