1 -999999999 -999999999 -1 -1
1 0 0 -1 -1
0.439 -1.967
356
-2.19145101e-01
0.00000000e+00
0.00000000e+00
0.00000000e+00
0.00000000e+00
0.00000000e+00
0.00000000e+00
0.00000000e+00
0.00000000e+00
0.00000000e+00
0.00000000e+00
0.00000000e+00
0.00000000e+00
0.00000000e+00
0.00000000e+00
0.00000000e+00
0.00000000e+00
0.00000000e+00
0.00000000e+00
0.00000000e+00
0.00000000e+00
0.00000000e+00
0.00000000e+00
0.00000000e+00
0.00000000e+00
0.00000000e+00
0.00000000e+00
0.00000000e+00
0.00000000e+00
0.00000000e+00
0.00000000e+00
0.00000000e+00
0.00000000e+00
0.00000000e+00
0.00000000e+00
0.00000000e+00
0.00000000e+00
0.00000000e+00
0.00000000e+00
0.00000000e+00
0.00000000e+00
0.00000000e+00
0.00000000e+00
0.00000000e+00
0.00000000e+00
0.00000000e+00
0.00000000e+00
0.00000000e+00
0.00000000e+00
0.00000000e+00
0.00000000e+00
3.68715307e-02
1.03926792e-01
-3.35695127e-01
0.00000000e+00
0.00000000e+00
0.00000000e+00
0.00000000e+00
-2.90276343e-02
-2.51791169e-02
7.80315918e-02
-2.59954710e-01
-2.11902823e-01
-1.07052520e-01
-2.39300659e-01
3.62255419e-01
1.83054423e-01
1.47609920e-01
0.00000000e+00
0.00000000e+00
0.00000000e+00
2.01560435e-02
2.29419117e-02
-3.73736243e-01
-4.92609355e-03
6.87399408e-03
1.06807075e-01
-2.34375051e-01
3.46911816e-03
5.31498228e-02
0.00000000e+00
0.00000000e+00
0.00000000e+00
0.00000000e+00
0.00000000e+00
0.00000000e+00
0.00000000e+00
-3.81146732e-01
-3.87922949e-02
3.61251530e-01
-5.74379787e-01
-3.55708095e-01
-5.09494261e-01
-2.37560286e-01
-2.74053250e+00
-2.33933771e+00
-8.95269012e-01
-2.49306735e-01
-7.45028954e-01
-4.15442978e-02
-3.08706206e-01
-1.51277358e-01
0.00000000e+00
0.00000000e+00
1.53447382e+00
1.88079664e+00
0.00000000e+00
0.00000000e+00
0.00000000e+00
0.00000000e+00
0.00000000e+00
0.00000000e+00
6.29350907e-01
6.01606405e-01
2.04003381e-01
-4.96342709e-01
-7.08231769e-01
-1.98400513e+00
5.67515394e-01
1.43121995e+00
6.13797505e-01
3.51309706e-01
-1.01888040e+00
-1.62717725e+00
-7.30532643e-01
-6.25684974e-01
-6.17561536e-01
-3.00613814e-01
0.00000000e+00
0.00000000e+00
4.33688312e+00
4.58506101e+00
4.48600459e+00
4.37924840e+00
4.50564741e+00
4.68971634e+00
5.15210498e-01
-1.86219634e-01
1.45286435e-01
4.26037004e-01
4.47970367e-01
-7.51934225e-01
0.00000000e+00
5.95525700e-01
4.50756568e-01
3.16009952e-01
0.00000000e+00
-9.09486530e-01
0.00000000e+00
0.00000000e+00
0.00000000e+00
0.00000000e+00
3.17784916e-01
2.85638718e+00
0.00000000e+00
0.00000000e+00
-5.36930017e-01
-5.88185632e-01
0.00000000e+00
0.00000000e+00
-9.55318567e-01
-6.71465053e-01
-7.95441802e-01
-1.42847668e+00
-1.75076037e+00
0.00000000e+00
0.00000000e+00
0.00000000e+00
6.35510216e-01
-7.04692881e-01
-1.08287577e-01
9.38493629e-02
-3.69810121e-01
1.92352252e-01
-6.04960657e-01
1.14366453e+00
-2.98167617e-01
0.00000000e+00
1.02039453e-01
1.16507249e-01
-1.43243054e+00
2.45625269e-01
-1.02172527e+00
9.45332314e-01
4.02266223e-01
-1.09101853e+00
2.96474261e-02
-2.64614684e-02
5.64142859e-01
0.00000000e+00
0.00000000e+00
0.00000000e+00
-1.70686718e-01
1.60862513e-01
2.67238402e-01
-1.16967058e-01
1.54262241e-01
9.86485651e-02
-6.92231031e-02
-6.52173795e-02
3.77012022e-02
0.00000000e+00
-4.92421550e-02
3.48857677e-01
2.54610732e-01
-3.04861344e-02
1.69287768e-01
-2.02772580e-01
3.36684635e-02
-1.69702260e-01
2.03949451e-02
-1.07092262e-01
-9.76039060e-01
-5.23551529e-01
0.00000000e+00
0.00000000e+00
3.16539412e-02
3.12800180e-02
-1.26088265e-01
-4.28743282e-01
-2.15388034e-01
0.00000000e+00
0.00000000e+00
0.00000000e+00
4.12311510e-01
7.74227017e-01
-3.33449801e-01
4.47122354e-01
-4.91549392e-01
-7.43295365e-02
1.80489977e-01
-3.50654655e-01
5.24059740e-01
0.00000000e+00
2.46615490e-02
-4.61690647e-01
-4.54224307e-01
2.91514742e-01
-1.11288104e+00
-2.25967481e-01
4.56411822e-02
3.97635256e-01
3.18357498e-02
1.59859745e-01
-4.52487532e-01
0.00000000e+00
0.00000000e+00
-1.76227193e-01
-7.74721309e-01
-4.31767039e-01
0.00000000e+00
0.00000000e+00
-6.60722345e-01
-7.75391134e-02
-4.09218407e-01
5.49904820e-02
-3.42954270e-01
0.00000000e+00
0.00000000e+00
6.94632952e-03
-2.09994174e+00
0.00000000e+00
0.00000000e+00
0.00000000e+00
9.80266007e-01
1.90466490e+00
-2.35043208e+00
1.77157179e-01
1.47539439e+00
-4.19732176e+00
-3.85496486e-01
1.47896026e+00
-1.63975088e-02
0.00000000e+00
-1.72859916e+00
-1.36087981e+00
-4.17769490e-01
-3.53363764e-02
-1.12845893e+00
4.09770817e-01
1.49140019e+00
1.60905361e+00
-4.65226749e-01
4.59309249e-01
4.22605675e-01
0.00000000e+00
0.00000000e+00
0.00000000e+00
-1.52797846e-01
0.00000000e+00
0.00000000e+00
1.10435871e-02
0.00000000e+00
0.00000000e+00
3.99373683e-01
-3.29194946e-01
0.00000000e+00
0.00000000e+00
2.32901345e-01
0.00000000e+00
1.00606307e-01
5.22084884e-01
-2.90405830e-01
3.35693915e-02
-8.46436705e-02
0.00000000e+00
0.00000000e+00
-2.54080850e-01
-4.05936104e-01
-3.00467994e-01
0.00000000e+00
0.00000000e+00
1.65316428e-01
1.69301280e-01
-1.99582754e-01
-2.70186520e-01
-6.62748347e-02
0.00000000e+00
0.00000000e+00
0.00000000e+00
-3.51173738e-01
0.00000000e+00
0.00000000e+00
-7.52032827e-01
0.00000000e+00
0.00000000e+00
-1.95722550e-01
2.95564488e-02
0.00000000e+00
0.00000000e+00
-1.24277724e-01
0.00000000e+00
3.98686918e-01
-1.45831516e-02
7.83774720e-01
8.07809938e-02
2.42234614e-01
0.00000000e+00
0.00000000e+00
-2.88601961e-01
-1.05468110e-01
1.48866299e-01
1.40022062e-02
9.99150266e-01
-1.69400563e+00
0.00000000e+00
0.00000000e+00
0.00000000e+00
0.00000000e+00
0.00000000e+00
0.00000000e+00
0.00000000e+00
-1.32300857e+00
0.00000000e+00
0.00000000e+00
0.00000000e+00
247
-8.91358707e-01
0.00000000e+00
0.00000000e+00
0.00000000e+00
0.00000000e+00
0.00000000e+00
0.00000000e+00
0.00000000e+00
0.00000000e+00
0.00000000e+00
0.00000000e+00
0.00000000e+00
0.00000000e+00
0.00000000e+00
0.00000000e+00
0.00000000e+00
0.00000000e+00
0.00000000e+00
0.00000000e+00
0.00000000e+00
0.00000000e+00
0.00000000e+00
0.00000000e+00
0.00000000e+00
0.00000000e+00
0.00000000e+00
0.00000000e+00
0.00000000e+00
0.00000000e+00
0.00000000e+00
0.00000000e+00
0.00000000e+00
0.00000000e+00
0.00000000e+00
0.00000000e+00
0.00000000e+00
0.00000000e+00
0.00000000e+00
0.00000000e+00
0.00000000e+00
0.00000000e+00
0.00000000e+00
0.00000000e+00
-3.03479894e-03
1.96492554e-02
-1.86122854e-01
1.20135343e-03
-7.02201054e-01
4.15933443e-03
0.00000000e+00
0.00000000e+00
0.00000000e+00
0.00000000e+00
0.00000000e+00
0.00000000e+00
0.00000000e+00
3.93347931e-01
7.35603932e-01
0.00000000e+00
8.99150466e-01
1.14826557e+00
0.00000000e+00
0.00000000e+00
0.00000000e+00
0.00000000e+00
0.00000000e+00
0.00000000e+00
9.54475818e-01
6.70350235e-01
-2.40415195e-01
-6.74931704e-01
-7.79922400e-01
-1.72006593e+00
1.15667693e+00
5.20111307e-01
0.00000000e+00
0.00000000e+00
0.00000000e+00
0.00000000e+00
-1.14872341e-01
1.86348087e-01
2.06497507e-01
0.00000000e+00
0.00000000e+00
0.00000000e+00
4.93538732e+00
4.27233805e+00
4.39936920e+00
4.39749799e+00
4.66689831e+00
9.55220439e-01
1.50328494e-01
-2.88181507e-01
4.96468127e-01
3.83596905e-01
1.38246928e-01
-2.60238301e-02
0.00000000e+00
3.00547090e-01
4.39444815e-01
0.00000000e+00
0.00000000e+00
0.00000000e+00
0.00000000e+00
-2.30931586e+00
2.26179071e+00
0.00000000e+00
1.41795715e+00
-8.61335722e-01
0.00000000e+00
0.00000000e+00
-6.15895290e-01
-1.16709216e+00
-6.77602415e-01
-1.36202186e+00
-1.78298745e+00
0.00000000e+00
0.00000000e+00
0.00000000e+00
8.17897994e-01
-8.66786908e-01
-2.59476593e-01
-4.11301467e-01
-3.42161164e-01
2.78516789e-01
3.83618030e-02
1.24079085e+00
-1.14560760e+00
0.00000000e+00
-1.03845253e-01
5.45118588e-03
-4.65099270e-01
5.16772473e-01
-1.04821274e+00
5.14301817e-01
6.72799454e-01
-1.25080607e+00
-2.17142798e-01
2.42560051e-01
-7.92074478e-01
2.23925547e-03
0.00000000e+00
0.00000000e+00
-3.08723557e-02
-5.98601798e-01
0.00000000e+00
0.00000000e+00
0.00000000e+00
-5.62497541e-01
0.00000000e+00
3.95685830e-01
9.28836591e-02
-8.57034806e-02
2.75405977e-01
1.37626620e-01
-7.32443984e-02
0.00000000e+00
0.00000000e+00
2.32635765e-01
3.02544649e-01
1.60238950e-01
2.51187598e-01
1.13402585e+00
-1.89167456e-01
-1.67944932e-01
-2.04471853e-01
2.37526582e-02
-2.77103402e-01
-7.94313734e-01
0.00000000e+00
0.00000000e+00
8.13761116e-02
-9.90912971e-01
-6.18134546e-01
0.00000000e+00
0.00000000e+00
-3.25685331e-01
-3.72778425e-01
0.00000000e+00
0.00000000e+00
-9.74693069e-02
-2.03962427e+00
0.00000000e+00
0.00000000e+00
0.00000000e+00
1.30585329e+00
7.84961110e-01
0.00000000e+00
0.00000000e+00
0.00000000e+00
0.00000000e+00
0.00000000e+00
1.23961536e+00
0.00000000e+00
0.00000000e+00
0.00000000e+00
4.34378166e-01
0.00000000e+00
0.00000000e+00
-1.55091733e+00
1.13959413e+00
3.81208100e-01
0.00000000e+00
0.00000000e+00
-1.69038505e-01
-4.79201356e-01
1.36671534e-01
0.00000000e+00
0.00000000e+00
0.00000000e+00
-1.04289115e+00
0.00000000e+00
0.00000000e+00
0.00000000e+00
9.17461479e-02
0.00000000e+00
0.00000000e+00
0.00000000e+00
0.00000000e+00
0.00000000e+00
0.00000000e+00
1.81162347e-01
0.00000000e+00
0.00000000e+00
0.00000000e+00
0.00000000e+00
0.00000000e+00
0.00000000e+00
0.00000000e+00
7.02429288e-02
0.00000000e+00
0.00000000e+00
0.00000000e+00
4.61584700e-01
-6.15872890e-01
4.27500223e-01
-1.25897337e-01
3.85664617e-01
-1.56042292e+00
0.00000000e+00
0.00000000e+00
0.00000000e+00
0.00000000e+00
-7.46148970e-01
0.00000000e+00
0.00000000e+00
0.00000000e+00
7 -999999999 -999999999 1 -1
1 0 0 1 -1
8.3125e-02 -7.7289e-01
356
5.00629961e-02
0.00000000e+00
0.00000000e+00
0.00000000e+00
0.00000000e+00
0.00000000e+00
0.00000000e+00
0.00000000e+00
0.00000000e+00
0.00000000e+00
0.00000000e+00
0.00000000e+00
0.00000000e+00
0.00000000e+00
0.00000000e+00
0.00000000e+00
0.00000000e+00
0.00000000e+00
0.00000000e+00
0.00000000e+00
0.00000000e+00
0.00000000e+00
0.00000000e+00
0.00000000e+00
0.00000000e+00
0.00000000e+00
0.00000000e+00
0.00000000e+00
0.00000000e+00
0.00000000e+00
0.00000000e+00
5.00629961e-02
0.00000000e+00
-1.59002107e+00
-2.29952004e+00
0.00000000e+00
-7.76115239e-01
9.26744211e-01
1.35494156e+00
7.13339850e-01
1.88508962e+00
0.00000000e+00
0.00000000e+00
0.00000000e+00
0.00000000e+00
0.00000000e+00
0.00000000e+00
0.00000000e+00
0.00000000e+00
0.00000000e+00
0.00000000e+00
-7.48538581e-01
1.39860913e-01
9.47548534e-01
0.00000000e+00
0.00000000e+00
0.00000000e+00
0.00000000e+00
-2.73803709e-01
-1.50226520e-01
3.18508861e-01
-5.65194378e-01
-1.77986826e-01
2.07439010e-01
1.90611028e-01
-1.87484446e-01
-7.26635767e-03
4.39787564e-02
0.00000000e+00
0.00000000e+00
0.00000000e+00
-3.80350908e-02
1.67159952e-02
-1.29797061e-01
2.69968275e-02
-1.20395845e-02
1.89599363e-02
6.11012594e-02
6.09244959e-05
-3.53475912e-02
0.00000000e+00
0.00000000e+00
0.00000000e+00
0.00000000e+00
0.00000000e+00
0.00000000e+00
0.00000000e+00
-2.59728501e-01
-9.81669326e-02
5.25141857e-01
5.31255962e-01
-5.55743332e-01
4.13250238e-01
-4.54338916e-01
-3.13265874e+00
-8.99546679e-01
9.78756681e-02
-5.09346799e-01
-1.69673267e-01
3.38073993e-01
-9.91413572e-02
-4.97405481e-02
0.00000000e+00
0.00000000e+00
1.32367773e+00
1.44636752e+00
0.00000000e+00
0.00000000e+00
0.00000000e+00
0.00000000e+00
0.00000000e+00
0.00000000e+00
4.73210124e-01
7.92772101e-01
4.66640410e-01
-3.69261307e-01
-7.95226098e-01
-1.84174997e+00
1.55152368e+00
8.41308466e-01
8.37210311e-01
3.21295846e-01
-2.34776224e+00
-1.67648233e+00
-6.21085477e-01
2.87277641e-01
-2.93233546e-01
-2.85733293e-01
0.00000000e+00
0.00000000e+00
2.10193797e+00
2.56274475e+00
2.25110634e+00
2.55830867e+00
2.77499931e+00
3.04190029e+00
3.17375110e-01
2.59503988e-01
2.83521536e-01
5.29150743e-01
-2.70962385e-02
-7.84658171e-01
0.00000000e+00
4.43978613e-01
1.71460190e-01
0.00000000e+00
0.00000000e+00
-1.13616668e+00
0.00000000e+00
0.00000000e+00
0.00000000e+00
0.00000000e+00
-4.72906270e-01
2.37752357e+00
0.00000000e+00
0.00000000e+00
5.22969266e-01
-1.81795019e-01
0.00000000e+00
0.00000000e+00
-6.07834894e-01
-2.23160102e-01
-6.50941672e-01
-1.17314442e+00
-1.25877657e+00
0.00000000e+00
0.00000000e+00
0.00000000e+00
2.53504590e-01
-8.32880805e-02
6.54904780e-01
-3.12156184e-01
-3.57531580e-01
1.34932726e-01
-5.53713879e-01
3.40796350e-01
-2.72874438e-01
0.00000000e+00
6.97432116e-01
-9.85069383e-02
-7.26417568e-01
1.01169659e-01
-6.87904732e-01
3.88396515e-01
6.74734063e-01
-1.25015113e+00
-1.24404213e-01
-3.76986238e-02
4.58599238e-01
0.00000000e+00
0.00000000e+00
0.00000000e+00
-7.66303081e-02
3.27168046e-02
-1.38876426e-01
-6.52721978e-02
1.99027282e-01
-4.67400845e-03
-1.23391889e-01
1.12515319e-01
1.47133051e-01
0.00000000e+00
-1.01434046e-01
-2.79276779e-02
1.61729558e-01
1.11099730e-01
-1.05382117e-01
1.20020061e-01
-2.25751450e-02
1.36955304e-01
1.10578809e-01
-7.01286630e-03
-5.76318182e-01
-3.87998149e-01
0.00000000e+00
0.00000000e+00
-4.95747124e-01
9.08997624e-02
-5.24175796e-02
-4.26480332e-01
-2.44615351e-01
0.00000000e+00
0.00000000e+00
0.00000000e+00
5.74097489e-01
2.27120898e-01
4.62844904e-01
4.87447838e-03
-7.76823471e-02
-5.39548155e-02
3.60482231e-01
-1.02229515e+00
2.24919885e-01
0.00000000e+00
1.68382180e-01
-4.88424297e-01
1.96015502e-04
8.27202055e-02
-1.46982878e+00
-4.18490925e-01
4.41306140e-01
6.13619246e-01
6.00607004e-02
6.54365920e-02
-1.88320033e-01
0.00000000e+00
0.00000000e+00
-5.06484446e-01
-6.82458384e-01
-2.19836745e-01
0.00000000e+00
0.00000000e+00
-8.33763094e-01
8.54790980e-02
-8.34907367e-02
-2.21825107e-01
-4.62621639e-01
0.00000000e+00
0.00000000e+00
-6.84075562e-01
-1.39630452e+00
0.00000000e+00
0.00000000e+00
0.00000000e+00
-2.43436064e-01
3.93565524e-01
-4.89963978e-01
8.52920233e-02
9.25755385e-01
-6.02623639e-01
-2.40022212e+00
1.79292411e+00
3.55951725e-01
0.00000000e+00
-3.67635229e-01
1.02872195e+00
-9.25054677e-01
6.35087290e-02
-1.47090470e+00
9.01737345e-01
-3.17691074e-02
1.99215567e-01
-7.23674449e-01
1.12307089e-01
-2.82967656e-01
0.00000000e+00
0.00000000e+00
0.00000000e+00
4.67654483e-01
0.00000000e+00
2.78782154e-01
-6.56981401e-01
0.00000000e+00
1.74824841e-01
5.63788386e-01
-4.86997527e-01
0.00000000e+00
0.00000000e+00
2.31146896e-01
0.00000000e+00
2.11829595e-01
2.43431626e-01
-7.13322142e-01
-1.17143691e-01
4.36935675e-01
0.00000000e+00
0.00000000e+00
-1.46197857e-01
-3.25320810e-02
-7.73920362e-02
0.00000000e+00
-7.86264853e-02
2.66632329e-01
1.05143949e-01
-3.18322095e-01
1.35786110e-01
3.21277394e-01
0.00000000e+00
0.00000000e+00
0.00000000e+00
-5.91590159e-01
0.00000000e+00
-4.06247297e-01
2.07422651e-01
0.00000000e+00
3.21362057e-02
-8.32864155e-02
4.92397861e-01
0.00000000e+00
0.00000000e+00
-3.58736681e-01
0.00000000e+00
1.48267049e-01
7.42803168e-02
7.25655919e-01
2.38299191e-01
1.00181336e-01
0.00000000e+00
0.00000000e+00
-4.47192482e-01
4.48599552e-02
9.35657708e-03
3.83199602e-03
3.61812593e-01
-1.36377244e+00
0.00000000e+00
0.00000000e+00
0.00000000e+00
0.00000000e+00
0.00000000e+00
0.00000000e+00
0.00000000e+00
-1.21800437e+00
0.00000000e+00
0.00000000e+00
0.00000000e+00
247
-5.65636236e-01
0.00000000e+00
0.00000000e+00
0.00000000e+00
0.00000000e+00
0.00000000e+00
0.00000000e+00
0.00000000e+00
0.00000000e+00
0.00000000e+00
0.00000000e+00
0.00000000e+00
0.00000000e+00
0.00000000e+00
0.00000000e+00
0.00000000e+00
0.00000000e+00
0.00000000e+00
0.00000000e+00
0.00000000e+00
0.00000000e+00
0.00000000e+00
0.00000000e+00
0.00000000e+00
0.00000000e+00
0.00000000e+00
0.00000000e+00
-5.65636236e-01
0.00000000e+00
1.63859126e+00
-2.20422749e+00
-4.48953697e-01
4.17074120e-01
-7.09545220e-01
0.00000000e+00
0.00000000e+00
0.00000000e+00
0.00000000e+00
0.00000000e+00
0.00000000e+00
0.00000000e+00
0.00000000e+00
0.00000000e+00
-2.19270099e-02
2.33280488e-03
-9.65605353e-02
2.87713834e-03
-4.47148691e-01
1.58062373e-03
0.00000000e+00
0.00000000e+00
0.00000000e+00
0.00000000e+00
0.00000000e+00
0.00000000e+00
0.00000000e+00
-4.51213731e-02
-2.24026946e-01
-2.20507932e-01
-2.48741984e-01
-2.67131004e-02
0.00000000e+00
0.00000000e+00
0.00000000e+00
0.00000000e+00
0.00000000e+00
0.00000000e+00
5.99012165e-01
8.55956119e-01
5.73341263e-01
-1.10764418e-02
-4.35401798e-01
-1.89871906e+00
1.10675982e+00
1.12998165e+00
2.45001321e-02
3.16821074e-01
-1.29579018e+00
-2.20304282e+00
-5.03775335e-03
2.88090709e-01
3.11465684e-01
0.00000000e+00
0.00000000e+00
0.00000000e+00
7.46014363e-01
4.67332026e-01
1.13980576e-01
-1.87150658e-02
1.26471186e-01
1.60200290e-01
-8.23384493e-02
-1.12484434e-01
2.05383609e-01
3.22568425e-01
6.13363726e-02
-4.52989036e-01
0.00000000e+00
8.30722651e-01
0.00000000e+00
0.00000000e+00
0.00000000e+00
0.00000000e+00
0.00000000e+00
-9.20770326e-01
2.74767949e+00
0.00000000e+00
3.55134089e-01
-5.21686126e-01
0.00000000e+00
0.00000000e+00
1.19178409e-01
-4.27408430e-01
3.92662869e-01
-9.31586005e-01
-3.08230020e-01
0.00000000e+00
0.00000000e+00
0.00000000e+00
1.42262279e-01
-9.94701683e-01
-4.79050878e-02
7.14781635e-02
-5.63388497e-02
2.28852778e-01
-2.07745739e-01
9.23701033e-01
-9.25533030e-01
0.00000000e+00
2.29666114e-01
4.73355037e-01
-5.81479800e-01
5.44063899e-01
3.15393296e-01
5.45182910e-01
5.23043169e-01
-1.28932980e+00
7.79782154e-02
-2.80172930e-01
7.28472604e-02
4.08665780e-01
0.00000000e+00
0.00000000e+00
-3.43682587e-01
-4.81089736e-01
0.00000000e+00
0.00000000e+00
0.00000000e+00
-2.59732430e-01
0.00000000e+00
5.19188932e-02
-1.84664351e-01
1.76946328e-01
-4.23231176e-02
-2.45804272e-01
2.93240869e-01
-5.86501472e-02
0.00000000e+00
4.74621837e-02
2.65918106e-01
7.33697197e-02
1.25535207e-01
8.17905031e-01
-1.47881735e-01
-5.67796238e-01
3.05489404e-03
-1.74220250e-01
-1.05884619e-01
-3.35818519e-01
0.00000000e+00
0.00000000e+00
-9.09673980e-01
-3.81077281e-01
-2.89487371e-01
0.00000000e+00
0.00000000e+00
-1.21199099e+00
-9.15899103e-02
0.00000000e+00
0.00000000e+00
-4.81787230e-01
-5.38923136e-01
0.00000000e+00
0.00000000e+00
0.00000000e+00
6.92372159e-01
4.95187150e-01
-5.06780747e-01
-1.48263860e-01
7.47892836e-01
8.00193837e-02
6.58998207e-02
1.53341139e+00
-9.94352212e-03
0.00000000e+00
-4.37124606e-01
8.94164126e-01
-1.26983904e+00
5.41665569e-01
-2.54961445e+00
2.38574730e-01
9.12901993e-01
0.00000000e+00
-1.30554852e+00
-5.53202139e-01
4.51024342e-01
5.63079947e-01
0.00000000e+00
-1.96797784e-01
0.00000000e+00
-1.07031169e+00
0.00000000e+00
0.00000000e+00
0.00000000e+00
1.96224116e-01
0.00000000e+00
0.00000000e+00
0.00000000e+00
0.00000000e+00
0.00000000e+00
0.00000000e+00
-1.56289978e-01
0.00000000e+00
0.00000000e+00
1.49610671e-01
0.00000000e+00
0.00000000e+00
0.00000000e+00
0.00000000e+00
-3.20083810e-03
7.51662686e-03
0.00000000e+00
0.00000000e+00
3.80114467e-01
-1.12055605e-01
1.89008998e-01
1.54686258e-01
4.95927499e-01
-9.89947478e-01
0.00000000e+00
0.00000000e+00
0.00000000e+00
0.00000000e+00
-8.19530400e-01
0.00000000e+00
0.00000000e+00
0.00000000e+00
2 -999999999 -999999999 1 7
1 0 0 1 1
5.0460e-02 -6.8721e-01
356
-2.53832811e-01
0.00000000e+00
0.00000000e+00
0.00000000e+00
0.00000000e+00
0.00000000e+00
0.00000000e+00
0.00000000e+00
0.00000000e+00
0.00000000e+00
0.00000000e+00
0.00000000e+00
0.00000000e+00
0.00000000e+00
0.00000000e+00
0.00000000e+00
0.00000000e+00
0.00000000e+00
0.00000000e+00
0.00000000e+00
0.00000000e+00
0.00000000e+00
0.00000000e+00
0.00000000e+00
0.00000000e+00
0.00000000e+00
0.00000000e+00
0.00000000e+00
0.00000000e+00
0.00000000e+00
0.00000000e+00
-2.53832811e-01
0.00000000e+00
-1.97324257e+00
-1.27103538e+00
0.00000000e+00
-3.23949257e-01
7.98200700e-01
1.28929776e+00
9.21209061e-01
2.37206223e+00
-2.53832811e-01
0.00000000e+00
-4.40421208e-01
6.58719233e-02
0.00000000e+00
-1.70164206e-01
1.85204508e-01
5.00010690e-01
1.38388897e-03
3.20592943e-01
-1.03750796e+00
3.41729183e-01
-1.17855529e+00
0.00000000e+00
0.00000000e+00
0.00000000e+00
0.00000000e+00
5.44623220e-03
-7.99894285e-02
-3.59270721e-01
1.65397112e-01
-4.51256805e-01
5.44384042e-01
9.45081400e-02
3.05668438e-01
4.56740343e-01
-9.34290960e-01
0.00000000e+00
0.00000000e+00
0.00000000e+00
-6.15837982e-03
5.19199091e-03
3.44347609e-01
4.11964974e-01
-6.76406879e-03
2.03785383e-01
-6.59639405e-01
6.60693250e-04
3.01737671e-01
0.00000000e+00
0.00000000e+00
0.00000000e+00
0.00000000e+00
0.00000000e+00
0.00000000e+00
0.00000000e+00
4.95622019e-01
3.83984981e-01
-8.08758668e-01
-1.02230986e+00
-7.62445127e-01
1.45463721e+00
-6.28059263e-01
-2.65658443e+00
-1.95558231e+00
-5.71842420e-01
-4.03832002e-01
5.95745032e-02
-2.75748031e-01
-1.07148402e-01
-1.39213561e-01
0.00000000e+00
0.00000000e+00
7.23681843e-01
1.46388951e+00
0.00000000e+00
0.00000000e+00
0.00000000e+00
0.00000000e+00
0.00000000e+00
0.00000000e+00
5.74519848e-01
1.05656704e+00
2.68362614e-01
-4.62288615e-01
-4.63962366e-01
-1.95071318e+00
1.57485388e+00
1.59627562e+00
1.85580778e+00
1.53625064e+00
-4.40691746e+00
-1.93230631e+00
-1.04131108e+00
-1.30727596e-01
3.73818309e-01
-9.91147871e-01
0.00000000e+00
0.00000000e+00
2.15998431e+00
2.13057356e+00
1.78442226e+00
1.56389077e+00
1.76358657e+00
1.67712255e+00
5.41988744e-01
2.63903724e-01
7.93352714e-01
4.64666453e-01
2.49648594e-01
-3.44899281e-01
0.00000000e+00
3.40477776e-01
0.00000000e+00
0.00000000e+00
0.00000000e+00
-1.35277400e+00
0.00000000e+00
0.00000000e+00
0.00000000e+00
0.00000000e+00
2.23964146e-01
3.11620064e+00
0.00000000e+00
0.00000000e+00
-4.77796957e-01
-4.92553146e-01
0.00000000e+00
0.00000000e+00
-2.47031356e-01
-1.17842383e-01
-7.29542273e-01
-1.59987994e+00
-9.76573630e-01
0.00000000e+00
0.00000000e+00
0.00000000e+00
3.22707482e-01
-1.17396313e+00
3.28965995e-01
2.52253235e-01
1.42086073e-02
7.31162910e-01
-4.38211896e-01
3.63817531e-01
9.14948228e-02
0.00000000e+00
1.97539501e-01
6.81409989e-01
-5.95682795e-01
5.37594202e-01
-2.78338089e+00
3.85130296e-01
1.41980630e+00
-1.73182894e+00
4.75953907e-01
-5.55507502e-02
2.30933095e-01
0.00000000e+00
0.00000000e+00
0.00000000e+00
-1.87342927e-02
2.30842378e-01
3.70205782e-02
-3.64093265e-01
-6.26160762e-02
-3.01730660e-01
-2.44534932e-01
4.62822047e-02
1.70754434e-02
0.00000000e+00
8.66110814e-03
-1.87611570e-02
1.61867316e-01
8.74663085e-02
7.35226805e-01
1.19526813e-02
-2.61644576e-01
2.97944195e-01
-7.60926383e-02
-5.51983281e-02
-3.49110858e-01
-1.64500819e-02
0.00000000e+00
0.00000000e+00
-1.36935022e+00
2.13265951e-01
5.28184796e-02
-2.82534513e-01
-1.27920475e-01
0.00000000e+00
0.00000000e+00
0.00000000e+00
5.83743137e-01
-1.28173288e-01
-2.60599339e-01
-8.53105369e-02
3.25303759e-02
3.34695572e-01
5.29980943e-01
-6.54199690e-01
3.14065257e-01
0.00000000e+00
1.06437650e-01
-7.25498133e-01
-2.11339006e-02
1.53837130e-02
-1.19960173e+00
-2.34292898e-01
9.33490358e-01
-2.59570265e-03
3.73347585e-01
-4.01898501e-02
-3.32660776e-01
0.00000000e+00
0.00000000e+00
-6.86226240e-01
-6.27462772e-01
-2.30581275e-01
0.00000000e+00
0.00000000e+00
-1.82443801e+00
4.93405369e-02
1.49543309e-01
-4.29465120e-01
-3.96881497e-01
0.00000000e+00
0.00000000e+00
-1.17664011e+00
-1.71772232e+00
0.00000000e+00
0.00000000e+00
0.00000000e+00
6.38254266e-01
9.59977966e-01
-2.33201141e-01
-5.54191702e-01
4.32879221e+00
-1.57262104e+00
-2.83896141e+00
2.35493219e+00
-3.53616245e-01
0.00000000e+00
-7.52181162e-01
2.09457199e-01
-2.20653947e+00
-1.35882483e-02
7.93227305e-02
1.01670544e-01
-1.17640741e+00
8.96023920e-01
-9.17460896e-01
-6.67384626e-01
-9.52536601e-02
0.00000000e+00
0.00000000e+00
0.00000000e+00
4.58775160e-01
0.00000000e+00
9.75889088e-02
-7.21506861e-01
0.00000000e+00
7.44426311e-01
4.90770787e-01
-1.73926122e-01
0.00000000e+00
0.00000000e+00
4.14555244e-01
0.00000000e+00
5.62476158e-01
0.00000000e+00
-9.22134255e-01
5.62493365e-01
5.57787332e-01
0.00000000e+00
0.00000000e+00
2.11333368e-01
3.36315929e-01
3.60514281e-01
0.00000000e+00
-1.24286052e-01
3.79904381e-01
2.80632936e-01
2.52925395e-01
-1.73044050e-01
2.42365730e-01
0.00000000e+00
0.00000000e+00
0.00000000e+00
-8.91649985e-01
0.00000000e+00
4.28570919e-01
1.16814011e+00
0.00000000e+00
3.19198122e-01
5.66321001e-01
4.12740864e-01
0.00000000e+00
0.00000000e+00
-7.16035739e-01
0.00000000e+00
-1.05735975e-01
0.00000000e+00
9.99777849e-01
-8.26775850e-01
-1.38738077e+00
0.00000000e+00
0.00000000e+00
-1.33037357e+00
-2.41983527e-02
-4.32173387e-01
-1.13255618e+00
1.59650257e+00
-2.05403825e+00
0.00000000e+00
0.00000000e+00
0.00000000e+00
0.00000000e+00
0.00000000e+00
0.00000000e+00
0.00000000e+00
-1.57568159e+00
0.00000000e+00
0.00000000e+00
0.00000000e+00
247
3.86332230e-01
0.00000000e+00
0.00000000e+00
0.00000000e+00
0.00000000e+00
0.00000000e+00
0.00000000e+00
0.00000000e+00
0.00000000e+00
0.00000000e+00
0.00000000e+00
0.00000000e+00
0.00000000e+00
0.00000000e+00
0.00000000e+00
0.00000000e+00
0.00000000e+00
0.00000000e+00
0.00000000e+00
0.00000000e+00
0.00000000e+00
0.00000000e+00
0.00000000e+00
0.00000000e+00
0.00000000e+00
0.00000000e+00
0.00000000e+00
3.86332230e-01
0.00000000e+00
2.95478098e+00
-2.56844875e+00
-5.81979343e-01
-1.12469886e-01
-1.16769913e+00
3.86332230e-01
0.00000000e+00
2.44681901e+00
-2.06048678e+00
8.17630708e-01
-7.41024872e-01
-6.36393597e-01
0.00000000e+00
0.00000000e+00
-8.47234312e-02
1.06626042e-02
4.84572947e-01
-1.42592484e-03
-1.35172853e-02
1.92438217e-03
0.00000000e+00
0.00000000e+00
0.00000000e+00
0.00000000e+00
0.00000000e+00
0.00000000e+00
0.00000000e+00
-8.83970936e-02
-2.06584066e-01
8.47264972e-01
1.95573486e+00
2.17173326e+00
0.00000000e+00
0.00000000e+00
0.00000000e+00
0.00000000e+00
0.00000000e+00
0.00000000e+00
2.64001903e-01
2.68458178e-01
2.60018285e-01
-2.05771556e-01
-3.66188452e-01
-1.78992098e+00
7.22273830e-01
9.83562787e-01
8.53921910e-02
8.77458941e-01
-1.36631652e+00
-1.62715695e+00
-4.43770422e-01
-4.15856641e-01
-5.62490187e-01
0.00000000e+00
0.00000000e+00
0.00000000e+00
6.45600769e+00
6.23967032e+00
5.85457534e+00
5.81175576e+00
5.76407838e+00
5.80602342e+00
3.12336269e-01
-1.06796643e-01
-1.51501795e-01
-5.76817700e-02
-4.30439821e-01
-8.12889336e-01
0.00000000e+00
0.00000000e+00
0.00000000e+00
0.00000000e+00
0.00000000e+00
0.00000000e+00
0.00000000e+00
-3.24785716e-01
2.63617527e+00
0.00000000e+00
7.11117947e-01
-1.12585191e-01
0.00000000e+00
0.00000000e+00
-2.49555068e-01
-1.10283093e+00
-6.77517074e-01
-1.10788396e+00
-1.35238600e+00
0.00000000e+00
0.00000000e+00
0.00000000e+00
-1.99772051e-01
-5.07419741e-03
2.90927231e-01
6.00978303e-01
2.01436706e-01
3.03089091e-01
-3.14344408e-01
6.41802843e-01
-1.22127518e+00
0.00000000e+00
-8.39100880e-02
-9.32007212e-02
-7.81530254e-01
3.39027776e-01
2.55401595e-01
3.83304845e-01
1.14928685e-01
-1.29019457e+00
-2.09807665e-01
-2.84173941e-01
-4.27089890e-01
6.07038141e-01
0.00000000e+00
0.00000000e+00
-1.05180300e+00
-8.69845122e-01
0.00000000e+00
0.00000000e+00
0.00000000e+00
-1.43450109e-01
-3.55759522e-01
9.20870348e-02
-5.69578680e-01
-2.53503171e-01
-7.90358952e-02
-4.54344385e-02
4.02924407e-01
-1.60562813e-01
0.00000000e+00
2.64507495e-01
2.26483709e-01
1.83648504e-01
6.04235234e-02
8.41189417e-01
1.13638301e-03
-5.47145093e-01
-6.85897928e-01
-4.13710117e-02
-6.05069331e-02
-1.03412803e+00
0.00000000e+00
0.00000000e+00
-1.21358248e+00
-9.25296112e-01
-8.56593210e-01
0.00000000e+00
0.00000000e+00
-9.00374188e-01
-6.87029026e-02
0.00000000e+00
0.00000000e+00
-4.17644928e-01
-1.78540103e+00
0.00000000e+00
0.00000000e+00
0.00000000e+00
4.98689351e-02
1.98688448e-01
-6.18993788e-01
-5.92506457e-01
1.66510451e+00
-8.96056436e-01
-1.00989937e+00
1.37022327e+00
1.12403607e-01
0.00000000e+00
-2.67391226e-02
7.76486106e-01
-1.53331288e+00
3.62515135e-02
-6.41214979e-01
-1.84965039e-01
4.91907992e-01
0.00000000e+00
-7.83307229e-01
-7.51820739e-01
-3.55845035e-01
-9.65385505e-02
0.00000000e+00
0.00000000e+00
0.00000000e+00
-3.41425021e-01
0.00000000e+00
0.00000000e+00
0.00000000e+00
7.10959677e-01
0.00000000e+00
0.00000000e+00
0.00000000e+00
0.00000000e+00
0.00000000e+00
0.00000000e+00
2.40433511e-01
0.00000000e+00
0.00000000e+00
0.00000000e+00
0.00000000e+00
0.00000000e+00
0.00000000e+00
0.00000000e+00
1.03999839e+00
8.28382614e-01
0.00000000e+00
0.00000000e+00
7.14936780e-01
-2.59306485e-01
4.07563184e-01
5.02838469e-01
9.62045863e-01
-1.42955600e+00
0.00000000e+00
0.00000000e+00
0.00000000e+00
0.00000000e+00
-8.48577474e-01
0.00000000e+00
0.00000000e+00
0.00000000e+00
10 1
-1.0741e+00 -4.8628e-02
3 1
1 7 2 
217
3.73260843e-01
-9.80557961e-01
8.66748513e-01
2.24900807e-01
5.26760253e-02
-8.10173090e-02
-1.29375100e-01
3.69991099e-01
9.90751367e-02
7.05908214e-01
6.14866771e-01
2.29289611e-01
-2.63981989e-01
-3.28672499e-01
0.00000000e+00
0.00000000e+00
0.00000000e+00
0.00000000e+00
0.00000000e+00
0.00000000e+00
1.72698925e-01
1.22478726e-02
4.78133891e-01
-9.07860701e-02
2.00572237e-03
5.19220427e-01
0.00000000e+00
0.00000000e+00
0.00000000e+00
0.00000000e+00
0.00000000e+00
0.00000000e+00
0.00000000e+00
-2.66059586e-01
-3.98785210e-02
8.70151867e-01
0.00000000e+00
-4.47995327e-01
1.50494950e-02
9.11933748e-01
0.00000000e+00
0.00000000e+00
0.00000000e+00
0.00000000e+00
0.00000000e+00
-3.54991709e-01
1.28914873e-01
-2.91725590e-02
-2.21918491e-01
8.02277535e-01
-7.58055481e-01
9.11933748e-01
0.00000000e+00
0.00000000e+00
0.00000000e+00
0.00000000e+00
0.00000000e+00
0.00000000e+00
0.00000000e+00
0.00000000e+00
0.00000000e+00
4.78987916e-01
0.00000000e+00
0.00000000e+00
-9.56786171e-01
-2.49146657e+00
1.06147225e+00
2.69988358e-01
2.68574770e-01
8.67812130e-01
0.00000000e+00
1.19640263e-01
1.58344121e-01
1.41720940e-01
-2.90905827e-02
1.11899640e-01
1.11002094e+00
0.00000000e+00
-3.60976467e-01
-1.73151651e+00
3.95061831e-01
3.47497456e-02
3.39175480e-01
3.09539087e-01
0.00000000e+00
0.00000000e+00
0.00000000e+00
0.00000000e+00
0.00000000e+00
0.00000000e+00
0.00000000e+00
0.00000000e+00
0.00000000e+00
0.00000000e+00
0.00000000e+00
0.00000000e+00
0.00000000e+00
0.00000000e+00
0.00000000e+00
0.00000000e+00
0.00000000e+00
0.00000000e+00
0.00000000e+00
0.00000000e+00
0.00000000e+00
0.00000000e+00
0.00000000e+00
0.00000000e+00
0.00000000e+00
0.00000000e+00
0.00000000e+00
0.00000000e+00
0.00000000e+00
0.00000000e+00
0.00000000e+00
0.00000000e+00
0.00000000e+00
0.00000000e+00
0.00000000e+00
-1.03574697e+00
-3.00619167e+00
-1.27208849e+00
0.00000000e+00
0.00000000e+00
0.00000000e+00
-6.26909351e-01
-8.16289105e-01
-6.48705693e-02
-2.13185893e-02
-8.80599649e-01
1.19428573e-01
4.39561429e-01
5.60888195e-01
-1.83440274e-01
0.00000000e+00
3.16911254e-01
3.46991320e-01
-9.32451812e-01
1.46830818e-01
1.11805666e+00
5.48748546e-01
3.85996491e-01
-1.13251323e+00
-7.18411727e-01
1.21302541e-01
-1.94434196e-01
0.00000000e+00
0.00000000e+00
0.00000000e+00
6.00159716e-01
-8.39837154e-01
3.00909313e-01
4.65287067e-02
-1.87659891e-01
8.41658540e-02
-1.47383418e-01
2.84200046e-01
-4.60564208e-01
0.00000000e+00
2.31955441e-01
-6.71807265e-01
-1.45898917e-01
2.41291965e-01
-3.88637971e-01
3.05746422e-01
4.07095567e-01
-2.21612934e-01
3.55954692e-02
3.31319062e-01
-4.34536777e+00
0.00000000e+00
0.00000000e+00
0.00000000e+00
-2.45751935e-01
6.70245688e+00
-3.49828031e-01
-8.95151808e-01
-1.05728773e-01
-3.35301300e-01
-2.17025510e+00
1.32678017e+00
-1.53910079e+00
0.00000000e+00
-6.38721793e-01
1.65073245e+00
-1.15862027e+00
8.81172588e-02
-4.74845199e+00
-7.25872116e-01
3.93818798e-01
-3.51404670e-01
-3.36764431e-01
-9.06320318e-01
-1.41942253e-01
0.00000000e+00
0.00000000e+00
0.00000000e+00
1.56463230e-01
-1.98943060e+00
-1.20627687e-01
2.33023877e-01
-1.50981666e-01
-1.23644050e-01
-2.06955389e-01
-1.28097985e-01
5.02425040e-01
0.00000000e+00
-4.41264292e-02
8.33500499e-01
-1.59711135e-01
2.19842631e-02
7.54895391e-01
4.92675180e-01
-3.36706162e-01
-1.64010817e-01
-2.38343069e-02
3.11216493e-01
136
2.31771877e+00
0.00000000e+00
0.00000000e+00
0.00000000e+00
0.00000000e+00
1.69578258e+00
-7.79882359e-03
8.51725016e-01
2.67511301e-03
0.00000000e+00
0.00000000e+00
0.00000000e+00
0.00000000e+00
0.00000000e+00
0.00000000e+00
0.00000000e+00
1.20389593e+00
9.58383154e-01
3.75833098e-01
-4.57218061e-01
-6.00142566e-01
1.06784507e+00
2.30723433e+00
0.00000000e+00
0.00000000e+00
0.00000000e+00
0.00000000e+00
-4.57218061e-01
-5.53157887e-02
1.53988649e-01
8.59430610e-01
-6.98815426e-01
1.22978223e+00
-1.02136777e+00
2.30723433e+00
0.00000000e+00
0.00000000e+00
0.00000000e+00
0.00000000e+00
0.00000000e+00
0.00000000e+00
0.00000000e+00
0.00000000e+00
0.00000000e+00
0.00000000e+00
0.00000000e+00
0.00000000e+00
-2.02341261e+00
-4.38019479e-02
-1.01527550e+00
-1.74977017e+00
0.00000000e+00
1.84329518e-02
-3.39403799e-01
-3.09150163e-01
2.17992665e-01
0.00000000e+00
5.00885409e-01
1.01338549e-01
-1.49699292e-01
-1.51475606e+00
2.77493683e+00
0.00000000e+00
0.00000000e+00
0.00000000e+00
0.00000000e+00
0.00000000e+00
0.00000000e+00
0.00000000e+00
0.00000000e+00
0.00000000e+00
0.00000000e+00
0.00000000e+00
0.00000000e+00
0.00000000e+00
0.00000000e+00
0.00000000e+00
0.00000000e+00
0.00000000e+00
0.00000000e+00
0.00000000e+00
0.00000000e+00
0.00000000e+00
0.00000000e+00
0.00000000e+00
0.00000000e+00
-1.11474099e+00
-2.85756708e+00
-1.48301908e+00
0.00000000e+00
0.00000000e+00
0.00000000e+00
4.46476078e-01
-2.51380969e+00
3.90733009e-01
4.28135339e-01
-9.01107001e-01
2.88295803e-01
4.31664786e-02
1.51522280e+00
-1.27235919e+00
0.00000000e+00
8.55800911e-01
-4.49349477e-01
-1.03942769e+00
4.11516838e-01
1.90545054e+00
8.91929669e-01
2.97707740e-01
-2.38829684e+00
-6.26866190e-01
2.33761799e-01
-4.96210565e+00
0.00000000e+00
0.00000000e+00
0.00000000e+00
5.67958763e-01
3.05210099e+00
-3.90435418e-01
-8.17868306e-01
-7.80825809e-01
-1.19899236e+00
-1.71165942e+00
1.51892845e+00
-1.69123784e-01
0.00000000e+00
-1.12306526e-01
3.61285235e+00
-1.72665240e+00
7.42120523e-02
-4.10447895e+00
2.45855334e-01
1.46783503e-01
-1.88347114e+00
-8.48879935e-01
-4.36103043e-01
8 1
-1.0303e+00 -4.3552e-02
4 1
1 7 2 10 
217
2.89032923e-01
-7.23879243e-01
4.62667108e-01
-6.63864019e-01
1.01035374e-01
-5.34721991e-02
-7.76916303e-01
1.05903513e+00
2.72010468e-01
2.87206979e-01
7.53487347e-01
-4.11661290e-01
-6.05839627e-02
8.77913023e-01
0.00000000e+00
0.00000000e+00
0.00000000e+00
0.00000000e+00
0.00000000e+00
0.00000000e+00
3.10668863e-01
-3.09939525e-02
1.24862455e+00
-4.85273082e-01
9.53645610e-04
1.17800496e+00
0.00000000e+00
0.00000000e+00
0.00000000e+00
0.00000000e+00
0.00000000e+00
0.00000000e+00
0.00000000e+00
5.04037526e-02
-2.82181188e-01
8.48156957e-01
0.00000000e+00
-5.68648288e-01
-1.82135352e-01
2.39263987e-01
8.04308358e-01
0.00000000e+00
0.00000000e+00
0.00000000e+00
0.00000000e+00
-2.03187510e-01
-1.20022002e-01
7.95702723e-01
-2.45267489e-01
3.76193005e-02
-2.85353551e-01
3.76675194e-01
0.00000000e+00
-1.55157436e-01
0.00000000e+00
1.11250946e-01
0.00000000e+00
3.60874734e-01
-6.09536886e-01
8.04308358e-01
0.00000000e+00
2.92788706e-01
0.00000000e+00
0.00000000e+00
-1.83905339e+00
-3.53780172e+00
1.92222738e+00
5.22004141e-01
2.05858931e-01
7.64210883e-01
0.00000000e+00
1.90110551e-01
2.04067182e-01
-2.53662731e-01
5.80516724e-01
3.52585103e-01
2.53099356e-01
0.00000000e+00
-5.49442756e-01
-1.42381058e+00
4.34732239e-01
4.70280024e-01
4.03743441e-01
-3.84323763e-01
0.00000000e+00
3.52410882e-01
1.21827039e-01
3.52234861e-01
-7.35378564e-01
-4.15612820e-01
-5.84098296e-01
0.00000000e+00
0.00000000e+00
0.00000000e+00
0.00000000e+00
0.00000000e+00
0.00000000e+00
0.00000000e+00
0.00000000e+00
0.00000000e+00
0.00000000e+00
0.00000000e+00
0.00000000e+00
0.00000000e+00
0.00000000e+00
0.00000000e+00
0.00000000e+00
0.00000000e+00
0.00000000e+00
0.00000000e+00
0.00000000e+00
0.00000000e+00
0.00000000e+00
0.00000000e+00
0.00000000e+00
0.00000000e+00
0.00000000e+00
0.00000000e+00
0.00000000e+00
-2.06668135e+00
-4.83009369e+00
-1.57667149e+00
0.00000000e+00
0.00000000e+00
0.00000000e+00
2.75810436e-01
-9.64708218e-01
1.36833437e-02
3.65147938e-02
-4.48449439e-01
5.11120847e-01
-1.59396621e-01
6.14792110e-01
-1.38177118e+00
0.00000000e+00
-3.15481421e-01
-2.57331577e-01
-8.56510065e-01
3.51162921e-01
1.42045717e+00
1.12733369e+00
2.41279115e-01
-9.84603068e-01
-1.03331624e+00
2.32741911e-01
-2.34538158e-01
0.00000000e+00
0.00000000e+00
0.00000000e+00
2.46441673e-01
-5.70928390e-01
-3.49915686e-01
-8.68478979e-03
-2.51059316e-01
-3.40493988e-02
1.40378146e-01
3.28760659e-01
6.65113597e-01
0.00000000e+00
5.13214687e-01
-9.84715383e-01
-3.11269204e-01
2.11012702e-01
-3.70592382e-01
-1.35633759e-01
1.24340069e-01
-9.54282282e-02
3.45966442e-01
3.02510404e-01
-3.14885276e+00
0.00000000e+00
0.00000000e+00
0.00000000e+00
-6.22729416e-02
3.64699151e+00
-5.95200747e-01
-2.55939281e-01
-1.31721420e-01
-7.87159533e-01
-1.39933495e+00
3.43632761e-01
-1.65854727e-01
0.00000000e+00
-3.58333530e-02
2.12055988e+00
-1.35195333e+00
-1.99695649e-01
-1.86353359e+00
-7.10159233e-01
-1.96704532e-01
-3.25863642e-01
-6.20961809e-01
-5.57848176e-01
-8.55406948e-01
0.00000000e+00
0.00000000e+00
0.00000000e+00
2.79683344e-01
-5.48460708e-01
-5.31558226e-02
-5.48628584e-02
-5.93603580e-02
-7.88115458e-01
-1.27104169e-01
2.51938275e-01
6.32061321e-02
0.00000000e+00
4.44230910e-02
-1.02090238e-01
-3.18693963e-01
4.67714101e-01
1.62169917e-01
2.88009982e-01
2.13669215e-01
-5.64493503e-01
5.10742863e-02
-6.09582127e-02
136
1.52464927e+00
0.00000000e+00
0.00000000e+00
0.00000000e+00
0.00000000e+00
1.13353901e+00
1.96842976e-03
5.54812304e-01
2.60067231e-03
0.00000000e+00
0.00000000e+00
0.00000000e+00
0.00000000e+00
0.00000000e+00
0.00000000e+00
0.00000000e+00
8.70808031e-01
6.51886278e-01
2.89949104e-01
-1.52130383e-01
-2.95518914e-01
-5.93090913e-02
6.45689874e-01
1.38591779e+00
0.00000000e+00
0.00000000e+00
0.00000000e+00
-1.52130383e-01
-3.61253944e-01
4.50299553e-01
3.46311877e-01
-3.83863886e-01
1.06211389e+00
-7.32923595e-01
1.27409748e+00
0.00000000e+00
1.71785058e-02
-1.55739063e-01
1.37521905e-01
-5.96250703e-01
4.63071539e-01
-1.22900105e+00
1.38591779e+00
0.00000000e+00
0.00000000e+00
0.00000000e+00
0.00000000e+00
-2.80030976e+00
-5.25502772e-02
-6.87479947e-01
-1.66610842e+00
0.00000000e+00
4.81643785e-02
-1.20934500e-01
-2.23724927e-02
2.54813658e-01
0.00000000e+00
2.81487813e-01
1.94170714e-01
1.04408413e-01
-1.36951918e+00
1.67677966e+00
1.50265099e+00
1.32308133e-01
4.40743599e-01
-3.36768374e-03
0.00000000e+00
0.00000000e+00
0.00000000e+00
0.00000000e+00
0.00000000e+00
0.00000000e+00
0.00000000e+00
0.00000000e+00
0.00000000e+00
0.00000000e+00
0.00000000e+00
0.00000000e+00
0.00000000e+00
0.00000000e+00
0.00000000e+00
0.00000000e+00
0.00000000e+00
0.00000000e+00
0.00000000e+00
0.00000000e+00
-1.07204069e+00
-2.60958898e+00
-1.54890907e+00
0.00000000e+00
0.00000000e+00
0.00000000e+00
5.09155890e-01
-3.08780473e+00
6.45648146e-01
5.00341850e-01
-9.65860020e-01
4.51939311e-01
1.13700127e-01
1.66850307e+00
-2.14286810e+00
0.00000000e+00
8.62679113e-01
-1.34904188e-01
-1.09132745e+00
3.89564306e-01
1.95470735e+00
1.07852633e+00
5.75778956e-01
-2.35844909e+00
-7.48656215e-01
2.30416287e-01
-4.83849728e+00
0.00000000e+00
0.00000000e+00
0.00000000e+00
5.48774772e-01
3.30120624e+00
-4.94618522e-01
-7.98101947e-01
-6.65177226e-01
-8.56815562e-01
-2.31328638e+00
1.53204030e+00
-2.30361600e-01
0.00000000e+00
-4.49286601e-01
3.91772000e+00
-1.51088267e+00
1.07126694e-01
-3.82171042e+00
3.62009283e-01
-1.66076304e-01
-2.09229672e+00
-9.59436340e-01
-2.49324280e-01
13 1
-1.3500e+00 1.1551e-02
5 1
1 7 2 10 8 
217
8.99497515e-01
-5.50293935e-01
-1.58266228e-01
-3.88765690e-01
2.89090476e-01
5.33264990e-01
5.94268398e-01
-1.76356654e-01
1.75992417e-01
3.28901710e-01
1.49466962e-01
-1.80769584e-01
-3.09320738e-01
4.38557845e-01
0.00000000e+00
0.00000000e+00
0.00000000e+00
-4.40181350e-03
2.19905084e-02
1.00481902e-01
1.78404197e-01
1.64478256e-02
4.49626784e-01
7.26428153e-01
1.56795544e-03
5.52837338e-01
0.00000000e+00
0.00000000e+00
0.00000000e+00
0.00000000e+00
0.00000000e+00
0.00000000e+00
0.00000000e+00
-6.49604120e-01
-4.92507706e-01
2.04160934e+00
0.00000000e+00
5.85445146e-02
-6.88958002e-01
-5.25563475e-02
7.50756364e-01
8.31710986e-01
0.00000000e+00
0.00000000e+00
0.00000000e+00
-8.17349811e-01
-7.90728900e-02
3.68533343e-01
-1.06346378e+00
1.13103037e+00
6.21862585e-02
3.84960453e-01
0.00000000e+00
3.37187188e-01
5.42766646e-01
-4.24482343e-01
0.00000000e+00
2.39738535e-01
-2.51219275e-01
4.32490231e-01
0.00000000e+00
8.99497515e-01
0.00000000e+00
0.00000000e+00
-7.52610451e-01
-1.66718532e+00
9.75089158e-01
8.79205304e-01
6.77018808e-01
1.35985047e+00
0.00000000e+00
-1.36664909e-01
3.84143149e-02
4.82885540e-01
1.59599041e-01
5.53276883e-01
-1.76617040e-01
0.00000000e+00
-7.24178666e-02
-1.24905134e+00
6.86596279e-01
-1.50972088e-01
2.85319102e-01
2.86390131e-01
0.00000000e+00
-1.31760532e-02
2.48184246e-01
3.56719454e-01
-2.40380996e-01
5.55954114e-01
2.01026180e-01
0.00000000e+00
-2.12183000e-01
-8.26827655e-01
6.41527423e-01
-5.45001390e-01
4.70153091e-01
3.65763085e-02
0.00000000e+00
0.00000000e+00
0.00000000e+00
0.00000000e+00
0.00000000e+00
0.00000000e+00
0.00000000e+00
0.00000000e+00
0.00000000e+00
0.00000000e+00
0.00000000e+00
0.00000000e+00
0.00000000e+00
0.00000000e+00
0.00000000e+00
0.00000000e+00
0.00000000e+00
0.00000000e+00
0.00000000e+00
0.00000000e+00
0.00000000e+00
-1.09884015e+00
-2.51612652e+00
-1.55579859e+00
0.00000000e+00
0.00000000e+00
0.00000000e+00
-8.51976518e-02
-2.14130998e+00
3.30462703e-01
3.21068099e-01
-7.90828269e-01
-3.03593342e-01
-9.58109300e-02
1.07925418e+00
-2.06453424e-01
0.00000000e+00
2.31081661e-01
3.28403528e-01
-1.56106056e-01
-1.60748935e-01
1.79801879e+00
7.94327661e-01
9.66057105e-02
-1.03912572e+00
-7.62574243e-01
-7.93272380e-01
-1.34040860e-01
0.00000000e+00
0.00000000e+00
0.00000000e+00
1.17196753e-01
3.38775585e-01
4.67261599e-03
-4.21201731e-02
-5.92747837e-02
-1.14026177e-02
-7.48367092e-02
2.61423992e-01
-8.08821064e-02
0.00000000e+00
-6.78116790e-02
1.61046461e-01
-4.97077812e-01
-1.41861989e-01
-6.04851991e-02
2.34486173e-01
1.20634042e-01
-5.76311269e-01
2.22133496e-02
2.17574505e-01
-3.10988242e+00
0.00000000e+00
0.00000000e+00
0.00000000e+00
-1.80531405e+00
2.94427422e+00
3.78336570e-01
2.25824551e-01
0.00000000e+00
-5.10514020e-01
-2.35510790e+00
-1.09099618e-01
-6.06126147e-01
0.00000000e+00
-1.25728348e+00
2.80218018e+00
6.03376175e-01
2.32683054e-01
-1.20484263e+00
-8.72561136e-01
2.86570185e-01
-6.19341670e-02
-1.82842443e-02
-7.05022540e-01
-5.87348321e-01
0.00000000e+00
0.00000000e+00
0.00000000e+00
4.60992306e-01
4.44283134e-01
-6.20512046e-02
3.30480200e-02
0.00000000e+00
-9.06436381e-01
4.63047854e-01
2.99525027e-01
7.74016329e-01
0.00000000e+00
9.61392688e-01
6.51438544e-01
-8.08038128e-01
-5.07134511e-03
-1.51921519e-01
2.45352216e-01
4.16446520e-01
-2.24724890e-02
-5.20690782e-01
8.14510645e-01
136
1.11763761e+00
0.00000000e+00
0.00000000e+00
1.92450968e-01
1.14143533e-02
4.98135032e-01
1.56976522e-02
4.17748307e-01
2.24149966e-03
0.00000000e+00
0.00000000e+00
0.00000000e+00
0.00000000e+00
0.00000000e+00
0.00000000e+00
0.00000000e+00
8.45025250e-01
5.56753531e-01
6.40086929e-02
4.77312569e-02
1.59416063e-01
-5.30828029e-01
-4.86988764e-01
5.73512056e-01
1.35479503e+00
0.00000000e+00
0.00000000e+00
3.87954407e-02
-7.22479672e-01
1.51395016e-01
3.55208853e-01
-6.86455704e-01
9.42921056e-01
-4.06062534e-01
1.35518405e+00
0.00000000e+00
1.42813059e-01
-9.64476472e-02
1.67152324e-01
-7.01865812e-01
6.82653786e-01
-8.18214415e-01
7.13643945e-01
0.00000000e+00
0.00000000e+00
0.00000000e+00
0.00000000e+00
-2.51945979e+00
1.64024870e-01
-4.98533403e-01
-1.75077561e+00
0.00000000e+00
-3.04221979e-01
-1.14298226e-01
-2.05799717e-02
2.38025108e-01
0.00000000e+00
3.58332416e-02
2.09455626e-01
1.80733828e-01
-1.41270220e+00
1.06990635e+00
1.02850650e+00
1.47163242e-01
4.55950096e-01
7.29075914e-02
0.00000000e+00
6.42713002e-01
3.10337187e-01
4.46473301e-01
-1.04030447e+00
0.00000000e+00
0.00000000e+00
0.00000000e+00
0.00000000e+00
0.00000000e+00
0.00000000e+00
0.00000000e+00
0.00000000e+00
0.00000000e+00
0.00000000e+00
0.00000000e+00
0.00000000e+00
0.00000000e+00
0.00000000e+00
0.00000000e+00
-9.25746759e-01
-2.03834187e+00
-1.48923397e+00
0.00000000e+00
0.00000000e+00
0.00000000e+00
5.77180036e-01
-3.29315976e+00
6.12809470e-01
5.72923855e-01
-9.25079986e-01
4.58739184e-01
2.91493171e-01
1.58877390e+00
-1.80512470e+00
0.00000000e+00
9.37282831e-01
-1.03007150e+00
-1.02410900e+00
5.93778803e-01
1.88036347e+00
1.01699389e+00
5.30774098e-01
-2.21958789e+00
-6.48203747e-01
3.94989906e-01
-4.23570190e+00
0.00000000e+00
0.00000000e+00
0.00000000e+00
6.52981392e-01
2.91645098e+00
-3.41828443e-01
-4.35349314e-01
-5.84870223e-01
-1.35817389e+00
-2.37537420e+00
1.44618550e+00
-8.07070518e-01
0.00000000e+00
-6.28186706e-01
3.42919152e+00
-8.55830880e-01
3.59893784e-01
-3.81045015e+00
2.80892764e-01
-1.84582695e-01
-1.94998771e+00
5.39473836e-01
-5.29066948e-01
9 1
-1.3260e+00 3.5408e-03
6 1
1 7 2 10 8 13 
217
2.16066311e-01
-1.60684705e+00
1.36139807e+00
4.71674328e-02
-4.26353291e-01
-5.02266485e-01
-5.01380321e-02
2.06701716e-01
1.57611566e-01
3.63865269e-01
3.69807286e-01
-4.36100341e-01
1.65138783e-01
-2.62545517e-01
0.00000000e+00
0.00000000e+00
0.00000000e+00
0.00000000e+00
0.00000000e+00
0.00000000e+00
5.12159841e-01
2.84314006e-02
1.98162472e-02
-4.54029195e-01
1.98094397e-03
8.55611566e-01
0.00000000e+00
0.00000000e+00
0.00000000e+00
0.00000000e+00
0.00000000e+00
0.00000000e+00
0.00000000e+00
3.09873883e-01
2.95945677e-01
3.59027926e-01
0.00000000e+00
-4.30902126e-01
-3.16863826e-01
-1.59693001e-01
4.45733628e-01
7.94835245e-01
-8.82325460e-02
0.00000000e+00
0.00000000e+00
-3.26110362e-01
7.75074806e-01
-3.71884993e-01
-2.56033527e-01
6.77684775e-01
-7.25808378e-01
6.45698629e-01
0.00000000e+00
-7.24120348e-01
7.09470580e-01
-7.45790383e-01
-9.82787094e-01
1.28105407e+00
-9.47713882e-01
1.23640735e+00
0.00000000e+00
2.44877373e-01
0.00000000e+00
0.00000000e+00
-1.45687243e+00
-2.22152425e+00
1.08183470e+00
5.51089937e-01
5.91104045e-01
1.26688840e+00
0.00000000e+00
-3.59387421e-01
-3.50023942e-02
4.28234462e-01
-9.33952524e-02
1.47219270e-01
-7.43757096e-02
0.00000000e+00
-7.12435634e-01
-2.30344827e+00
6.71744349e-01
-1.23185321e-01
2.56757596e-01
3.30056670e-01
0.00000000e+00
3.89809888e-01
1.97062426e-01
1.38349375e-01
5.49820287e-01
-3.12092952e-01
4.56251351e-02
0.00000000e+00
-6.93471619e-01
-1.08256866e+00
1.00699292e+00
1.11265568e-01
-9.74549931e-02
-1.35475894e+00
0.00000000e+00
4.44748408e-01
9.50210296e-02
3.29603686e-01
-7.58895015e-01
-5.58285783e-01
-1.43565579e+00
0.00000000e+00
0.00000000e+00
0.00000000e+00
0.00000000e+00
0.00000000e+00
0.00000000e+00
0.00000000e+00
0.00000000e+00
0.00000000e+00
0.00000000e+00
0.00000000e+00
0.00000000e+00
0.00000000e+00
0.00000000e+00
-1.45064638e+00
-4.62414573e+00
-2.11073341e+00
0.00000000e+00
0.00000000e+00
0.00000000e+00
-4.73094681e-01
-4.22550796e-02
-2.39519747e-01
3.79612572e-01
-2.23349170e-01
4.27401942e-01
8.18528673e-01
9.56087326e-01
-1.27518210e+00
0.00000000e+00
3.51849963e-01
9.39344782e-01
-4.89608613e-01
8.33830904e-01
1.45203668e+00
8.48881624e-01
8.89686898e-01
-5.32194202e-01
3.61792479e-01
4.52130229e-01
-8.09222423e-01
0.00000000e+00
0.00000000e+00
0.00000000e+00
1.34590765e+00
-9.83799711e-02
8.71327274e-01
7.91202625e-01
4.06156755e-01
8.33656439e-01
6.59606608e-01
1.09560997e+00
7.12706194e-01
0.00000000e+00
1.08887147e+00
2.13717361e-01
5.22403585e-01
7.46975696e-01
3.50201203e-01
1.15213342e+00
1.09845103e+00
3.01373668e-01
4.13835226e-01
8.48721023e-01
-4.28101895e+00
0.00000000e+00
0.00000000e+00
0.00000000e+00
-7.14920224e-01
7.26739163e+00
-4.54453519e-01
-1.07720300e+00
-3.17538318e-01
-1.19688969e+00
-2.39302741e+00
-4.16102982e-01
-1.52578589e+00
0.00000000e+00
-1.86517061e-01
2.55809019e+00
-4.60060800e-01
4.93051362e-01
-3.50531163e+00
-1.46571279e+00
-3.21125349e-03
-4.05355062e-01
-3.56905031e-01
-1.20557477e-01
-4.01580041e-01
0.00000000e+00
0.00000000e+00
0.00000000e+00
5.61194154e-01
-1.47240129e+00
-1.34770354e-01
6.60017281e-01
-1.64639021e-01
-2.64628017e-01
1.30985576e-01
8.31589010e-01
1.79044956e-01
0.00000000e+00
-3.91410318e-01
3.68881832e-01
-1.67839010e-01
2.37361919e-01
5.29833721e-02
5.10276249e-01
-2.33472353e-01
-6.61348248e-01
-1.17354767e-01
-3.26051009e-01
136
1.94810165e+00
0.00000000e+00
0.00000000e+00
0.00000000e+00
0.00000000e+00
1.41752048e+00
-4.35054984e-03
7.56022122e-01
2.39104772e-03
0.00000000e+00
0.00000000e+00
0.00000000e+00
0.00000000e+00
0.00000000e+00
0.00000000e+00
0.00000000e+00
1.03610071e+00
7.72676369e-01
4.76780488e-01
-1.12975816e-01
-3.94514110e-01
-3.39141636e-01
-1.48675304e-02
6.92327201e-01
1.09687378e+00
1.02039977e+00
0.00000000e+00
-1.30947242e-01
-4.36588122e-01
1.34484738e-02
8.18590386e-01
-7.78698610e-01
1.07842165e+00
-4.66040491e-01
1.96372928e+00
0.00000000e+00
-3.54817873e-02
-7.49338518e-01
4.71443049e-01
-9.86949590e-01
3.08009407e-01
-8.15318794e-01
1.69540322e+00
0.00000000e+00
0.00000000e+00
0.00000000e+00
0.00000000e+00
-3.91542544e+00
-2.25380549e-01
-1.01798100e+00
-1.33384020e+00
0.00000000e+00
-9.83814956e-01
-2.71397059e-01
-2.95208386e-01
9.94249840e-02
0.00000000e+00
-5.04544273e-02
1.40905551e-01
-4.65819534e-02
-9.65599055e-01
2.06107747e+00
2.06191533e+00
2.53053341e-01
6.34235969e-01
0.00000000e+00
0.00000000e+00
6.37692173e-01
2.84555208e-01
3.72068078e-01
-1.01537527e+00
0.00000000e+00
6.80020916e-01
-1.56978727e-01
3.57724998e-01
-8.32465223e-01
0.00000000e+00
0.00000000e+00
0.00000000e+00
0.00000000e+00
0.00000000e+00
0.00000000e+00
0.00000000e+00
0.00000000e+00
0.00000000e+00
0.00000000e+00
-8.92471145e-01
-2.65148094e+00
-1.40472765e+00
0.00000000e+00
0.00000000e+00
0.00000000e+00
4.46448007e-01
-2.28608355e+00
4.91429128e-01
5.05790379e-01
-1.04427274e+00
2.82447243e-01
9.80592518e-02
1.58153757e+00
-1.52265980e+00
0.00000000e+00
8.10782187e-01
-4.13120876e-01
-1.10057652e+00
3.99457415e-01
1.90697786e+00
9.01174462e-01
2.80433549e-01
-2.31338702e+00
-6.97253272e-01
2.68089066e-01
-4.89769750e+00
0.00000000e+00
0.00000000e+00
0.00000000e+00
4.71624078e-01
2.99419086e+00
-2.87376484e-01
-5.42839815e-01
-8.28836927e-01
-1.80123670e+00
-2.18180111e+00
1.46654790e+00
7.24070051e-02
0.00000000e+00
-1.05663811e-01
3.57403282e+00
-1.63681185e+00
9.05942806e-02
-3.31121980e+00
1.68214653e-01
6.02643597e-02
-1.95927561e+00
-7.88060279e-01
-3.52451081e-01
11 1
-1.6688e+00 6.3502e-02
7 1
1 7 2 10 8 13 9 
217
3.93186433e-01
-7.29020972e-01
8.94616574e-01
-1.17824520e+00
-1.97262760e-01
-3.95352196e-01
-5.23667933e-01
4.30482925e-01
2.54057253e-01
-6.19356658e-01
3.75735787e-01
-1.09519843e+00
4.84324085e-01
1.00765020e+00
0.00000000e+00
0.00000000e+00
0.00000000e+00
0.00000000e+00
0.00000000e+00
0.00000000e+00
7.75153485e-01
-2.94245137e-02
1.08097172e+00
-3.77006493e-01
2.81075496e-04
1.30570423e+00
0.00000000e+00
0.00000000e+00
0.00000000e+00
0.00000000e+00
0.00000000e+00
0.00000000e+00
0.00000000e+00
1.87833820e-01
-2.41171414e-01
5.51521970e-01
0.00000000e+00
-2.51744320e-01
-3.77641665e-01
-1.37649839e-01
-1.57585260e-01
3.73229428e-02
9.57906791e-01
0.00000000e+00
0.00000000e+00
-1.15390985e+00
4.59851220e-01
3.41277662e-01
-3.94322735e-01
3.74109056e-01
-1.67640073e-01
4.18746430e-01
0.00000000e+00
0.00000000e+00
-6.30576140e-01
7.59173641e-02
0.00000000e+00
8.49814716e-01
-6.35549065e-01
7.09731137e-01
0.00000000e+00
3.96808981e-01
0.00000000e+00
0.00000000e+00
-1.76938132e+00
-1.32799962e+00
1.33867760e+00
7.53203889e-01
8.23890147e-01
1.30245849e+00
0.00000000e+00
-1.78572102e-01
9.00209357e-02
7.22768127e-01
9.27550781e-02
-1.51009592e-01
-2.59666432e-01
0.00000000e+00
-3.66285818e-01
-1.37582689e+00
7.36465658e-01
1.09294268e-01
2.30065928e-02
-6.45745899e-01
0.00000000e+00
-1.26862863e-01
-1.77665442e-01
4.69517703e-01
-9.52924943e-01
5.05315918e-02
-8.06018156e-01
0.00000000e+00
-6.01003664e-01
-9.39590595e-01
7.53813666e-01
-1.67136383e-01
2.40376430e-01
-4.73929552e-01
0.00000000e+00
1.30624580e-01
-7.42863724e-01
1.60343615e-01
-2.78864206e-01
1.02218238e-01
2.78973939e-01
0.00000000e+00
-5.03353363e-01
-1.33435910e+00
5.08770550e-01
-3.85374906e-01
3.87769245e-01
-2.12263078e-01
0.00000000e+00
0.00000000e+00
0.00000000e+00
0.00000000e+00
0.00000000e+00
0.00000000e+00
0.00000000e+00
-1.16048636e+00
-3.95702201e+00
-1.13711454e+00
0.00000000e+00
0.00000000e+00
0.00000000e+00
-7.44405492e-01
-1.41135525e+00
8.82672168e-02
-1.29354379e+00
-3.11211202e-01
-8.78536238e-01
9.94792962e-02
2.06297583e+00
1.90854221e-02
0.00000000e+00
8.44438080e-01
-2.10765635e-01
-4.72957549e-01
7.31858153e-01
2.19825258e-01
9.32735090e-01
3.51219347e-01
-8.17691151e-01
-3.68852752e-01
2.23208268e-02
-2.68901556e-01
0.00000000e+00
0.00000000e+00
0.00000000e+00
8.99684581e-01
-4.06081100e-01
1.61713005e-01
5.15281439e-01
-4.36208226e-01
1.27190874e-02
8.87504739e-02
-2.67955269e-01
-3.41428351e-01
0.00000000e+00
1.45097642e-01
-1.02985837e+00
-3.32968630e-01
7.19920388e-02
2.98643938e-02
-1.01243594e-01
4.25165806e-01
-1.25177912e-01
1.78778405e-01
2.42973022e-01
-4.14160848e+00
0.00000000e+00
0.00000000e+00
0.00000000e+00
-5.98693342e-01
7.12674318e+00
-3.62858187e-01
-3.93796170e-01
-5.09761645e-04
-1.29841262e+00
-1.80264628e+00
3.18483198e-01
-1.42221077e+00
0.00000000e+00
-6.01788557e-01
1.31635502e+00
-9.82876348e-01
5.77058744e-02
-2.60221880e+00
-1.04759012e+00
5.80360705e-01
-5.88505657e-01
3.93494003e-01
-8.29574138e-01
-7.82059623e-01
0.00000000e+00
0.00000000e+00
0.00000000e+00
5.41910735e-01
-1.35243958e+00
3.12275496e-01
5.32820753e-01
-1.23400971e-03
-4.06555166e-01
4.36933882e-02
5.82388966e-01
8.85587615e-01
0.00000000e+00
1.46082617e-01
8.36890456e-01
-1.14720253e-02
5.37935630e-01
6.46784586e-01
8.41119165e-01
-3.12793314e-01
-1.20245589e+00
9.39011942e-02
1.51511602e-01
136
1.54726247e+00
0.00000000e+00
0.00000000e+00
0.00000000e+00
0.00000000e+00
1.18084455e+00
-2.58655219e-03
5.70543036e-01
2.86969718e-03
0.00000000e+00
0.00000000e+00
0.00000000e+00
0.00000000e+00
0.00000000e+00
0.00000000e+00
0.00000000e+00
8.64004753e-01
6.88001284e-01
3.47290691e-01
-2.12962000e-01
-4.77924697e-01
-2.76859193e-01
9.61017114e-02
5.19387194e-01
9.19424352e-01
1.04422437e+00
-6.41292664e-02
-2.18583660e-01
-4.00961391e-01
3.49842757e-01
4.96230946e-01
-4.92915780e-01
9.38056774e-01
-5.65704389e-01
1.67770283e+00
0.00000000e+00
-2.89284132e-01
-3.97224632e-01
1.78480923e-01
-1.32134213e+00
8.21784553e-01
-1.08932235e+00
1.88226590e+00
0.00000000e+00
0.00000000e+00
0.00000000e+00
0.00000000e+00
-3.75701393e+00
-1.40893306e-01
-9.67044870e-01
-1.70651551e+00
0.00000000e+00
-9.85009511e-01
-2.62869498e-01
-2.77460332e-01
2.36682178e-01
0.00000000e+00
-3.03262935e-01
-2.60486427e-02
1.19482713e-02
-1.02046352e+00
1.76022447e+00
1.78366809e+00
2.33608380e-01
5.08599963e-01
-1.32238736e-01
0.00000000e+00
4.51889848e-01
2.80029449e-01
3.46032098e-01
-1.08334848e+00
0.00000000e+00
5.36423600e-01
-2.14852323e-01
3.41101231e-01
-7.06232531e-01
0.00000000e+00
1.35636820e+00
1.23179835e-01
4.80206012e-01
-3.18404379e-01
0.00000000e+00
0.00000000e+00
0.00000000e+00
0.00000000e+00
0.00000000e+00
-9.31240321e-01
-2.66572782e+00
-1.49423172e+00
0.00000000e+00
0.00000000e+00
0.00000000e+00
4.81292769e-01
-2.53569500e+00
4.88173080e-01
4.10651483e-01
-1.00120755e+00
4.63276055e-01
9.14830380e-02
1.61079356e+00
-1.63028246e+00
0.00000000e+00
7.94600764e-01
-2.11626785e-01
-1.09489184e+00
3.51772085e-01
2.00320683e+00
1.05252306e+00
4.61215659e-01
-2.59486676e+00
-8.98511040e-01
2.63861343e-01
-4.89263890e+00
0.00000000e+00
0.00000000e+00
0.00000000e+00
4.85359565e-01
3.09279670e+00
-3.39365972e-01
-5.86777685e-01
-6.54391988e-01
-1.40803724e+00
-2.11045866e+00
1.41652527e+00
-2.67661893e-01
0.00000000e+00
-2.97299054e-01
3.68090282e+00
-1.47077184e+00
8.77123658e-02
-3.90221277e+00
1.54904845e-01
2.01361392e-01
-1.90319560e+00
-7.73165216e-01
-2.98863951e-01
20 1
-1.6835e+00 7.5424e-02
8 1
1 7 2 10 8 13 9 11 
217
5.60863538e-01
-6.10265569e-01
5.81627153e-01
2.01054732e-01
3.57695727e-01
-1.25342325e-02
-6.28552451e-01
1.35039625e+00
4.64265986e-01
-6.38086305e-02
6.57374584e-01
-3.31075904e-01
-2.89920309e-01
-1.21706115e-01
0.00000000e+00
0.00000000e+00
0.00000000e+00
0.00000000e+00
0.00000000e+00
0.00000000e+00
5.84131847e-01
-2.64058693e-03
1.05301690e+00
8.70572004e-02
-3.62013768e-04
1.03666877e+00
0.00000000e+00
0.00000000e+00
0.00000000e+00
0.00000000e+00
0.00000000e+00
0.00000000e+00
0.00000000e+00
-3.39890493e-01
-2.17279930e-01
1.28705478e+00
0.00000000e+00
3.07010323e-01
-3.82346671e-01
-7.16782221e-01
-2.88180597e-01
-1.34091278e-01
4.02904706e-01
1.37473325e+00
0.00000000e+00
-6.88518547e-01
-7.70367466e-02
1.18322662e-01
6.64793710e-01
2.39828176e-01
-3.45039536e-01
5.55495199e-01
0.00000000e+00
1.30042546e-01
1.63604982e-01
-5.20284384e-03
0.00000000e+00
7.25540514e-01
-6.66028402e-01
1.04360130e+00
0.00000000e+00
5.63247509e-01
0.00000000e+00
0.00000000e+00
-1.55824547e+00
-1.05327633e+00
1.47231652e+00
2.19372939e-01
6.46792488e-01
9.37857424e-01
0.00000000e+00
-2.26853074e-01
1.79259672e-01
3.82608082e-01
1.25986032e-01
4.05108530e-01
1.47311650e+00
0.00000000e+00
-3.65672246e-01
1.41309581e-01
8.75122918e-01
-3.79902958e-03
5.14128665e-02
4.87986224e-02
0.00000000e+00
4.65206259e-01
3.93632901e-01
7.83479961e-02
-3.52304315e-01
1.73092828e-02
-9.20306403e-01
0.00000000e+00
-1.35947600e+00
-6.53682599e-01
1.03378983e+00
-2.41542838e-01
8.86549715e-01
1.00669465e+00
0.00000000e+00
9.47369979e-02
-7.68071591e-01
2.29989405e-01
2.05882489e-01
2.36137135e-01
-6.95714068e-01
0.00000000e+00
-8.73859163e-02
-2.36600727e-02
8.37580985e-01
-8.17584330e-01
-1.89331531e-01
-1.15328089e+00
0.00000000e+00
-1.52324934e-01
-1.32642367e+00
1.45084762e-01
-2.39356077e-01
5.68103710e-01
3.94517381e-01
-3.55658108e-01
-2.69945716e+00
-1.00554508e+00
0.00000000e+00
0.00000000e+00
0.00000000e+00
-8.62843391e-01
-1.24547967e+00
1.34874954e+00
1.06517626e+00
-9.91385989e-01
1.26707753e-02
7.38511143e-01
-3.90104635e-01
-6.45169694e-01
0.00000000e+00
1.60968513e-01
6.03144078e-01
-1.02961227e+00
-3.28939744e-01
1.45931253e+00
2.04642073e+00
-1.76957233e-01
-1.45695942e+00
-1.47301300e+00
1.59966402e-01
-2.99855641e-01
0.00000000e+00
0.00000000e+00
0.00000000e+00
6.12306455e-01
-2.61477137e-01
-1.34460015e-01
-4.14368345e-01
-1.51487789e-01
2.59779383e-01
-2.32650586e-01
7.74512338e-01
-2.93328962e-01
0.00000000e+00
1.50779650e-01
-6.43569960e-01
-3.25757129e-01
2.82805508e-01
-2.44012822e-01
-3.45141166e-01
5.57407904e-01
-1.96464382e-01
1.19237057e-01
1.86034356e-01
-3.38517889e+00
0.00000000e+00
0.00000000e+00
0.00000000e+00
2.64996745e-01
7.01098842e+00
-5.29149924e-01
-1.01016269e+00
-3.91444828e-03
-7.71574458e-01
-2.36721216e+00
4.34856305e-01
-6.00918592e-01
0.00000000e+00
-8.12683078e-01
1.31473417e+00
-1.47039604e+00
-2.52452363e-02
-2.94325705e+00
-1.09908325e+00
2.27690495e-01
-2.68185195e-01
-4.27224946e-01
3.40421297e-02
-4.61644762e-01
0.00000000e+00
0.00000000e+00
0.00000000e+00
2.92329513e-02
-2.09138155e+00
7.09857126e-02
3.88524187e-01
-6.07626732e-03
-3.76900816e-01
2.66029492e-02
2.38841664e-01
-4.38724858e-02
0.00000000e+00
1.27821128e-01
1.19512993e+00
1.40595318e-02
2.59142612e-01
4.24846353e-01
7.02627670e-01
-8.99775178e-02
-4.95462332e-01
-1.46109245e-01
2.94993478e-03
136
1.39162146e+00
0.00000000e+00
0.00000000e+00
0.00000000e+00
0.00000000e+00
1.00242135e+00
1.61107155e-03
6.63691104e-01
2.43838841e-03
0.00000000e+00
0.00000000e+00
0.00000000e+00
0.00000000e+00
0.00000000e+00
0.00000000e+00
0.00000000e+00
8.04802158e-01
5.90819667e-01
3.05473537e-01
-1.75296687e-01
-3.25575834e-01
-2.19598996e-01
-8.59747128e-02
2.53952313e-01
5.95832495e-01
7.75296470e-01
5.72986417e-01
-1.80103799e-01
-5.61440960e-01
2.07238017e-01
3.86644792e-01
-5.55164560e-01
8.83758576e-01
-6.71986425e-01
1.66741210e+00
0.00000000e+00
-6.29548500e-01
-1.48774344e-01
3.94891817e-01
-7.97971974e-01
7.36106606e-01
-1.03506896e+00
1.69631252e+00
0.00000000e+00
0.00000000e+00
0.00000000e+00
0.00000000e+00
-3.18251549e+00
-1.64844138e-02
-8.12945907e-01
-1.53540206e+00
0.00000000e+00
-1.10504806e+00
-2.80363207e-01
-2.61225418e-01
2.09443013e-01
0.00000000e+00
-5.31776426e-01
-2.98736517e-02
-4.25410560e-02
-1.06572694e+00
1.56691815e+00
1.17635775e+00
1.42167131e-01
3.93764606e-01
-8.81621518e-02
0.00000000e+00
2.71957678e-01
3.14691898e-01
2.65363964e-01
-1.04578307e+00
0.00000000e+00
5.09962955e-01
-1.83064349e-01
3.52298313e-01
-7.34280106e-01
0.00000000e+00
1.04846709e+00
1.29720077e-01
3.95771050e-01
-2.48670634e-01
0.00000000e+00
1.25421378e+00
1.24565560e-02
5.08607547e-01
-1.07604200e+00
-9.43764231e-01
-2.84821573e+00
-1.50385032e+00
0.00000000e+00
0.00000000e+00
0.00000000e+00
4.60084236e-01
-2.58652146e+00
3.92787693e-01
4.17789339e-01
-1.03919339e+00
3.01168855e-01
6.21939182e-02
1.62436203e+00
-1.50510336e+00
0.00000000e+00
8.56182893e-01
-3.18222643e-01
-1.12763364e+00
4.41700958e-01
1.92449698e+00
1.00138477e+00
4.18632886e-01
-2.39232114e+00
-6.82634297e-01
2.46995051e-01
-5.08288370e+00
0.00000000e+00
0.00000000e+00
0.00000000e+00
4.65816735e-01
2.95927167e+00
-1.27657221e-01
-4.97249914e-01
-5.84519796e-01
-1.80860274e+00
-2.12815437e+00
1.49540564e+00
-9.36988575e-02
0.00000000e+00
-2.68078742e-01
3.52395284e+00
-1.61387231e+00
2.00401333e-01
-3.73280659e+00
2.54700857e-01
-5.47522647e-02
-2.03250659e+00
-6.54038481e-01
-3.86494909e-01
