0 1 -999999999 -1 -1
1 1 0 -1 -1
0.01783 0.02953
356
6.84562922e-01
7.50662010e-02
6.09496721e-01
9.21197259e-01
-1.56445229e+00
-1.84931142e+00
8.11236241e-01
0.00000000e+00
0.00000000e+00
4.26506694e-01
-5.65079792e-01
9.90057292e-02
-2.63210715e-01
3.13224593e-01
4.15798242e-01
1.92174424e-01
0.00000000e+00
0.00000000e+00
0.00000000e+00
0.00000000e+00
0.00000000e+00
0.00000000e+00
0.00000000e+00
0.00000000e+00
0.00000000e+00
0.00000000e+00
0.00000000e+00
0.00000000e+00
0.00000000e+00
0.00000000e+00
0.00000000e+00
0.00000000e+00
0.00000000e+00
0.00000000e+00
0.00000000e+00
0.00000000e+00
0.00000000e+00
0.00000000e+00
0.00000000e+00
0.00000000e+00
0.00000000e+00
0.00000000e+00
0.00000000e+00
0.00000000e+00
0.00000000e+00
0.00000000e+00
0.00000000e+00
0.00000000e+00
0.00000000e+00
0.00000000e+00
0.00000000e+00
-6.97325039e-01
-4.14741380e-01
6.39734814e-01
0.00000000e+00
0.00000000e+00
0.00000000e+00
0.00000000e+00
4.01995823e-01
6.36051410e-02
-1.09443816e-02
5.31796067e-01
5.50803793e-01
-2.86186029e-01
2.42782836e-01
-5.95162921e-01
-5.00075149e-01
6.57238852e-01
0.00000000e+00
0.00000000e+00
0.00000000e+00
3.08857849e-01
-5.61316529e-03
2.36942179e-01
2.96124775e-01
-1.63121916e-04
-1.40261772e-01
6.40198764e-03
1.62885157e-03
-5.93884618e-02
6.64241175e-01
-2.15735898e-01
2.62355228e-01
-4.96277670e-02
-2.19077084e-01
2.42407268e-01
0.00000000e+00
0.00000000e+00
0.00000000e+00
0.00000000e+00
-1.13846961e+00
-2.73960780e-01
-2.16468369e+00
-7.69009983e-01
-6.83163270e-01
-6.18757464e-01
4.44375117e-01
-4.76006131e-03
6.42697453e-01
1.01710049e-01
-4.53847768e-02
-2.85204390e-02
0.00000000e+00
0.00000000e+00
2.11602190e+00
2.64968762e+00
1.46370135e+00
8.28098393e-01
4.06463168e-01
3.21098891e-01
-3.17307268e-01
-1.28696616e+00
8.76963132e-01
2.60461186e-01
1.59271342e-01
-6.97376411e-01
-1.39663663e+00
-2.04922998e+00
0.00000000e+00
0.00000000e+00
0.00000000e+00
0.00000000e+00
0.00000000e+00
0.00000000e+00
6.75973853e-01
-2.12071479e-01
6.02612524e-02
-4.23876892e-01
-6.01785266e-01
-1.40634029e+00
3.36395791e+00
3.37523607e+00
3.31028751e+00
3.47434045e+00
3.28952778e+00
3.41034214e+00
1.17545881e+00
6.31905110e-01
6.07710097e-01
5.43173495e-01
5.01644386e-01
-9.39359453e-02
2.79697635e-01
1.52334804e-01
-9.88980299e-02
-3.01126922e-01
-3.47794245e-01
-7.90278615e-01
1.41508837e+00
0.00000000e+00
0.00000000e+00
0.00000000e+00
0.00000000e+00
0.00000000e+00
0.00000000e+00
0.00000000e+00
-6.73397314e-01
-5.43829625e-01
0.00000000e+00
0.00000000e+00
-2.75274716e-01
-2.16926021e-01
-1.15618427e+00
-9.99288443e-01
-1.43145898e+00
0.00000000e+00
0.00000000e+00
0.00000000e+00
-2.60393814e-01
-6.27211213e-01
-1.40365372e-02
3.90946644e-01
-7.91206637e-01
-6.98587054e-01
3.26859447e-02
-7.65435576e-01
1.07008931e+00
0.00000000e+00
3.68289604e-01
8.33815883e-02
-7.81258012e-01
7.22415675e-01
3.28202141e-02
-1.52070452e+00
3.59237547e-01
2.21198576e-01
2.19503935e-01
5.26805348e-01
2.59788450e-01
0.00000000e+00
0.00000000e+00
0.00000000e+00
-2.50462274e-02
1.24294461e-01
-6.95698834e-02
-3.12008825e-01
3.40024935e-01
2.14383608e-01
-4.58387341e-02
1.07291731e-01
-2.30224156e-02
0.00000000e+00
-2.30988793e-01
1.38301630e-01
-3.13143569e-02
-1.39228285e-01
-2.87604043e-01
5.22484127e-01
-1.24041324e-01
-1.96254491e-02
1.95428524e-01
-7.41322303e-02
-5.22593807e-01
1.28594909e-02
0.00000000e+00
7.13240152e-01
1.45334512e-01
3.70164266e-01
1.07781387e-01
-4.65086163e-01
-3.41260601e-01
0.00000000e+00
0.00000000e+00
0.00000000e+00
-2.10628168e-01
-1.23494371e-02
-5.80648883e-02
9.52026374e-01
-5.55232236e-02
4.77922154e-01
1.01339500e+00
-1.35309595e+00
-2.93751774e-02
0.00000000e+00
2.75761791e-01
2.35282007e-01
-2.51307202e-02
2.94697939e-02
-6.19605501e-01
-8.76752104e-01
-3.58222618e-01
-1.00315565e-01
9.02729868e-02
2.83672641e-01
-5.35453298e-01
4.88236103e-01
2.13111537e-01
2.24705002e-01
-9.08865175e-01
-2.88134207e-01
0.00000000e+00
-1.71149811e-01
1.33545147e-01
2.03549851e-01
2.18792326e-01
-7.10476384e-01
-6.20730968e-01
1.60565838e-01
1.01015661e-01
7.04078788e-02
-1.21621446e+00
0.00000000e+00
0.00000000e+00
0.00000000e+00
-1.03487066e-01
-6.46185528e-01
-1.31223836e-01
-2.16240352e+00
-5.68644038e-01
5.98374052e-01
-1.10461106e+00
9.07759158e-01
9.35873359e-01
0.00000000e+00
3.33096269e-01
-3.75677837e-01
-8.57525589e-01
5.42256325e-01
3.39572631e-01
3.68014939e-01
1.60426987e-01
-4.05445160e-01
1.36871410e-01
8.16744037e-01
4.10429706e-01
0.00000000e+00
0.00000000e+00
0.00000000e+00
-1.14086241e-01
-2.37660067e-01
4.07916770e-02
5.30776182e-01
1.02187057e-01
-6.24118264e-02
4.61406908e-01
-2.29754580e-01
5.00375628e-02
0.00000000e+00
-2.05125631e-01
1.29764919e-01
-3.92687366e-02
6.37336092e-02
-9.24639049e-02
-2.66228342e-02
-1.30729062e-03
2.38661792e-02
1.67415833e-01
-1.50849108e-01
-2.49737885e-01
7.70490610e-02
-1.41473621e-01
-6.61440086e-03
-1.12500979e-01
4.91369477e-01
1.52536113e-01
-5.66856529e-01
-5.47928300e-01
0.00000000e+00
0.00000000e+00
0.00000000e+00
-2.59598094e-02
1.74899292e-01
4.96880460e-02
-1.22497486e+00
1.10959814e-02
-4.14051112e-01
-1.29971948e+00
1.07410508e+00
2.88988769e-01
0.00000000e+00
-1.40267657e-01
-2.28939423e-01
1.47865118e-02
-5.37453863e-03
4.74784900e-01
5.12456813e-01
4.13753655e-01
1.30518868e-01
-3.39194111e-02
-3.19799935e-01
-3.26786946e-01
0.00000000e+00
6.74447912e-01
2.27740404e-01
-9.66476578e-01
-2.93975082e-01
2.06788517e-01
4.47281495e-01
6.96134835e-01
3.68711824e-01
1.60028667e-02
-6.78689772e-01
-6.72501496e-01
2.97777391e-01
1.47297812e+00
1.05004266e+00
247
-9.47467607e-01
-9.47467607e-01
0.00000000e+00
-3.08747619e-02
-9.16592846e-01
0.00000000e+00
-1.03942232e+00
4.71910768e-01
0.00000000e+00
0.00000000e+00
5.82787930e-01
4.60195473e-03
-2.27084191e-01
-4.65703669e-01
0.00000000e+00
0.00000000e+00
0.00000000e+00
0.00000000e+00
0.00000000e+00
0.00000000e+00
0.00000000e+00
0.00000000e+00
0.00000000e+00
0.00000000e+00
0.00000000e+00
0.00000000e+00
0.00000000e+00
0.00000000e+00
0.00000000e+00
0.00000000e+00
0.00000000e+00
0.00000000e+00
0.00000000e+00
0.00000000e+00
0.00000000e+00
0.00000000e+00
0.00000000e+00
0.00000000e+00
0.00000000e+00
0.00000000e+00
0.00000000e+00
0.00000000e+00
0.00000000e+00
0.00000000e+00
0.00000000e+00
5.62972932e-01
-7.74845812e-03
-5.34499377e-01
4.18880837e-05
0.00000000e+00
0.00000000e+00
-3.97647056e-01
-2.40668353e-01
-2.62899335e-01
0.00000000e+00
0.00000000e+00
0.00000000e+00
0.00000000e+00
0.00000000e+00
2.04278619e+00
7.15758909e+00
0.00000000e+00
0.00000000e+00
0.00000000e+00
0.00000000e+00
3.63790754e-01
-8.16473562e-01
1.37742127e-01
-2.52516606e-01
-1.75737864e-01
-9.42482678e-01
-8.21557811e-01
-9.85761759e-01
0.00000000e+00
0.00000000e+00
0.00000000e+00
0.00000000e+00
0.00000000e+00
0.00000000e+00
1.86819165e-01
-1.07562663e+00
-9.72956606e-01
-1.33443353e+00
-1.93868550e+00
-2.88540623e+00
7.01433194e+00
7.40661796e+00
7.47424500e+00
7.39617161e+00
7.19011359e+00
7.43758229e+00
0.00000000e+00
-2.22533957e-01
-2.31166121e-01
-4.05099453e-02
1.32505924e-01
-7.80315411e-01
0.00000000e+00
-8.71357150e-01
-8.25023482e-01
-6.82419577e-01
0.00000000e+00
0.00000000e+00
5.00607951e-02
0.00000000e+00
0.00000000e+00
0.00000000e+00
-9.12761030e-01
-7.07302891e-01
0.00000000e+00
0.00000000e+00
-1.38938463e+00
-1.60086917e+00
2.00416821e-01
-1.41867408e-01
-2.99025380e+00
0.00000000e+00
0.00000000e+00
0.00000000e+00
9.97173632e-01
0.00000000e+00
2.21355628e-01
-1.17075125e+00
0.00000000e+00
5.42610944e-01
-1.00004932e+00
1.10082585e+00
-1.08677956e-01
0.00000000e+00
1.10522536e+00
1.49845841e+00
-1.32570426e-01
-5.72394805e-01
-1.22567353e+00
-1.91759511e-01
5.84069506e-01
1.29146419e-01
4.75553686e-01
8.11068390e-01
-1.58962278e+00
-3.81673544e-01
0.00000000e+00
0.00000000e+00
0.00000000e+00
-1.25600558e-01
0.00000000e+00
0.00000000e+00
0.00000000e+00
2.97771536e-01
0.00000000e+00
2.99233614e-01
4.34768514e-01
0.00000000e+00
2.88848811e-01
3.72694899e-01
5.86672157e-01
7.34188623e-01
0.00000000e+00
2.75854782e-01
0.00000000e+00
1.99201461e-01
4.56851076e-01
1.18756415e+00
6.11993317e-01
2.46229735e-01
2.23258790e-01
3.04515944e-01
1.88480881e-01
-1.20794924e+00
0.00000000e+00
0.00000000e+00
0.00000000e+00
-1.40063101e+00
-1.00771108e+00
0.00000000e+00
0.00000000e+00
0.00000000e+00
-3.92919930e-01
0.00000000e+00
0.00000000e+00
0.00000000e+00
5.85494138e-02
0.00000000e+00
0.00000000e+00
0.00000000e+00
-2.02906826e-01
0.00000000e+00
6.09764118e-01
4.80286271e-01
0.00000000e+00
1.12646826e+00
2.76458473e-01
9.56904993e-01
-4.85881953e-02
0.00000000e+00
7.34461949e-01
2.81313998e-01
-3.73029728e-01
1.23219132e+00
-1.30988813e+00
7.59320972e-01
4.05754480e-01
0.00000000e+00
8.10461473e-01
1.26302244e+00
8.29845641e-02
5.51665059e-01
0.00000000e+00
-3.74752073e-01
-1.55724901e-01
-1.37837476e-01
0.00000000e+00
0.00000000e+00
0.00000000e+00
1.74528314e-01
0.00000000e+00
-1.11460538e-01
5.50969438e-01
0.00000000e+00
3.90121540e-01
9.61544797e-01
-5.28980864e-01
0.00000000e+00
0.00000000e+00
2.21079746e-01
2.92839052e-01
3.73419687e-01
3.10382816e-02
0.00000000e+00
-2.05933016e-01
1.68696819e-01
0.00000000e+00
2.02511948e-01
3.18396912e-01
-4.68680495e-01
0.00000000e+00
2.67638031e-01
1.07118641e-01
-2.44351504e-02
-3.51248238e-01
0.00000000e+00
4.96644790e-01
6.87067282e-01
3.26813087e-01
7.79912666e-01
-1.66117655e-01
-9.55899110e-03
1 -999999999 0 0 -1
1 0 1 1 -1
1.8461e-02 3.1963e-01
356
-2.17637974e-02
0.00000000e+00
0.00000000e+00
0.00000000e+00
0.00000000e+00
0.00000000e+00
0.00000000e+00
0.00000000e+00
0.00000000e+00
0.00000000e+00
0.00000000e+00
0.00000000e+00
0.00000000e+00
0.00000000e+00
0.00000000e+00
0.00000000e+00
-2.17637974e-02
0.00000000e+00
7.43423185e-01
-3.00298554e-01
-8.03897381e-01
7.81637596e-01
0.00000000e+00
0.00000000e+00
1.03507399e-01
4.10763847e-02
-2.97869828e-01
2.97179880e-01
3.62128657e-01
3.76957131e-01
4.33739718e-03
-2.17637974e-02
0.00000000e+00
-7.65186982e-01
-3.00298554e-01
0.00000000e+00
-2.07731856e-02
4.58160604e-01
3.31544735e-01
2.85262581e-01
4.11086389e-01
0.00000000e+00
0.00000000e+00
0.00000000e+00
0.00000000e+00
0.00000000e+00
0.00000000e+00
0.00000000e+00
0.00000000e+00
0.00000000e+00
0.00000000e+00
6.50733692e-02
-1.88960073e-01
-4.33481651e-02
0.00000000e+00
0.00000000e+00
0.00000000e+00
0.00000000e+00
-3.84646151e-01
5.03855005e-01
8.08941353e-02
3.21594452e-01
4.96570087e-01
-5.06559237e-01
-1.33270196e-01
-2.98578145e-01
-8.13116728e-02
-1.09776085e+00
-6.05687438e-01
1.31663768e-02
-1.16768370e-01
1.99747602e-01
1.04851677e-03
-2.01042081e-01
3.84176038e-01
8.13593879e-01
-4.10661289e-01
0.00000000e+00
0.00000000e+00
0.00000000e+00
0.00000000e+00
0.00000000e+00
-1.86153287e-01
-2.46042827e-01
-9.40812633e-02
5.66177248e-01
0.00000000e+00
0.00000000e+00
0.00000000e+00
0.00000000e+00
-7.82220561e-02
-2.55695713e-01
-5.73748342e-01
-4.10743374e-01
-1.39349804e-01
-1.80957813e-01
-1.65820359e-01
1.57225035e-01
-3.42878970e-01
2.47591876e-02
0.00000000e+00
0.00000000e+00
0.00000000e+00
0.00000000e+00
3.28518367e+00
2.02515804e+00
9.87319963e-01
8.94455681e-01
-3.19149451e-02
2.02022438e-01
-2.43581621e-01
-1.21588397e+00
1.15688640e-02
-3.20942356e-01
-1.53339226e-01
-5.20197237e-01
-9.10744301e-01
-2.00571076e+00
0.00000000e+00
0.00000000e+00
0.00000000e+00
0.00000000e+00
0.00000000e+00
0.00000000e+00
1.04087617e+00
-1.69507804e-01
3.00267563e-01
-3.39447855e-01
-6.69525009e-01
-1.58286121e+00
5.97527559e+00
5.91951216e+00
5.83210299e+00
5.89871764e+00
6.10760326e+00
5.87199151e+00
-8.89765907e-01
-1.04397337e+00
-1.13399049e+00
-1.25997311e+00
-9.22631467e-01
-1.55587542e+00
2.11243778e-01
1.05928566e-01
-1.24163055e-01
-6.66768955e-02
-6.65422829e-02
-6.17688218e-01
5.92417546e-01
0.00000000e+00
0.00000000e+00
0.00000000e+00
0.00000000e+00
0.00000000e+00
0.00000000e+00
0.00000000e+00
6.35730925e-03
-6.52408211e-01
-2.10865685e+00
0.00000000e+00
-1.11240532e+00
-6.33226741e-01
-8.58853028e-02
-1.41369510e+00
-1.19829062e+00
0.00000000e+00
0.00000000e+00
0.00000000e+00
-2.17373368e-01
-4.59473230e-01
-8.37705846e-02
1.89113568e-01
-8.78505487e-01
-1.46534035e-01
3.92104505e-03
-6.43995895e-02
6.29083914e-01
0.00000000e+00
-2.08038798e-01
5.70736762e-01
-9.93399890e-01
2.62196070e-01
-8.00875246e-01
-8.99333707e-03
-1.28643213e-01
5.83236495e-01
5.04628667e-01
4.87996354e-02
3.32189413e-01
0.00000000e+00
0.00000000e+00
0.00000000e+00
7.39315618e-02
0.00000000e+00
-4.05573694e-02
-4.82249320e-01
0.00000000e+00
1.17258410e-01
-3.27766890e-02
9.54604218e-02
-9.28184441e-01
0.00000000e+00
2.28053339e-01
3.03936630e-02
2.28457688e-01
3.07835850e-01
1.90706662e-01
1.84243389e-01
2.01300803e-01
0.00000000e+00
0.00000000e+00
1.58315445e-01
-4.42624937e-01
-1.14816612e-02
-1.21185665e-01
1.09704003e-01
0.00000000e+00
-2.25629559e-02
6.22343556e-02
-5.11530608e-02
-4.65884536e-01
0.00000000e+00
0.00000000e+00
0.00000000e+00
2.32634337e-01
0.00000000e+00
7.06940686e-02
8.90128110e-01
0.00000000e+00
-4.21365200e-02
3.87912415e-01
-3.03785729e-01
7.39614386e-01
0.00000000e+00
2.05250120e-02
-2.76644798e-01
-5.36664417e-01
-4.45058082e-01
-3.89330665e-01
-6.23227658e-01
-4.17170287e-01
0.00000000e+00
0.00000000e+00
2.26625291e-01
-4.31143276e-01
-2.84661983e-01
-1.46481293e-01
0.00000000e+00
-7.55665683e-01
0.00000000e+00
0.00000000e+00
0.00000000e+00
0.00000000e+00
0.00000000e+00
0.00000000e+00
0.00000000e+00
3.45257973e-01
3.45257973e-01
0.00000000e+00
0.00000000e+00
-2.04692184e+00
0.00000000e+00
0.00000000e+00
0.00000000e+00
-1.11058656e+00
-2.48504258e+00
-3.21612190e-01
3.97940901e-01
-9.86149359e-02
1.98264695e-01
8.09437616e-01
5.37642475e-01
-7.41776656e-01
0.00000000e+00
-3.63172284e-01
-7.66673080e-01
-8.61096135e-01
6.85826038e-01
3.69752703e-01
9.50806220e-01
3.00981484e-01
-6.14598250e-01
7.82218087e-01
2.83380622e-01
2.36000524e-01
0.00000000e+00
0.00000000e+00
0.00000000e+00
1.16636838e-01
7.77652200e-02
-1.83725927e-01
-1.29449766e-01
1.24639277e-01
1.10145811e-02
-1.04149322e-01
-2.06819135e-01
-3.98034142e-02
0.00000000e+00
1.32224186e-01
4.19551512e-01
4.29306451e-01
5.63460055e-02
-4.49239767e-01
-2.91334520e-01
-2.26280738e-01
3.23193674e-01
-6.59136452e-02
2.42039013e-01
-8.64915594e-01
-2.96719016e-01
0.00000000e+00
5.66511534e-01
-1.97051788e-02
-7.37962968e-02
-1.01632656e-01
-1.21290063e-01
-1.41360222e-01
0.00000000e+00
0.00000000e+00
0.00000000e+00
-1.40023595e-01
-1.19541759e+00
7.03603162e-03
-6.89490055e-01
1.60003981e-01
-1.09395621e-01
-5.86159912e-01
7.71870501e-01
-5.39635491e-01
0.00000000e+00
-3.50925818e-02
-1.57287617e-01
1.42043803e-01
1.27981175e-01
9.32884953e-01
1.04337600e+00
4.97366810e-01
-2.87916397e-01
1.80045026e-01
-2.63549636e-01
-5.68196578e-01
0.00000000e+00
1.05524771e+00
2.70487409e-01
-1.18200624e+00
-3.36507725e-01
0.00000000e+00
0.00000000e+00
2.20509161e-01
7.79814622e-02
-1.99037880e-01
-2.15451307e-01
-8.45498519e-01
0.00000000e+00
0.00000000e+00
3.08558688e-01
247
-8.72636965e-01
0.00000000e+00
0.00000000e+00
0.00000000e+00
0.00000000e+00
0.00000000e+00
0.00000000e+00
0.00000000e+00
0.00000000e+00
8.32145198e-01
0.00000000e+00
0.00000000e+00
0.00000000e+00
0.00000000e+00
-8.72636965e-01
0.00000000e+00
6.76656986e-01
-1.54929395e+00
0.00000000e+00
-1.57433440e+00
0.00000000e+00
0.00000000e+00
0.00000000e+00
8.29842106e-02
2.86471973e-01
-5.47459012e-01
5.99480250e-01
-8.72636965e-01
0.00000000e+00
6.76656986e-01
-1.54929395e+00
0.00000000e+00
8.77698121e-02
-6.48619038e-01
0.00000000e+00
0.00000000e+00
0.00000000e+00
0.00000000e+00
0.00000000e+00
0.00000000e+00
0.00000000e+00
-4.78417681e-01
1.43715306e-02
-2.28432841e-01
2.57000951e-03
-1.65786443e-01
5.78855920e-02
0.00000000e+00
0.00000000e+00
0.00000000e+00
0.00000000e+00
2.04980599e+00
1.58545559e+00
1.38209122e+00
0.00000000e+00
0.00000000e+00
0.00000000e+00
0.00000000e+00
0.00000000e+00
3.62610657e+00
2.74276637e+00
1.62914161e+00
1.66542552e-01
-4.99037450e-02
-1.57168488e-01
-6.18355637e-01
-1.38588571e+00
1.93868544e-01
-4.88141835e-02
1.57488782e-01
-1.00193650e+00
-1.09184877e+00
-2.29187198e+00
0.00000000e+00
0.00000000e+00
0.00000000e+00
0.00000000e+00
0.00000000e+00
0.00000000e+00
2.30310031e-01
-3.33346755e-01
-1.38421392e-01
-8.51446202e-01
-5.27589643e-01
-1.40623991e+00
6.99198369e+00
6.93999920e+00
6.89516950e+00
6.99462851e+00
7.18304237e+00
6.86591659e+00
-7.12492101e-01
-4.79414845e-01
-7.00988379e-01
-8.03358264e-01
-7.68177350e-01
-1.13151905e+00
-5.66360666e-01
-4.09354914e-02
-3.29423625e-01
-4.28253523e-01
-5.67815907e-01
-7.12400644e-01
-4.15629428e-01
0.00000000e+00
0.00000000e+00
0.00000000e+00
1.31661924e-01
-2.34702557e-01
-2.84209684e+00
0.00000000e+00
-1.74344089e+00
8.67941980e-02
-3.81616503e-01
-1.31294604e+00
-1.65664670e+00
0.00000000e+00
0.00000000e+00
0.00000000e+00
-2.53116199e-01
0.00000000e+00
-3.74932235e-01
-1.72108418e-01
-9.16190316e-02
-7.16995532e-01
-5.29853618e-02
5.15206626e-01
-7.64586871e-01
0.00000000e+00
-1.63599400e-02
3.45184073e-01
-1.65287517e-01
1.08763499e+00
-7.56289293e-02
6.92030513e-01
5.72816418e-01
6.97857332e-01
2.16310965e-01
-2.06839232e-01
-2.34714043e-01
3.15526106e-01
-1.14604901e-01
4.30131007e-01
0.00000000e+00
-9.96029667e-02
0.00000000e+00
0.00000000e+00
0.00000000e+00
2.24718180e-01
0.00000000e+00
-3.29296146e-01
-3.89781536e-01
0.00000000e+00
5.75747810e-02
3.29156061e-01
-1.36415428e-01
0.00000000e+00
0.00000000e+00
4.09809913e-01
0.00000000e+00
-2.13382016e-02
-1.27781546e+00
1.99661909e-01
2.94924389e-01
-8.81289543e-03
0.00000000e+00
0.00000000e+00
4.74618971e-01
-5.50240149e-01
-5.25216997e-01
-2.50231525e-02
0.00000000e+00
-1.42193265e+00
0.00000000e+00
0.00000000e+00
0.00000000e+00
0.00000000e+00
6.37034347e-01
6.37034347e-01
0.00000000e+00
0.00000000e+00
-1.69456255e+00
0.00000000e+00
0.00000000e+00
0.00000000e+00
-4.24505748e-01
-2.14082236e+00
3.34847523e-01
9.50959712e-01
-3.72296482e-01
-5.50275901e-02
6.94879227e-01
7.17679123e-01
-2.70713565e-01
0.00000000e+00
-4.16258264e-01
-8.40374038e-01
-8.58825458e-01
6.36842703e-01
6.16095506e-02
5.85003656e-01
4.87703864e-01
-1.07931278e+00
4.82404794e-01
-1.88356413e-01
-5.52264945e-01
1.37213455e-01
0.00000000e+00
5.12397832e-02
-3.05562821e-01
-2.29099049e-01
0.00000000e+00
0.00000000e+00
0.00000000e+00
4.40791458e-02
0.00000000e+00
-2.11482517e-01
1.96754338e-01
-2.90511700e-01
1.47971904e-01
9.65164273e-02
-3.99443739e-01
6.28305047e-01
0.00000000e+00
2.62286817e-01
-2.91457790e-02
-9.98060148e-03
-1.81396417e-02
-7.51036345e-01
-4.98675902e-01
-3.84596798e-01
1.68522408e-01
-7.67562289e-02
2.40821540e-01
-6.89478400e-01
0.00000000e+00
8.67787207e-01
8.17103780e-02
-1.14229760e+00
-5.18829959e-01
0.00000000e+00
0.00000000e+00
4.48969744e-02
-6.23467644e-01
0.00000000e+00
7.21364117e-01
7.19235774e-01
5 1
2.4125e-01 -2.3563e-01
2 0
0 1 
217
3.90935673e-01
-1.08364121e+00
3.10623518e-01
-8.51690701e-01
6.84023557e-02
1.31731745e-01
1.12697232e-01
3.26712632e-01
3.70154140e-01
-2.72076923e-01
-4.46171078e-02
-1.90516387e-01
-1.15700947e-01
-1.73167638e-01
0.00000000e+00
0.00000000e+00
0.00000000e+00
4.96326277e-02
5.14628061e-03
1.89896743e-02
-4.61939244e-03
2.63128520e-03
1.08179373e-01
3.45922438e-01
6.78283641e-04
-4.81352163e-02
3.12994634e-01
1.48513558e-01
1.11546752e-01
-1.18595761e-02
-1.78006128e-01
0.00000000e+00
0.00000000e+00
0.00000000e+00
0.00000000e+00
0.00000000e+00
0.00000000e+00
-2.35058855e-02
4.44507768e-01
0.00000000e+00
0.00000000e+00
0.00000000e+00
0.00000000e+00
0.00000000e+00
0.00000000e+00
3.63436920e-01
-3.86942805e-01
4.44507768e-01
0.00000000e+00
0.00000000e+00
0.00000000e+00
0.00000000e+00
0.00000000e+00
0.00000000e+00
0.00000000e+00
0.00000000e+00
0.00000000e+00
0.00000000e+00
0.00000000e+00
0.00000000e+00
4.44507768e-01
-3.86942805e-01
3.63436920e-01
0.00000000e+00
-4.17009015e-01
-6.52309862e-01
4.90969856e-01
9.86904645e-01
3.16974831e-01
9.37839586e-01
3.62812980e-01
-2.94422706e-02
-1.07150083e-01
8.49711700e-02
-5.34144862e-01
-2.74062069e-02
2.52219193e-01
0.00000000e+00
0.00000000e+00
0.00000000e+00
0.00000000e+00
0.00000000e+00
0.00000000e+00
0.00000000e+00
0.00000000e+00
0.00000000e+00
0.00000000e+00
0.00000000e+00
0.00000000e+00
0.00000000e+00
0.00000000e+00
0.00000000e+00
0.00000000e+00
0.00000000e+00
0.00000000e+00
0.00000000e+00
0.00000000e+00
0.00000000e+00
0.00000000e+00
0.00000000e+00
0.00000000e+00
0.00000000e+00
0.00000000e+00
0.00000000e+00
0.00000000e+00
0.00000000e+00
0.00000000e+00
0.00000000e+00
0.00000000e+00
0.00000000e+00
0.00000000e+00
0.00000000e+00
0.00000000e+00
0.00000000e+00
0.00000000e+00
0.00000000e+00
0.00000000e+00
0.00000000e+00
0.00000000e+00
-7.58412167e-01
-1.81186786e+00
-8.40660589e-01
0.00000000e+00
0.00000000e+00
0.00000000e+00
4.23931565e-01
-5.56684241e-01
-6.24419285e-03
-4.47253474e-01
-4.49175955e-01
1.06414769e-01
1.58226776e-02
3.36121757e-01
1.54075362e-01
0.00000000e+00
5.34341486e-01
-4.92588398e-01
-6.52103305e-01
2.70376243e-01
-8.52382498e-02
-4.53826494e-01
1.81402993e-01
-1.40504830e-01
1.69918698e-01
2.50553000e-01
-3.50709195e-02
0.00000000e+00
0.00000000e+00
0.00000000e+00
1.86116761e-01
-9.02581806e-01
-1.11131726e-01
3.65545315e-01
-6.01102814e-01
-1.67376194e-01
2.90013994e-01
-1.68056420e-01
5.36836395e-02
0.00000000e+00
3.78196099e-01
2.25276932e-01
-3.09415049e-01
2.30369449e-01
-3.53832801e-02
6.47029515e-02
1.83801757e-01
-1.01475540e-01
2.18325858e-02
3.61912428e-01
-1.32313930e+00
0.00000000e+00
0.00000000e+00
0.00000000e+00
-7.06222333e-02
-5.51517624e-01
-3.89463271e-01
5.90657675e-01
-3.10191470e-01
-2.37744225e-01
8.26295415e-01
-8.45512580e-02
-1.11374588e-01
0.00000000e+00
1.73925365e-01
-2.17298472e-01
-4.53141730e-01
2.25724078e-01
-6.76463448e-01
9.10783392e-02
1.04997217e-01
-2.83520587e-01
-8.38166941e-02
1.33888212e-01
-2.20739349e-01
0.00000000e+00
0.00000000e+00
0.00000000e+00
5.97999286e-02
-9.28891489e-01
3.28877522e-01
9.08593477e-02
-1.15017045e-01
5.36364422e-01
-1.23947257e-02
1.02008081e-01
9.29055139e-02
0.00000000e+00
8.80646775e-02
-2.60648710e-01
-4.41529823e-01
1.19325688e-01
4.48633434e-01
5.52861067e-02
2.68723743e-02
-3.38046269e-01
-6.67106267e-02
-6.49775714e-03
136
6.04511665e-01
0.00000000e+00
0.00000000e+00
3.06393206e-01
5.81537485e-03
9.71250576e-02
1.06104542e-03
2.00993402e-01
2.42856392e-03
4.42123263e-01
1.93531127e-01
1.00034686e-01
-6.74670022e-02
-1.30614181e-01
6.69037728e-02
0.00000000e+00
0.00000000e+00
0.00000000e+00
0.00000000e+00
5.45596448e-02
8.43500657e-02
4.65601955e-01
0.00000000e+00
0.00000000e+00
0.00000000e+00
0.00000000e+00
0.00000000e+00
5.45596448e-02
3.67599261e-01
-2.83249195e-01
4.65601955e-01
0.00000000e+00
0.00000000e+00
0.00000000e+00
0.00000000e+00
0.00000000e+00
0.00000000e+00
0.00000000e+00
0.00000000e+00
0.00000000e+00
0.00000000e+00
0.00000000e+00
0.00000000e+00
0.00000000e+00
0.00000000e+00
0.00000000e+00
0.00000000e+00
-2.28689551e-01
6.67137744e-01
-2.38765706e-01
-1.45777812e+00
4.07589502e-01
1.45694042e-02
-1.05012046e-02
1.77531941e-01
-3.33573525e-01
0.00000000e+00
0.00000000e+00
0.00000000e+00
0.00000000e+00
4.65601955e-01
-2.83249195e-01
3.67599261e-01
0.00000000e+00
0.00000000e+00
0.00000000e+00
0.00000000e+00
0.00000000e+00
0.00000000e+00
0.00000000e+00
0.00000000e+00
0.00000000e+00
0.00000000e+00
0.00000000e+00
0.00000000e+00
0.00000000e+00
0.00000000e+00
0.00000000e+00
0.00000000e+00
0.00000000e+00
0.00000000e+00
0.00000000e+00
0.00000000e+00
0.00000000e+00
0.00000000e+00
0.00000000e+00
-1.06342533e+00
-1.50480479e+00
-1.41947790e+00
0.00000000e+00
0.00000000e+00
0.00000000e+00
5.71714714e-01
-2.05779478e+00
1.79843364e-01
-2.61606943e-01
-1.56797668e+00
-1.86600420e-01
-8.04741745e-02
7.17188160e-01
2.70953779e-01
0.00000000e+00
1.08213985e+00
-6.91648098e-01
-1.19230461e+00
6.01073293e-01
5.19535520e-01
1.26461305e-01
6.48838360e-01
-5.85983281e-01
-2.14925862e-01
7.02088590e-01
-1.87280693e+00
0.00000000e+00
0.00000000e+00
0.00000000e+00
6.95910894e-01
-2.70503448e+00
-4.47605035e-01
5.69557862e-01
-1.56844737e+00
-3.75423958e-01
8.22104456e-01
5.48952554e-01
1.32268105e-01
0.00000000e+00
1.16427738e+00
-6.32619809e-01
-1.02603638e+00
9.35661249e-01
-6.67152142e-01
3.70428751e-01
3.86685769e-01
-1.02048227e+00
1.06883819e-01
8.37263679e-01
3 1
2.2477e-01 -2.0784e-01
3 0
0 1 5 
217
-1.80730876e-01
-2.77721435e-01
4.80945251e-01
5.71536738e-02
-3.02958576e-03
-1.76921797e-02
-1.78795333e-01
1.36510541e-01
-4.96757107e-02
2.06189479e-02
-7.85366772e-02
4.46234011e-02
1.29306430e-01
-6.65336836e-02
0.00000000e+00
0.00000000e+00
0.00000000e+00
5.72907922e-02
1.13394158e-03
8.45871405e-03
-4.15954154e-02
-3.34062126e-03
1.05192991e-01
-1.96426253e-01
-1.35335491e-04
7.34425759e-03
2.69037683e-01
9.90876749e-02
2.28709941e-02
-2.49022067e-01
-3.64061448e-01
4.13562871e-02
0.00000000e+00
0.00000000e+00
0.00000000e+00
0.00000000e+00
2.15587651e-03
-3.53087893e-01
-1.07208877e-01
2.77410017e-01
0.00000000e+00
0.00000000e+00
0.00000000e+00
0.00000000e+00
2.15587651e-03
-1.68250954e-01
-1.91377488e-01
3.26878594e-01
0.00000000e+00
1.59015949e-01
-5.93103420e-01
2.77410017e-01
0.00000000e+00
0.00000000e+00
0.00000000e+00
0.00000000e+00
0.00000000e+00
0.00000000e+00
0.00000000e+00
0.00000000e+00
1.11851911e-02
-1.91377488e-01
-2.69445605e-03
0.00000000e+00
-7.75784482e-01
-8.47142626e-01
4.24589010e-01
1.06067193e+00
1.70464596e-01
7.47122279e-01
1.73006866e-01
-1.73545446e-01
9.52896746e-02
-5.63983223e-02
-6.18843145e-01
-1.23793974e-01
1.92941783e-01
0.00000000e+00
-3.05939716e-02
-1.98287206e-01
-1.22846534e-02
-7.70073224e-02
-1.37852251e-01
6.85534452e-02
0.00000000e+00
0.00000000e+00
0.00000000e+00
0.00000000e+00
0.00000000e+00
0.00000000e+00
0.00000000e+00
0.00000000e+00
0.00000000e+00
0.00000000e+00
0.00000000e+00
0.00000000e+00
0.00000000e+00
0.00000000e+00
0.00000000e+00
0.00000000e+00
0.00000000e+00
0.00000000e+00
0.00000000e+00
0.00000000e+00
0.00000000e+00
0.00000000e+00
0.00000000e+00
0.00000000e+00
0.00000000e+00
0.00000000e+00
0.00000000e+00
0.00000000e+00
0.00000000e+00
0.00000000e+00
0.00000000e+00
0.00000000e+00
0.00000000e+00
0.00000000e+00
0.00000000e+00
-6.54426115e-01
-1.67648599e+00
-1.10426589e+00
0.00000000e+00
0.00000000e+00
0.00000000e+00
4.23088885e-01
-3.70393639e-01
-1.75983831e-01
-4.04420403e-01
-3.94772573e-01
2.11865528e-01
-7.21013144e-02
4.92137177e-01
1.50525856e-01
0.00000000e+00
2.23865628e-01
-7.06387642e-01
-5.53245357e-01
2.38711457e-01
5.82659593e-03
-4.52047572e-01
1.48822402e-01
-1.62483302e-01
3.36187201e-02
2.59107491e-01
8.08349870e-02
0.00000000e+00
0.00000000e+00
0.00000000e+00
8.70210696e-02
-6.98879135e-01
-4.66153699e-02
4.31742110e-01
-6.31663004e-01
-1.85202216e-01
2.91651522e-01
-1.63355462e-01
5.28864260e-02
0.00000000e+00
4.10298961e-01
3.34753230e-01
-3.43919979e-01
1.78415527e-01
6.98992978e-04
3.24575993e-02
1.44944386e-01
-6.19047388e-02
-5.78011576e-02
3.05306226e-01
-1.33271923e+00
0.00000000e+00
0.00000000e+00
0.00000000e+00
-2.16827096e-01
-5.46396515e-01
-2.38022032e-01
7.34382991e-01
-3.11237684e-01
1.48904060e-01
7.30828088e-01
-1.65745728e-01
-2.45324621e-01
0.00000000e+00
1.21282947e-01
-1.96304516e-01
-2.89411530e-01
4.79320439e-02
-1.03701058e+00
4.35071194e-01
2.63939586e-01
-2.70597746e-01
-1.39440649e-01
-1.58741447e-01
-1.80488712e-01
0.00000000e+00
0.00000000e+00
0.00000000e+00
1.24149201e-01
-9.92649582e-01
-1.03693337e-01
-1.35972430e-01
-3.64861661e-01
3.69548116e-01
2.04198719e-01
1.91143855e-01
3.01490197e-01
0.00000000e+00
1.08918276e-01
-1.01833594e-01
-4.67432780e-01
1.44253309e-01
6.90714960e-01
6.72220565e-02
7.19598996e-02
-3.57514849e-01
-4.09984876e-03
7.39707810e-02
136
1.72930686e+00
0.00000000e+00
0.00000000e+00
4.45843228e-01
1.01238105e-02
4.76576760e-01
3.68418706e-03
8.06886870e-01
2.94764837e-03
7.25312249e-01
4.32169935e-01
3.57008541e-01
1.56422294e-01
9.29323551e-02
-3.45385153e-02
0.00000000e+00
0.00000000e+00
0.00000000e+00
0.00000000e+00
-1.83265581e-01
-4.85579574e-01
7.26927291e-01
1.67122472e+00
0.00000000e+00
0.00000000e+00
0.00000000e+00
0.00000000e+00
-1.83265581e-01
1.26201609e-02
-4.46798102e-01
2.00564482e-01
0.00000000e+00
1.29933189e+00
-7.72969077e-01
1.67122472e+00
0.00000000e+00
0.00000000e+00
0.00000000e+00
0.00000000e+00
0.00000000e+00
0.00000000e+00
0.00000000e+00
0.00000000e+00
0.00000000e+00
0.00000000e+00
0.00000000e+00
0.00000000e+00
-1.45443439e+00
3.88565489e-01
-6.41346191e-01
-1.33964902e+00
7.67088060e-01
3.10196773e-01
2.09878520e-01
2.63524597e-01
-1.07102934e+00
0.00000000e+00
-4.16879040e-01
-6.73168306e-01
-3.27060821e-01
4.70938812e-01
-4.46798102e-01
1.26055041e+00
0.00000000e+00
0.00000000e+00
0.00000000e+00
0.00000000e+00
0.00000000e+00
0.00000000e+00
0.00000000e+00
0.00000000e+00
0.00000000e+00
0.00000000e+00
0.00000000e+00
0.00000000e+00
0.00000000e+00
0.00000000e+00
0.00000000e+00
0.00000000e+00
0.00000000e+00
0.00000000e+00
0.00000000e+00
0.00000000e+00
0.00000000e+00
0.00000000e+00
0.00000000e+00
-1.05795320e+00
-1.55579507e+00
-1.49004437e+00
0.00000000e+00
0.00000000e+00
0.00000000e+00
7.01187412e-01
-2.67010855e+00
1.63030743e-01
-5.44616206e-01
-1.51306984e+00
-1.19857168e-01
-9.44091615e-02
8.18973542e-01
2.33750448e-01
0.00000000e+00
1.24208103e+00
-6.07777997e-01
-1.20948472e+00
6.17047904e-01
4.47836885e-01
1.55341566e-01
6.98268065e-01
-5.99156584e-01
-5.81813242e-02
8.49099572e-01
-1.89262202e+00
0.00000000e+00
0.00000000e+00
0.00000000e+00
6.62211738e-01
-3.05689507e+00
1.81407215e-01
7.61679287e-01
-1.14540434e+00
7.33380200e-02
5.20388259e-01
5.44088068e-01
-1.02359157e-01
0.00000000e+00
1.09862627e+00
-8.36329348e-01
-9.16610361e-01
9.73699625e-01
-9.20546884e-01
1.95172904e-01
2.89162897e-01
-1.09416907e+00
6.08790376e-02
8.19038890e-01
2 1
1.1540e-01 1.3065e-02
4 1
0 1 5 3 
217
6.30992969e-01
-5.20896560e-02
-3.28081321e-01
-1.79193487e-01
-9.44684968e-03
2.61771935e-01
3.48123673e-01
3.82588025e-01
6.64260941e-01
-2.13619848e-01
2.07355015e-01
-4.48947905e-01
-5.79299810e-01
-9.61000659e-01
3.65357352e-01
3.18684521e-03
-5.21956400e-01
2.65981258e-01
-2.14329781e-03
-4.75044885e-01
0.00000000e+00
0.00000000e+00
0.00000000e+00
0.00000000e+00
0.00000000e+00
0.00000000e+00
0.00000000e+00
0.00000000e+00
-2.79316264e-02
-7.49849044e-02
1.32057782e-01
0.00000000e+00
0.00000000e+00
0.00000000e+00
0.00000000e+00
0.00000000e+00
-2.36204537e-01
1.25312925e-01
1.80437325e-02
3.30403883e-01
3.93436966e-01
0.00000000e+00
0.00000000e+00
0.00000000e+00
-2.36204537e-01
-4.06339316e-01
3.04897697e-01
6.94894627e-01
0.00000000e+00
4.97088605e-02
-4.62874189e-01
6.58928137e-01
0.00000000e+00
-3.18750290e-01
-1.41944790e-01
-1.27517486e-01
0.00000000e+00
3.53790974e-01
-5.54797742e-01
3.93436966e-01
4.60125522e-01
3.04897697e-01
1.02174287e-01
0.00000000e+00
-6.67159504e-01
-1.13791116e+00
7.19917613e-01
7.53736447e-01
5.78234860e-01
3.54101202e-01
0.00000000e+00
-1.34030250e-01
-8.85411527e-01
3.93903379e-01
-6.42288340e-01
3.71119841e-01
-5.65186362e-01
0.00000000e+00
1.88653233e-01
-4.26088043e-01
3.22713792e-01
-2.68937979e-01
1.19625944e-01
-3.04859062e-01
0.00000000e+00
4.10148495e-01
2.77949207e-01
1.28387033e-01
-5.15667940e-01
9.24574411e-02
-2.61795461e-01
0.00000000e+00
0.00000000e+00
0.00000000e+00
0.00000000e+00
0.00000000e+00
0.00000000e+00
0.00000000e+00
0.00000000e+00
0.00000000e+00
0.00000000e+00
0.00000000e+00
0.00000000e+00
0.00000000e+00
0.00000000e+00
0.00000000e+00
0.00000000e+00
0.00000000e+00
0.00000000e+00
0.00000000e+00
0.00000000e+00
0.00000000e+00
0.00000000e+00
0.00000000e+00
0.00000000e+00
0.00000000e+00
0.00000000e+00
0.00000000e+00
0.00000000e+00
-1.68322595e+00
-8.41327552e-01
-1.79690156e+00
0.00000000e+00
0.00000000e+00
0.00000000e+00
-2.41217260e-01
-9.38977794e-01
-4.01186219e-01
9.48511687e-02
-1.04461694e+00
1.18110796e-01
4.52419258e-01
8.04581986e-02
1.30452037e-01
0.00000000e+00
4.42132811e-01
-5.65689423e-02
-1.64204655e+00
4.36809760e-01
4.68188998e-01
-6.59679420e-02
-1.43228888e-01
-1.85236954e-02
1.46122512e-01
3.85887134e-01
-6.31531400e-03
0.00000000e+00
0.00000000e+00
0.00000000e+00
4.05558797e-01
-8.83621257e-01
1.87433819e-01
-1.68575802e-01
-1.17581450e-01
4.42145379e-02
-1.41056594e-01
-1.04630996e-01
2.56157584e-01
0.00000000e+00
3.25503190e-01
-2.72726301e-01
-9.52993337e-03
1.21269834e-01
-5.12775533e-01
2.29923087e-01
3.90119471e-01
-1.95061992e-01
1.87382885e-01
2.51681340e-01
-1.02769178e+00
0.00000000e+00
0.00000000e+00
0.00000000e+00
4.91960606e-01
-1.68627604e+00
2.88300594e-01
5.96033980e-01
-1.38345762e+00
7.25481454e-01
9.33976735e-01
5.17882878e-01
2.21553437e-01
0.00000000e+00
4.37584959e-01
-1.01561033e+00
-1.64811393e+00
6.48476412e-01
-2.23544130e-01
4.07559116e-01
4.57786947e-01
-1.00419138e+00
5.32931270e-02
1.53611397e-01
-1.20662589e-01
0.00000000e+00
0.00000000e+00
0.00000000e+00
-2.43048117e-02
-1.11307012e+00
-2.19004940e-01
-9.26598018e-02
3.26069535e-01
-1.66265403e-01
1.70453822e-04
-2.29619693e-01
-4.77480373e-01
0.00000000e+00
2.97565861e-01
3.00695698e-01
4.86336293e-01
2.05520511e-01
-1.87355147e-02
4.76741393e-02
-6.76639755e-02
1.55002019e-01
1.43533687e-01
3.25573846e-01
136
1.48462686e+00
1.01357534e+00
-5.05656148e-03
4.71051519e-01
4.48682797e-03
0.00000000e+00
0.00000000e+00
0.00000000e+00
0.00000000e+00
0.00000000e+00
0.00000000e+00
9.55358365e-01
9.79765392e-01
7.97998169e-01
9.26866756e-01
0.00000000e+00
0.00000000e+00
0.00000000e+00
0.00000000e+00
-7.21752417e-01
-8.74615255e-01
4.13272099e-03
1.42746173e+00
1.64940008e+00
0.00000000e+00
0.00000000e+00
0.00000000e+00
-7.21752417e-01
-8.17186799e-01
-3.02809498e-01
1.07988062e+00
0.00000000e+00
3.95808837e-01
3.62191534e-01
1.76111653e+00
0.00000000e+00
-1.07415225e+00
-7.27061759e-01
-3.71796712e-01
0.00000000e+00
3.20422783e-01
-2.82280867e-01
1.64940008e+00
0.00000000e+00
0.00000000e+00
0.00000000e+00
0.00000000e+00
-1.45886622e+00
4.74364361e-01
-6.63075512e-01
-1.18590384e+00
0.00000000e+00
2.71753042e+00
2.80694777e-01
4.89140861e-01
-6.03900435e-01
0.00000000e+00
-2.56567140e+00
-8.65023285e-01
-7.51147089e-01
-2.97956187e-01
-3.02809498e-01
6.71161781e-01
-5.42570902e-01
2.19110815e-01
1.00856054e-01
0.00000000e+00
0.00000000e+00
0.00000000e+00
0.00000000e+00
0.00000000e+00
0.00000000e+00
0.00000000e+00
0.00000000e+00
0.00000000e+00
0.00000000e+00
0.00000000e+00
0.00000000e+00
0.00000000e+00
0.00000000e+00
0.00000000e+00
0.00000000e+00
0.00000000e+00
0.00000000e+00
0.00000000e+00
0.00000000e+00
-8.07337649e-01
-9.23960187e-01
-1.41531570e+00
0.00000000e+00
0.00000000e+00
0.00000000e+00
4.10986369e-01
-2.15751136e+00
3.69867504e-02
-1.81190245e-01
-1.03714127e+00
2.28272508e-01
4.15810566e-02
8.20167211e-01
-3.49861605e-01
0.00000000e+00
6.01190037e-01
-8.62453063e-01
-1.19282194e+00
8.61825755e-01
4.33715130e-01
4.24262833e-01
2.68140498e-01
-2.60799449e-01
2.61615650e-01
2.37719436e-01
-1.36710682e+00
0.00000000e+00
0.00000000e+00
0.00000000e+00
4.09402191e-01
-2.96160168e+00
4.74151937e-02
9.34386089e-01
-1.15938243e+00
7.05793086e-01
1.03765817e+00
6.17277748e-01
3.29490674e-01
0.00000000e+00
6.11008413e-01
-9.88236869e-01
-1.35441010e+00
7.89594721e-01
-3.82175981e-01
3.77412121e-01
4.20752611e-01
-1.19119949e+00
-6.25068670e-02
4.52215576e-01
12 1
-3.3613e-01 6.5771e-02
5 0
0 1 5 3 2 
217
1.51670688e-01
-4.75629041e-01
1.78231064e-01
-1.14239560e-01
9.74458461e-02
8.99843952e-02
1.11067292e-02
3.47264861e-02
-1.42403394e-01
-4.99178886e-02
-1.42709715e-01
5.14430993e-02
3.28231221e-01
1.13682754e-01
0.00000000e+00
0.00000000e+00
0.00000000e+00
-9.35045600e-03
1.59730696e-02
-4.07588923e-03
1.22816920e-01
-5.31695706e-04
4.18871073e-01
3.44644113e-02
3.93699870e-04
4.28787086e-01
2.27338319e-02
-7.90254967e-02
1.29800094e-01
4.28153109e-02
3.99043895e-02
0.00000000e+00
0.00000000e+00
0.00000000e+00
0.00000000e+00
0.00000000e+00
0.00000000e+00
-3.98674894e-01
-7.34527357e-02
1.93405595e-02
1.89853953e-01
3.33143026e-01
0.00000000e+00
0.00000000e+00
0.00000000e+00
-2.18476492e-01
-7.18051984e-02
8.20043696e-01
0.00000000e+00
1.16234614e-01
-9.01255415e-01
7.06429459e-01
0.00000000e+00
-2.36061978e-01
-2.71545681e-01
1.50388349e-01
0.00000000e+00
5.10385378e-02
-2.13942332e-01
1.57967943e-01
-1.41494533e-01
-1.12769582e-01
3.24474023e-01
0.00000000e+00
-1.39589344e+00
-7.76233446e-01
9.57781093e-01
1.28332433e+00
5.89783037e-01
8.96580357e-01
5.09206135e-02
-2.75530747e-01
-9.87295993e-03
1.43896184e-01
-5.74701682e-01
2.32384636e-01
1.67304189e-01
0.00000000e+00
2.36188755e-01
-2.50736359e-01
-5.83301403e-02
-1.09849066e-01
-2.61879271e-02
-2.56690549e-01
0.00000000e+00
4.91667060e-01
2.66291601e-01
-1.41769800e-01
-8.44038321e-01
-1.98226573e-01
-5.29645480e-01
-5.00052248e-02
-2.36565832e-01
1.00406037e-01
2.03918953e-01
-2.42869462e-01
2.34322791e-01
2.83242673e-01
0.00000000e+00
0.00000000e+00
0.00000000e+00
0.00000000e+00
0.00000000e+00
0.00000000e+00
0.00000000e+00
0.00000000e+00
0.00000000e+00
0.00000000e+00
0.00000000e+00
0.00000000e+00
0.00000000e+00
0.00000000e+00
0.00000000e+00
0.00000000e+00
0.00000000e+00
0.00000000e+00
0.00000000e+00
0.00000000e+00
0.00000000e+00
-1.06759995e+00
-2.00588672e+00
-1.09219806e+00
0.00000000e+00
0.00000000e+00
0.00000000e+00
1.99645386e-01
-4.37176161e-01
-2.90605482e-01
8.30789600e-02
-3.19325479e-01
1.11533845e-02
-4.68193265e-03
-4.20459880e-01
-1.08994497e-01
0.00000000e+00
5.37795089e-01
-1.79186534e-02
-3.49136019e-01
3.51280279e-01
-2.04042968e-01
-5.30416328e-01
6.82527940e-02
-2.22088405e-01
2.69696104e-01
2.91745753e-01
-9.03849580e-02
0.00000000e+00
0.00000000e+00
0.00000000e+00
1.89007100e-01
-9.33186495e-01
9.74854988e-02
-1.11638779e-01
-5.46472898e-01
-2.56224129e-03
2.79776018e-01
2.53500451e-01
1.19392442e-01
0.00000000e+00
3.62856051e-01
-2.20126943e-02
-4.77444833e-01
1.62380897e-01
8.96566873e-02
2.15494639e-01
1.35811716e-01
-6.72635577e-02
-1.75242221e-01
3.40077262e-01
-1.36185685e+00
0.00000000e+00
0.00000000e+00
0.00000000e+00
-1.77685519e-01
-5.85012432e-01
-2.02829092e-01
1.25037484e-01
-2.67391205e-01
2.14817788e-01
1.88954976e-01
1.12221597e-01
7.53519210e-02
0.00000000e+00
-1.38559175e-01
-3.34142144e-01
-4.70563413e-01
1.37215159e-01
1.99348957e-01
1.51122909e-01
7.28378641e-02
-2.59570954e-01
-3.56496385e-02
-1.67361928e-01
-2.99024312e-01
0.00000000e+00
0.00000000e+00
0.00000000e+00
2.09589779e-01
-1.16794550e+00
2.73390639e-02
1.65474573e-01
-3.35858161e-01
2.50440924e-01
2.37470015e-01
1.94805987e-01
2.77740981e-02
0.00000000e+00
4.39759512e-01
-3.42606860e-01
-2.96910844e-01
1.81600625e-01
-3.79396356e-02
2.12185150e-01
1.22888374e-01
-3.56973917e-01
-9.24291901e-02
2.62311696e-01
136
6.47285475e-01
0.00000000e+00
0.00000000e+00
1.48021523e-01
4.83879446e-03
1.32642954e-01
2.68352304e-03
3.58099734e-01
2.04452544e-03
4.94041668e-01
5.17547911e-02
-3.23196446e-02
2.34799267e-02
1.76756400e-02
9.26530936e-02
0.00000000e+00
0.00000000e+00
0.00000000e+00
0.00000000e+00
4.91897999e-01
-4.96630907e-01
-2.06725106e-01
1.29160373e-01
3.54230809e-01
3.75352307e-01
0.00000000e+00
0.00000000e+00
2.29678893e-01
-1.54528510e-01
-2.44311560e-01
3.96699562e-01
0.00000000e+00
2.00308024e-01
-3.51815545e-01
6.94424106e-01
0.00000000e+00
-2.95149995e-01
-2.58610804e-01
-3.50342753e-01
0.00000000e+00
4.41568090e-01
1.60738077e-02
2.64778661e-01
0.00000000e+00
0.00000000e+00
0.00000000e+00
0.00000000e+00
-5.50471710e-01
8.19901103e-01
-2.01078084e-01
-1.04050022e+00
4.60592331e-01
1.97976694e-02
7.54779091e-02
3.27352830e-01
-6.64780886e-01
0.00000000e+00
-5.99799749e-01
-3.19164321e-01
-6.26931308e-02
-3.51742792e-01
-5.06530665e-01
5.05526089e-01
-5.74080725e-01
3.16257712e-01
-9.64782554e-02
3.58474498e-01
4.18905704e-02
-2.56933726e-01
2.31219554e-01
-2.72232023e-01
0.00000000e+00
0.00000000e+00
0.00000000e+00
0.00000000e+00
0.00000000e+00
0.00000000e+00
0.00000000e+00
0.00000000e+00
0.00000000e+00
0.00000000e+00
0.00000000e+00
0.00000000e+00
0.00000000e+00
0.00000000e+00
0.00000000e+00
-9.49635609e-01
-1.46213759e+00
-1.32773253e+00
0.00000000e+00
0.00000000e+00
0.00000000e+00
6.57290230e-01
-2.22150378e+00
3.33971039e-02
-1.21758287e-01
-1.68487193e+00
-2.09375389e-01
1.67407267e-03
6.62931494e-01
1.87646681e-01
0.00000000e+00
1.22698735e+00
-3.51031233e-01
-1.28226702e+00
6.17033214e-01
3.71973031e-01
-1.01654094e-01
6.59482201e-01
-5.46085496e-01
-7.58578932e-02
8.48257206e-01
-1.77862475e+00
0.00000000e+00
0.00000000e+00
0.00000000e+00
4.83982076e-01
-2.67661814e+00
-7.72636704e-02
6.59703215e-01
-1.36674097e+00
4.67393825e-01
9.06844813e-01
3.83761414e-01
1.20703824e-01
0.00000000e+00
8.37570379e-01
-7.33461009e-01
-1.22318782e+00
7.74946501e-01
-2.93685073e-01
2.81423926e-01
3.13303002e-01
-1.21831388e+00
-1.40787341e-02
5.95091582e-01
17 1
-2.5635e-01 7.1144e-02
6 0
0 1 5 3 2 12 
217
3.44805467e-01
-1.24132895e+00
2.79552092e-01
2.28143959e-01
1.87697241e-01
1.96957682e-01
3.22226197e-01
-2.96276941e-01
-9.54663730e-02
-2.11458763e-01
-3.03519493e-01
1.50068709e-01
2.33867895e-01
3.00546233e-01
0.00000000e+00
0.00000000e+00
0.00000000e+00
3.54019658e-02
-5.74181584e-03
2.40557310e-01
7.57895421e-02
2.12382170e-03
7.38193386e-02
2.33613959e-01
7.65202446e-04
-1.83331740e-02
3.67842471e-01
1.83424252e-01
1.04010265e-01
-1.21198516e-01
-2.79115935e-01
0.00000000e+00
0.00000000e+00
0.00000000e+00
0.00000000e+00
0.00000000e+00
0.00000000e+00
-3.65321965e-01
-1.73133015e-01
1.74483887e-01
1.71798417e-01
3.85710706e-01
1.49836912e-01
0.00000000e+00
0.00000000e+00
-7.32490815e-02
-1.34667520e-01
9.99532190e-01
0.00000000e+00
-2.09680577e-03
-8.06295586e-01
6.18442127e-01
0.00000000e+00
-4.26614269e-01
0.00000000e+00
-2.03877047e-01
0.00000000e+00
1.23833650e-01
-1.20536270e-01
4.81197307e-01
-1.78465854e-01
-1.50441168e-01
6.72281965e-01
0.00000000e+00
-1.17236260e+00
-5.17384916e-01
9.82001830e-01
1.07297372e+00
5.35166240e-01
1.23569436e+00
-4.50642021e-02
-4.01802772e-01
-4.77710987e-01
3.31602639e-01
-4.80374298e-01
4.60069802e-01
2.14434369e-01
0.00000000e+00
5.40976191e-02
-3.16651927e-01
3.15247964e-01
-2.58822408e-01
-2.45401155e-02
3.23977535e-02
0.00000000e+00
5.38952720e-01
-1.08263710e-01
-3.42874013e-02
-5.79132504e-01
-1.59859852e-01
-5.15662651e-01
-7.58341472e-02
-2.78980327e-01
-1.10980553e-01
4.09808764e-01
-3.67597429e-01
2.89811178e-01
2.06189562e-02
0.00000000e+00
1.23194176e-01
-1.42389236e-04
1.51850574e-01
-1.56455605e-01
6.97607174e-02
8.17593565e-02
0.00000000e+00
0.00000000e+00
0.00000000e+00
0.00000000e+00
0.00000000e+00
0.00000000e+00
0.00000000e+00
0.00000000e+00
0.00000000e+00
0.00000000e+00
0.00000000e+00
0.00000000e+00
0.00000000e+00
0.00000000e+00
-5.31014707e-01
-1.74819766e+00
-8.44794532e-01
0.00000000e+00
0.00000000e+00
0.00000000e+00
3.11481504e-01
-4.38456810e-01
-1.17328857e-01
-2.76164074e-01
-4.76870176e-01
1.45627175e-01
4.69121551e-01
1.37174081e-01
-2.67681703e-01
0.00000000e+00
1.31046180e+00
-2.75712342e-01
-9.58339191e-01
1.98110070e-01
-2.17068352e-01
-1.33599268e+00
-3.14676077e-02
-3.67897952e-01
3.48753501e-01
9.97455533e-01
-6.55956538e-03
0.00000000e+00
0.00000000e+00
0.00000000e+00
2.61868088e-01
-7.40805409e-01
-1.37003299e-01
1.87359654e-01
-4.98761658e-01
-9.19537855e-02
7.09318618e-02
7.03391603e-03
1.50016741e-01
0.00000000e+00
-4.50995840e-02
1.11027060e-01
-2.28210163e-01
2.91235058e-01
-1.27509140e-01
5.74429427e-01
3.17037437e-01
-1.56601553e-01
2.50723137e-02
2.33734694e-02
-1.53376147e+00
0.00000000e+00
0.00000000e+00
0.00000000e+00
-4.06975653e-01
-6.52137089e-01
-2.40331467e-01
1.30530516e+00
-2.29491870e-01
-6.00187027e-02
7.92809900e-01
-2.32366178e-01
-7.58537526e-01
0.00000000e+00
-8.62547511e-02
-3.37966903e-01
-3.13488180e-01
1.32889557e-01
-1.28811330e-01
1.98315139e-01
-6.14440679e-04
-1.69731121e-01
-2.44595352e-01
-1.01760668e-01
-1.41958136e-01
0.00000000e+00
0.00000000e+00
0.00000000e+00
2.71076892e-01
-7.79912733e-01
2.71026440e-01
-2.80600343e-01
-1.62578144e-01
5.42996426e-01
-2.49129731e-01
2.97239319e-01
3.31252816e-01
0.00000000e+00
2.48358107e-01
-2.63249466e-01
-4.97553203e-01
1.33092676e-01
1.89940753e-01
-4.82681930e-02
7.56337396e-02
-3.62288321e-01
8.31349659e-03
1.32691334e-01
136
5.45683213e-01
0.00000000e+00
0.00000000e+00
2.41352092e-01
5.14149105e-03
1.33649463e-01
2.86449831e-04
1.70681658e-01
1.78495565e-03
5.31346527e-01
1.41077001e-04
-2.62195004e-02
9.57786503e-03
-5.78945804e-03
3.66267020e-02
0.00000000e+00
0.00000000e+00
0.00000000e+00
0.00000000e+00
5.87199470e-01
-4.38780537e-01
-2.35024627e-01
1.14859287e-02
1.37389070e-01
2.99085300e-01
1.84328607e-01
0.00000000e+00
4.04145073e-01
-2.21898959e-01
-4.74951297e-01
5.51875641e-01
0.00000000e+00
9.02143043e-02
-5.61351250e-01
8.99831572e-01
2.95467693e-01
-3.50735468e-01
-3.11866772e-01
-2.03352445e-01
0.00000000e+00
2.13095937e-01
-5.18000922e-02
2.43541540e-01
0.00000000e+00
0.00000000e+00
0.00000000e+00
0.00000000e+00
-6.76888910e-01
8.22644148e-01
-2.45261468e-01
-7.17281860e-01
4.50724081e-01
3.03223423e-03
3.57049342e-02
2.68993438e-01
-5.38242842e-01
0.00000000e+00
-3.11316534e-01
-3.26463055e-01
5.86905486e-02
-3.36158032e-01
-8.68183291e-02
4.00066099e-01
-5.34434061e-01
2.94404606e-01
-5.53800423e-02
3.08660926e-01
3.65401854e-02
-2.28105092e-01
2.16729250e-01
-1.83462817e-01
0.00000000e+00
4.96237501e-01
-1.14159452e-02
1.58137766e-01
-2.26586786e-01
0.00000000e+00
0.00000000e+00
0.00000000e+00
0.00000000e+00
0.00000000e+00
0.00000000e+00
0.00000000e+00
0.00000000e+00
0.00000000e+00
0.00000000e+00
-1.00588211e+00
-1.49140122e+00
-1.37279335e+00
0.00000000e+00
0.00000000e+00
0.00000000e+00
6.07492370e-01
-2.34448559e+00
1.14155035e-01
-1.48202411e-01
-1.69190060e+00
-2.09065044e-01
2.05907024e-02
6.15763655e-01
2.00997988e-01
0.00000000e+00
1.20547130e+00
-3.54267168e-01
-1.22003541e+00
6.28409061e-01
4.45254171e-01
-7.35164843e-02
6.39061411e-01
-5.09901628e-01
-1.04652011e-01
8.06037296e-01
-1.80569594e+00
0.00000000e+00
0.00000000e+00
0.00000000e+00
4.95792345e-01
-2.77676296e+00
-2.05760449e-01
6.42130112e-01
-1.46933761e+00
3.34949788e-01
9.80635411e-01
4.40942842e-01
2.07855393e-01
0.00000000e+00
8.84698647e-01
-7.40716002e-01
-1.19826452e+00
7.62208912e-01
-3.06250068e-01
3.99711789e-01
3.38795958e-01
-1.19387539e+00
-1.91644186e-02
6.16714277e-01
21 1
-5.3862e-01 1.7263e-01
7 0
0 1 5 3 2 12 17 
217
2.43712988e-01
-4.81315020e-01
5.62866862e-02
-1.83135729e-01
4.69064148e-02
3.29961143e-03
3.44675370e-02
-1.09451492e-01
-8.85038923e-02
-2.16702575e-01
-1.72401818e-02
6.89981049e-02
2.68083110e-01
1.06043521e-01
0.00000000e+00
0.00000000e+00
0.00000000e+00
3.72502614e-02
1.34625204e-02
4.62210816e-02
1.45833638e-01
3.47683695e-03
2.35684134e-01
2.27387945e-02
1.42710627e-03
3.82807893e-01
-1.18453684e-01
9.52337482e-02
9.47242566e-02
9.00799315e-02
-1.06283831e-02
0.00000000e+00
0.00000000e+00
0.00000000e+00
0.00000000e+00
0.00000000e+00
2.92149873e-01
-2.85058014e-01
-2.65336837e-01
-9.93295210e-02
4.52456596e-02
1.38905737e-01
1.30471076e-01
2.86665014e-01
3.56041279e-01
-4.07960934e-01
-2.72191688e-01
7.90556226e-01
0.00000000e+00
5.09962955e-02
-9.27992245e-01
8.52293359e-01
0.00000000e+00
-4.45220349e-01
-4.38779047e-02
5.03542574e-03
0.00000000e+00
8.31062690e-02
0.00000000e+00
3.99176230e-01
-2.80981505e-01
1.11204102e-01
1.21340518e-01
0.00000000e+00
-1.08426953e+00
-6.69308878e-01
9.48578704e-01
1.13522647e+00
3.79403818e-01
6.26785017e-01
-2.01710496e-02
-3.11133191e-01
-4.94142476e-01
3.14463854e-01
-5.46387274e-01
2.60553374e-01
1.72274872e-01
0.00000000e+00
-2.92484471e-02
-5.25204574e-01
1.13830168e-01
-9.24386988e-02
1.59131267e-01
4.09510988e-02
0.00000000e+00
4.40788159e-01
-1.89763589e-01
-1.51865289e-01
-7.81206304e-01
-4.52098822e-02
-4.32475446e-01
1.96886619e-01
-3.11885216e-01
-2.81418303e-01
2.06722581e-01
-1.06024708e-01
1.51989004e-01
-7.93024617e-03
0.00000000e+00
7.75815793e-02
-1.86887159e-01
1.69206055e-01
1.02781302e-01
-3.07464677e-03
-3.30379424e-01
0.00000000e+00
1.96169368e-01
1.78435948e-01
1.07437119e-01
-4.66024535e-01
-5.98934996e-02
-8.42190803e-02
0.00000000e+00
0.00000000e+00
0.00000000e+00
0.00000000e+00
0.00000000e+00
0.00000000e+00
0.00000000e+00
-8.90597253e-01
-2.01750207e+00
-8.13460851e-01
0.00000000e+00
0.00000000e+00
0.00000000e+00
3.36320140e-01
-4.70648870e-01
-2.15306190e-01
-4.66942070e-02
-4.32574881e-01
-1.29337742e-01
2.54761690e-01
-2.92373977e-01
-1.88011922e-01
0.00000000e+00
9.82951111e-01
-1.14620718e-01
-4.41645931e-01
2.02075122e-01
-4.23644529e-01
-2.37921715e-01
2.50503359e-01
-5.06944176e-01
2.42575059e-01
4.17077526e-01
-1.68782959e-01
0.00000000e+00
0.00000000e+00
0.00000000e+00
2.21077640e-01
-8.16189714e-01
1.22543880e-01
-6.71652522e-02
-6.00854175e-01
1.18575578e-01
5.84706056e-02
3.45412857e-01
1.37834965e-01
0.00000000e+00
1.13662853e-01
-6.02932714e-02
-4.05143770e-01
2.31914509e-01
5.17987599e-02
1.62242486e-01
1.73724462e-01
-1.31939412e-01
-1.09159339e-01
2.84703377e-01
-1.23543887e+00
0.00000000e+00
0.00000000e+00
0.00000000e+00
-1.01878290e-01
-6.24591156e-01
9.70867588e-02
-9.33233031e-02
-2.06944633e-01
4.57106914e-01
3.50419535e-01
-1.85400551e-01
-2.38854919e-01
0.00000000e+00
1.12581044e-01
-1.08984223e-01
-4.49271439e-01
3.96060888e-01
-1.42981631e-01
-9.69375445e-02
2.49103394e-01
-2.74058461e-01
-2.09965465e-01
-1.64605794e-01
-3.52207543e-01
0.00000000e+00
0.00000000e+00
0.00000000e+00
2.67233614e-01
-1.26103171e+00
8.46702257e-02
2.03916455e-01
-3.80993111e-01
1.47475572e-01
8.59727248e-02
2.82562484e-01
1.51995122e-01
0.00000000e+00
2.95878105e-01
-8.51668843e-02
-4.18853786e-01
-1.50918558e-02
8.04743513e-02
2.09753841e-01
3.02384422e-02
-2.57607338e-01
-1.13347450e-01
3.39713657e-01
136
5.53952425e-01
0.00000000e+00
0.00000000e+00
1.48677244e-01
5.18943484e-03
8.49174094e-02
2.72062309e-03
3.12874783e-01
1.76879695e-03
5.93116809e-01
1.60214688e-02
-1.40335870e-02
-4.43869835e-02
-4.43728082e-02
4.76075254e-02
0.00000000e+00
0.00000000e+00
0.00000000e+00
0.00000000e+00
5.55017752e-01
-3.75792316e-01
-2.42984094e-01
-1.01693996e-01
7.24361089e-02
2.79618600e-01
3.31920068e-01
3.54303019e-02
5.54429927e-01
-3.94531225e-01
-6.01369096e-01
5.42463019e-01
0.00000000e+00
1.59850741e-01
-5.57021672e-01
9.56391432e-01
4.27531128e-01
-5.49470747e-01
-3.20675602e-01
-3.07530304e-01
0.00000000e+00
3.61498895e-01
-4.19546276e-02
3.24666881e-01
0.00000000e+00
0.00000000e+00
0.00000000e+00
0.00000000e+00
-5.39386267e-01
8.18820573e-01
-2.49269181e-01
-4.94908721e-01
5.25245516e-01
3.37368790e-02
2.54053502e-02
2.59255109e-01
-6.06822071e-01
0.00000000e+00
-6.49152900e-01
-3.83835465e-01
-7.84594459e-02
-3.17125961e-01
-1.65656995e-01
4.04676713e-01
-4.93444502e-01
3.02848595e-01
-3.30274000e-02
2.65234220e-01
6.99351245e-02
-2.09116115e-01
2.26153136e-01
-1.04732857e-01
0.00000000e+00
4.46703349e-01
-9.30619048e-02
1.92215336e-01
-2.33343101e-01
0.00000000e+00
3.00736702e-01
-3.60303511e-01
1.74488976e-01
3.23912688e-01
0.00000000e+00
0.00000000e+00
0.00000000e+00
0.00000000e+00
0.00000000e+00
-9.28818655e-01
-1.52130408e+00
-1.32227775e+00
0.00000000e+00
0.00000000e+00
0.00000000e+00
6.21071644e-01
-2.29335588e+00
3.07227580e-02
-7.96225173e-02
-1.69006955e+00
-2.11265386e-01
4.85261824e-02
6.07231559e-01
1.97486363e-01
0.00000000e+00
1.20529599e+00
-3.02288346e-01
-1.26812115e+00
6.36803205e-01
3.91293489e-01
-1.09305709e-01
6.42079890e-01
-5.12457693e-01
-7.05154300e-02
8.34212833e-01
-1.81614166e+00
0.00000000e+00
0.00000000e+00
0.00000000e+00
4.76864760e-01
-2.76341533e+00
-1.12810780e-01
6.95835603e-01
-1.32654695e+00
5.28261937e-01
8.97855976e-01
4.16857550e-01
1.63836815e-01
0.00000000e+00
8.34236096e-01
-8.51956650e-01
-1.21461342e+00
7.68960611e-01
-2.61954532e-01
3.48613107e-01
3.02193780e-01
-1.25330288e+00
-3.14731126e-02
5.66415753e-01
7 1
-3.4091e-01 2.7065e-01
8 1
0 1 5 3 2 12 17 21 
217
3.60044168e-02
1.00398251e-01
1.26190526e-01
1.85717686e-01
-1.42228098e-01
6.08007466e-02
-6.82886869e-02
4.11584583e-01
2.57910112e-01
2.79751223e-01
4.18520869e-01
-4.77335765e-01
0.00000000e+00
0.00000000e+00
-9.36517873e-02
-3.33889691e-04
1.96078971e-03
1.29656204e-01
-6.06613599e-05
-1.95808723e-01
0.00000000e+00
0.00000000e+00
0.00000000e+00
0.00000000e+00
0.00000000e+00
0.00000000e+00
0.00000000e+00
0.00000000e+00
-3.91242848e-01
1.44136903e-02
2.05519939e-01
0.00000000e+00
0.00000000e+00
0.00000000e+00
0.00000000e+00
0.00000000e+00
9.35679545e-02
1.71240940e-01
-1.95498359e-01
-1.79702369e-01
-1.32430925e-01
-2.07443019e-01
1.82287251e-01
3.03982942e-01
4.11788546e-01
-8.74812159e-01
-4.54626786e-01
1.03958449e+00
0.00000000e+00
-5.65545654e-01
-1.06352161e+00
1.14674296e+00
1.08891470e+00
-1.08712545e+00
-3.37980338e-01
1.64776327e-01
0.00000000e+00
-2.51910521e-01
-6.54562747e-01
3.81944349e-01
-4.14313835e-01
-1.69945488e-01
5.26695785e-01
0.00000000e+00
8.23500667e-02
-1.23412524e-01
6.88555367e-02
8.29924903e-01
-1.15201187e-01
6.77642857e-01
0.00000000e+00
-1.86352232e-01
-6.96268383e-01
4.42493732e-01
-4.21754870e-01
-2.20137083e-01
-5.34609837e-01
0.00000000e+00
-4.94806672e-02
-2.81705914e-01
1.22573717e-03
-2.04849409e-01
8.42593468e-02
-1.36442616e-01
0.00000000e+00
-1.83133400e-03
2.34917330e-01
4.10202474e-02
-3.69599583e-01
-3.18449660e-03
-5.32983857e-01
-1.77696828e-01
-4.42689764e-01
-5.34179848e-01
4.71012148e-01
-3.61691231e-01
1.85378861e-01
-4.02666923e-02
0.00000000e+00
-6.19485319e-02
4.14261365e-02
1.78831765e-02
-3.89232286e-02
8.00697722e-02
4.74885260e-03
0.00000000e+00
2.45166934e-01
8.64377155e-02
-1.52107278e-02
-2.05418219e-01
-1.93951789e-01
5.68219003e-01
0.00000000e+00
-3.15575981e-01
-4.39707027e-01
1.80900653e-01
-1.99392210e-01
1.70679744e-01
-1.04081088e-01
-1.06268297e+00
-7.54520411e-01
-1.39268533e+00
0.00000000e+00
0.00000000e+00
0.00000000e+00
1.20517040e-01
-1.28232592e+00
2.27353532e-01
-2.67614215e-01
-8.50448573e-01
1.98055339e-01
-1.02845472e-01
1.08925312e-01
5.84289283e-01
0.00000000e+00
6.42438468e-01
1.84750724e-02
-1.07343412e+00
7.91849236e-01
-7.39195203e-02
7.77097186e-02
-9.91810995e-02
-5.07509873e-02
-4.47726339e-01
8.59479133e-02
-5.87650567e-02
0.00000000e+00
0.00000000e+00
0.00000000e+00
2.20955796e-01
1.24126410e-01
1.18826066e-02
1.48079035e-02
-5.42412271e-02
1.87579260e-01
2.36529232e-01
4.78609893e-02
-4.25435013e-02
0.00000000e+00
8.29143781e-02
-6.71267758e-01
-2.66439031e-01
5.55794488e-02
-3.84353227e-01
-7.71851374e-02
1.39725143e-01
-2.90244173e-01
4.38198041e-01
1.67349790e-01
-1.60418258e+00
0.00000000e+00
0.00000000e+00
0.00000000e+00
1.19693448e+00
-9.15603941e-02
4.01121374e-01
1.18126506e+00
-6.33383548e-01
1.04668617e+00
1.49633322e+00
1.17797751e+00
9.09617897e-01
0.00000000e+00
1.23408209e+00
-2.88403239e-01
-5.31504914e-01
1.08642100e+00
-6.38546793e-02
1.21067945e+00
1.13615117e+00
-4.84105035e-01
7.36733460e-01
9.48860382e-01
-9.99659075e-01
0.00000000e+00
0.00000000e+00
0.00000000e+00
5.68561983e-01
-1.10832069e-01
7.46847879e-01
7.14015429e-01
1.06172427e+00
8.05436763e-01
5.76504770e-01
6.29253605e-01
2.45825859e-01
0.00000000e+00
9.16954228e-01
1.12457552e+00
9.52903777e-01
9.83032536e-01
1.07699816e+00
6.42721904e-01
5.11308463e-01
1.00763420e+00
9.75825008e-01
9.50883818e-01
136
1.34820555e+00
8.90395174e-01
-2.93449205e-03
4.58203099e-01
2.05991435e-03
0.00000000e+00
0.00000000e+00
0.00000000e+00
0.00000000e+00
0.00000000e+00
0.00000000e+00
7.81946798e-01
7.54383669e-01
6.60981118e-01
7.00945316e-01
0.00000000e+00
0.00000000e+00
0.00000000e+00
0.00000000e+00
0.00000000e+00
-6.26644593e-01
-2.89521008e-01
-8.67364701e-02
1.81129069e-01
4.61812242e-01
7.85862971e-01
9.22303337e-01
-5.00240803e-01
-7.19693257e-01
-8.81415430e-01
9.75302143e-01
0.00000000e+00
4.15450480e-01
-1.63779443e-01
2.05117191e+00
0.00000000e+00
-1.06705816e+00
-1.03612998e+00
-1.33738521e-01
0.00000000e+00
6.65032530e-01
-6.38365142e-02
1.07588817e+00
0.00000000e+00
0.00000000e+00
0.00000000e+00
0.00000000e+00
-1.91414974e+00
4.29573830e-01
-6.27686996e-01
-9.46780484e-01
0.00000000e+00
2.38714713e+00
2.68554280e-01
4.97133047e-01
-7.11189331e-01
0.00000000e+00
-2.80039370e+00
-7.94408239e-01
-6.50269092e-01
-2.69775207e-01
1.80648279e-01
1.22443125e-01
-4.61968423e-01
2.74114475e-01
2.86598097e-02
1.70572406e-01
2.11152532e-01
-1.75457818e-01
1.65940140e-01
-1.22438916e-01
0.00000000e+00
1.33448107e+00
9.16784729e-02
3.30303591e-01
-2.33129321e-01
0.00000000e+00
-1.03852707e-01
-4.35045054e-01
2.95842446e-02
3.16290375e-01
0.00000000e+00
1.12169594e-01
-1.37966387e-01
1.14314664e-01
-8.26651180e-02
-1.03639532e+00
-8.60784552e-01
-1.57058376e+00
0.00000000e+00
0.00000000e+00
0.00000000e+00
4.26695779e-01
-2.90973345e+00
1.05036438e-02
-2.00152883e-01
-1.10503974e+00
1.36495013e-01
5.46831719e-02
7.08805688e-01
-8.48726740e-02
0.00000000e+00
6.47530866e-01
-5.72694231e-01
-1.28353580e+00
8.07196387e-01
4.17209251e-01
5.10784099e-01
4.46381299e-01
-2.62643854e-01
3.32427045e-01
3.49376630e-01
-1.28587973e+00
0.00000000e+00
0.00000000e+00
0.00000000e+00
4.61695836e-01
-2.90889918e+00
6.18762692e-02
8.60513789e-01
-1.14699611e+00
5.96829358e-01
1.03011964e+00
5.67013840e-01
1.13804255e-01
0.00000000e+00
7.04465464e-01
-9.24336204e-01
-1.13700522e+00
7.41276614e-01
-3.58736239e-01
4.06002541e-01
3.51168502e-01
-1.10149946e+00
-5.91494696e-02
4.55976044e-01
11 1
-6.4425e-01 3.2557e-01
8 1
0 1 5 3 2 12 17 21 
217
-2.52135972e-01
-6.72032626e-02
3.45952995e-01
-4.19653149e-01
-3.47364291e-01
1.92535192e-01
-2.74691367e-01
2.59805090e-01
-4.88418939e-01
5.00446427e-01
7.65732848e-01
-1.73928059e+00
9.26057761e-02
1.02441350e-01
-2.63366455e-01
3.54542898e-03
3.76640891e-01
1.12304824e-02
1.21532457e-03
3.55398977e-01
0.00000000e+00
0.00000000e+00
0.00000000e+00
0.00000000e+00
0.00000000e+00
0.00000000e+00
0.00000000e+00
0.00000000e+00
0.00000000e+00
2.93175382e-01
2.95585711e-01
0.00000000e+00
0.00000000e+00
0.00000000e+00
0.00000000e+00
0.00000000e+00
6.24051594e-02
-4.55215697e-01
-4.53779514e-01
-2.35929418e-01
1.71579432e-02
1.58142620e-01
1.31704213e-01
5.23378720e-01
-8.82939444e-02
-1.17771323e+00
-5.84443040e-01
9.61081431e-01
0.00000000e+00
-3.68731013e-01
-6.04258250e-01
1.63031671e+00
0.00000000e+00
-1.06885659e+00
-6.53997622e-01
7.78650462e-02
0.00000000e+00
-2.21372543e-01
0.00000000e+00
3.73559222e-01
-4.29739823e-01
1.68129359e-01
-5.29306681e-02
0.00000000e+00
-4.58285011e-01
-5.68603913e-01
4.99893676e-02
1.08741692e+00
1.56159671e-01
1.57705873e+00
0.00000000e+00
-2.74632026e-01
-7.85236859e-01
4.65094200e-03
-7.26534174e-02
1.78451119e-02
2.15392774e-01
0.00000000e+00
1.78642909e-01
-9.22126398e-02
-2.15456879e-01
7.17872407e-02
-2.15322003e-01
-5.52996010e-01
0.00000000e+00
-2.84163311e-01
5.85740101e-01
1.62179707e-01
-9.43923735e-01
-1.30152368e-01
-1.55627318e-02
0.00000000e+00
-1.78413513e-01
-5.61295469e-01
1.19374901e-01
-9.10088438e-02
-1.93097360e-01
-1.68776973e-02
0.00000000e+00
-3.64329818e-01
7.70693768e-02
-2.05479422e-01
-1.13129507e-02
3.17673268e-01
9.15339681e-01
0.00000000e+00
2.03605750e-01
3.71915758e-01
2.59415827e-01
-5.43884599e-01
-7.15157549e-01
-8.12251750e-01
0.00000000e+00
-2.85565866e-01
-3.22959830e-01
-1.26202392e-01
2.03030021e-01
1.59632286e-01
-5.10445004e-01
-7.78103950e-01
-1.02408089e+00
-1.34240379e+00
0.00000000e+00
0.00000000e+00
0.00000000e+00
-3.67171516e-02
-8.59400609e-01
-6.29242745e-01
-9.95734073e-01
-1.67353195e+00
9.63300094e-02
-1.01088343e-01
5.45633051e-01
3.34788330e-01
0.00000000e+00
1.10610541e+00
9.49495262e-01
-1.99601993e+00
9.72810122e-01
-4.78277557e-03
-1.71002121e-02
-2.07309579e-01
5.88461461e-01
2.64505358e-01
3.20394578e-01
-6.45595417e-02
0.00000000e+00
0.00000000e+00
0.00000000e+00
4.88754578e-01
-1.10152617e+00
5.05646594e-01
4.05971597e-01
2.35969970e-01
1.43743908e-01
2.17953811e-01
2.15940053e-01
-2.33569472e-01
0.00000000e+00
-5.84784408e-02
-1.84162776e+00
6.55830269e-01
3.88129449e-01
-3.38920649e-01
3.66773490e-02
2.11120907e-02
-4.06629936e-01
3.76326490e-01
2.24136729e-01
-2.25707875e+00
0.00000000e+00
0.00000000e+00
0.00000000e+00
1.18897127e+00
-2.27782081e-01
-2.38727003e-01
1.24922231e+00
-6.83449178e-01
1.86321277e+00
1.21020141e+00
8.96352251e-01
1.42359193e+00
0.00000000e+00
1.31428403e+00
-5.84649819e-01
-8.75164913e-01
1.43406611e+00
1.20647010e+00
1.53166270e+00
9.95882656e-01
-3.57364827e-01
5.65212556e-01
1.45706814e+00
-9.16521380e-01
0.00000000e+00
0.00000000e+00
0.00000000e+00
7.77000529e-01
-1.44008208e-01
1.45891530e+00
1.13939144e+00
1.04616770e+00
6.75492107e-01
1.17880310e+00
1.05705089e+00
-4.65448632e-01
0.00000000e+00
1.16587335e+00
1.50724004e+00
1.26313826e+00
1.00054862e+00
4.54754834e-01
4.44774488e-01
6.69444309e-01
1.29347198e+00
1.12304023e+00
8.66105451e-01
136
1.25229303e+00
8.51223983e-01
-6.19801034e-03
4.01069052e-01
8.79322981e-03
0.00000000e+00
0.00000000e+00
0.00000000e+00
0.00000000e+00
0.00000000e+00
0.00000000e+00
0.00000000e+00
1.04112304e+00
8.87509972e-01
1.14873090e+00
0.00000000e+00
0.00000000e+00
0.00000000e+00
0.00000000e+00
-2.14646904e-01
-5.01576453e-01
-2.43151816e-01
-1.75310695e-02
1.87125000e-01
3.68097950e-01
7.54494376e-01
9.19481952e-01
-2.86435736e-01
-9.04334813e-01
-9.91531451e-01
1.00793217e+00
0.00000000e+00
3.58965000e-01
-3.92832949e-01
2.06545966e+00
5.33965784e-01
-1.22179141e+00
-1.06172114e+00
-9.69926903e-02
0.00000000e+00
4.41915354e-01
-6.84098082e-02
1.02481604e+00
0.00000000e+00
0.00000000e+00
0.00000000e+00
0.00000000e+00
-1.42367627e+00
4.52889869e-01
-6.01880058e-01
-2.56787513e-01
0.00000000e+00
1.34082057e+00
-4.48848108e-02
3.58035426e-01
-8.08129682e-01
0.00000000e+00
-3.02090928e+00
-7.82872215e-01
-7.17611537e-01
-2.04976877e-01
1.70165136e-01
4.40522245e-01
-3.56710718e-01
3.06891396e-01
-9.30766610e-02
0.00000000e+00
9.12006691e-01
-1.88006391e-02
3.56970045e-01
-1.27195821e-01
0.00000000e+00
1.55578437e+00
1.07309376e-01
3.90294462e-01
-9.55284699e-02
0.00000000e+00
-4.98295340e-01
-4.16949644e-01
-9.97560995e-02
3.30078777e-01
0.00000000e+00
-2.44222993e-01
-1.87862326e-01
3.81791981e-02
-1.25568973e-01
-8.73017160e-01
-7.95314096e-01
-1.50525558e+00
0.00000000e+00
0.00000000e+00
0.00000000e+00
3.76041749e-01
-2.12295960e+00
1.06940691e-01
-2.49032422e-01
-8.55658335e-01
1.73473030e-01
8.56557659e-02
6.90819689e-01
1.60416199e-01
0.00000000e+00
4.91902329e-01
-7.39409376e-01
-1.42309452e+00
6.73618375e-01
4.00572925e-01
4.68158065e-01
4.31123886e-01
-5.70783085e-01
1.84517035e-01
2.12442026e-01
-1.20477866e+00
0.00000000e+00
0.00000000e+00
0.00000000e+00
3.63295706e-01
-2.88208218e+00
-1.07320324e-01
8.10469448e-01
-9.65622691e-01
6.98848991e-01
1.03951064e+00
5.40840307e-01
2.36306892e-01
0.00000000e+00
6.23567188e-01
-9.69323146e-01
-1.09447047e+00
7.92689736e-01
-4.81793725e-01
3.94489056e-01
3.37425434e-01
-9.58742002e-01
4.48858357e-02
3.72246646e-01
8 1
-8.2449e-01 3.6212e-01
8 1
0 1 5 3 2 12 17 21 
217
2.10436960e-01
1.02327356e-01
-1.20957328e-01
-2.46002996e-01
-3.02670158e-01
2.78976598e-01
-1.52424450e-02
2.69739436e-03
-7.07145328e-02
3.73424734e-01
7.34772725e-01
-1.03439482e+00
-1.35708629e-01
-6.95482914e-01
2.12964306e-01
-5.32975738e-03
2.49304769e-01
-2.52734623e-03
5.40859831e-03
1.80728367e-01
0.00000000e+00
0.00000000e+00
0.00000000e+00
0.00000000e+00
0.00000000e+00
0.00000000e+00
0.00000000e+00
0.00000000e+00
0.00000000e+00
-3.81387082e-01
-4.02430551e-01
3.68099982e-01
0.00000000e+00
0.00000000e+00
0.00000000e+00
0.00000000e+00
0.00000000e+00
-4.08125771e-02
2.57924113e-02
-1.80381701e-01
-7.79793549e-02
5.01766854e-02
-8.60827365e-02
5.36450056e-01
8.29320042e-01
-8.36023317e-01
-5.88286462e-01
9.04723330e-01
0.00000000e+00
-9.37502368e-01
-6.27823194e-01
1.20652446e+00
0.00000000e+00
-5.73926489e-01
-8.04115878e-01
3.57422516e-01
0.00000000e+00
-5.38577538e-02
-2.13895679e-01
3.63689332e-01
-3.54046279e-02
1.64115995e-01
9.84514161e-02
0.00000000e+00
-2.20612749e-01
-1.00726550e+00
2.71715999e-01
1.01061325e+00
1.59333711e-01
9.43330801e-01
0.00000000e+00
-3.87801465e-01
-1.44925316e+00
4.11972370e-01
1.49161404e-02
1.86266055e-01
5.25989641e-01
0.00000000e+00
-7.94688548e-02
2.26763265e-02
8.54111486e-02
-2.87831271e-01
2.04494666e-01
2.72469710e-01
0.00000000e+00
-5.69677360e-02
2.93401727e-01
2.88003735e-01
-7.31123876e-01
-2.05990395e-02
-6.65355525e-01
0.00000000e+00
-2.05652399e-01
-4.31001641e-01
2.79898062e-01
-6.39121480e-01
1.36191297e-01
9.40429212e-03
0.00000000e+00
-1.54076955e-01
-3.73870709e-02
1.06733208e-01
-1.25350903e-01
2.57780707e-01
4.31925590e-01
0.00000000e+00
3.92754103e-01
2.80501787e-01
6.79352418e-01
-3.09838410e-01
-8.61669561e-01
-8.10235952e-01
0.00000000e+00
-2.29274748e-01
-8.24823849e-02
1.61685016e-01
-2.10083162e-01
2.78026692e-01
-7.86042839e-01
-4.63381443e-01
-1.27143224e+00
-1.14903885e+00
0.00000000e+00
0.00000000e+00
0.00000000e+00
-1.27739200e-01
-1.71805103e+00
4.22949177e-02
4.98280401e-01
-8.67275008e-01
1.36936014e-02
-1.47356002e-01
-2.15961565e-01
4.92501824e-01
0.00000000e+00
8.26056470e-01
-4.10274625e-01
-1.29661638e+00
9.05632618e-01
-4.98731927e-02
1.13193088e-01
-3.14602180e-01
3.15248244e-01
4.82426807e-01
3.09382360e-01
2.15408100e-02
0.00000000e+00
0.00000000e+00
0.00000000e+00
5.16452947e-01
6.35754416e-02
-3.46818416e-01
-4.72183899e-01
-4.40202181e-01
-4.98611200e-02
1.60756459e-01
4.86163120e-01
-1.02133942e-01
0.00000000e+00
1.87277083e-01
-6.76181283e-01
1.17661731e-01
1.57997508e-01
-1.94348372e-02
-1.56160053e-01
2.04981698e-01
2.08533676e-02
1.32683739e-01
2.36113447e-01
-1.32721879e+00
0.00000000e+00
0.00000000e+00
0.00000000e+00
3.59959148e-01
-1.24378196e+00
3.81666715e-01
4.28040735e-01
-6.43942433e-01
-3.98154953e-01
5.06421724e-01
6.56790370e-01
4.73524334e-01
0.00000000e+00
4.63555009e-01
-9.66176734e-01
-2.00653171e+00
4.38946265e-01
2.62325110e-01
3.97013414e-01
7.97713030e-01
-1.09024533e+00
-5.47008297e-01
4.02666774e-01
-1.67466653e-01
0.00000000e+00
0.00000000e+00
0.00000000e+00
-8.31654817e-02
-9.87042492e-01
-1.86989951e-01
1.05484942e-01
-2.32075785e-01
5.87160966e-01
3.50310611e-01
-1.81741236e-01
-5.83422800e-01
0.00000000e+00
1.40085462e-01
5.44991731e-01
6.23199326e-01
1.38215348e-01
-1.73336458e-01
-1.05029199e-01
-5.94257720e-01
1.65029554e-01
2.71719851e-01
3.33966782e-02
136
8.16472684e-01
5.76848699e-01
-3.16742590e-03
2.39623986e-01
2.06896424e-03
0.00000000e+00
0.00000000e+00
0.00000000e+00
0.00000000e+00
0.00000000e+00
0.00000000e+00
0.00000000e+00
9.33878003e-01
9.04059053e-01
3.91437803e-01
0.00000000e+00
0.00000000e+00
0.00000000e+00
0.00000000e+00
-2.64154215e-02
-4.53200951e-01
-3.11609287e-01
-1.26294271e-01
8.02410646e-02
3.15329586e-01
6.64856229e-01
6.73565736e-01
-1.75444195e-01
-8.45713127e-01
-9.42086667e-01
5.53708011e-01
0.00000000e+00
4.53931142e-01
-4.56550792e-01
1.61856296e+00
7.13769751e-01
-9.65900305e-01
-6.17230018e-01
-2.80317628e-01
0.00000000e+00
7.37426680e-01
9.19505108e-03
7.44362319e-01
0.00000000e+00
0.00000000e+00
0.00000000e+00
0.00000000e+00
-1.19958737e+00
5.37262759e-01
-4.77998666e-01
-2.48966278e-01
0.00000000e+00
1.51047129e+00
1.56376752e-02
4.82016139e-01
-7.50979353e-01
0.00000000e+00
-2.55921418e+00
-6.97355790e-01
-6.11369817e-01
-2.63345560e-01
8.43426943e-02
3.29972640e-01
-3.77580289e-01
2.34784524e-01
4.30482348e-02
0.00000000e+00
9.21798859e-01
-1.39304022e-02
3.54908832e-01
-9.74761975e-02
0.00000000e+00
8.90956093e-01
2.74517718e-02
2.62303670e-01
-1.49029087e-01
0.00000000e+00
-3.18884080e-01
-4.04703950e-01
-3.78134687e-02
2.73357992e-01
0.00000000e+00
6.41882811e-02
-1.43175351e-01
1.04649146e-01
-1.98031914e-01
-1.01112347e+00
-8.12220782e-01
-1.57115476e+00
0.00000000e+00
0.00000000e+00
0.00000000e+00
3.87362577e-01
-2.41616790e+00
1.23195687e-01
-2.06684264e-01
-9.13241327e-01
2.77294671e-01
9.57979182e-02
6.14612400e-01
2.61658112e-02
0.00000000e+00
5.07204696e-01
-7.04902333e-01
-1.33141999e+00
7.12297771e-01
2.60152716e-01
4.66164598e-01
4.73415748e-01
-4.07893199e-01
2.15955691e-01
2.49533974e-01
-1.26711918e+00
0.00000000e+00
0.00000000e+00
0.00000000e+00
4.63527677e-01
-3.28970507e+00
-1.00393130e-01
8.10586966e-01
-1.03829240e+00
5.52354762e-01
9.66769132e-01
5.65066950e-01
2.42458211e-01
0.00000000e+00
7.31648783e-01
-1.08644955e+00
-1.09404571e+00
8.36695491e-01
-3.91051960e-01
4.23160435e-01
4.29080577e-01
-9.44197745e-01
1.37829165e-01
5.17838241e-01
16 1
-9.4503e-01 4.1204e-01
8 1
0 1 5 3 2 12 17 21 
217
-2.00984473e-01
-3.69249328e-01
5.35985156e-01
-2.98023099e-02
-1.02211962e-01
5.09817024e-01
1.94411772e-01
-3.57495789e-01
-1.56727095e-01
-8.95700041e-01
-8.59888295e-01
8.39441140e-02
7.23431107e-01
6.97477387e-01
-1.06459307e-01
9.92183605e-03
-1.77484890e-02
-9.45251653e-02
7.87646855e-03
2.50808309e-01
0.00000000e+00
0.00000000e+00
0.00000000e+00
0.00000000e+00
0.00000000e+00
0.00000000e+00
0.00000000e+00
0.00000000e+00
0.00000000e+00
1.22128177e-01
-7.02872695e-02
0.00000000e+00
0.00000000e+00
0.00000000e+00
0.00000000e+00
0.00000000e+00
3.76221499e-01
-1.11815368e-01
-4.97206111e-01
-4.07954685e-01
-1.68364275e-01
8.02882089e-02
3.46526194e-01
1.81320065e-01
1.32056284e-01
-1.31408060e+00
-6.83179722e-01
7.89451984e-01
0.00000000e+00
-3.94559936e-01
1.25232614e-01
1.22254692e+00
0.00000000e+00
-6.38107913e-01
-4.08557834e-01
-5.85332330e-02
0.00000000e+00
1.93243891e-01
0.00000000e+00
6.36843702e-01
-4.06217737e-01
1.39222029e-01
-3.10210263e-01
0.00000000e+00
-6.37789294e-01
-6.29719508e-01
5.91906268e-02
1.04535939e+00
3.77614195e-01
6.83775042e-01
0.00000000e+00
1.14378710e-02
-1.49091418e+00
-3.91985560e-03
5.82560405e-02
-2.08502488e-01
-3.52614907e-01
0.00000000e+00
2.18822198e-02
-2.06175009e-01
-1.91058731e-01
-4.09106033e-01
-3.18079609e-02
2.24344549e-01
0.00000000e+00
-2.92479557e-01
6.40573179e-02
3.37906173e-02
-7.60758590e-01
5.77044672e-02
2.09926101e-01
0.00000000e+00
-4.63885669e-01
1.51174289e-01
5.16100513e-01
-2.60869895e-01
-2.53199317e-01
-4.14983021e-01
0.00000000e+00
-4.79157001e-01
-1.43011836e-01
7.91685846e-02
-3.82282206e-01
1.99003944e-01
-1.98981363e-01
0.00000000e+00
4.62181341e-02
4.59108771e-01
-8.01250099e-02
-3.85579075e-01
-1.67077597e-01
-6.94908490e-02
0.00000000e+00
-1.37537253e-01
-3.54203121e-01
2.79773861e-01
-1.86688127e-01
-3.43221081e-01
-1.68966702e+00
-7.98440342e-01
-9.54327839e-01
-2.51798754e+00
0.00000000e+00
0.00000000e+00
0.00000000e+00
1.30515260e+00
-1.76480478e-01
9.91976533e-01
5.58793268e-01
-2.61053400e-01
6.19457400e-01
8.67998689e-01
9.34762665e-01
1.20637393e+00
0.00000000e+00
1.40100754e+00
-2.70168431e-01
-2.36990001e+00
1.71875583e+00
1.66922885e+00
1.11259629e+00
5.53520963e-01
9.30469983e-01
1.04776629e+00
1.61742324e+00
-6.01432592e-01
0.00000000e+00
0.00000000e+00
0.00000000e+00
1.03769208e+00
-1.28819747e-01
6.01338983e-01
9.89720493e-01
7.92693450e-01
8.17059693e-01
9.40675208e-01
1.25763274e+00
7.39401878e-01
0.00000000e+00
9.90282706e-01
7.20427105e-01
1.72661135e+00
7.68913810e-01
-2.99500448e-02
8.42883604e-01
1.43249572e+00
6.40120407e-01
1.11424995e+00
7.86454443e-01
-1.94383157e+00
0.00000000e+00
0.00000000e+00
0.00000000e+00
8.52050954e-01
-5.95352131e-02
1.09534877e+00
1.22659130e+00
-9.82493371e-01
8.60732419e-01
1.86868949e+00
1.50862708e+00
1.80652238e+00
0.00000000e+00
1.13830381e+00
2.47285177e-02
-1.19313591e+00
1.21136781e+00
1.71331550e-01
1.62924529e+00
1.43041008e+00
-3.25620574e-01
1.20119445e+00
1.28606137e+00
-9.95716228e-01
0.00000000e+00
0.00000000e+00
0.00000000e+00
1.05847717e+00
-7.56982413e-02
4.31065390e-01
1.13684243e+00
1.62299872e+00
1.22981940e+00
9.53593011e-01
7.36110743e-01
-1.69733033e-01
0.00000000e+00
1.40127501e+00
1.06246326e+00
9.43101534e-01
1.21780111e+00
1.10123143e+00
7.07561510e-01
4.94803301e-01
1.15698100e+00
9.17492373e-01
7.81602384e-01
136
1.46964179e+00
9.24530470e-01
-6.16487047e-03
5.45111321e-01
6.21161038e-03
0.00000000e+00
0.00000000e+00
0.00000000e+00
0.00000000e+00
0.00000000e+00
0.00000000e+00
0.00000000e+00
8.66545760e-01
7.98265844e-01
1.32239133e+00
0.00000000e+00
0.00000000e+00
0.00000000e+00
0.00000000e+00
-2.74736377e-01
-4.77310281e-01
-2.45918946e-01
-1.20957529e-02
1.85913889e-01
4.03674360e-01
8.26236054e-01
1.06387884e+00
-1.14542075e-01
-9.06830088e-01
-1.01216211e+00
6.93869305e-01
0.00000000e+00
4.32718089e-01
-3.93350433e-01
1.92611015e+00
3.22919985e-01
-1.07885787e+00
-9.08563082e-01
-1.65504991e-01
0.00000000e+00
6.76284967e-01
3.40466881e-01
8.82445294e-01
0.00000000e+00
0.00000000e+00
0.00000000e+00
0.00000000e+00
-9.90593066e-01
5.13703058e-01
-5.11326711e-01
-2.85293167e-01
0.00000000e+00
1.52235566e+00
8.87455507e-02
4.25337199e-01
-8.60454390e-01
0.00000000e+00
-3.16967092e+00
-8.03169379e-01
-7.61886513e-01
-1.91785557e-01
8.51911149e-02
3.47424103e-01
-3.68366954e-01
2.45705131e-01
-1.62229078e-02
0.00000000e+00
6.51061316e-01
-1.11601039e-01
2.78186551e-01
-1.67660721e-01
0.00000000e+00
1.75523266e+00
1.80236772e-01
3.98803629e-01
-1.42911172e-01
0.00000000e+00
-7.64951842e-01
-4.51684795e-01
-1.49782170e-01
2.92028820e-01
0.00000000e+00
-4.35495882e-01
-2.05522696e-01
-8.00352550e-03
-1.82592400e-01
-7.60419188e-01
-8.53120591e-01
-1.45162827e+00
0.00000000e+00
0.00000000e+00
0.00000000e+00
3.82487119e-01
-2.10381368e+00
1.13091858e-01
-3.00292470e-01
-9.79152376e-01
1.79765944e-01
6.75055320e-02
6.78184096e-01
5.63352544e-02
0.00000000e+00
5.48198271e-01
-7.14639468e-01
-1.25351233e+00
8.14520063e-01
3.13420264e-01
4.70297622e-01
3.75316319e-01
-4.80851806e-01
1.81884573e-01
1.99626946e-01
-1.30496063e+00
0.00000000e+00
0.00000000e+00
0.00000000e+00
3.75325262e-01
-3.03692188e+00
-7.11613729e-02
7.68803848e-01
-1.07844434e+00
6.62601990e-01
9.46941382e-01
5.93053416e-01
1.63651541e-01
0.00000000e+00
6.31832209e-01
-8.98609013e-01
-1.02292277e+00
8.12087686e-01
-4.28205758e-01
3.75704792e-01
3.60646244e-01
-9.90943252e-01
6.91994506e-02
4.62399937e-01
9 1
-8.9706e-01 4.1929e-01
8 1
0 1 5 3 2 12 17 21 
217
4.05340213e-01
-5.64735505e-02
-8.19522853e-02
-2.24963575e-02
5.75141820e-02
4.76216551e-02
1.72724747e-01
-3.51432807e-01
4.63590614e-02
-3.86175035e-01
1.65514436e-01
-4.19009381e-01
-3.67722126e-02
6.93022740e-01
3.29969295e-01
-1.46491134e-03
1.11564822e-01
7.53709186e-02
7.13593210e-03
8.73596766e-02
0.00000000e+00
0.00000000e+00
0.00000000e+00
0.00000000e+00
0.00000000e+00
0.00000000e+00
0.00000000e+00
0.00000000e+00
0.00000000e+00
-3.23080807e-01
-2.77409381e-01
0.00000000e+00
0.00000000e+00
0.00000000e+00
0.00000000e+00
0.00000000e+00
0.00000000e+00
-6.56288639e-01
-4.29875220e-01
-1.60105451e-01
-1.05159601e-01
1.85193645e-01
2.75073478e-01
5.12111826e-01
0.00000000e+00
-1.30887429e+00
5.95342387e-01
5.84127871e-01
0.00000000e+00
5.70748143e-02
0.00000000e+00
1.93159603e+00
0.00000000e+00
-1.49405477e+00
1.63906607e-01
-3.40097067e-01
0.00000000e+00
2.92102299e-01
0.00000000e+00
1.02588242e+00
-3.75175294e-01
-3.48640037e-01
3.44765369e-01
0.00000000e+00
-3.42417094e-01
-5.15556074e-01
2.42155377e-01
8.70817111e-01
5.05601930e-01
1.04945368e+00
0.00000000e+00
2.06166882e-02
-1.14593134e+00
3.71683874e-01
-4.97552033e-01
1.30396513e-02
2.07974282e-01
0.00000000e+00
6.74719373e-01
-5.55745908e-01
-1.15105050e-01
-2.21692160e-01
-1.54274110e-01
-1.32400618e-01
0.00000000e+00
1.36350414e-01
3.00396839e-02
2.10546003e-01
-3.50111893e-01
5.84437963e-02
-7.57167456e-01
0.00000000e+00
-3.50139673e-01
-1.78162394e-01
2.90932541e-01
-1.59004154e-01
4.64547345e-01
2.80864345e-01
0.00000000e+00
-1.55752693e-01
-8.96519650e-02
-1.04043473e-03
-2.81074981e-01
5.62133341e-01
-2.30095856e-02
0.00000000e+00
3.49200454e-01
2.57224317e-01
1.44473120e-01
-3.24945536e-01
-8.83333608e-02
4.35586856e-01
0.00000000e+00
-1.30259301e-02
-5.59842819e-02
1.36861012e-01
-1.60545371e-01
2.81505132e-01
-3.42961955e-01
-1.31538152e+00
-1.04812527e+00
-2.56355422e+00
0.00000000e+00
0.00000000e+00
0.00000000e+00
5.50120307e-01
-3.39624083e-01
6.36486619e-01
2.25980474e-01
-6.67314435e-01
6.05995897e-01
1.44550885e+00
4.83880140e-01
1.90587540e+00
0.00000000e+00
1.60359366e+00
1.06545899e+00
-6.32679520e-01
1.54967150e+00
4.84766569e-01
5.97846352e-01
1.31670504e+00
5.08696174e-01
1.09531094e+00
1.08923374e+00
-7.01904557e-01
0.00000000e+00
0.00000000e+00
0.00000000e+00
1.05465754e+00
-1.33837641e-01
8.67924766e-01
8.29362275e-01
6.62974412e-01
9.42584477e-01
4.61604397e-01
1.09664929e+00
2.26242379e-01
0.00000000e+00
7.41351995e-01
4.34711702e-01
5.42004897e-01
7.22579073e-01
8.82799861e-01
1.47700355e+00
1.24521966e+00
7.27134724e-01
6.99040194e-01
9.38365550e-01
-2.01647629e+00
0.00000000e+00
0.00000000e+00
0.00000000e+00
1.99356766e+00
-1.85775760e-01
1.40203707e+00
1.58486802e+00
-6.01603753e-01
1.14809999e+00
1.61449586e+00
1.61231915e+00
1.30760609e+00
0.00000000e+00
1.82645390e+00
-7.35361270e-01
-3.24108236e-01
1.82213393e+00
3.71995614e-01
1.79890553e+00
1.55571326e+00
-2.72418393e-01
9.42567047e-01
1.71246331e+00
-1.41095676e+00
0.00000000e+00
0.00000000e+00
0.00000000e+00
6.99890346e-01
-1.44841157e-01
8.28263900e-01
1.18657609e+00
1.56700685e+00
1.18326504e+00
1.30687745e+00
1.02423356e+00
8.74760203e-01
0.00000000e+00
1.07611704e+00
1.83012679e+00
1.17883488e+00
1.27791504e+00
1.16337080e+00
8.75287777e-01
9.02438764e-01
1.53085261e+00
1.37552167e+00
1.05521777e+00
136
9.22795412e-01
6.02613686e-01
-3.20993438e-03
3.20181726e-01
4.47364618e-03
0.00000000e+00
0.00000000e+00
0.00000000e+00
0.00000000e+00
0.00000000e+00
0.00000000e+00
0.00000000e+00
8.25536438e-01
7.32065277e-01
6.75407130e-01
0.00000000e+00
0.00000000e+00
0.00000000e+00
0.00000000e+00
-1.61267019e-01
-2.94783256e-01
-2.36935979e-01
-8.53311791e-02
1.00397831e-01
2.40807113e-01
6.27404576e-01
7.32503324e-01
-1.67760189e-01
-6.74827289e-01
-9.03497545e-01
8.11366389e-01
0.00000000e+00
3.14902685e-01
-4.25739174e-01
1.57559751e+00
3.17787594e-01
-8.20458011e-01
-6.58186857e-01
-1.67564982e-01
0.00000000e+00
5.97467466e-01
5.39012853e-02
6.27308081e-01
0.00000000e+00
0.00000000e+00
0.00000000e+00
0.00000000e+00
-1.34099643e+00
4.73712066e-01
-5.61466367e-01
-3.30310783e-01
0.00000000e+00
1.19241036e+00
8.63023387e-02
3.45132395e-01
-8.83657125e-01
0.00000000e+00
-2.26314089e+00
-6.41091340e-01
-4.89380223e-01
-1.74639198e-01
1.17996133e-01
1.32076090e-01
-4.23953838e-01
2.44205227e-01
2.11588031e-02
0.00000000e+00
7.93186254e-01
1.26475292e-02
2.67329042e-01
-1.35356897e-01
0.00000000e+00
1.07673510e+00
9.14014655e-02
2.67716537e-01
-1.37107882e-01
0.00000000e+00
-3.37849370e-02
-3.43798220e-01
3.14806263e-02
2.87627228e-01
0.00000000e+00
-1.06635202e-01
-1.58848343e-01
8.99381605e-02
-2.15593756e-01
-7.81897523e-01
-7.62471527e-01
-1.46887110e+00
0.00000000e+00
0.00000000e+00
0.00000000e+00
4.22006678e-01
-2.12934075e+00
8.73423735e-02
-1.49486441e-01
-1.01882068e+00
2.25369646e-01
4.99513249e-02
6.63988740e-01
7.13303704e-03
0.00000000e+00
5.67960988e-01
-8.40740141e-01
-1.24834456e+00
8.95870927e-01
2.38083065e-01
3.68316024e-01
2.27222579e-01
-3.36788986e-01
2.16850339e-01
2.84554729e-01
-1.25012753e+00
0.00000000e+00
0.00000000e+00
0.00000000e+00
4.28506892e-01
-2.86692481e+00
-1.46452259e-01
7.79474046e-01
-9.68716158e-01
6.64900168e-01
9.53909260e-01
5.52776341e-01
1.86603744e-01
0.00000000e+00
5.95247303e-01
-9.32349576e-01
-1.11246943e+00
7.41932468e-01
-3.46565947e-01
3.60841244e-01
3.45750541e-01
-9.91061026e-01
6.95556627e-02
4.34914019e-01
10 1
-8.9016e-01 4.2327e-01
8 1
0 1 5 3 2 12 17 21 
217
1.22884413e-02
-2.53994118e-01
5.64197136e-01
-3.42754314e-01
-1.24702293e-01
-7.16032080e-02
-1.91691091e-01
-6.90357623e-01
-6.32582949e-01
-6.95799541e-01
-1.52089148e-01
-9.12036196e-02
1.11335392e+00
-5.83315296e-02
1.13736148e-01
-9.70683659e-04
4.43213626e-01
-1.01447707e-01
3.23786873e-03
4.89782109e-01
0.00000000e+00
0.00000000e+00
0.00000000e+00
0.00000000e+00
0.00000000e+00
0.00000000e+00
0.00000000e+00
0.00000000e+00
0.00000000e+00
-9.97430655e-01
-8.51953823e-01
0.00000000e+00
0.00000000e+00
0.00000000e+00
0.00000000e+00
0.00000000e+00
0.00000000e+00
9.00305705e-02
-1.04304246e-01
-3.53884941e-02
1.18979388e-01
6.38395600e-02
-3.89962829e-02
4.85180018e-02
0.00000000e+00
-1.37329749e+00
-3.82782120e-01
4.70717368e-01
0.00000000e+00
-7.68308780e-01
-1.27138407e+00
8.45647824e-01
0.00000000e+00
-6.91406410e-01
-2.71026831e-01
1.77721828e-01
0.00000000e+00
2.67696092e-01
0.00000000e+00
7.20695825e-01
-2.54669783e-01
-2.77993569e-01
6.75341850e-01
0.00000000e+00
3.62822183e-01
-4.60240308e-01
-2.13405333e-01
1.07152583e+00
-1.37128408e-01
9.72649040e-01
0.00000000e+00
-3.71247811e-01
-1.14525773e+00
4.27143304e-01
-4.99267125e-01
-4.36070513e-02
-7.87077233e-01
0.00000000e+00
1.23995122e-01
-3.09440976e-01
6.45369248e-03
-8.75377054e-02
-1.18160373e-01
-5.19841793e-01
0.00000000e+00
2.68768094e-01
1.69673537e-01
-2.87879258e-01
-4.47949090e-01
3.13996047e-02
1.01940787e-01
0.00000000e+00
-7.68995230e-01
5.07574569e-02
3.36662148e-01
8.68324395e-02
4.44621523e-01
9.33415985e-01
0.00000000e+00
-2.59606876e-01
3.88226334e-02
2.03969528e-01
-2.83378858e-01
6.79257897e-02
1.83491361e-01
0.00000000e+00
2.50870107e-01
3.64587503e-01
1.92638435e-02
-1.98803014e-04
-2.57845509e-01
-7.10249771e-01
0.00000000e+00
-1.06358757e-01
-3.38593924e-01
1.49889083e-01
-5.88317619e-02
-3.12418844e-02
8.37131537e-02
-1.37496852e+00
-1.14969123e+00
-1.83635894e+00
0.00000000e+00
0.00000000e+00
0.00000000e+00
2.88314300e-02
-3.45261585e-01
3.86308760e-01
-7.40553894e-01
-1.05871577e+00
3.13879335e-01
-2.56650306e-02
-1.97002079e-01
4.66576528e-01
0.00000000e+00
6.41641931e-01
-3.38933966e-01
-1.53428974e+00
3.56754719e-01
-5.96939961e-02
-5.42648384e-01
2.54305749e-01
2.00345057e-01
-8.46888886e-03
3.66230884e-01
1.46742547e-01
0.00000000e+00
0.00000000e+00
0.00000000e+00
4.29854529e-02
-4.53644069e-01
-1.70709221e-01
2.86005466e-01
-1.86678956e-01
1.34100442e-01
-3.63513909e-02
2.41734360e-01
-3.16427568e-01
0.00000000e+00
-3.33970849e-02
-1.57434003e-01
1.98975685e-02
4.30633218e-01
-3.75158160e-01
5.43266142e-01
1.57410829e-01
-2.24686580e-01
2.30822664e-01
1.43734383e-02
-2.10364701e+00
0.00000000e+00
0.00000000e+00
0.00000000e+00
1.63420724e+00
-1.62145163e-01
1.27707938e+00
1.44210282e+00
-9.08451064e-01
5.98070948e-01
1.39534928e+00
1.96264134e+00
9.24656482e-01
0.00000000e+00
1.45325016e+00
-8.82117696e-01
-6.88783805e-01
1.72941124e+00
5.77509637e-01
1.54093505e+00
1.20708541e+00
-1.82305917e+00
9.37404997e-01
1.09401307e+00
-9.26240454e-01
0.00000000e+00
0.00000000e+00
0.00000000e+00
5.41113011e-01
-1.01047456e-01
5.03556474e-01
8.31753818e-01
1.23379253e+00
1.26755404e+00
8.17735613e-01
4.98153532e-01
7.74574204e-01
0.00000000e+00
7.50988270e-01
1.24746833e+00
1.09895002e+00
8.08494398e-01
7.82209829e-01
4.96766046e-01
8.00368301e-01
1.86978201e+00
9.76500096e-01
8.51329291e-01
136
1.54717217e+00
9.16110411e-01
-2.93375617e-03
6.31061757e-01
4.77971301e-03
0.00000000e+00
0.00000000e+00
0.00000000e+00
0.00000000e+00
0.00000000e+00
0.00000000e+00
0.00000000e+00
1.18922653e+00
1.08160955e+00
1.21245156e+00
0.00000000e+00
0.00000000e+00
0.00000000e+00
0.00000000e+00
-2.35622805e-01
-4.15715128e-01
-2.99488546e-01
-5.81112018e-02
2.09547405e-01
4.10632278e-01
8.58297315e-01
1.07763285e+00
-5.76181695e-01
-6.34739514e-01
-7.95970385e-01
1.08532584e+00
0.00000000e+00
5.31470526e-01
-2.44715947e-01
1.92394556e+00
-9.08265916e-02
-9.60052470e-01
-8.99317761e-01
-1.64965936e-01
0.00000000e+00
6.04084443e-01
1.42196551e-01
8.37088720e-01
0.00000000e+00
0.00000000e+00
0.00000000e+00
0.00000000e+00
-1.67498501e+00
3.30395350e-01
-6.63431741e-01
-2.66580937e-01
0.00000000e+00
1.22099105e+00
8.57984826e-02
2.67794587e-01
-8.37882991e-01
0.00000000e+00
-3.03672851e+00
-8.33067681e-01
-6.64191131e-01
-2.19023501e-01
-6.40707944e-02
2.83283693e-02
-3.72362301e-01
2.34442679e-01
-2.08362652e-02
0.00000000e+00
5.79261782e-01
-1.09965322e-01
2.31692235e-01
-2.06600959e-01
0.00000000e+00
1.59566585e+00
1.81906272e-01
3.45484927e-01
-1.08391526e-01
0.00000000e+00
-1.67680143e-01
-3.52524145e-01
-2.66382579e-02
2.94834330e-01
0.00000000e+00
8.69657560e-02
-1.35394582e-01
1.11124157e-01
-2.18495112e-01
-7.74208815e-01
-7.51026708e-01
-1.49799587e+00
0.00000000e+00
0.00000000e+00
0.00000000e+00
4.45929191e-01
-2.63903391e+00
4.35825547e-02
-1.28177172e-01
-9.42387205e-01
8.36809521e-02
1.46203673e-01
6.92863222e-01
8.24695972e-02
0.00000000e+00
5.86264374e-01
-8.00795550e-01
-1.20945478e+00
8.13835813e-01
2.47683067e-01
4.32501493e-01
3.64743267e-01
-4.17066410e-01
3.67296562e-01
3.31865390e-01
-1.24318184e+00
0.00000000e+00
0.00000000e+00
0.00000000e+00
3.72794851e-01
-2.88083189e+00
-5.67881131e-02
7.86879272e-01
-9.46281917e-01
5.50551536e-01
9.26513785e-01
5.48108767e-01
1.43819877e-01
0.00000000e+00
6.08445290e-01
-8.27376680e-01
-1.17313037e+00
7.42663640e-01
-3.33218476e-01
3.75347268e-01
2.94859520e-01
-9.19499449e-01
8.69478935e-02
4.57013353e-01
20 1
-1.0660e+00 4.6787e-01
8 1
0 1 5 3 2 12 17 21 
217
-7.79940528e-01
-1.98744888e-01
8.23964773e-01
-4.22293347e-01
2.32785424e-01
-6.11178720e-01
-6.45505098e-01
-1.75622828e-01
-6.81939494e-01
2.55116556e-01
-7.88918772e-01
1.65321138e+00
1.10363741e+00
4.49533805e-01
-5.24819451e-01
2.07226825e-03
8.73778582e-01
-2.55121077e-01
3.91294233e-03
7.35690863e-01
0.00000000e+00
0.00000000e+00
0.00000000e+00
0.00000000e+00
0.00000000e+00
0.00000000e+00
0.00000000e+00
0.00000000e+00
0.00000000e+00
5.45068763e-01
5.45733098e-01
0.00000000e+00
0.00000000e+00
0.00000000e+00
0.00000000e+00
0.00000000e+00
3.66866208e-01
-1.94076674e-01
-3.20725880e-01
-1.90451473e-01
-3.13057320e-01
-2.93287037e-01
2.49230915e-01
-8.44392669e-02
-2.77923398e-03
-5.45885869e-01
3.81575378e-01
5.53522671e-01
0.00000000e+00
-6.01451767e-01
-4.44972041e-01
5.25512736e-01
0.00000000e+00
-2.19527821e-01
1.87986129e-01
-1.71015117e-01
0.00000000e+00
8.27979802e-02
0.00000000e+00
-2.55592175e-01
-2.47162367e-01
-8.71204889e-01
-2.84394796e-02
0.00000000e+00
-1.48301166e-01
-5.45078111e-02
-2.85671683e-01
1.08791947e+00
-3.45967679e-01
3.05143663e-01
0.00000000e+00
-7.19826092e-01
-7.59542790e-01
1.03501502e-01
-3.97884111e-01
-1.63615939e-01
7.90864297e-02
0.00000000e+00
-6.55816853e-01
-2.40946768e-01
-4.73899756e-02
-2.35167720e-01
-7.67336993e-02
-5.55845657e-01
0.00000000e+00
-1.34478126e-01
3.77092373e-01
-2.99328299e-01
-4.95655435e-01
-3.46134103e-01
3.57620812e-02
0.00000000e+00
-6.87439998e-01
-3.91419478e-01
-5.16847158e-03
-1.52525561e-01
-8.73320582e-02
1.43334975e-01
0.00000000e+00
-5.31530557e-01
-1.84811951e-02
-1.72374153e-01
-2.73668184e-01
-7.60358184e-02
2.34139252e-01
0.00000000e+00
4.51022188e-02
1.89031371e-01
5.67086864e-02
-3.31322182e-01
-8.81751433e-01
1.46099706e-01
0.00000000e+00
-4.03987993e-01
-2.58927021e-02
-7.01595163e-01
1.03850385e-01
3.25642628e-01
4.68427051e-01
-8.74675190e-01
-5.57666990e-01
-1.45553266e+00
0.00000000e+00
0.00000000e+00
0.00000000e+00
5.43112868e-01
-1.43078124e+00
-4.53054042e-01
-7.57647766e-02
-1.25291111e+00
-2.76813096e-01
8.30191271e-02
5.68978150e-01
5.81269294e-01
0.00000000e+00
5.42801726e-01
-6.55024377e-01
-7.90421121e-01
1.09689651e+00
-2.70588784e-01
7.88460785e-02
-6.46070531e-04
-2.86645745e-01
4.85837828e-01
5.63561128e-02
1.91227837e-02
0.00000000e+00
0.00000000e+00
0.00000000e+00
-5.95939664e-02
-2.66743371e-01
7.63693559e-02
-2.43514970e-02
4.65838467e-01
2.16603052e-01
4.88811757e-02
-7.78099908e-02
-3.07243779e-01
0.00000000e+00
2.68704517e-02
-4.15748397e-01
-2.64642948e-01
-1.61348674e-01
2.90703317e-02
3.27585663e-01
2.64432525e-01
6.88242714e-02
-1.28367441e-01
2.00497554e-01
-1.71035855e+00
0.00000000e+00
0.00000000e+00
0.00000000e+00
1.05515998e+00
-1.27344772e-01
1.09906449e+00
1.21401204e+00
-4.37715589e-01
7.25123207e-01
1.49149912e+00
1.65918496e+00
1.89616000e+00
0.00000000e+00
1.58359136e+00
9.23474324e-01
2.50506087e-01
1.34664702e+00
4.99391966e-01
1.57701255e+00
8.08633536e-01
-5.60257675e-01
5.91865502e-01
1.14014526e+00
-1.13100587e+00
0.00000000e+00
0.00000000e+00
0.00000000e+00
1.03375808e+00
-1.27237342e-01
8.81312132e-01
1.19858820e+00
1.13258039e+00
1.57478208e+00
1.16305045e+00
6.22599340e-01
1.34235611e-01
0.00000000e+00
9.23077229e-01
4.42051564e-01
5.43664973e-01
1.15421799e+00
9.51648246e-01
8.49060923e-01
1.17231389e+00
1.43132156e+00
1.14849867e+00
1.00422684e+00
136
1.09744747e+00
6.98401555e-01
-2.60777876e-03
3.99045917e-01
4.01059794e-03
0.00000000e+00
0.00000000e+00
0.00000000e+00
0.00000000e+00
0.00000000e+00
0.00000000e+00
0.00000000e+00
7.99745343e-01
7.49775136e-01
9.86221382e-01
0.00000000e+00
0.00000000e+00
0.00000000e+00
0.00000000e+00
-2.42276300e-01
-3.83145037e-01
-2.54404293e-01
-6.84686351e-02
1.50533797e-01
3.57237685e-01
6.66936082e-01
8.71034172e-01
-1.42422804e-01
-7.43890890e-01
-9.07058065e-01
5.97292281e-01
0.00000000e+00
4.04906906e-01
-5.54239165e-01
1.54941333e+00
4.54625142e-01
-7.02310804e-01
-6.27220534e-01
-2.44106218e-01
0.00000000e+00
8.20084010e-01
1.42224764e-01
7.14024566e-01
0.00000000e+00
0.00000000e+00
0.00000000e+00
0.00000000e+00
-1.29796571e+00
4.16386359e-01
-5.46625979e-01
-2.55565370e-01
0.00000000e+00
1.50437469e+00
1.56272883e-01
4.28947219e-01
-9.99909886e-01
0.00000000e+00
-2.31509189e+00
-6.66971108e-01
-5.38694978e-01
-1.83081778e-01
1.67920194e-02
1.53544782e-01
-4.25732113e-01
2.02138677e-01
5.26721724e-02
0.00000000e+00
5.53127165e-01
-8.85902347e-02
2.23573373e-01
-1.05670293e-01
0.00000000e+00
9.41835983e-01
1.09355102e-01
2.33172001e-01
-1.97068406e-01
0.00000000e+00
-2.24198614e-01
-3.28848591e-01
-3.15369798e-02
2.65580324e-01
0.00000000e+00
1.51400384e-01
-1.49442636e-01
1.44952110e-01
-2.28019524e-01
-8.42510227e-01
-8.41650657e-01
-1.48060117e+00
0.00000000e+00
0.00000000e+00
0.00000000e+00
3.59536581e-01
-2.35133027e+00
5.94667004e-02
-1.76085550e-01
-1.00143550e+00
2.40120414e-01
9.76680852e-02
6.05811764e-01
1.28705334e-01
0.00000000e+00
5.85869337e-01
-7.47126624e-01
-1.33871836e+00
8.05875532e-01
1.42484582e-01
4.14504501e-01
4.02349781e-01
-3.03623170e-01
2.55304720e-01
3.40020958e-01
-1.28948255e+00
0.00000000e+00
0.00000000e+00
0.00000000e+00
3.92309889e-01
-2.80570739e+00
-1.33934810e-01
7.78725670e-01
-9.89019036e-01
4.71594133e-01
8.71151914e-01
5.87756007e-01
1.56208622e-01
0.00000000e+00
5.91945339e-01
-8.59124654e-01
-1.12073421e+00
7.51011888e-01
-2.82319737e-01
3.79176467e-01
3.61542041e-01
-9.44551082e-01
8.96944685e-02
4.14791934e-01
