0 1 -999999999 -1 -1
1 1 0 -1 -1
0.3273 -0.7304
356
2.92744448e-01
2.92744448e-01
0.00000000e+00
1.71366887e+00
-2.29983877e+00
-1.75963548e+00
7.28653771e-02
0.00000000e+00
0.00000000e+00
2.00091273e-01
3.79611974e-02
1.21615954e-01
-1.52799245e-01
7.13026683e-01
7.25645103e-01
2.74997085e-01
0.00000000e+00
0.00000000e+00
0.00000000e+00
0.00000000e+00
0.00000000e+00
0.00000000e+00
0.00000000e+00
0.00000000e+00
0.00000000e+00
0.00000000e+00
0.00000000e+00
0.00000000e+00
0.00000000e+00
0.00000000e+00
0.00000000e+00
0.00000000e+00
0.00000000e+00
0.00000000e+00
0.00000000e+00
0.00000000e+00
0.00000000e+00
0.00000000e+00
0.00000000e+00
0.00000000e+00
0.00000000e+00
0.00000000e+00
0.00000000e+00
0.00000000e+00
0.00000000e+00
0.00000000e+00
0.00000000e+00
0.00000000e+00
0.00000000e+00
0.00000000e+00
0.00000000e+00
-9.16566329e-01
-3.99817491e-01
1.58588205e+00
0.00000000e+00
0.00000000e+00
0.00000000e+00
0.00000000e+00
1.45652891e-01
6.79987199e-01
6.40708581e-01
-5.59096149e-01
3.97259122e-02
-1.80452101e-01
-6.77537853e-02
-1.43452507e-01
-4.65589151e-01
6.83448185e-01
1.45678602e-01
-5.69272997e-03
-2.12506970e-01
-3.49449251e-01
-4.21759920e-03
-1.37052382e-01
-4.73292688e-01
1.26505425e-02
-2.06634266e-01
9.69807786e-01
-2.67460980e-03
-3.08829309e-01
0.00000000e+00
0.00000000e+00
0.00000000e+00
0.00000000e+00
-8.24101998e-02
3.20127000e-01
-2.13018819e-02
7.45384356e-02
0.00000000e+00
0.00000000e+00
-1.05941789e+00
-3.80455194e-01
-1.37242112e+00
-4.03482048e-01
-8.27687946e-01
-3.52292563e-01
3.36092286e-02
-4.02733608e-01
5.19016326e-01
-1.48091360e-01
2.22530464e-01
-1.07569330e-01
0.00000000e+00
0.00000000e+00
2.46221920e+00
3.26719938e+00
0.00000000e+00
0.00000000e+00
0.00000000e+00
0.00000000e+00
0.00000000e+00
0.00000000e+00
7.60993883e-01
5.27667315e-01
8.58672818e-02
-4.90417241e-01
-8.34300279e-01
-2.21919152e+00
0.00000000e+00
1.71798928e+00
0.00000000e+00
6.13842962e-01
0.00000000e+00
-2.71595223e+00
3.27366003e-01
-1.72588765e-01
2.19190871e-01
-5.99079501e-01
-9.77231978e-01
-1.18086233e+00
5.69615712e+00
5.78920571e+00
5.69048886e+00
5.73020233e+00
5.69478047e+00
5.57874485e+00
-2.61580796e-01
-1.30705282e-01
-4.88275407e-02
-5.68322432e-02
1.24740462e-01
-1.45864668e-01
-7.33398021e-01
-6.98839531e-01
-7.49293656e-01
-5.73777689e-01
-9.96121796e-01
-9.08260516e-01
0.00000000e+00
0.00000000e+00
0.00000000e+00
0.00000000e+00
-5.91249233e-01
2.23307899e+00
0.00000000e+00
0.00000000e+00
8.84087866e-01
-4.40508596e-01
0.00000000e+00
-1.86028006e+00
-6.46676201e-01
-5.49442989e-01
-1.52279855e+00
-5.64731875e-01
-2.16947475e+00
0.00000000e+00
0.00000000e+00
0.00000000e+00
4.87166517e-01
-2.95792653e-01
1.48813870e-01
-4.77930804e-01
-1.15302818e+00
6.43457763e-01
3.51798572e-02
3.74287301e-01
-4.92369003e-01
0.00000000e+00
1.11640764e+00
-1.44715943e-01
-8.19236482e-01
3.65575540e-01
-2.01575747e+00
1.51745586e-01
5.68225455e-01
-1.49101066e+00
-1.65840945e-01
9.95347863e-01
4.78345814e-01
0.00000000e+00
0.00000000e+00
0.00000000e+00
-1.86290973e-01
-3.79593253e-01
1.00768136e-01
1.11828060e-01
4.35849388e-01
-7.49231871e-02
1.86271432e-02
4.30365616e-02
2.99047536e-01
0.00000000e+00
-4.99118822e-01
9.54813320e-02
9.15462321e-02
-4.64044023e-03
1.07588916e-01
2.63401384e-01
1.21266204e-01
1.49883631e-01
1.50329264e-01
-3.65741298e-01
-1.09438386e+00
-4.89885461e-01
0.00000000e+00
1.42366253e-01
8.81166570e-02
2.67124791e-01
-1.27818437e-01
-6.29191815e-01
-6.05152749e-01
0.00000000e+00
0.00000000e+00
0.00000000e+00
-1.15253750e-01
7.04969140e-01
-2.59650094e-01
9.54965462e-01
-2.63119109e-01
4.49129410e-01
8.92354946e-01
-1.25301576e+00
-2.70002559e-01
0.00000000e+00
5.07693336e-01
4.31847085e-01
-3.36440264e-02
7.70729942e-02
-1.54760531e+00
-5.73262126e-01
-2.45862435e-01
-3.50716654e-01
-1.07571825e-01
3.96518533e-01
-6.04498399e-01
0.00000000e+00
3.26896073e-01
2.94941012e-02
-1.07509089e+00
-1.56790740e-01
0.00000000e+00
0.00000000e+00
2.09636881e-01
3.94523389e-01
9.69842429e-02
-6.48298372e-01
-9.18300148e-01
0.00000000e+00
0.00000000e+00
-3.71802555e-03
-1.11417486e+00
0.00000000e+00
0.00000000e+00
0.00000000e+00
-5.66891825e-01
-9.44888201e-01
-5.15972612e-01
-1.05076644e-01
3.10176858e-01
2.34184464e-01
3.39827061e-01
6.34373074e-02
-1.11102497e-01
0.00000000e+00
2.31133423e-01
1.68032341e-01
-7.27492527e-01
6.75581954e-01
-5.07818514e-01
-1.66018444e-01
-3.05561505e-01
1.23562716e-01
6.67149382e-01
2.35624005e-02
2.06601172e-01
0.00000000e+00
0.00000000e+00
0.00000000e+00
2.28366211e-01
0.00000000e+00
4.39522447e-01
5.84209027e-01
2.41437220e-01
2.78537477e-01
4.41373113e-01
5.87709840e-02
5.45441074e-01
0.00000000e+00
-2.54562295e-03
-4.89211275e-02
1.99928483e-01
1.54134761e-01
-1.94934695e-02
3.07158599e-01
2.12346899e-01
6.89666301e-02
3.64758558e-01
1.84636181e-01
-5.86149000e-01
-2.41284571e-01
-1.52147758e-01
-1.41842055e-01
2.30833429e-02
3.26895036e-01
-4.67471962e-02
-5.21432410e-01
-5.42899498e-01
0.00000000e+00
0.00000000e+00
0.00000000e+00
1.63515060e-02
0.00000000e+00
6.74998852e-02
-9.62557023e-01
-1.32681736e-01
-3.53526069e-01
-8.42769246e-01
6.62439296e-01
4.38093507e-01
0.00000000e+00
-2.30877421e-02
-1.32891804e-01
3.07247634e-01
-3.30269848e-02
6.49674453e-01
2.48567690e-01
4.23521088e-01
6.43497626e-01
-7.78031147e-02
-3.35993787e-01
-3.44864429e-01
2.68345627e-01
-2.92313139e-01
-7.30211989e-01
-5.28025864e-01
-3.08158418e-01
-2.33046764e-01
2.38830895e-01
-3.13942550e-01
2.87656226e-01
5.31404265e-02
-6.48955071e-01
-2.19867446e-01
4.47137476e-01
-6.41699812e-01
0.00000000e+00
247
-1.14230215e+00
-1.14230215e+00
0.00000000e+00
-4.32651699e-03
-1.13797563e+00
-5.53815310e-01
-1.57648139e+00
5.53331719e-01
0.00000000e+00
0.00000000e+00
6.00315101e-01
3.32926494e-01
1.32425187e-01
-1.51508915e-01
0.00000000e+00
0.00000000e+00
0.00000000e+00
0.00000000e+00
0.00000000e+00
0.00000000e+00
0.00000000e+00
0.00000000e+00
0.00000000e+00
0.00000000e+00
0.00000000e+00
0.00000000e+00
0.00000000e+00
0.00000000e+00
0.00000000e+00
0.00000000e+00
0.00000000e+00
0.00000000e+00
0.00000000e+00
0.00000000e+00
0.00000000e+00
0.00000000e+00
0.00000000e+00
0.00000000e+00
0.00000000e+00
0.00000000e+00
0.00000000e+00
3.93374126e-01
-1.21105656e-02
-3.99750851e-01
-7.55912418e-03
-8.28343742e-01
7.29152729e-03
-3.07581685e-01
-3.68016861e-03
0.00000000e+00
0.00000000e+00
0.00000000e+00
0.00000000e+00
3.07350821e-01
5.39862840e-01
1.89267979e-01
3.95852513e-01
0.00000000e+00
0.00000000e+00
2.33518276e+00
3.80283696e+00
0.00000000e+00
0.00000000e+00
0.00000000e+00
0.00000000e+00
0.00000000e+00
0.00000000e+00
1.60896113e-01
-1.37388773e-01
-2.95608262e-01
-4.53599942e-01
-8.04856761e-01
-1.94617258e+00
0.00000000e+00
3.59138479e+00
0.00000000e+00
1.70146791e+00
0.00000000e+00
0.00000000e+00
5.88756851e-01
3.20490805e-01
1.68774027e-01
-5.92093855e-01
-1.12774079e+00
-1.07460741e+00
7.53594219e+00
7.63426586e+00
7.59876523e+00
7.46977217e+00
7.26774935e+00
7.27060546e+00
-5.80349889e-01
-3.68290514e-01
-6.31994382e-01
-6.96027224e-01
-8.28481102e-01
-1.02334966e+00
-1.67191829e+00
-1.60037556e+00
-1.84725001e+00
-1.52184208e+00
-9.73037222e-01
-1.72398602e+00
0.00000000e+00
-3.22871873e+00
4.49124684e+00
0.00000000e+00
2.08716823e+00
-9.01766430e-01
0.00000000e+00
-3.41171404e+00
-9.02967259e-01
-1.51281098e+00
-7.25525003e-01
-8.07900060e-01
-2.41577824e+00
0.00000000e+00
0.00000000e+00
0.00000000e+00
7.90565776e-01
-7.64933848e-01
3.36564154e-01
-2.31832525e-03
-2.03563975e+00
5.24322843e-01
-2.63555150e-01
1.19051173e+00
-8.67127459e-01
0.00000000e+00
7.50415384e-01
-1.36832582e-01
-1.07739454e+00
3.20376959e-01
-1.43609932e+00
6.93051632e-01
5.47201814e-01
-1.10563586e+00
-5.59868778e-01
6.80617088e-01
-1.48380823e+00
-7.26043925e-01
0.00000000e+00
8.10667230e-01
5.45467338e-01
3.97741000e-01
0.00000000e+00
0.00000000e+00
0.00000000e+00
-1.18463420e-01
0.00000000e+00
-9.55626159e-02
-5.65476092e-01
3.28152018e-01
-2.66446750e-02
-2.80756318e-01
1.33226404e-01
1.02205615e-01
0.00000000e+00
-1.40570530e-01
2.16279954e-01
-1.39313026e-01
-1.95631851e-01
7.75287134e-01
-6.61387647e-02
-9.97251029e-02
-9.03701663e-02
-1.37606138e-01
-2.10962024e-01
-7.57764304e-01
0.00000000e+00
5.04825425e-01
1.87166717e-01
-9.31970007e-01
-1.76923334e-01
0.00000000e+00
6.92247033e-01
3.08521711e-01
-7.55046673e-01
0.00000000e+00
0.00000000e+00
1.88426030e-01
-1.53342506e+00
0.00000000e+00
0.00000000e+00
0.00000000e+00
-6.55473826e-01
-4.94441746e-01
1.04267591e-02
-1.32644809e-01
2.70994214e-01
5.78614418e-01
3.45605269e-01
-2.71272381e-01
-1.06870943e+00
0.00000000e+00
1.87665821e-01
2.28914615e-01
-3.54335999e-01
1.03412565e+00
-1.77740027e+00
-3.59831879e-01
-1.16281084e-01
2.43426518e-01
7.49032919e-01
4.81601855e-02
-1.03608615e+00
-3.71466053e-01
-3.15976301e-01
2.16355880e-02
3.57772168e-01
-2.18778320e-01
0.00000000e+00
0.00000000e+00
0.00000000e+00
2.12299103e-01
0.00000000e+00
-3.27443620e-02
4.13649597e-01
0.00000000e+00
3.67586672e-01
7.32895112e-01
-1.85597955e-01
0.00000000e+00
0.00000000e+00
4.23999583e-01
1.79859862e-01
3.22315570e-01
3.30703664e-02
-5.23890629e-01
-3.01975298e-02
6.90964424e-02
0.00000000e+00
1.76237001e-01
3.90177434e-01
-6.64620095e-01
1.18828586e-01
-1.69647796e-01
9.76029288e-02
-4.97338916e-01
-3.54058950e-01
9.12695463e-02
-2.02841420e-01
0.00000000e+00
-1.43279965e-01
3.29268112e-01
3.21591170e-01
0.00000000e+00
1 -999999999 0 0 -1
1 0 1 1 -1
3.5698e-01 -3.4195e-01
356
-1.59035309e-01
0.00000000e+00
0.00000000e+00
0.00000000e+00
0.00000000e+00
0.00000000e+00
0.00000000e+00
0.00000000e+00
0.00000000e+00
0.00000000e+00
0.00000000e+00
0.00000000e+00
0.00000000e+00
0.00000000e+00
0.00000000e+00
0.00000000e+00
-1.34572755e-01
-2.44625537e-02
5.13700097e-01
-3.24510606e-01
-7.24782737e-01
5.95751093e-01
0.00000000e+00
0.00000000e+00
1.26023758e-01
1.39223332e-01
-4.88880965e-01
3.41187207e-01
4.04542744e-01
3.55049562e-01
-2.45892209e-01
-1.34572755e-01
-2.44625537e-02
-6.48272853e-01
-3.24510606e-01
1.60809875e-01
7.63949274e-02
4.67104272e-01
8.56594355e-01
4.65958253e-02
4.91331331e-01
0.00000000e+00
0.00000000e+00
0.00000000e+00
0.00000000e+00
0.00000000e+00
0.00000000e+00
0.00000000e+00
0.00000000e+00
0.00000000e+00
0.00000000e+00
-1.89888368e-01
-1.54416752e-01
-9.61986088e-01
0.00000000e+00
0.00000000e+00
0.00000000e+00
0.00000000e+00
-1.27753182e-01
1.06183110e-01
-6.64729751e-02
-4.24067323e-02
-2.66372850e-02
3.61723069e-02
-4.96829164e-02
-9.66450660e-02
1.11511049e-01
-8.39477250e-01
0.00000000e+00
0.00000000e+00
0.00000000e+00
0.00000000e+00
0.00000000e+00
0.00000000e+00
1.66788109e-01
5.50559046e-04
-3.22092122e-01
-2.54100195e-01
2.97034333e-03
-1.23942569e-01
0.00000000e+00
0.00000000e+00
0.00000000e+00
0.00000000e+00
2.64517791e-01
3.62476267e-01
7.03255728e-01
1.39110576e+00
0.00000000e+00
0.00000000e+00
-3.04609147e-01
-1.54592842e-01
-1.49882644e+00
-6.04442081e-01
-7.29572249e-01
-6.45893037e-01
1.19504469e-01
1.82944788e-01
-1.03226274e-01
2.16728844e-01
7.20289223e-02
-4.46881707e-02
0.00000000e+00
0.00000000e+00
2.84354675e+00
1.39541739e+00
0.00000000e+00
0.00000000e+00
0.00000000e+00
0.00000000e+00
0.00000000e+00
0.00000000e+00
-2.62907989e-01
3.95555284e-01
4.55182533e-01
-3.59749069e-01
-8.48487540e-01
-2.37487278e+00
-2.64543055e-01
1.74748898e+00
0.00000000e+00
1.14967862e+00
0.00000000e+00
-1.77715079e+00
1.30098181e+00
-1.47608373e-01
1.83445896e-01
-6.10492474e-01
-7.26830558e-01
-1.36505167e+00
4.05801114e+00
4.09110320e+00
3.99287456e+00
3.91120885e+00
3.84167388e+00
3.89567785e+00
-3.14262239e-03
7.13830000e-02
-1.93793944e-02
2.01463934e-01
1.50272500e-01
5.59082491e-02
-4.78991858e-01
6.89298779e-02
-3.81794249e-02
1.49760665e-01
7.94697755e-02
-1.36419566e-01
0.00000000e+00
0.00000000e+00
0.00000000e+00
0.00000000e+00
-1.88897338e-01
3.39900454e+00
0.00000000e+00
0.00000000e+00
3.71473162e-02
-1.12870333e+00
-2.00597205e+00
0.00000000e+00
-5.46466207e-01
-4.13504651e-01
-4.50143802e-01
-1.14094805e+00
-9.96610010e-01
0.00000000e+00
0.00000000e+00
0.00000000e+00
1.05165007e+00
-5.64113232e-01
-2.71445768e-01
-3.25948123e-01
-4.77819527e-01
5.05007506e-02
-1.62606384e-01
3.59912725e-01
8.14644950e-01
0.00000000e+00
8.87936735e-01
-4.96115452e-01
-1.06187725e+00
2.33780567e-01
-1.21584871e+00
1.22027610e-02
5.11533716e-02
-1.56571163e-01
2.83553821e-01
-9.60015028e-03
3.75727836e-01
0.00000000e+00
0.00000000e+00
0.00000000e+00
-1.38311475e-01
1.28840928e-01
-6.86127887e-02
-1.61828883e-01
3.09825952e-01
-2.04706880e-02
-2.03237653e-01
7.36188057e-02
-6.75803918e-01
0.00000000e+00
-5.31498515e-02
4.99187199e-01
2.06797036e-01
7.98956804e-02
2.98366558e-01
6.09252573e-02
-2.14799325e-02
9.69173274e-03
6.68703945e-02
-1.53965187e-02
-3.06618249e-01
-1.27348272e-01
-1.26781541e+00
-3.63017303e-01
-1.80327596e-01
5.71807435e-02
7.15720826e-03
-1.91686224e-01
5.46525338e-02
0.00000000e+00
0.00000000e+00
0.00000000e+00
4.89332696e-01
9.01907086e-01
-6.67161793e-02
8.82111659e-01
-5.67705540e-01
-1.69321490e-01
8.71857800e-01
-8.09779225e-01
1.04303002e+00
0.00000000e+00
3.40210522e-01
-5.35392801e-01
-4.24754024e-01
-2.01522982e-01
-1.21268842e+00
-8.94884500e-01
-2.32427234e-01
2.96267277e-01
-1.39722469e-01
4.84850336e-01
-1.79269977e-01
-1.76702799e-01
1.65888889e-01
6.08119073e-02
-6.89991760e-01
-4.19117935e-01
-8.19670600e-01
-5.38728164e-01
-1.94323226e-01
1.90079715e-01
-3.38595530e-02
-5.75338097e-01
-2.70873825e-01
4.54370198e-01
1.52308541e-01
-4.11733500e-01
-1.55445270e+00
0.00000000e+00
0.00000000e+00
0.00000000e+00
-1.53418711e+00
-1.14964423e+00
2.52589651e-01
3.87860023e-01
3.32967933e-01
4.34882564e-01
6.32313388e-01
9.35979081e-01
-9.78835465e-01
0.00000000e+00
-8.30996253e-01
-1.33584660e+00
-9.46172327e-01
5.08693662e-01
6.98717534e-01
1.05336553e+00
3.22406828e-01
-6.52410554e-01
4.84564966e-01
-1.70701320e-01
1.36534647e-01
0.00000000e+00
0.00000000e+00
0.00000000e+00
1.13535301e-01
-3.04498360e-01
-1.29347362e-01
-1.02857848e-01
-3.70837091e-02
4.69822394e-04
-1.58831599e-01
-9.87485487e-02
2.54358838e-02
0.00000000e+00
1.45833101e-02
5.69146591e-01
2.51563450e-01
6.95478478e-02
-2.93397816e-01
-2.07758990e-01
-8.96856753e-02
1.64625135e-01
1.47389844e-01
2.02447370e-01
-5.05419854e-01
-3.70088913e-02
0.00000000e+00
1.84883071e-02
9.78184904e-02
1.61577578e-01
3.44175898e-02
-2.33004059e-01
-2.88858993e-01
0.00000000e+00
0.00000000e+00
0.00000000e+00
-2.05768575e-01
-8.11422495e-01
2.50129692e-01
-1.04264554e+00
2.44922884e-01
1.50775315e-01
-7.95700148e-01
8.78817698e-01
-5.28819833e-01
0.00000000e+00
-2.67900458e-02
1.04432658e-01
6.76997282e-02
-1.16089677e-01
9.00002224e-01
9.08692411e-01
3.79208995e-01
-2.95718798e-01
1.75688025e-02
-3.68154295e-01
-4.68410963e-01
0.00000000e+00
1.19074002e-01
6.86686112e-01
-1.04903285e+00
-3.76495760e-01
0.00000000e+00
0.00000000e+00
1.11055242e-01
2.91643388e-01
-1.13238653e-01
-5.54900494e-01
-6.72537088e-01
-1.48591933e-01
0.00000000e+00
1.03912401e-01
247
-4.07230877e-01
0.00000000e+00
0.00000000e+00
0.00000000e+00
0.00000000e+00
0.00000000e+00
0.00000000e+00
0.00000000e+00
0.00000000e+00
5.77180426e-01
0.00000000e+00
0.00000000e+00
0.00000000e+00
0.00000000e+00
-8.98080271e-02
-3.17422850e-01
9.38942612e-01
-1.02875064e+00
-3.54039728e-01
-1.22113666e+00
0.00000000e+00
0.00000000e+00
0.00000000e+00
1.31386865e-01
2.55052389e-01
-8.10104446e-01
6.18251351e-01
-8.98080271e-02
-3.17422850e-01
9.38942612e-01
-1.02875064e+00
-3.54039728e-01
2.44150048e-01
-9.39153387e-01
0.00000000e+00
0.00000000e+00
0.00000000e+00
0.00000000e+00
0.00000000e+00
0.00000000e+00
0.00000000e+00
0.00000000e+00
0.00000000e+00
0.00000000e+00
0.00000000e+00
-4.29098580e-01
4.62343639e-03
2.56110112e-02
3.48417693e-03
0.00000000e+00
0.00000000e+00
0.00000000e+00
0.00000000e+00
5.39499303e-01
2.46556539e-01
1.38580774e-01
2.70801201e-01
0.00000000e+00
0.00000000e+00
3.42586901e+00
1.59128673e+00
0.00000000e+00
0.00000000e+00
0.00000000e+00
0.00000000e+00
0.00000000e+00
0.00000000e+00
-7.61897446e-02
4.98853961e-01
2.07470136e-01
-4.71542399e-01
-1.46395346e+00
-2.51955729e+00
5.49792101e-01
1.72285362e+00
0.00000000e+00
7.26275007e-01
0.00000000e+00
-2.63279631e+00
5.08214082e-01
3.95136518e-01
3.00537666e-01
-5.67749947e-01
-7.91424187e-01
-1.38027344e+00
6.38497051e+00
6.40781625e+00
6.42829911e+00
6.53598584e+00
6.54722259e+00
6.54132062e+00
-5.21038335e-01
-3.65323116e-02
1.94580120e-02
-1.92275932e-01
8.27059220e-02
-2.90392866e-01
-8.23503954e-01
-8.01545926e-01
-7.82034546e-01
-7.91480811e-01
-7.82094735e-01
-8.28540839e-01
0.00000000e+00
-4.62958299e-01
2.84697794e+00
0.00000000e+00
6.38382820e-02
-1.59395801e+00
-2.63684618e+00
0.00000000e+00
-2.21019026e-01
-9.75234679e-01
-5.16237350e-01
-1.48228025e+00
-1.19625371e+00
0.00000000e+00
0.00000000e+00
0.00000000e+00
4.82777969e-01
0.00000000e+00
4.86800309e-01
-7.13089240e-01
3.14187461e-01
-1.35135537e-01
-3.06991869e-01
1.05772355e+00
-1.57396089e+00
0.00000000e+00
2.12472967e-01
1.36687626e-01
-1.15392623e+00
2.08986061e-01
2.51271411e-01
7.82809895e-01
9.12516567e-01
-3.93362654e-01
6.67519634e-02
-5.79667822e-01
-2.80170497e-01
4.53026470e-01
-1.18714168e+00
-4.79193805e-01
-3.63124565e-01
-8.46503955e-01
0.00000000e+00
0.00000000e+00
0.00000000e+00
2.62989372e-01
0.00000000e+00
1.39045835e-01
1.64356713e-01
3.09345873e-01
2.98154897e-01
2.09250691e-01
3.38343842e-01
0.00000000e+00
0.00000000e+00
4.88411231e-01
6.07039867e-01
2.47798146e-01
3.10069953e-01
7.48844384e-01
4.40394397e-01
1.41727130e-01
5.99602437e-02
2.83639189e-01
3.56665514e-01
-7.33196967e-01
3.87174414e-01
4.86000303e-01
7.19672934e-02
-9.16083208e-01
-6.74045496e-01
-4.20066124e-01
-3.75001801e-01
-5.32126734e-03
-2.42037712e-01
1.04938111e+00
5.58373711e-01
2.53923628e-01
-1.99851761e+00
0.00000000e+00
0.00000000e+00
0.00000000e+00
-1.68351139e-01
-1.52020687e+00
4.47290010e-01
3.40506445e-01
1.34066527e-01
-7.92187437e-03
4.92233814e-01
7.40046352e-01
-1.23413423e+00
0.00000000e+00
-5.17653259e-02
-1.65208012e+00
-4.61425408e-01
5.83529565e-01
-4.06099300e-01
6.32839899e-01
6.50308115e-01
-6.88249788e-01
4.87390902e-01
-3.16495179e-01
-7.81133380e-01
2.92257414e-01
0.00000000e+00
0.00000000e+00
7.57788638e-02
-3.60386420e-01
0.00000000e+00
0.00000000e+00
0.00000000e+00
2.90548198e-01
1.87543258e-01
-1.94684335e-01
1.50136142e-01
-3.36812345e-01
1.55697067e-01
5.12051778e-02
-2.89268720e-01
7.10586393e-01
0.00000000e+00
2.31643436e-01
1.18550358e-01
-1.46048784e-01
-7.16626669e-02
-9.58047800e-01
-3.53389289e-01
-3.17681848e-01
2.34509007e-01
-1.63138145e-02
1.93104145e-01
-1.07339079e+00
0.00000000e+00
0.00000000e+00
7.34376470e-01
-1.21738423e+00
-8.08494764e-01
0.00000000e+00
0.00000000e+00
0.00000000e+00
-4.08889461e-01
0.00000000e+00
7.02599284e-01
0.00000000e+00
2 -999999999 -999999999 0 1
1 0 0 1 1
1.0493e-01 1.7225e-01
356
1.39220790e-01
0.00000000e+00
0.00000000e+00
0.00000000e+00
0.00000000e+00
0.00000000e+00
0.00000000e+00
0.00000000e+00
0.00000000e+00
0.00000000e+00
0.00000000e+00
0.00000000e+00
0.00000000e+00
0.00000000e+00
0.00000000e+00
0.00000000e+00
0.00000000e+00
0.00000000e+00
0.00000000e+00
0.00000000e+00
0.00000000e+00
0.00000000e+00
0.00000000e+00
0.00000000e+00
0.00000000e+00
0.00000000e+00
0.00000000e+00
0.00000000e+00
0.00000000e+00
0.00000000e+00
0.00000000e+00
4.06937874e-01
-2.67717083e-01
-1.31362891e+00
-1.73180186e+00
3.51261395e-01
1.77957219e-01
9.11662810e-01
1.05153170e+00
8.08903973e-01
4.93014745e-01
1.39220790e-01
0.00000000e+00
-1.26321740e+00
-9.45220754e-01
0.00000000e+00
-5.08483357e-01
7.11314058e-01
-1.60830492e-01
6.91124136e-01
4.71722235e-01
-2.96001364e-01
-4.50768293e-01
-7.97390138e-01
0.00000000e+00
0.00000000e+00
0.00000000e+00
0.00000000e+00
-1.94821489e-01
4.54061986e-01
1.81379087e-01
6.02301135e-02
2.11617728e-01
-9.68459521e-02
1.60926964e-01
-5.29609274e-01
-2.19881499e-01
-9.12682051e-01
0.00000000e+00
0.00000000e+00
0.00000000e+00
1.16924655e-01
3.04199170e-03
-3.75552990e-01
2.62822987e-01
-7.41693986e-04
-3.24045497e-01
-2.40526852e-01
4.63579105e-04
-1.17377254e-01
0.00000000e+00
0.00000000e+00
0.00000000e+00
0.00000000e+00
4.75973792e-01
3.32677287e-01
6.39910845e-01
1.25277910e+00
0.00000000e+00
0.00000000e+00
-7.98431009e-01
-3.04719841e-01
2.46770860e-01
-2.82584067e-01
-6.41031354e-01
-1.90640714e-01
2.69487252e-02
1.35060585e-01
-1.25712259e+00
-3.64989261e-01
1.86740915e-01
1.49981332e-01
0.00000000e+00
0.00000000e+00
3.29276668e+00
1.49717903e+00
0.00000000e+00
0.00000000e+00
0.00000000e+00
0.00000000e+00
0.00000000e+00
0.00000000e+00
1.92896557e-01
5.96694928e-01
2.79582143e-01
-2.44553008e-01
-1.20632784e+00
-2.77182606e+00
-7.24611016e-01
2.58750273e+00
0.00000000e+00
7.32450571e-01
0.00000000e+00
-1.70582983e+00
1.16780786e+00
-3.35803421e-01
2.41504044e-01
-4.58813679e-01
-7.10758288e-01
-1.09962844e+00
4.47871117e+00
4.52641994e+00
4.36243768e+00
4.39313744e+00
4.33692074e+00
4.30678821e+00
-1.89295495e-01
3.76506670e-01
4.70619797e-01
3.47175334e-01
7.76207532e-01
5.30772921e-01
-1.31890834e-01
-1.16960205e-01
-3.32176048e-01
-2.20995315e-01
-1.89340631e-01
-3.24051072e-01
0.00000000e+00
0.00000000e+00
0.00000000e+00
0.00000000e+00
-1.62266315e-01
3.07205201e+00
0.00000000e+00
0.00000000e+00
3.01494473e-01
-1.05207916e+00
-2.47586887e+00
0.00000000e+00
-3.09778794e-01
-1.60947771e-01
-3.67898224e-01
-1.19701047e+00
-6.77677018e-01
0.00000000e+00
0.00000000e+00
0.00000000e+00
4.85866701e-01
-2.62379080e-01
-1.47421701e-01
-3.58957590e-01
1.99369355e-01
3.01898353e-01
-5.60870318e-01
2.75415259e-01
3.85391786e-01
0.00000000e+00
3.10998354e-01
7.65082084e-02
-1.41993127e+00
2.26710978e-01
-1.06877777e+00
6.43069106e-02
3.84211895e-01
3.62659157e-01
1.67780810e-01
-1.00457059e-01
9.92870931e-02
0.00000000e+00
0.00000000e+00
0.00000000e+00
-8.08969689e-02
3.55500602e-01
-1.50175204e-01
-1.52461032e-01
2.25551296e-01
-2.21889395e-01
-5.70133844e-02
4.64137126e-02
-3.97277908e-01
0.00000000e+00
1.20133187e-01
-6.98789393e-02
2.28939330e-01
1.39577170e-01
6.49697145e-02
-7.46336609e-04
-1.34915995e-01
-8.89533941e-04
1.46477760e-01
3.78690178e-02
-4.89699439e-02
1.37509731e-01
-1.54380106e+00
-9.33544491e-01
-6.50383215e-01
5.24995566e-02
6.59405247e-02
1.90696501e-02
1.42520588e-01
0.00000000e+00
0.00000000e+00
0.00000000e+00
3.95867091e-01
1.84001169e-01
-9.83962487e-02
4.40452447e-01
-6.13787116e-01
3.13827229e-02
4.10200056e-01
-1.00187502e-01
6.28068672e-01
0.00000000e+00
1.86859142e-01
-8.15951331e-01
-2.65275128e-01
-2.10988496e-01
-3.59305967e-01
-3.35973475e-01
2.66693986e-01
2.45659596e-01
-2.08247170e-03
1.55283442e-01
-1.86479675e-01
-1.34664454e+00
-6.65343970e-01
-1.56051063e-01
-6.28707074e-01
-4.47288525e-01
-3.12533657e-01
-3.86128821e-01
-2.48858722e-01
1.17210163e-01
-3.30628784e-03
-5.61192401e-01
-1.81418549e-01
-5.45909296e-01
-5.95297072e-01
-4.87867491e-02
-1.35795824e+00
0.00000000e+00
0.00000000e+00
0.00000000e+00
-1.42781506e+00
-2.77352293e-02
2.10233437e-01
1.93368319e-01
1.72624239e-01
-1.80210291e-01
3.06569524e-01
8.97801166e-01
-3.07715887e-01
0.00000000e+00
-6.89629780e-01
-9.55382115e-02
-7.37238836e-01
2.64559905e-01
7.40492306e-01
5.64194288e-01
-8.87238283e-01
-5.83756918e-01
6.40193695e-02
1.65057698e-01
-2.32652381e-01
0.00000000e+00
0.00000000e+00
0.00000000e+00
2.85690618e-01
-7.86306658e-01
-2.04157378e-01
1.39906995e-01
-9.78458866e-02
4.98875640e-02
3.97658636e-02
2.10647031e-02
-8.65131107e-02
0.00000000e+00
-6.74710439e-02
-2.85918862e-01
1.94298395e-02
1.16175325e-01
-5.29918293e-01
1.06118881e-01
3.22601702e-01
2.08447196e-01
2.63721610e-01
2.52668553e-01
-4.47332660e-01
1.36474161e-01
0.00000000e+00
-2.82247123e-01
1.89007317e-01
1.36298943e-01
1.14371493e-01
-1.14196275e-01
-4.67913628e-02
0.00000000e+00
0.00000000e+00
0.00000000e+00
-5.75524837e-01
6.92901241e-02
1.96109663e-01
-6.80659150e-01
5.65360801e-01
5.37036617e-02
-5.01084372e-01
1.49735977e-01
-8.67624315e-02
0.00000000e+00
-2.84918646e-01
1.25947600e+00
3.04206918e-01
-6.56854390e-02
8.67836730e-01
1.65886521e-01
-6.27033679e-01
-2.26434155e-01
-2.40251992e-01
-3.90043057e-01
-5.83806821e-01
0.00000000e+00
9.56565458e-02
5.26176482e-01
-9.10625580e-01
-2.97421932e-01
0.00000000e+00
0.00000000e+00
3.62836241e-01
2.72536519e-02
1.44731632e-01
-4.69407217e-01
-6.13203648e-01
-9.06997145e-02
0.00000000e+00
1.06765091e-01
247
-4.96730270e-01
0.00000000e+00
0.00000000e+00
0.00000000e+00
0.00000000e+00
0.00000000e+00
0.00000000e+00
0.00000000e+00
0.00000000e+00
0.00000000e+00
0.00000000e+00
0.00000000e+00
0.00000000e+00
0.00000000e+00
0.00000000e+00
0.00000000e+00
0.00000000e+00
0.00000000e+00
0.00000000e+00
0.00000000e+00
0.00000000e+00
0.00000000e+00
0.00000000e+00
0.00000000e+00
0.00000000e+00
0.00000000e+00
0.00000000e+00
6.58205569e-01
-1.15493584e+00
2.75727239e+00
-2.09906682e+00
-1.13933547e+00
1.41077285e-01
-8.77614354e-01
-4.96730270e-01
0.00000000e+00
3.90884220e-01
-8.87614491e-01
-6.16157549e-01
6.91066316e-02
-4.72606252e-02
0.00000000e+00
0.00000000e+00
-1.64365632e-01
1.55247421e-03
-9.76703905e-02
-1.87421303e-03
-2.34694248e-01
1.08902881e-03
0.00000000e+00
0.00000000e+00
0.00000000e+00
0.00000000e+00
1.49636828e-01
6.45323108e-02
6.85524434e-02
2.67888013e-01
0.00000000e+00
0.00000000e+00
2.91613020e+00
1.15334577e+00
0.00000000e+00
0.00000000e+00
0.00000000e+00
0.00000000e+00
0.00000000e+00
0.00000000e+00
-2.20123783e-01
4.10294809e-01
1.24855772e-01
-4.13134848e-01
-1.01431572e+00
-2.29904884e+00
6.58052845e-01
1.68050297e+00
0.00000000e+00
4.59144410e-02
0.00000000e+00
-2.45817251e+00
8.11951608e-01
3.86220823e-02
1.26770931e-01
-3.71451675e-01
-6.23783821e-01
-1.00421792e+00
5.24722659e+00
5.29651474e+00
5.23131444e+00
5.25613647e+00
5.13030693e+00
5.01440250e+00
6.79045338e-02
9.28029836e-02
1.36553914e-01
6.09292259e-02
2.02148909e-01
-6.01459967e-02
-3.40338510e-01
-4.79751302e-01
-3.87736225e-01
-5.43399186e-01
-7.44482484e-01
-7.93939731e-01
0.00000000e+00
-6.27967247e-01
2.98200107e+00
0.00000000e+00
1.32593484e-01
-7.37916109e-01
-2.58087927e+00
0.00000000e+00
-2.81262114e-01
-5.50719087e-01
-4.65636740e-01
-1.18443930e+00
-8.31981202e-01
0.00000000e+00
0.00000000e+00
0.00000000e+00
2.62296121e-01
-1.58608818e-01
3.33447547e-01
-6.00302317e-01
2.08119514e-01
1.87779132e-01
-4.88188577e-01
4.32833592e-01
1.05716231e-01
0.00000000e+00
2.46046249e-01
-3.11764923e-02
-8.88277916e-01
4.15644426e-01
8.48328013e-02
-4.13662429e-02
-3.63974324e-01
-1.60118230e-01
1.17920258e-01
-4.94604154e-01
-1.09060297e-01
2.60592591e-01
-7.40014170e-01
-2.87574005e-01
-4.44453540e-01
-3.40710990e-01
0.00000000e+00
0.00000000e+00
0.00000000e+00
-7.31989514e-03
2.41134991e-01
4.53123960e-02
-3.07087685e-01
6.86503132e-03
-2.62620993e-01
-1.91496880e-01
-7.94380417e-02
-2.74510456e-01
0.00000000e+00
2.41594310e-01
2.06594325e-01
-7.49564840e-02
-8.75049193e-03
3.79838231e-01
-2.26540429e-02
-2.31500208e-01
-3.01914348e-02
-1.98224009e-02
4.82987406e-02
-3.69652888e-01
-4.13627607e-01
-1.63459675e-02
7.02841510e-02
-7.22920904e-01
-5.41854705e-01
-1.54366175e-01
-3.15832358e-01
-4.02750140e-01
-1.81066199e-01
-1.08531827e-01
-1.25426493e-01
2.03423809e-01
-1.65007604e+00
0.00000000e+00
0.00000000e+00
0.00000000e+00
-7.43742894e-01
-1.06391983e+00
4.38992403e-01
1.86148904e-01
1.46125053e-01
5.61896620e-01
1.51301304e-01
6.08261162e-01
-2.39842639e-01
0.00000000e+00
-5.88150070e-01
-4.67938381e-01
-6.35071423e-01
4.74601010e-01
-1.17932885e-01
1.74246273e-01
-3.63888549e-01
-2.83126107e-01
3.14753748e-01
-2.02789747e-01
-4.88608651e-01
2.98845928e-01
0.00000000e+00
0.00000000e+00
-2.41743405e-02
-4.63489567e-01
0.00000000e+00
0.00000000e+00
0.00000000e+00
3.20032821e-01
-6.62303788e-01
-2.53429891e-01
3.45478317e-01
-2.22926114e-01
-5.85976166e-02
1.59985466e-01
-1.04537839e-02
2.11090317e-01
0.00000000e+00
1.18283464e-01
-1.61787585e-01
-2.45928487e-01
-5.26440895e-02
-8.45701323e-01
1.59815509e-01
4.04016904e-01
6.50420317e-02
2.24793551e-02
2.44058927e-01
-7.87454579e-01
0.00000000e+00
2.04290970e-01
3.37359514e-01
-1.16146739e+00
-7.64482668e-01
0.00000000e+00
0.00000000e+00
1.39707770e-01
-3.96984724e-01
0.00000000e+00
0.00000000e+00
6.04116466e-01
7 1
2.6547e-01 -8.3712e-02
3 1
0 1 2 
217
-9.38330094e-02
-1.80682796e-01
1.56009283e-01
2.05924898e-01
-7.74464957e-02
-1.54268191e-01
-1.63513732e-01
3.31608363e-02
-1.45457996e-01
2.41303764e-01
1.40348813e-01
1.27640435e-01
1.52236401e-01
1.82041661e-01
0.00000000e+00
0.00000000e+00
0.00000000e+00
1.85449126e-02
-5.55787792e-03
3.46940910e-01
-6.52060546e-02
3.65795813e-03
2.32050863e-01
-4.71718673e-02
2.09576420e-03
4.26449052e-01
0.00000000e+00
0.00000000e+00
0.00000000e+00
0.00000000e+00
-2.40747550e-01
-4.83498356e-02
3.25489710e-01
8.62705055e-01
0.00000000e+00
0.00000000e+00
-1.10619490e-01
-5.34372152e-01
-2.64251015e-02
5.77583734e-01
0.00000000e+00
0.00000000e+00
0.00000000e+00
0.00000000e+00
-1.10619490e-01
4.35004989e-01
-1.80506057e-01
-1.03956342e-01
-7.88871084e-01
-4.14425134e-01
4.91956375e-01
5.77583734e-01
0.00000000e+00
0.00000000e+00
0.00000000e+00
0.00000000e+00
0.00000000e+00
0.00000000e+00
0.00000000e+00
0.00000000e+00
5.92022580e-02
-4.77420766e-01
4.35004989e-01
-7.82167256e-02
-5.09823531e-01
-1.65866806e+00
2.87641973e-01
8.55673828e-01
2.06565274e-01
3.38434034e-01
0.00000000e+00
-8.78910719e-01
-1.72347810e+00
4.99773766e-01
-3.47595261e-01
2.85303944e-01
1.98151678e-01
0.00000000e+00
3.99230995e-02
-7.83203439e-01
4.96904457e-02
-8.38270298e-02
-1.83446555e-01
4.84805320e-02
0.00000000e+00
0.00000000e+00
0.00000000e+00
0.00000000e+00
0.00000000e+00
0.00000000e+00
0.00000000e+00
0.00000000e+00
0.00000000e+00
0.00000000e+00
0.00000000e+00
0.00000000e+00
0.00000000e+00
0.00000000e+00
0.00000000e+00
0.00000000e+00
0.00000000e+00
0.00000000e+00
0.00000000e+00
0.00000000e+00
0.00000000e+00
0.00000000e+00
0.00000000e+00
0.00000000e+00
0.00000000e+00
0.00000000e+00
0.00000000e+00
0.00000000e+00
0.00000000e+00
0.00000000e+00
0.00000000e+00
0.00000000e+00
0.00000000e+00
0.00000000e+00
0.00000000e+00
-9.18940874e-01
-1.41090834e+00
-1.28098484e+00
0.00000000e+00
0.00000000e+00
0.00000000e+00
1.82251427e-01
-5.96286702e-01
4.26286255e-02
-4.62949290e-01
-4.32335785e-01
2.25682856e-01
-2.94823257e-01
7.39832010e-01
1.22488460e-01
0.00000000e+00
3.70855110e-01
-2.12444503e-01
-1.08773071e+00
-1.44330033e-01
5.05023634e-01
5.82461608e-01
2.08996419e-01
-7.38917674e-01
-3.96232050e-01
1.04845017e-01
-1.37828566e-01
0.00000000e+00
0.00000000e+00
0.00000000e+00
3.10336523e-01
-9.64097519e-01
2.82465434e-01
2.61737015e-01
-3.50721095e-01
7.70023967e-02
2.03205885e-01
1.43008286e-01
-1.78562496e-01
0.00000000e+00
2.65184187e-01
-6.67637026e-01
-8.29897360e-02
3.21923119e-01
-2.24616446e-01
1.61604698e-02
1.30450681e-01
-9.95893971e-02
1.00798713e-01
3.18112440e-01
-6.91193038e-01
0.00000000e+00
0.00000000e+00
0.00000000e+00
-2.67449222e-01
-3.39694680e-01
1.42119150e-01
4.36853696e-01
-2.54189847e-01
1.06407070e-02
6.32737802e-01
1.00568067e-01
-1.13579431e-01
0.00000000e+00
8.96081057e-01
-5.82631230e-01
-8.30444889e-01
2.58352228e-01
-6.47374871e-01
-1.71760064e-01
1.44023129e-01
-3.08463662e-01
-4.38306776e-02
2.46849698e-01
-3.78843985e-01
0.00000000e+00
0.00000000e+00
0.00000000e+00
2.29608261e-01
-6.00771157e-01
-1.22995028e-01
-2.11982383e-01
-3.05714085e-01
1.38966874e-01
-2.54744665e-01
2.28187895e-01
-3.17857029e-01
0.00000000e+00
-1.06369704e-01
4.86315076e-01
-1.74799439e-01
1.57241926e-01
2.66036756e-01
3.17106660e-01
-4.89612778e-02
-1.92165759e-01
4.51778789e-02
8.88752148e-02
136
2.84856861e+00
0.00000000e+00
0.00000000e+00
-9.06618504e-02
1.56143935e-02
1.32362049e+00
3.36118302e-03
1.61560997e+00
1.82263214e-03
0.00000000e+00
0.00000000e+00
0.00000000e+00
0.00000000e+00
9.63949368e-01
7.02545374e-01
7.65260837e-01
1.04241166e+00
0.00000000e+00
0.00000000e+00
-6.37236686e-01
-6.63925583e-01
1.53806751e+00
2.61166336e+00
0.00000000e+00
0.00000000e+00
0.00000000e+00
0.00000000e+00
-6.37236686e-01
1.89594809e-01
-5.16244766e-01
9.41496453e-01
-3.37275626e-01
8.31972848e-01
-2.35401788e-01
2.61166336e+00
0.00000000e+00
0.00000000e+00
0.00000000e+00
0.00000000e+00
0.00000000e+00
0.00000000e+00
0.00000000e+00
0.00000000e+00
0.00000000e+00
0.00000000e+00
0.00000000e+00
-6.46329797e-01
-1.07982907e+00
1.59880837e-01
-8.84081092e-01
-1.12476183e+00
0.00000000e+00
4.70553450e-02
-4.47731377e-02
-1.94525418e-01
-1.24084391e+00
0.00000000e+00
-2.23901897e-02
-2.40238843e-01
-3.31260124e-01
-7.54564057e-01
-1.08892218e+00
1.89594809e-01
0.00000000e+00
0.00000000e+00
0.00000000e+00
0.00000000e+00
0.00000000e+00
0.00000000e+00
0.00000000e+00
0.00000000e+00
0.00000000e+00
0.00000000e+00
0.00000000e+00
0.00000000e+00
0.00000000e+00
0.00000000e+00
0.00000000e+00
0.00000000e+00
0.00000000e+00
0.00000000e+00
0.00000000e+00
0.00000000e+00
0.00000000e+00
0.00000000e+00
0.00000000e+00
-1.00645546e+00
-1.36063746e+00
-1.62172255e+00
0.00000000e+00
0.00000000e+00
0.00000000e+00
6.36162221e-01
-3.91567517e+00
-1.42571169e-01
-2.32418277e-03
-9.87501439e-01
2.12713796e-01
1.17941653e-01
1.56926317e+00
-2.66425206e-01
0.00000000e+00
6.45134970e-01
-7.04861832e-01
-1.30048731e+00
6.54928344e-01
1.45917578e+00
1.08500276e+00
6.17579033e-01
-1.38669303e+00
-1.82182133e-01
2.69097183e-01
-1.61494525e+00
0.00000000e+00
0.00000000e+00
0.00000000e+00
4.74211487e-01
-1.81072848e+00
2.42972849e-01
7.06603110e-01
-1.16664312e+00
5.10421675e-01
6.42454290e-01
6.79114278e-01
-5.12375278e-01
0.00000000e+00
4.61720248e-01
2.26281599e-01
-1.58171474e+00
5.01237297e-01
-6.83367913e-01
5.14121172e-01
3.94150997e-01
-1.18695470e+00
-2.70083920e-01
2.43633889e-01
5 1
1.7952e-02 8.6230e-03
4 0
0 1 2 7 
217
1.35990358e+00
-8.52263541e-01
-7.58027479e-01
-5.99873657e-01
3.70952800e-01
2.19002255e-01
6.96853743e-01
3.39195509e-02
7.15538304e-01
-5.16639988e-01
1.77904283e-01
-6.71473727e-01
-6.01345546e-01
-9.19289395e-01
4.44116861e-01
-1.03770924e-02
-4.07640026e-01
-3.08414122e-03
3.54096848e-03
-3.68736138e-01
3.15338754e-01
1.57264055e-03
-3.25371518e-01
6.03532110e-01
3.44835286e-03
-4.96472609e-01
0.00000000e+00
0.00000000e+00
0.00000000e+00
0.00000000e+00
2.56085186e-01
3.16305847e-01
5.59901355e-01
2.06413723e-01
0.00000000e+00
0.00000000e+00
0.00000000e+00
1.96204562e-01
3.47684177e-02
3.83018177e-01
7.45912426e-01
0.00000000e+00
0.00000000e+00
0.00000000e+00
0.00000000e+00
4.15926257e-01
-5.16582335e-01
2.74794393e-01
-3.64697664e-01
1.97433054e-01
-2.09338593e-01
8.83886424e-01
6.61558305e-01
-4.10992468e-01
2.90532687e-02
-2.11807331e-02
1.53818763e-01
-7.11015909e-01
2.31328396e-01
7.45912426e-01
9.58837187e-01
-1.48598602e-02
4.15926257e-01
0.00000000e+00
-1.48598602e-02
-1.96776102e+00
5.54283838e-01
9.57826154e-01
8.20479605e-01
1.01575711e+00
0.00000000e+00
-5.79696630e-02
-1.26726889e+00
7.75356052e-01
-3.04135675e-01
6.42517194e-01
1.02070462e-01
0.00000000e+00
4.32576687e-01
-6.63673505e-01
5.92588663e-01
-1.96006697e-02
3.34738234e-01
2.53909388e-01
0.00000000e+00
6.81421535e-01
1.23990396e-01
5.09231812e-01
1.19400268e-01
1.69250237e-01
-4.20505010e-02
0.00000000e+00
0.00000000e+00
0.00000000e+00
0.00000000e+00
0.00000000e+00
0.00000000e+00
0.00000000e+00
0.00000000e+00
0.00000000e+00
0.00000000e+00
0.00000000e+00
0.00000000e+00
0.00000000e+00
0.00000000e+00
0.00000000e+00
0.00000000e+00
0.00000000e+00
0.00000000e+00
0.00000000e+00
0.00000000e+00
0.00000000e+00
0.00000000e+00
0.00000000e+00
0.00000000e+00
0.00000000e+00
0.00000000e+00
0.00000000e+00
0.00000000e+00
-1.04804529e+00
-1.36995538e+00
-8.34025101e-01
0.00000000e+00
0.00000000e+00
0.00000000e+00
1.88599664e-01
-1.33597723e+00
2.87606178e-01
-5.74633448e-01
-9.08371921e-01
2.68940746e-01
-3.13993706e-01
1.15240911e+00
5.22973531e-01
0.00000000e+00
5.23393758e-01
-5.90966415e-01
-1.67648262e+00
6.73169180e-01
8.48935398e-01
6.72189627e-01
5.88687820e-01
-9.60991009e-01
-2.39272803e-01
3.97590307e-02
-3.51043320e-01
0.00000000e+00
0.00000000e+00
0.00000000e+00
4.35256651e-01
-1.78833032e+00
-1.26747316e-01
5.28732519e-01
-1.85016497e-01
1.22614983e-01
5.02263035e-01
-5.40912059e-02
-6.44407555e-01
0.00000000e+00
2.55344390e-01
-2.33120501e-01
2.53977277e-01
1.07936124e-01
-3.91826287e-01
1.34225892e-01
6.03159799e-02
7.67955467e-03
1.66154854e-01
4.97995099e-01
-1.51408327e+00
0.00000000e+00
0.00000000e+00
0.00000000e+00
1.27389399e-01
-3.89265197e-01
-2.72976724e-01
7.63654446e-01
-8.31248404e-01
-3.03576678e-01
6.19867928e-01
3.81084504e-01
6.33126463e-02
0.00000000e+00
8.22123462e-01
6.60329474e-02
-1.56307525e+00
6.24144462e-01
-1.72746454e+00
3.74141465e-01
3.13730571e-02
-6.92712817e-01
6.72389680e-02
3.25873052e-01
5.14305772e-02
0.00000000e+00
0.00000000e+00
0.00000000e+00
-2.74194434e-02
-9.86310029e-01
4.38658344e-01
-6.39675545e-02
3.07454436e-01
6.58872584e-01
-8.91627932e-03
2.49480871e-02
-2.54574918e-01
0.00000000e+00
-2.12677598e-01
-6.58292908e-01
5.29756926e-02
-6.38735259e-02
1.04384517e+00
-4.03527170e-02
4.35343893e-02
-6.15074539e-03
-4.03100291e-02
-1.56012380e-01
136
1.84965951e+00
1.14306084e+00
-1.42277335e-02
3.89763423e-01
-1.75460899e-03
-3.50062730e-04
4.86723483e-03
3.17185311e-01
3.37280054e-03
0.00000000e+00
0.00000000e+00
0.00000000e+00
0.00000000e+00
3.82026127e-01
5.86203692e-01
6.97047712e-01
5.67666158e-01
0.00000000e+00
0.00000000e+00
0.00000000e+00
-2.01809142e-01
2.12670365e-01
7.53296547e-01
1.11556061e+00
0.00000000e+00
0.00000000e+00
0.00000000e+00
0.00000000e+00
-6.45610316e-01
-2.48794889e-01
7.47401639e-01
-4.65733558e-02
5.99995272e-01
-3.60838691e-01
1.39250248e+00
7.39169418e-01
2.39446395e-01
-5.04767077e-01
2.48464636e-01
-5.08567172e-01
-4.35252313e-01
-4.52418255e-01
1.11556061e+00
0.00000000e+00
0.00000000e+00
0.00000000e+00
0.00000000e+00
-1.41044926e+00
2.83927330e-01
-6.70178181e-01
-1.11044274e+00
0.00000000e+00
-8.74509419e-02
1.68262155e-01
1.17748911e-01
-1.20527899e+00
0.00000000e+00
5.45250935e-01
9.96245573e-03
1.46429623e-01
-5.65942717e-01
-1.38279002e+00
7.62412952e-01
2.76835120e-02
2.28784774e-01
1.07622890e-01
0.00000000e+00
0.00000000e+00
0.00000000e+00
0.00000000e+00
0.00000000e+00
0.00000000e+00
0.00000000e+00
0.00000000e+00
0.00000000e+00
0.00000000e+00
0.00000000e+00
0.00000000e+00
0.00000000e+00
0.00000000e+00
0.00000000e+00
0.00000000e+00
0.00000000e+00
0.00000000e+00
0.00000000e+00
0.00000000e+00
-7.78691719e-01
-1.49896475e+00
-1.59972169e+00
0.00000000e+00
0.00000000e+00
0.00000000e+00
6.94891370e-01
-3.12278757e+00
5.05325198e-01
-1.86191791e-01
-1.07806104e+00
2.09943929e-01
-1.39176755e-02
1.52973128e+00
-1.71068338e-01
0.00000000e+00
6.02115376e-01
-1.08154454e+00
-1.49370003e+00
4.05751474e-01
1.47243774e+00
1.00445089e+00
6.24102635e-01
-1.34769912e+00
-4.20157160e-01
2.66655674e-01
-1.94221564e+00
0.00000000e+00
0.00000000e+00
0.00000000e+00
8.13847364e-01
-2.87567014e+00
-3.80194373e-01
6.94411073e-01
-1.44291559e+00
-1.62978785e-01
7.63326218e-01
9.13377161e-01
-5.71608397e-01
0.00000000e+00
9.72815516e-01
-7.67177866e-01
-1.15703464e+00
7.70600037e-01
-6.14955926e-01
7.08640643e-01
7.00061990e-01
-1.04549256e+00
6.66806632e-03
7.32064573e-01
3 1
5.1633e-02 -5.7277e-03
5 0
0 1 2 7 5 
217
2.29294243e-01
-4.27467564e-01
1.88482832e-01
1.53579727e-01
1.21166819e-01
-1.51185166e-01
-8.96886386e-02
1.04134931e-01
4.52225097e-02
4.64486673e-02
1.76392554e-01
-3.80267832e-01
-2.37990012e-02
-5.56910338e-01
1.98584701e-01
-1.44171067e-02
-2.03805352e-04
-1.91892742e-01
1.46056844e-03
-1.14342600e-01
-3.27574311e-02
3.91622894e-04
-1.08915550e-01
2.55359716e-01
-2.82921606e-03
-2.79579744e-01
0.00000000e+00
0.00000000e+00
0.00000000e+00
0.00000000e+00
3.33081140e-02
1.37125974e-01
1.77113519e-01
-1.18253363e-01
0.00000000e+00
0.00000000e+00
0.00000000e+00
-3.12275294e-01
-4.48639551e-02
1.29344789e-01
2.16882740e-01
2.40205963e-01
0.00000000e+00
0.00000000e+00
0.00000000e+00
-9.23700541e-02
-5.62932380e-01
3.53902229e-01
3.83332405e-01
-1.38978225e-01
-6.53361506e-01
9.63141331e-01
1.01638422e+00
-4.67192808e-01
-5.38315597e-01
2.43995832e-01
2.60437987e-02
-9.75073144e-01
-2.84671237e-01
9.55389377e-01
-2.50402054e-01
5.72066351e-01
-9.23700541e-02
0.00000000e+00
-6.13520295e-01
-1.35037958e+00
5.20059939e-01
1.02546273e+00
3.22754599e-01
1.08829830e+00
0.00000000e+00
-2.47853806e-01
-7.29871309e-01
2.70498624e-01
-1.85990447e-01
2.06649425e-01
-7.83607847e-02
0.00000000e+00
-4.65285564e-02
-5.21308650e-01
2.39431328e-01
1.05325596e-01
3.63914716e-02
2.16381752e-01
0.00000000e+00
2.52733800e-01
8.56433437e-02
-8.55294699e-02
2.22691779e-01
6.20899132e-02
7.56435258e-02
0.00000000e+00
-2.52951866e-01
-4.68941926e-02
4.04721107e-01
1.88553753e-01
7.75250018e-02
3.74405225e-01
0.00000000e+00
0.00000000e+00
0.00000000e+00
0.00000000e+00
0.00000000e+00
0.00000000e+00
0.00000000e+00
0.00000000e+00
0.00000000e+00
0.00000000e+00
0.00000000e+00
0.00000000e+00
0.00000000e+00
0.00000000e+00
0.00000000e+00
0.00000000e+00
0.00000000e+00
0.00000000e+00
0.00000000e+00
0.00000000e+00
0.00000000e+00
-9.23107618e-01
-1.45757203e+00
-1.12517907e+00
0.00000000e+00
0.00000000e+00
0.00000000e+00
5.20098278e-01
-1.02833133e+00
4.59554908e-01
-7.16281310e-01
-9.34491113e-01
-2.57858677e-02
-9.95290260e-02
1.21355300e+00
2.34108185e-01
0.00000000e+00
4.56741811e-01
-1.64529982e+00
-1.53791355e+00
6.55195835e-01
1.44632270e+00
5.25662379e-01
3.87590583e-01
-9.72249666e-01
-9.58161401e-02
3.16910797e-02
-1.34449572e-01
0.00000000e+00
0.00000000e+00
0.00000000e+00
1.17194058e-01
-1.48955817e+00
-1.16058103e-01
6.74124952e-01
-4.24381515e-02
2.72792367e-01
2.61975062e-01
-2.20330743e-02
-3.71244792e-01
0.00000000e+00
9.96262969e-02
4.80662023e-01
7.52282552e-02
-1.00424167e-02
-4.32669888e-01
1.09459710e-01
7.58322222e-02
-6.79918999e-02
-5.12951038e-02
3.01987078e-01
-1.91210927e+00
0.00000000e+00
0.00000000e+00
0.00000000e+00
2.18974058e-02
-6.37641038e-01
1.77349989e-01
1.02937972e+00
-5.53020325e-01
6.24960039e-02
5.84473905e-03
6.37840446e-01
-5.11675057e-01
0.00000000e+00
6.03740008e-01
-1.12615335e+00
-1.57409469e+00
4.49313882e-01
-1.29509186e+00
1.01156003e+00
9.65985490e-01
-5.77111826e-01
-4.76286378e-01
-1.26442464e-01
1.74825092e-01
0.00000000e+00
0.00000000e+00
0.00000000e+00
5.88329066e-02
-1.36555606e+00
-2.45205294e-01
-2.17974805e-01
-3.78327466e-02
6.16022073e-01
6.44280499e-01
4.53604950e-03
2.97652097e-01
0.00000000e+00
-1.66055854e-01
3.53485267e-01
-8.52387646e-02
-7.84744890e-02
9.47113393e-01
-1.49211466e-01
-2.66111302e-01
-2.21082555e-01
8.08226869e-02
4.82345657e-03
136
3.05826478e+00
1.32826996e+00
-1.27900919e-02
6.86262197e-01
-8.32575260e-04
3.33776313e-01
5.83014362e-03
7.09956303e-01
4.52199440e-03
0.00000000e+00
0.00000000e+00
0.00000000e+00
0.00000000e+00
7.24584230e-01
8.99126137e-01
1.04789034e+00
6.81018001e-01
0.00000000e+00
0.00000000e+00
0.00000000e+00
-9.92544751e-01
-1.43846502e-01
6.95565501e-01
1.41459848e+00
2.12368056e+00
0.00000000e+00
0.00000000e+00
0.00000000e+00
-7.84711481e-01
-5.05090526e-01
1.02869589e+00
-3.41729268e-01
8.65087367e-01
-4.54123096e-01
1.95908678e+00
4.90133629e-01
3.42651356e-01
-7.64183048e-01
6.62661587e-01
-6.58415840e-01
-4.22769798e-03
-4.50905046e-01
1.71252268e+00
0.00000000e+00
0.00000000e+00
0.00000000e+00
0.00000000e+00
-2.70444423e+00
1.45243629e-01
-7.27914331e-01
-8.69132104e-01
0.00000000e+00
-1.30400443e-01
8.90344360e-02
1.36567333e-03
-1.42623198e+00
0.00000000e+00
4.30968904e-01
-1.50322455e-01
3.60388095e-02
-6.07359591e-01
3.23048299e-01
9.43315678e-01
-1.14243326e-03
1.84254485e-01
1.19694630e-01
-1.48815079e-01
-9.48210408e-01
-1.28585627e-01
-1.85058147e-01
-7.63079487e-02
0.00000000e+00
0.00000000e+00
0.00000000e+00
0.00000000e+00
0.00000000e+00
0.00000000e+00
0.00000000e+00
0.00000000e+00
0.00000000e+00
0.00000000e+00
0.00000000e+00
0.00000000e+00
0.00000000e+00
0.00000000e+00
0.00000000e+00
-8.16069506e-01
-1.26747621e+00
-1.60315757e+00
0.00000000e+00
0.00000000e+00
0.00000000e+00
7.76054297e-01
-3.37292158e+00
4.04691534e-01
-3.17518640e-01
-1.13990179e+00
1.89623670e-01
-1.70424140e-02
1.46495661e+00
-2.58204924e-01
0.00000000e+00
7.86822963e-01
-1.14789514e+00
-1.40596647e+00
4.33081353e-01
1.34891605e+00
1.08123126e+00
7.08734521e-01
-1.30177646e+00
-2.89358661e-01
4.53316259e-01
-1.75582452e+00
0.00000000e+00
0.00000000e+00
0.00000000e+00
8.02837382e-01
-2.35787233e+00
1.58640135e-01
6.72717035e-01
-1.08848835e+00
-8.85883489e-02
2.93467311e-01
8.31432969e-01
-9.44939533e-01
0.00000000e+00
9.64789768e-01
-1.08345211e+00
-1.02129557e+00
9.38762070e-01
-9.22721094e-01
5.05068525e-01
5.88866031e-01
-9.38804356e-01
1.75139979e-01
7.58615961e-01
8 1
-3.8797e-01 1.6573e-01
6 1
0 1 2 7 5 3 
217
3.90137425e-01
-3.79083203e-01
-3.51970796e-01
-4.18756266e-01
7.47518581e-02
-5.25156968e-02
4.42289686e-02
1.51374225e-01
3.12433073e-01
1.08095938e-01
2.31438949e-01
-2.76101575e-01
-2.72715424e-01
2.53231133e-02
0.00000000e+00
0.00000000e+00
0.00000000e+00
-2.93197906e-01
6.04815727e-03
6.89214215e-02
1.13378308e-01
7.99434393e-04
1.31219700e-01
5.69957024e-01
4.43204204e-05
2.85851504e-02
0.00000000e+00
0.00000000e+00
0.00000000e+00
0.00000000e+00
2.41341896e-02
4.48863176e-01
7.96563590e-01
8.51835530e-01
0.00000000e+00
0.00000000e+00
0.00000000e+00
-5.89988436e-01
-6.85427151e-02
2.19779862e-01
3.55652963e-01
2.07577306e-01
2.65658446e-01
0.00000000e+00
0.00000000e+00
-1.25804900e-01
-7.30521984e-01
2.75995651e-01
-5.51612338e-02
4.12372589e-01
-4.25549115e-01
9.69702327e-01
8.44868072e-01
-2.03159648e-01
-2.99938759e-01
3.59936286e-01
-1.00369622e+00
-8.90749934e-01
1.95202509e-01
1.06664179e+00
-3.10640682e-01
8.26583007e-01
-1.25804900e-01
-4.40705465e-01
-1.03409127e+00
-1.24003308e+00
9.75809053e-01
1.22302606e+00
8.89125106e-01
2.82116801e-01
0.00000000e+00
-1.02133128e+00
-2.55471974e+00
9.73438395e-01
2.91738214e-01
4.38030308e-01
5.30504613e-01
0.00000000e+00
1.21374717e-01
-6.90864596e-01
2.67922025e-01
1.08746613e-01
8.40682752e-04
-2.17340524e-01
0.00000000e+00
3.21033334e-01
3.13744570e-01
6.35729702e-02
7.82750944e-02
5.53112096e-03
-3.19661735e-03
2.14915863e-01
-2.26987797e-01
-4.32666327e-01
3.49926488e-01
-2.13949914e-01
5.22828719e-02
9.18700208e-02
1.90123967e-01
2.29777703e-01
1.77753173e-01
-1.92122957e-02
-7.41762328e-01
-1.05519490e-02
-2.35491529e-01
0.00000000e+00
0.00000000e+00
0.00000000e+00
0.00000000e+00
0.00000000e+00
0.00000000e+00
0.00000000e+00
0.00000000e+00
0.00000000e+00
0.00000000e+00
0.00000000e+00
0.00000000e+00
0.00000000e+00
0.00000000e+00
-1.01486907e+00
-1.77533205e+00
-1.34787720e+00
0.00000000e+00
0.00000000e+00
0.00000000e+00
7.84991346e-01
-6.50789627e-01
-8.60791445e-02
-8.20014484e-01
-6.15095203e-01
-1.75587904e-01
1.57523441e-02
6.91091841e-01
-3.79418977e-02
0.00000000e+00
6.53312454e-01
-5.64908137e-01
-1.47180769e+00
6.33948076e-01
1.11166309e+00
-9.54227831e-02
-3.31960342e-01
-7.49278679e-01
-3.06551282e-01
6.66800820e-01
-1.70560806e-01
0.00000000e+00
0.00000000e+00
0.00000000e+00
9.55608467e-02
-8.38771399e-01
-1.13626937e-01
1.99971728e-01
-2.67167213e-01
1.00598041e-02
5.00048313e-02
1.95115280e-01
3.02877729e-01
0.00000000e+00
2.38023427e-01
-9.31642949e-01
1.24581878e-01
2.14400681e-01
-3.46035479e-01
1.05890351e-01
2.33780358e-01
1.19911330e-01
3.04154646e-01
1.32350282e-01
-9.98311422e-01
0.00000000e+00
0.00000000e+00
0.00000000e+00
1.35191016e-02
-4.18058332e-01
1.91774680e-01
3.43712069e-01
-4.94390204e-01
-6.03459041e-02
4.66245597e-01
4.89632123e-01
2.65550724e-01
0.00000000e+00
6.68719135e-01
-8.62673288e-01
-1.32066643e+00
3.90731631e-01
-7.84309450e-01
2.38130951e-01
2.85463193e-01
-3.01436157e-01
-4.37604656e-01
3.27693795e-01
-2.89985111e-01
0.00000000e+00
0.00000000e+00
0.00000000e+00
2.06591521e-01
-5.08239797e-01
-1.18125884e-01
-3.90954419e-02
-3.33974650e-01
2.42931345e-01
-7.64242487e-02
8.19152372e-02
-4.66355708e-01
0.00000000e+00
-4.76226877e-02
8.29588609e-01
-1.39052540e-01
-6.52157184e-02
4.36334761e-01
5.74534759e-02
-1.80479659e-01
-3.44483719e-01
1.56260990e-01
1.80090009e-02
136
1.63237332e+00
0.00000000e+00
0.00000000e+00
9.91984690e-03
8.10444667e-03
6.92229998e-01
2.59913642e-03
9.30223476e-01
3.22691082e-03
0.00000000e+00
0.00000000e+00
0.00000000e+00
0.00000000e+00
7.80284904e-01
5.86273120e-01
6.51757265e-01
5.86867704e-01
0.00000000e+00
0.00000000e+00
1.10645795e-01
-9.92963021e-01
-1.29996739e-01
3.98406964e-01
7.01365544e-01
7.87432609e-01
7.57482170e-01
0.00000000e+00
1.10645795e-01
-4.84811690e-01
-6.06335801e-01
4.12199731e-01
-2.83249663e-01
6.14518839e-01
-2.67831486e-01
1.48659558e+00
7.41479752e-01
2.49405059e-01
-8.90349658e-01
2.41396441e-01
-1.12518827e+00
-1.95931317e-01
8.22050906e-02
1.54762492e+00
0.00000000e+00
0.00000000e+00
0.00000000e+00
-1.03353737e+00
-1.20508687e+00
5.51776186e-01
-4.47296486e-01
-7.83785886e-01
0.00000000e+00
-3.73131495e-01
-1.41602429e-01
1.69676617e-01
-1.28588213e+00
0.00000000e+00
-2.26370370e-01
-7.97777026e-02
-7.20348125e-02
-7.48295535e-01
-1.54678692e-01
4.96919613e-01
1.08922570e-01
6.57149664e-02
6.98919938e-02
1.53339109e-01
-8.72731937e-01
-9.90394111e-03
-1.39388854e-01
-2.49077063e-01
3.18194432e-01
8.22050497e-01
-3.14132353e-01
2.18587016e-01
-1.57359621e-01
0.00000000e+00
0.00000000e+00
0.00000000e+00
0.00000000e+00
0.00000000e+00
0.00000000e+00
0.00000000e+00
0.00000000e+00
0.00000000e+00
0.00000000e+00
-7.74470083e-01
-1.26488589e+00
-1.64464368e+00
0.00000000e+00
0.00000000e+00
0.00000000e+00
7.64821055e-01
-3.50803384e+00
5.81227653e-01
2.25942791e-01
-1.00556326e+00
5.95519607e-01
1.99191205e-01
1.50527704e+00
-1.27265513e+00
0.00000000e+00
5.14186212e-01
-6.60598690e-01
-1.41504437e+00
4.08780442e-01
1.33184382e+00
1.13209473e+00
7.23558633e-01
-1.59624672e+00
-4.30112083e-01
2.61167218e-01
-1.53397162e+00
0.00000000e+00
0.00000000e+00
0.00000000e+00
4.57996417e-01
-1.63826608e+00
-4.69359348e-02
5.51842172e-01
-1.13872377e+00
3.74652546e-01
5.74739005e-01
6.73226431e-01
-6.04024761e-01
0.00000000e+00
5.66066964e-01
1.76970211e-01
-1.47421864e+00
5.85795194e-01
-6.68574319e-01
5.91734321e-01
4.23184474e-01
-1.05464710e+00
-2.40429454e-01
3.55640716e-01
11 1
-5.3959e-01 2.2539e-01
7 1
0 1 2 7 5 3 8 
217
-3.41373732e-02
-2.58158561e-01
1.90998261e-01
-4.71215749e-01
-2.35281226e-01
3.19186943e-02
-2.77736050e-01
3.87350600e-01
5.43338308e-02
2.81276138e-01
4.72467545e-01
-2.44299395e-01
-4.79214731e-02
7.61370448e-01
0.00000000e+00
0.00000000e+00
0.00000000e+00
-1.61176214e-01
-4.89972182e-04
7.79636419e-01
-1.76340241e-01
3.38940232e-03
7.68069107e-01
3.03379082e-01
1.64717964e-03
7.26559315e-01
0.00000000e+00
0.00000000e+00
0.00000000e+00
0.00000000e+00
-3.81953390e-02
1.33464076e-01
4.89117144e-01
5.46214515e-01
0.00000000e+00
0.00000000e+00
0.00000000e+00
-7.28834205e-01
-2.82343269e-01
7.17603411e-02
1.75814840e-01
2.56343807e-01
3.91599394e-01
8.15217188e-02
0.00000000e+00
-7.14678612e-01
-6.50172543e-01
4.16900536e-01
-3.54262763e-01
5.77160532e-01
-4.75692202e-01
1.00260487e+00
1.06276850e+00
-2.69100887e-01
-4.37082838e-01
3.74690194e-01
-8.40668177e-01
-5.61101589e-01
3.21190764e-03
8.31285699e-01
-8.06329876e-01
1.80848822e-02
7.54107620e-01
-6.21958307e-01
-1.06993981e+00
-1.18739350e+00
8.14584638e-01
1.19915912e+00
8.43176107e-01
6.43414849e-01
0.00000000e+00
-1.09988300e+00
-1.71173284e+00
7.20921797e-01
-1.05192572e-01
3.44823829e-01
2.77720130e-01
0.00000000e+00
-2.16675653e-01
-9.36459387e-01
1.80311663e-01
1.54867200e-01
2.22661676e-03
1.52703354e-01
0.00000000e+00
-1.98140181e-01
4.39520493e-02
2.44652159e-01
-2.51362940e-01
-8.06493520e-02
2.67169513e-01
9.01551906e-02
-4.86277146e-01
-4.08618229e-01
3.49084575e-01
-3.86712165e-02
1.29000069e-02
2.87249976e-01
2.16293508e-01
1.70169764e-01
-1.14818192e-01
-2.12687542e-01
-7.95353226e-01
-2.07913103e-01
-2.86438928e-01
0.00000000e+00
-8.49693047e-01
-5.38996072e-01
4.87452730e-01
-1.91106509e-01
3.28102943e-01
6.46188694e-02
0.00000000e+00
0.00000000e+00
0.00000000e+00
0.00000000e+00
0.00000000e+00
0.00000000e+00
0.00000000e+00
-1.05729219e+00
-1.45490382e+00
-1.24361007e+00
0.00000000e+00
0.00000000e+00
0.00000000e+00
7.22107294e-01
-9.30935786e-01
-3.63676892e-02
-7.24826819e-01
-8.07272506e-01
-8.02322204e-02
-3.77909562e-01
1.25566442e+00
6.23573871e-01
0.00000000e+00
8.93403811e-01
-5.89761474e-01
-1.32693471e+00
2.91416635e-01
-1.10315625e-01
2.15785148e-01
2.34606821e-01
-8.79386531e-01
-1.86423873e-01
5.70198732e-01
-2.86093751e-01
0.00000000e+00
0.00000000e+00
0.00000000e+00
2.33321487e-01
-1.59871185e+00
3.13488942e-01
3.92783846e-01
-3.93659642e-01
2.08373402e-01
2.35028062e-01
3.45751150e-02
-2.63935184e-01
0.00000000e+00
1.49262134e-01
-7.20326958e-01
3.52248013e-02
3.33624967e-01
1.68017835e-02
1.11342012e-01
5.07015885e-02
1.77880616e-01
2.83482482e-01
1.14648639e-01
-4.59099210e-01
0.00000000e+00
0.00000000e+00
0.00000000e+00
3.09531236e-01
-5.60866770e-01
8.21597538e-02
6.81909347e-01
-2.20116927e-01
2.05059976e-01
2.38778028e-01
4.50794682e-02
-3.46044060e-01
0.00000000e+00
9.75564546e-01
-1.22946578e+00
-1.05028376e+00
-1.64048517e-01
-7.70705683e-01
2.99089520e-01
8.83021361e-01
-2.50495978e-01
1.24364733e-03
4.11491382e-01
-4.95431048e-01
0.00000000e+00
0.00000000e+00
0.00000000e+00
9.65588246e-02
-5.54307201e-01
-6.78568879e-02
-2.19741063e-01
-4.87902338e-01
1.36824568e-02
5.34086117e-02
3.25296151e-01
-1.86780806e-01
0.00000000e+00
-1.28564707e-01
9.85083089e-01
-1.54069029e-01
2.64879350e-01
3.53950810e-01
7.31278050e-02
-4.64626213e-01
-4.72175025e-01
5.51805358e-02
1.94245861e-02
136
1.54687886e+00
0.00000000e+00
0.00000000e+00
1.95944735e-01
4.05865281e-03
5.46346178e-01
2.42077373e-03
8.04587951e-01
2.65795973e-03
0.00000000e+00
0.00000000e+00
0.00000000e+00
0.00000000e+00
8.55931572e-01
7.17579404e-01
7.51069520e-01
6.24768967e-01
0.00000000e+00
0.00000000e+00
5.44658451e-02
-1.00764410e+00
-3.24044522e-01
1.83568787e-01
5.95122852e-01
7.61784713e-01
9.11524199e-01
3.72101092e-01
5.44658451e-02
-6.74746252e-01
-8.56870859e-01
6.27347774e-01
-3.55481549e-01
7.12494398e-01
-3.44899137e-01
1.60062338e+00
7.32301209e-01
5.13232433e-01
-9.21880359e-01
2.43853974e-01
-1.11687345e+00
-1.57003926e-01
-1.02603546e-02
1.50057574e+00
0.00000000e+00
0.00000000e+00
0.00000000e+00
-1.29516075e+00
-1.52433791e+00
4.13959967e-01
-5.27511719e-01
-2.48561920e-01
0.00000000e+00
-2.91611295e-01
-5.76133336e-02
1.17445332e-01
-1.36370125e+00
0.00000000e+00
-2.82296234e-01
-7.91113338e-02
-9.28125166e-02
-6.75540901e-01
-4.81181119e-02
8.81264564e-01
5.61235087e-02
1.97589027e-01
1.29234424e-01
-1.69385901e-01
-1.05843482e+00
-7.58150053e-02
-1.78351067e-01
-2.68633200e-01
2.66782803e-01
6.17793188e-01
-3.28783708e-01
1.79968176e-01
-6.16277412e-02
0.00000000e+00
6.43628337e-01
1.30819175e-01
4.48708862e-01
-6.01147256e-01
0.00000000e+00
0.00000000e+00
0.00000000e+00
0.00000000e+00
0.00000000e+00
-8.41289363e-01
-1.34849714e+00
-1.64242367e+00
0.00000000e+00
0.00000000e+00
0.00000000e+00
6.62292821e-01
-3.15775461e+00
3.66100983e-01
1.57497654e-01
-9.78289817e-01
5.25723921e-01
1.55542955e-01
1.47544821e+00
-7.40529471e-01
0.00000000e+00
4.54027372e-01
-7.35054428e-01
-1.37076571e+00
3.21976273e-01
1.28792443e+00
1.10781039e+00
7.34780686e-01
-1.60364625e+00
-5.51755557e-01
2.46246486e-01
-1.57916420e+00
0.00000000e+00
0.00000000e+00
0.00000000e+00
3.85421709e-01
-1.66458254e+00
8.07960051e-03
5.44347772e-01
-1.14130507e+00
3.77542975e-01
5.54009689e-01
6.84004380e-01
-4.89287228e-01
0.00000000e+00
4.83739961e-01
1.59834632e-01
-1.49533161e+00
5.77914554e-01
-5.34069479e-01
5.54705876e-01
3.80499867e-01
-1.09681356e+00
-2.27344298e-01
3.59468570e-01
12 1
-6.2608e-01 2.3039e-01
8 0
0 1 2 7 5 3 8 11 
217
6.69265511e-01
-5.64572393e-01
-1.03256717e-01
-2.86011681e-01
2.52171297e-01
1.47225438e-01
2.52725703e-01
-3.53975164e-02
2.15586139e-01
-2.34804017e-02
2.42501484e-01
1.29290502e-02
-2.93719111e-01
-2.74747338e-01
-5.14776975e-02
9.33541657e-03
-2.25123983e-02
2.18501901e-01
2.90047041e-03
-6.64841165e-02
5.21548971e-01
1.51344395e-03
-6.70408966e-02
-1.93076628e-02
-1.29027422e-03
2.19092632e-01
0.00000000e+00
0.00000000e+00
0.00000000e+00
0.00000000e+00
2.07185110e-01
2.36098739e-01
2.25981662e-01
0.00000000e+00
0.00000000e+00
0.00000000e+00
0.00000000e+00
-3.10954466e-01
-8.80719038e-02
1.56926692e-02
1.11458256e-01
1.30899941e-01
2.54882112e-02
7.84752803e-01
0.00000000e+00
-6.71395649e-01
-6.38734475e-01
5.52909249e-01
2.27564500e-01
2.42471967e-01
-6.92095273e-01
1.27366388e+00
1.76934679e+00
-5.92122352e-01
-5.00947680e-01
2.55450968e-01
-3.76170288e-01
-7.05870041e-01
-4.34262825e-01
9.59456733e-01
-3.41095789e-01
5.39482020e-01
4.70879280e-01
0.00000000e+00
-6.45299247e-01
-1.38782985e+00
7.54568868e-01
1.26200260e+00
5.59995891e-01
1.40516042e+00
0.00000000e+00
-1.06175069e-01
-9.43513619e-01
3.74343638e-01
-2.82991335e-01
4.01096943e-01
4.58588689e-01
0.00000000e+00
1.74506855e-01
-6.54619008e-01
4.09749214e-01
3.48184970e-02
8.50094425e-02
2.93516339e-01
0.00000000e+00
2.94384202e-01
2.05959808e-01
3.25912968e-01
1.82373010e-01
4.89683412e-02
-1.72147018e-01
0.00000000e+00
-2.43709962e-02
-2.49264185e-01
4.01532816e-01
4.61751733e-02
2.92103691e-01
2.05626558e-01
0.00000000e+00
4.80254299e-01
1.00874575e-01
9.56439315e-02
-4.88010318e-01
9.33672810e-02
-7.57340544e-01
0.00000000e+00
-4.09349551e-01
-5.05776127e-01
7.23299924e-01
-7.61615915e-02
3.55315138e-01
1.12169598e-01
0.00000000e+00
-4.72405636e-01
-4.42639779e-01
5.86791149e-01
-3.35321545e-01
5.54879998e-01
7.88623196e-02
-1.18526617e+00
-1.38954732e+00
-1.85306495e+00
0.00000000e+00
0.00000000e+00
0.00000000e+00
7.86830744e-01
-1.15074316e-01
8.41585873e-01
3.01448122e-01
-8.89659188e-02
9.42645906e-01
3.97316531e-01
1.60450650e+00
5.34450981e-01
0.00000000e+00
1.21451487e+00
-5.92474526e-01
-6.85201683e-01
1.38757940e+00
1.20775969e+00
1.09883431e+00
1.23146674e+00
-6.52530417e-01
7.07301126e-01
9.40299441e-01
-1.22142724e+00
0.00000000e+00
0.00000000e+00
0.00000000e+00
1.32633749e+00
-1.33397806e-01
8.96853036e-01
1.34674432e+00
6.86318605e-01
1.26465658e+00
1.45874286e+00
9.58755628e-01
4.58427460e-01
0.00000000e+00
1.04425486e+00
1.05961497e+00
8.48637283e-01
6.50610382e-01
1.05373394e+00
1.31403141e+00
9.73785622e-01
8.48414220e-01
6.13676544e-01
1.12721819e+00
-1.62053292e+00
0.00000000e+00
0.00000000e+00
0.00000000e+00
1.21740590e-01
-9.12666443e-01
2.91161157e-01
5.07195642e-01
-9.41684161e-01
2.65475967e-01
5.13395201e-01
5.32224193e-01
4.04684920e-01
0.00000000e+00
7.57841515e-01
-7.58388166e-01
-1.57443391e+00
4.53561292e-01
-1.10307163e+00
5.28096429e-01
4.94806717e-01
-7.97741814e-01
-1.85123738e-01
-2.17606687e-01
-4.26908699e-02
0.00000000e+00
0.00000000e+00
0.00000000e+00
2.13822084e-01
-1.40978537e+00
4.20507950e-02
1.20081145e-01
7.43711278e-02
5.05608876e-01
2.28195544e-01
1.68119430e-01
-3.96240206e-01
0.00000000e+00
-3.52253701e-02
-4.66250572e-01
1.86305185e-01
5.82777861e-02
4.96999151e-01
1.30334167e-01
-1.54299353e-01
-7.43782867e-02
-8.83213122e-03
2.78155132e-01
136
1.37321433e+00
6.64346980e-01
-9.01317049e-03
3.21780800e-01
-1.90855624e-03
1.46186691e-01
2.28709886e-03
2.40899862e-01
5.43083260e-03
0.00000000e+00
0.00000000e+00
0.00000000e+00
0.00000000e+00
3.21793740e-01
4.84530120e-01
5.90929711e-01
0.00000000e+00
0.00000000e+00
0.00000000e+00
0.00000000e+00
-3.47891722e-01
-1.21529214e-01
-1.94428908e-02
1.31727779e-01
2.48014330e-01
5.26173629e-01
9.56709695e-01
0.00000000e+00
-5.21695731e-01
-6.30104562e-01
7.97182682e-01
-3.97426686e-02
4.58881298e-01
-7.62346390e-01
1.60799219e+00
9.33427486e-01
1.60913049e-02
-8.76288356e-01
3.39481143e-01
-2.90770141e-01
-3.31148321e-01
-6.41485941e-01
1.31428762e+00
0.00000000e+00
0.00000000e+00
0.00000000e+00
0.00000000e+00
-2.28560182e+00
2.39984500e-01
-6.82481960e-01
-4.35112957e-02
0.00000000e+00
2.24495954e-01
8.30507479e-03
2.42174088e-01
-1.12588406e+00
0.00000000e+00
5.75466947e-02
-4.33162096e-02
7.92129316e-02
-5.37620928e-01
-2.25182708e-01
5.33298570e-01
8.49639508e-03
2.48250180e-01
5.84470609e-02
0.00000000e+00
-1.73654388e+00
-1.39264355e-01
-2.95734243e-01
-2.29953449e-01
0.00000000e+00
9.28712986e-01
-1.87305117e-01
2.78828202e-01
-1.28773020e-01
0.00000000e+00
5.58368539e-01
7.09592811e-02
4.75537130e-01
-4.34969902e-01
0.00000000e+00
1.19174881e+00
1.41908288e-01
4.71469497e-01
-3.53755370e-01
-9.20975728e-01
-1.13342656e+00
-1.60728805e+00
0.00000000e+00
0.00000000e+00
0.00000000e+00
7.01237119e-01
-3.26718606e+00
4.11462625e-01
3.69141067e-03
-1.15013628e+00
3.27121333e-01
1.85682108e-02
1.43211947e+00
-4.06703149e-01
0.00000000e+00
5.43514232e-01
-7.80405478e-01
-1.38339988e+00
3.99320470e-01
1.25339112e+00
1.08987559e+00
7.55512021e-01
-1.42080104e+00
-4.06256198e-01
2.71786430e-01
-1.64372220e+00
0.00000000e+00
0.00000000e+00
0.00000000e+00
5.87072102e-01
-2.64977515e+00
-2.61622832e-02
7.20670182e-01
-1.03160067e+00
2.99098114e-01
6.90597988e-01
6.98520552e-01
-5.09238513e-01
0.00000000e+00
7.96370309e-01
-1.00079923e+00
-1.24297652e+00
6.70438073e-01
-3.00574203e-01
5.26653444e-01
5.91781465e-01
-1.05879040e+00
2.09679872e-02
5.74024555e-01
9 1
-6.7234e-01 2.9106e-01
8 1
0 1 2 7 5 3 8 11 
217
5.95105762e-01
-4.17029506e-01
-1.53474512e-01
-2.12478734e-01
1.24654673e-01
3.60763398e-01
2.43973367e-01
1.28709064e-01
2.36459924e-01
-8.64684026e-02
1.08211814e-01
-3.37909705e-01
-1.18194016e-01
4.35562167e-01
0.00000000e+00
0.00000000e+00
0.00000000e+00
-3.19732690e-01
-7.18925369e-04
4.59014765e-01
9.15440833e-02
5.30246163e-03
3.50437309e-01
8.23294369e-01
3.02861793e-03
2.59957040e-01
0.00000000e+00
0.00000000e+00
0.00000000e+00
0.00000000e+00
1.04893510e-01
1.68882420e-01
4.96017111e-01
7.81125027e-01
0.00000000e+00
0.00000000e+00
0.00000000e+00
-4.26232680e-01
-2.35250792e-01
-7.40943419e-02
1.82400255e-01
2.18850488e-01
2.29812006e-01
6.99620826e-01
0.00000000e+00
-4.29570289e-01
-8.86552284e-01
2.33291000e-01
-3.02206574e-01
3.94015315e-01
1.56503926e-01
9.48058020e-01
9.63088235e-01
7.29671840e-01
-4.48484983e-01
-2.67729665e-01
-1.40251064e+00
-6.76314463e-01
6.34400937e-01
9.49445388e-01
-3.34594421e-01
2.55717826e-01
6.73982356e-01
-4.33693595e-01
-8.52067790e-01
-2.23748555e-01
9.17889148e-01
1.06775841e+00
9.62977999e-01
4.64680580e-01
0.00000000e+00
-7.23826577e-01
-1.51501204e+00
7.71849059e-01
-3.87194576e-01
5.47083279e-01
1.16860470e-02
0.00000000e+00
-1.06286145e-01
-8.64498512e-01
4.55558674e-01
-2.78711559e-01
2.45833233e-01
3.80283939e-01
0.00000000e+00
1.13539115e-01
1.50082907e-01
3.23227591e-01
-8.40626651e-02
1.58339056e-01
3.48148416e-02
1.52358925e-01
-1.57948960e-01
-3.09069460e-01
3.33208992e-01
3.29675664e-01
2.67486804e-01
1.28549441e-01
2.62837175e-01
2.01377019e-01
-2.65654119e-01
8.94944226e-02
-6.91684451e-01
4.13971446e-02
-2.13721894e-01
0.00000000e+00
-6.95444493e-01
-7.67888029e-01
7.56319609e-01
-2.96977015e-01
5.34230646e-01
4.91121311e-02
0.00000000e+00
-3.88102294e-01
-4.81900558e-01
5.85107970e-01
-5.45139021e-01
3.98100087e-01
2.18317862e-01
-8.74396864e-01
-1.45531241e+00
-1.85399909e+00
0.00000000e+00
0.00000000e+00
0.00000000e+00
8.22716998e-01
-9.31056898e-02
1.27953453e-01
1.00304330e-01
-6.71008947e-01
3.17284637e-01
2.15810650e-01
1.43892173e+00
3.34709889e-01
0.00000000e+00
7.81512923e-01
4.59929783e-01
-1.06077733e+00
3.07673384e-01
8.37738661e-01
1.29731205e+00
1.10556749e+00
-6.19112894e-01
-5.83645728e-01
2.49407779e-01
-7.92647548e-01
0.00000000e+00
0.00000000e+00
0.00000000e+00
8.26361125e-01
-1.66210252e-01
5.93174808e-01
9.92516353e-01
6.20420491e-01
8.07665101e-01
9.51203085e-01
7.27407083e-01
2.15104370e-01
0.00000000e+00
8.21541988e-01
7.47104678e-02
5.26232569e-01
8.88554915e-01
6.65069408e-01
9.59388381e-01
9.70684250e-01
4.67578233e-01
9.90750369e-01
9.41032583e-01
-7.85451828e-01
0.00000000e+00
0.00000000e+00
0.00000000e+00
7.39096161e-02
-5.01367587e-01
-7.17884489e-02
2.92947673e-01
-7.11514608e-01
2.52939588e-01
6.88100060e-01
2.37139408e-01
2.12340648e-01
0.00000000e+00
1.23875004e+00
-1.26958417e+00
-8.28417370e-01
4.75221334e-01
-8.77331300e-01
1.20595665e-01
4.39000360e-01
-3.61836867e-01
-2.26798314e-01
3.22424483e-02
-3.97761654e-01
0.00000000e+00
0.00000000e+00
0.00000000e+00
1.22325328e-01
-4.85870997e-01
-9.01386022e-02
3.81456931e-02
-1.92540817e-01
-1.43666204e-01
-1.08060623e-01
1.48457362e-01
-5.36671419e-01
0.00000000e+00
-2.86865552e-01
6.43288121e-01
-1.73475723e-01
2.03649604e-01
2.38120994e-01
2.56661912e-01
-2.02975446e-01
-2.07821402e-01
1.65006067e-01
2.14670052e-01
136
1.58863988e+00
0.00000000e+00
0.00000000e+00
7.81855728e-02
6.54471581e-03
6.58821494e-01
1.70760624e-03
8.51632811e-01
2.24969990e-03
0.00000000e+00
0.00000000e+00
0.00000000e+00
0.00000000e+00
8.87686038e-01
7.25201571e-01
7.10125762e-01
5.50454182e-01
0.00000000e+00
0.00000000e+00
2.33186241e-02
-8.57469282e-01
-3.57128645e-01
-9.36480070e-03
3.08044923e-01
5.74304269e-01
8.92959545e-01
1.01397524e+00
2.33186241e-02
-6.12755537e-01
-8.49688491e-01
8.10529364e-01
-5.22475797e-01
4.86526925e-01
-4.02911692e-01
1.62834429e+00
4.25435567e-01
1.58051998e-01
-7.95654786e-01
5.54997814e-01
-7.17403916e-01
-3.76804513e-02
-4.45032815e-02
1.48450925e+00
0.00000000e+00
0.00000000e+00
0.00000000e+00
-1.35394916e+00
-1.52993461e+00
3.92151531e-01
-5.44557864e-01
-9.06030416e-02
0.00000000e+00
-7.96982588e-01
-1.41830515e-01
-4.96258911e-02
-1.29102906e+00
0.00000000e+00
-2.85765448e-01
-8.58143607e-03
-1.01710311e-01
-8.03850363e-01
-2.07583730e-01
5.00616193e-01
6.35818655e-02
1.02415899e-01
7.86365090e-02
-2.08615220e-01
-1.15731713e+00
-1.33972486e-01
-1.85712334e-01
-2.52853043e-01
1.13678481e-01
5.89284225e-01
-3.18850954e-01
1.85024920e-01
-9.15962396e-03
0.00000000e+00
4.88607334e-01
1.33687407e-01
3.78213899e-01
-5.69100360e-01
0.00000000e+00
1.18745123e+00
1.85799897e-01
4.17551093e-01
-4.67891341e-01
-8.18489301e-01
-1.22050100e+00
-1.62604646e+00
0.00000000e+00
0.00000000e+00
0.00000000e+00
6.75690641e-01
-3.15173254e+00
4.18892639e-01
1.50263653e-01
-1.06837290e+00
4.98999792e-01
9.57828958e-02
1.36876941e+00
-4.48286876e-01
0.00000000e+00
5.45472635e-01
-8.35474123e-01
-1.28114935e+00
4.23652049e-01
1.21150583e+00
8.26337626e-01
3.73005254e-01
-1.36975117e+00
-3.68655471e-01
3.09003561e-01
-1.50806351e+00
0.00000000e+00
0.00000000e+00
0.00000000e+00
4.13619591e-01
-1.76848714e+00
3.51066225e-02
5.32298863e-01
-1.15969066e+00
4.53009159e-01
5.20158898e-01
7.03567931e-01
-4.93390517e-01
0.00000000e+00
4.86923927e-01
3.18972352e-01
-1.46950175e+00
4.69065502e-01
-4.13872021e-01
5.45510555e-01
3.53326084e-01
-1.14773994e+00
-2.01118263e-01
3.14177298e-01
10 1
-6.1389e-01 3.0530e-01
8 1
0 1 2 7 5 3 8 11 
217
1.37502168e-01
-3.60790874e-01
3.29024746e-01
1.77516990e-01
-7.18801682e-03
2.00526081e-01
4.81475915e-02
-8.25311442e-02
-1.21388440e-01
1.64294567e-01
-2.97180510e-02
6.97400902e-02
2.47649084e-01
5.44281482e-01
0.00000000e+00
0.00000000e+00
0.00000000e+00
-4.49907659e-01
-7.91526411e-04
6.62029744e-01
7.15550374e-02
4.59369486e-03
4.59189566e-01
5.15854789e-01
2.75716574e-03
4.81904663e-01
0.00000000e+00
0.00000000e+00
0.00000000e+00
0.00000000e+00
-3.73617259e-02
7.84857151e-02
3.58505455e-01
5.94358689e-01
0.00000000e+00
0.00000000e+00
0.00000000e+00
-5.77099334e-01
-2.15936505e-01
-6.75245491e-02
1.05177826e-01
1.49705584e-01
2.84099459e-01
4.59079687e-01
0.00000000e+00
-3.31261319e-01
-2.40590846e-01
3.72116749e-01
-1.19874887e-01
-7.94576434e-02
-2.65106793e-01
5.61910369e-01
0.00000000e+00
1.68503927e-01
-4.53894659e-01
-7.64179956e-02
-6.37371988e-01
-9.11761752e-02
4.67527392e-01
8.47535937e-01
-4.82928254e-01
4.20628468e-02
5.78367575e-01
-3.97075926e-01
-8.37175755e-01
-5.07849002e-01
6.30077245e-01
1.10218047e+00
7.41676604e-01
4.05874378e-01
0.00000000e+00
-1.07557799e+00
-1.70695545e+00
6.56198172e-01
-4.59691066e-01
5.56881982e-01
1.61170961e-01
0.00000000e+00
-5.46484044e-01
-7.70368431e-01
4.94274600e-01
-3.27608056e-01
1.89711612e-01
2.72269935e-01
0.00000000e+00
-1.02264370e-01
3.78382192e-02
2.37495659e-01
-1.54154230e-01
2.27087914e-03
5.24410860e-01
2.44105678e-01
-3.21537890e-01
-1.72916042e-01
2.34499698e-01
2.30077693e-01
-1.95653179e-02
-3.39055136e-02
-5.24603058e-02
3.27878367e-01
-2.16811722e-01
-2.67272706e-02
-5.72341292e-01
-1.11188622e-01
-3.36363127e-01
0.00000000e+00
-8.09916571e-01
-5.54014859e-01
7.73785453e-01
-2.19320349e-01
1.73633286e-01
-3.62122366e-01
0.00000000e+00
-5.75465903e-01
-6.28708828e-01
3.10658678e-01
-5.34105281e-01
4.02309393e-01
2.48307496e-01
-9.63914813e-01
-1.25186876e+00
-1.31568936e+00
0.00000000e+00
0.00000000e+00
0.00000000e+00
1.34207474e-01
-7.43862348e-01
4.46981865e-01
-3.28793453e-01
-5.92933544e-01
6.71833264e-01
-4.63449716e-01
7.66150693e-01
-2.48058572e-01
0.00000000e+00
1.63093243e-01
-2.53597793e-01
-1.55164623e+00
-1.52750729e-01
7.27920541e-01
7.12673587e-01
8.04171640e-01
-7.25701329e-01
-6.29194056e-01
-5.27338961e-02
-1.64101733e-01
0.00000000e+00
0.00000000e+00
0.00000000e+00
3.35482396e-01
-1.01932830e+00
1.92358945e-01
2.85384805e-01
-3.78246422e-01
1.17639584e-01
3.38098352e-01
1.84855404e-01
-3.34663989e-01
0.00000000e+00
2.34121336e-01
-5.65722687e-01
-5.26601986e-02
2.49001858e-01
-2.12287581e-01
1.78098048e-01
1.17970648e-01
-2.37406026e-01
1.14357754e-01
2.88844337e-01
-7.48922273e-01
0.00000000e+00
0.00000000e+00
0.00000000e+00
8.39259398e-02
-2.46630239e-01
-1.42698680e-01
9.25909231e-02
-4.20577361e-01
3.96068622e-01
6.29009880e-01
-2.01094995e-01
3.02255720e-01
0.00000000e+00
7.74658821e-01
-6.82883068e-01
-9.99347378e-01
6.39130659e-01
-8.14626444e-01
-9.77523264e-02
-1.36604829e-01
-4.67897077e-01
3.54368354e-01
1.89181205e-01
-3.86136972e-01
0.00000000e+00
0.00000000e+00
0.00000000e+00
1.93449725e-01
-6.30104791e-01
-1.38132414e-01
7.20350270e-03
-2.40751462e-01
-1.49393532e-01
-2.90243707e-01
3.50769744e-01
-5.13528124e-01
0.00000000e+00
-1.01147613e-01
3.79323065e-01
-5.54859066e-02
8.08598088e-02
2.48926129e-01
3.71793124e-01
1.04060122e-01
-1.31202974e-01
-8.12117468e-03
1.35589507e-01
136
1.35133579e+00
0.00000000e+00
0.00000000e+00
6.33995876e-02
5.53378804e-03
5.62392251e-01
1.54202665e-03
7.25543951e-01
1.42974655e-03
0.00000000e+00
0.00000000e+00
0.00000000e+00
0.00000000e+00
7.41233604e-01
5.81620911e-01
6.02502746e-01
4.77252786e-01
0.00000000e+00
0.00000000e+00
-8.38343069e-02
-6.31235536e-01
-2.58772167e-01
2.93766930e-02
3.11695087e-01
5.28391512e-01
6.85420668e-01
7.70293839e-01
-8.38343069e-02
-6.36804148e-01
-9.20634568e-01
5.81953727e-01
-2.15077164e-01
5.84489326e-01
-2.55440202e-01
1.62479330e+00
5.06878312e-01
4.18036224e-01
-7.78093372e-01
4.73929492e-01
-7.41278257e-01
-4.21163935e-01
-9.51664241e-02
1.30874778e+00
0.00000000e+00
0.00000000e+00
0.00000000e+00
-1.18952669e+00
-1.39311929e+00
3.97919986e-01
-4.82654967e-01
-3.92056265e-02
0.00000000e+00
-5.88753950e-01
-3.80326891e-02
-1.67367664e-02
-1.24215456e+00
0.00000000e+00
-4.38568640e-01
-5.24173734e-02
-1.36567877e-01
-7.18581126e-01
-1.75243485e-01
4.57222858e-01
1.65105882e-02
1.24181049e-01
2.07354074e-01
-1.14015898e-01
-8.96286019e-01
-7.51211841e-02
-1.21975417e-01
-3.15608844e-01
2.00052763e-01
5.50065176e-01
-2.62848545e-01
1.82703708e-01
4.56902741e-02
0.00000000e+00
5.21615095e-01
1.01761433e-01
3.85871407e-01
-4.93214559e-01
0.00000000e+00
1.06410586e+00
1.37212281e-01
4.21821790e-01
-4.98853813e-01
-8.49693035e-01
-1.20795430e+00
-1.68804600e+00
0.00000000e+00
0.00000000e+00
0.00000000e+00
5.97024172e-01
-3.33055495e+00
2.30776517e-01
1.60364225e-01
-1.04634284e+00
3.39235846e-01
1.52738572e-01
1.31205165e+00
-4.15041534e-01
0.00000000e+00
5.57933863e-01
-7.84164606e-01
-1.30076173e+00
4.56297001e-01
1.25071713e+00
9.70692398e-01
5.60311568e-01
-1.41030111e+00
-2.73177211e-01
2.84155041e-01
-1.50867855e+00
0.00000000e+00
0.00000000e+00
0.00000000e+00
4.00811958e-01
-1.65694038e+00
9.51055671e-02
5.74399774e-01
-1.16513867e+00
3.71561424e-01
5.58107594e-01
6.84765701e-01
-5.04462708e-01
0.00000000e+00
4.31611321e-01
3.05871830e-01
-1.51739459e+00
4.93934954e-01
-4.11286193e-01
5.80569978e-01
4.04219223e-01
-1.19890038e+00
-2.73895689e-01
3.18380737e-01
21 1
-9.5882e-01 3.4990e-01
8 0
0 1 2 7 5 3 8 11 
217
9.30636021e-01
-5.64492520e-01
-4.28623687e-01
-2.05656039e-01
2.40926875e-01
1.85214223e-02
5.19398794e-01
5.91267339e-02
6.04635015e-01
-2.32811046e-01
2.56192805e-01
-4.43598841e-01
-6.90517468e-01
-3.04793174e-01
-1.19095829e-01
3.07844610e-03
-1.71770071e-01
2.31232191e-01
3.30202552e-03
-3.80982923e-01
6.03761663e-01
9.67522381e-04
-4.28196858e-01
2.14737995e-01
1.87000137e-03
-1.87427686e-01
0.00000000e+00
0.00000000e+00
0.00000000e+00
0.00000000e+00
3.31914581e-01
3.52349535e-01
3.64721484e-01
0.00000000e+00
0.00000000e+00
0.00000000e+00
0.00000000e+00
-1.57994438e-01
2.30109849e-02
6.24264093e-02
1.51210658e-01
1.66395540e-01
2.19761893e-01
4.65824973e-01
0.00000000e+00
-6.28685949e-01
-4.31281682e-01
5.58500548e-01
5.38382549e-01
4.03389575e-04
-9.70167586e-01
1.26964581e+00
1.46407989e+00
-7.75270670e-01
-3.07774217e-01
2.66009643e-01
-5.17101728e-02
-5.14749413e-01
-5.44613935e-01
1.05786782e+00
-2.62493698e-01
7.29429852e-01
4.63699867e-01
0.00000000e+00
-3.03085155e-01
-3.07552578e-01
6.66966142e-01
1.10946646e+00
5.66755034e-01
6.21417159e-01
0.00000000e+00
3.24496219e-02
-8.18815630e-01
4.77325667e-01
-2.43028281e-01
4.20860731e-01
4.58646359e-01
0.00000000e+00
1.45577561e-01
-1.31543003e+00
6.03948889e-01
-1.71647267e-02
1.81109570e-01
-1.59413795e-01
0.00000000e+00
3.36797080e-01
5.86920890e-02
3.79718832e-01
1.70852153e-01
2.14120109e-01
-3.89924789e-01
0.00000000e+00
-1.27762990e-01
-5.53757153e-01
6.50041446e-01
1.15810702e-01
4.08357564e-01
2.69725654e-01
0.00000000e+00
4.21422519e-01
2.26298974e-01
1.84538653e-01
-3.93256102e-01
3.24674848e-01
-1.95987327e-01
0.00000000e+00
-1.77646887e-01
-1.90566234e-01
6.03042072e-01
1.46385705e-02
5.05240835e-01
1.67862126e-01
0.00000000e+00
-2.40367011e-01
-3.60586721e-01
6.28195319e-01
-1.15702776e-01
5.42807712e-01
2.30341549e-02
-1.06477227e+00
-1.13153900e+00
-1.69917501e+00
0.00000000e+00
0.00000000e+00
0.00000000e+00
9.03710261e-01
-5.93214742e-02
6.76846049e-01
8.92569578e-02
-2.36556345e-01
7.03660370e-01
5.53169538e-01
1.54486436e+00
1.77730654e-01
0.00000000e+00
1.22450275e+00
-4.91936915e-01
-4.56606011e-01
1.35772404e+00
8.80897142e-01
1.22727245e+00
1.22661698e+00
-2.23015641e-01
1.28714759e-01
3.80159608e-01
-1.04638136e+00
0.00000000e+00
0.00000000e+00
0.00000000e+00
1.26251145e+00
-9.65289406e-02
7.99305229e-01
1.08665669e+00
3.82414565e-01
1.24008794e+00
9.17324408e-01
8.45121181e-01
4.56912307e-01
0.00000000e+00
8.06161479e-01
7.96062076e-01
6.01285513e-01
6.69466558e-01
8.29339609e-01
9.37772526e-01
7.56145929e-01
3.25274484e-01
9.26130645e-01
1.28480122e+00
-1.26661962e+00
0.00000000e+00
0.00000000e+00
0.00000000e+00
-5.90863204e-02
-6.05918074e-01
7.22362434e-01
-6.48469679e-02
-7.30307680e-01
2.55062613e-01
3.93945006e-01
2.24696072e-01
-2.32498565e-02
0.00000000e+00
5.75137347e-01
-4.81544159e-01
-1.29422705e+00
4.97872312e-01
-7.56642466e-01
2.73811603e-01
5.39743738e-01
-8.08396801e-01
1.49670379e-01
-7.47017438e-02
-8.34288195e-02
0.00000000e+00
0.00000000e+00
0.00000000e+00
3.35690608e-01
-1.31051740e+00
-1.04494935e-01
2.47462989e-01
-1.63757399e-01
4.22794698e-01
5.09764542e-02
2.75249705e-01
-1.76158604e-01
0.00000000e+00
4.30133774e-02
-9.81568007e-02
-7.87535369e-02
-1.63728738e-01
4.54878041e-01
7.42664954e-02
-2.15497536e-01
1.56688755e-01
-1.35163432e-01
3.01778435e-01
136
1.43828543e+00
7.22597718e-01
-8.28310302e-03
3.56503277e-01
-1.88538356e-03
1.83757824e-01
2.03900142e-03
1.75426614e-01
5.28681090e-03
0.00000000e+00
0.00000000e+00
0.00000000e+00
0.00000000e+00
3.77105846e-01
5.37722571e-01
5.58948988e-01
0.00000000e+00
0.00000000e+00
0.00000000e+00
0.00000000e+00
-2.34543831e-01
-1.40667552e-01
-1.82733339e-02
1.45114323e-01
2.57794325e-01
4.63847519e-01
9.70466128e-01
0.00000000e+00
-6.04383066e-01
-6.66368020e-01
9.24323198e-01
4.58101601e-01
3.10948298e-01
-9.56288203e-01
1.64175311e+00
8.56295087e-01
-5.20045517e-02
-9.42892650e-01
4.83069643e-01
-3.39256911e-02
-4.70115460e-01
-8.76719274e-01
1.37194355e+00
0.00000000e+00
0.00000000e+00
0.00000000e+00
0.00000000e+00
-2.16724930e+00
2.24340048e-01
-7.26900005e-01
1.23110620e-01
0.00000000e+00
4.59464072e-01
6.23363350e-03
2.36636716e-01
-9.90233317e-01
0.00000000e+00
-7.41250538e-03
-3.08620550e-02
6.17037206e-02
-6.17433340e-01
-2.86399328e-01
3.40851570e-01
-4.33609108e-03
1.94133584e-01
5.69836301e-02
0.00000000e+00
-1.36477003e+00
-1.22379656e-01
-2.03781255e-01
-2.36999309e-01
0.00000000e+00
8.29774417e-01
-1.43921677e-01
2.39965597e-01
-2.72610700e-02
0.00000000e+00
4.85164747e-01
5.88202521e-02
4.09147097e-01
-4.07975888e-01
0.00000000e+00
1.25007036e+00
1.32812003e-01
4.65660708e-01
-3.14883560e-01
-9.83920989e-01
-1.18301729e+00
-1.64530821e+00
0.00000000e+00
0.00000000e+00
0.00000000e+00
6.49161821e-01
-3.23643750e+00
3.24074530e-01
8.60175340e-02
-1.13430347e+00
3.53946443e-01
1.91576784e-01
1.34009932e+00
-3.38053264e-01
0.00000000e+00
5.77838977e-01
-8.55414299e-01
-1.42899714e+00
3.37960354e-01
1.20680033e+00
1.07495379e+00
7.26875654e-01
-1.41160024e+00
-4.24392630e-01
3.14584793e-01
-1.69617570e+00
0.00000000e+00
0.00000000e+00
0.00000000e+00
6.51019358e-01
-2.68683004e+00
-2.67106508e-02
7.10065984e-01
-1.02790570e+00
3.61363264e-01
6.82444956e-01
7.27708846e-01
-4.37046608e-01
0.00000000e+00
7.58817209e-01
-1.11952192e+00
-1.21006475e+00
6.76953011e-01
-3.18224734e-01
6.31083168e-01
5.76056073e-01
-1.22802697e+00
2.49950499e-02
5.57648753e-01
16 1
-1.0433e+00 3.9017e-01
8 1
0 1 2 7 5 3 8 11 
217
2.88153108e-01
-3.97431462e-01
-5.77122699e-02
-5.43875001e-02
-1.25290447e-01
2.58118344e-01
9.92267015e-02
1.74056821e-02
1.63937195e-01
-2.08467533e-01
1.60847004e-01
-5.06970413e-01
-1.05673450e-02
7.86926878e-01
0.00000000e+00
0.00000000e+00
0.00000000e+00
-8.93058405e-01
8.43277918e-03
5.67101682e-01
1.56297757e-01
5.38253042e-03
4.23053450e-01
1.02491376e+00
1.61207704e-03
2.24230549e-01
0.00000000e+00
0.00000000e+00
0.00000000e+00
0.00000000e+00
2.25065045e-01
-1.13085520e-02
3.94301179e-02
3.49664973e-02
0.00000000e+00
0.00000000e+00
0.00000000e+00
-8.88634264e-02
-2.24603141e-01
-2.53966637e-01
-6.24911614e-02
5.39499949e-02
1.83404261e-01
6.80723219e-01
0.00000000e+00
-1.52250788e-01
-1.07642694e+00
3.03020390e-01
-1.49951252e-01
3.46612382e-01
-1.22672984e-01
9.70621535e-01
7.83282972e-01
2.43473923e-01
-2.96655548e-01
-2.22318456e-02
-1.12213757e+00
-7.16664051e-01
4.51410844e-01
8.48722037e-01
-4.24300023e-01
1.78117765e-01
5.34335367e-01
-6.38866337e-01
-8.94284138e-01
-4.30678685e-01
8.65015232e-01
1.05815917e+00
9.56288350e-01
6.57440481e-01
0.00000000e+00
-7.67634382e-01
-2.36161309e+00
8.06979652e-01
-2.07046580e-02
2.48807838e-01
-4.84099472e-02
0.00000000e+00
-2.17787834e-01
-1.26730851e+00
4.26467666e-01
8.49354741e-02
7.94732755e-02
7.28951717e-02
0.00000000e+00
1.18952344e-01
2.20347808e-01
1.69321321e-01
-9.26904074e-02
-1.20556755e-04
1.23574364e-01
1.42432741e-01
-2.53088228e-01
-2.57282006e-01
3.96554474e-01
-3.51425743e-02
2.25412080e-03
-2.85437836e-02
3.07967593e-01
1.39744011e-01
2.68320378e-02
4.69167875e-02
-7.49310219e-01
-2.06475283e-01
-2.44122430e-01
0.00000000e+00
-3.80134430e-01
-8.21704498e-02
4.31439903e-01
-3.49129063e-01
2.36847634e-01
-1.65223852e-01
0.00000000e+00
-4.45740763e-01
-2.77437803e-01
4.13707781e-01
-1.13304898e-01
3.20186090e-01
5.27560241e-02
-9.94966359e-01
-1.04122913e+00
-1.44321167e+00
0.00000000e+00
0.00000000e+00
0.00000000e+00
9.21946676e-01
-1.08034738e+00
2.75360703e-01
-6.38235793e-01
-8.80844861e-01
-7.93374423e-01
-1.10593421e-01
2.57091471e-01
8.54832339e-01
0.00000000e+00
1.23119126e+00
-5.99981802e-01
-1.99371519e+00
6.65273705e-01
6.65843243e-01
5.37272335e-01
-1.22365934e-01
-1.10203438e+00
-3.09268286e-01
7.78738075e-01
-1.53378734e-01
0.00000000e+00
0.00000000e+00
0.00000000e+00
-1.53714490e-02
-1.22658379e+00
-9.06102387e-02
5.51252285e-01
-4.84194374e-01
4.32968667e-01
2.10022521e-01
3.82471055e-01
-3.89251600e-01
0.00000000e+00
-1.03242411e-01
-6.10759200e-01
1.97103996e-01
4.23522448e-02
4.57915620e-02
2.31866261e-01
3.80091666e-01
1.33508316e-01
1.87763663e-01
-2.85579126e-02
-6.41532102e-01
0.00000000e+00
0.00000000e+00
0.00000000e+00
2.00760593e-01
-6.92411678e-01
-1.21537371e-01
2.90869178e-01
-3.80101825e-01
1.03481320e-01
7.66186056e-02
1.45376490e-01
-2.68972624e-01
0.00000000e+00
8.17475995e-01
-1.24137712e+00
-9.35599542e-01
4.02683321e-01
-4.86213591e-01
3.27731321e-01
1.10957850e+00
-2.91095046e-01
-2.03857394e-01
5.05058768e-01
-3.79831233e-01
0.00000000e+00
0.00000000e+00
0.00000000e+00
2.61561189e-01
-5.67769366e-01
3.38480664e-02
1.26632273e-01
-2.73992069e-01
-1.40807180e-01
1.16143759e-01
2.35077349e-01
-2.47941558e-01
0.00000000e+00
-5.95843854e-02
6.23008433e-01
-1.25655960e-01
2.35506343e-01
1.98303715e-01
1.54461910e-01
-4.42195002e-01
-4.17985710e-01
-3.30654173e-02
-5.53776235e-02
136
1.43806929e+00
0.00000000e+00
0.00000000e+00
2.11400441e-01
3.13020667e-03
5.10241366e-01
1.96027972e-03
7.16427482e-01
1.98638545e-03
0.00000000e+00
0.00000000e+00
0.00000000e+00
0.00000000e+00
8.98840806e-01
7.52197779e-01
7.42565357e-01
6.46020190e-01
0.00000000e+00
0.00000000e+00
-5.15787817e-02
-6.84716163e-01
-2.56278118e-01
6.41856877e-02
3.28520557e-01
4.85578216e-01
6.32118116e-01
9.20239775e-01
-5.15787817e-02
-5.15347487e-01
-8.03337000e-01
6.66866687e-01
-3.36384894e-01
5.40647249e-01
-4.02744643e-01
1.54390825e+00
4.93147744e-01
1.90012999e-01
-7.92032150e-01
4.23251549e-01
-7.74602312e-01
-1.39936850e-01
-3.65224104e-03
1.39985117e+00
0.00000000e+00
0.00000000e+00
0.00000000e+00
-1.24721568e+00
-1.42396860e+00
3.37863766e-01
-5.15523231e-01
5.72108027e-02
0.00000000e+00
-5.94042332e-01
-9.78170656e-02
3.27957902e-02
-1.12170665e+00
0.00000000e+00
-3.89016439e-01
-4.35385191e-02
-9.80286036e-02
-8.34984158e-01
-3.96885650e-01
2.93154008e-01
3.64866892e-02
7.55178427e-02
8.30559653e-02
-1.69458640e-01
-9.56692271e-01
-8.31797127e-02
-1.40775724e-01
-2.75369324e-01
1.91963822e-01
5.69713713e-01
-2.31219820e-01
1.68228792e-01
5.75308796e-02
0.00000000e+00
5.42853650e-01
2.32425998e-01
3.38048714e-01
-5.47944975e-01
0.00000000e+00
1.23625927e+00
1.78373798e-01
4.22704594e-01
-9.67198574e-02
-8.56101728e-01
-1.14448471e+00
-1.70119320e+00
0.00000000e+00
0.00000000e+00
0.00000000e+00
6.66154278e-01
-3.22924995e+00
3.47927206e-01
1.15125012e-01
-9.82646069e-01
4.85882006e-01
1.50433805e-01
1.32964791e+00
-5.41204195e-01
0.00000000e+00
5.18675556e-01
-8.17584923e-01
-1.33578235e+00
4.19091672e-01
1.08713983e+00
9.97634444e-01
6.42292155e-01
-1.48093368e+00
-3.74582826e-01
3.00786914e-01
-1.51476882e+00
0.00000000e+00
0.00000000e+00
0.00000000e+00
3.86043804e-01
-1.65500093e+00
-4.69187276e-03
5.19960123e-01
-1.16246545e+00
3.90745114e-01
4.61806394e-01
6.93376819e-01
-4.61012389e-01
0.00000000e+00
4.64320209e-01
3.54753272e-01
-1.43515179e+00
5.15332969e-01
-4.29367948e-01
5.59900620e-01
3.25035643e-01
-1.17577199e+00
-2.05824549e-01
3.43243137e-01
17 1
-1.1607e+00 3.9946e-01
8 0
0 1 2 7 5 3 8 11 
217
1.22288991e+00
-8.60782736e-01
-4.62236677e-01
1.49280427e-01
5.91668338e-01
6.47077247e-02
6.95402602e-01
-5.27938530e-01
3.52294336e-01
-6.17162197e-01
-4.59450934e-01
-3.36173920e-01
4.29755657e-02
-2.40870242e-01
5.47557865e-01
-1.22370759e-02
-4.62916241e-01
3.03553250e-01
-7.35974892e-04
-4.22922326e-01
3.87935204e-01
2.71526311e-03
-4.37333893e-01
-1.61564106e-02
-1.09573443e-04
-1.40723970e-01
0.00000000e+00
0.00000000e+00
0.00000000e+00
0.00000000e+00
3.45405646e-01
2.48029747e-01
2.44275064e-01
3.85179450e-01
0.00000000e+00
0.00000000e+00
0.00000000e+00
-4.17213744e-01
-2.04393717e-01
6.33476305e-02
2.26629995e-01
3.51086300e-01
5.26154120e-01
6.77279324e-01
0.00000000e+00
-6.83107131e-01
-4.46810595e-01
6.06577231e-01
2.11956627e-01
1.35635647e-01
-7.94751286e-01
1.29370623e+00
1.38820789e+00
-5.05535198e-01
-4.40060516e-01
3.16055525e-01
3.23977398e-01
-7.74324504e-01
-4.60271191e-01
1.05163377e+00
-3.91930864e-01
1.01036876e+00
6.04452013e-01
0.00000000e+00
-2.17751670e-01
-1.66177966e-01
9.47750385e-01
9.83815567e-01
4.92891194e-01
1.00580098e+00
0.00000000e+00
9.68107318e-02
-9.27664672e-01
5.15662824e-01
-1.99399121e-01
6.10416352e-01
4.07927997e-01
0.00000000e+00
2.35327208e-01
-8.35084872e-01
5.99537071e-01
-1.65078339e-02
3.88025629e-01
6.60185655e-01
0.00000000e+00
3.23206727e-01
4.03370872e-02
5.42851908e-01
5.66177632e-02
3.56831273e-01
-2.05979233e-01
-5.37563273e-01
2.22046382e-01
-5.34772807e-01
9.74862223e-01
1.13129489e-01
5.63544576e-01
-6.72814736e-02
2.15405243e-01
4.48941187e-01
3.65915196e-02
2.49685591e-01
-1.10241807e-01
3.08857887e-01
-3.42108909e-01
0.00000000e+00
-1.82115619e-01
-1.07556697e-01
8.30657478e-01
-1.61234886e-01
5.74348049e-01
-5.26104072e-02
0.00000000e+00
-2.81145479e-01
-3.12631717e-01
8.72312367e-01
-2.26927672e-01
6.31723020e-01
3.74221707e-01
-1.10201284e+00
-1.18146773e+00
-1.87422511e+00
0.00000000e+00
0.00000000e+00
0.00000000e+00
7.01934462e-01
-8.77022876e-02
9.09218674e-01
-7.86578498e-02
-1.22592851e+00
9.03835123e-01
4.35819044e-01
1.78344244e+00
8.98757946e-01
0.00000000e+00
8.14616969e-01
-4.18126215e-01
-7.34595773e-01
1.60761225e+00
1.37242701e+00
1.55440776e+00
1.08187880e+00
4.36852133e-01
5.54167040e-01
8.95117835e-01
-1.19960007e+00
0.00000000e+00
0.00000000e+00
0.00000000e+00
1.38751363e+00
-8.56645161e-02
8.28629688e-01
1.45422413e+00
1.28894048e+00
1.13156584e+00
1.40135751e+00
1.04527065e+00
7.23535208e-02
0.00000000e+00
1.28764960e+00
1.01137126e+00
1.05419765e+00
8.77159667e-01
5.05966598e-01
1.15604376e+00
1.07246057e+00
4.01489600e-01
1.05460892e+00
1.13249098e+00
-1.53896506e+00
0.00000000e+00
0.00000000e+00
0.00000000e+00
-7.29164960e-01
-7.11933239e-01
3.41883263e-01
5.75949718e-01
-6.84853418e-02
1.00630362e-01
4.00540932e-02
1.34145825e-01
1.25215354e-01
0.00000000e+00
6.34116695e-01
-4.91331879e-01
-1.25263639e+00
1.18567751e+00
-1.22137232e+00
4.51201719e-01
-5.98369979e-01
-3.70233331e-01
3.23111395e-01
-7.42355788e-03
7.36740969e-02
0.00000000e+00
0.00000000e+00
0.00000000e+00
5.47475072e-01
-1.09340526e+00
1.06942000e-01
-7.94952665e-02
-2.08985857e-01
5.92990226e-01
3.70659367e-02
2.27767263e-01
-2.80513589e-01
0.00000000e+00
-7.25401742e-02
-2.39181745e-01
-1.60934648e-01
-3.55242723e-01
9.28612066e-01
-9.02092784e-02
3.84782127e-01
-3.15496145e-01
-9.08275168e-02
2.34871611e-01
136
1.40879306e+00
7.44068676e-01
-9.28169959e-03
2.20837019e-01
2.80766454e-04
1.17410124e-01
2.97945396e-03
3.26477245e-01
5.15064842e-04
0.00000000e+00
0.00000000e+00
0.00000000e+00
0.00000000e+00
2.81230500e-01
4.61207322e-01
5.70108160e-01
5.14566986e-01
0.00000000e+00
0.00000000e+00
0.00000000e+00
-1.01161071e-01
-1.28716193e-01
-6.14023471e-02
1.16676384e-01
2.41366540e-01
4.80674667e-01
8.78556041e-01
0.00000000e+00
-5.20972872e-01
-6.15700336e-01
8.84459686e-01
3.95811375e-01
3.24644586e-01
-9.24166250e-01
1.64915920e+00
7.79330570e-01
-5.65004174e-02
-9.24635003e-01
4.11122202e-01
5.58336696e-02
-4.41506643e-01
-8.72300920e-01
1.28141518e+00
0.00000000e+00
0.00000000e+00
0.00000000e+00
0.00000000e+00
-2.11626555e+00
1.80794903e-01
-6.97477014e-01
9.58234910e-02
0.00000000e+00
5.19439310e-01
3.97540002e-02
2.55970239e-01
-1.03216812e+00
0.00000000e+00
-6.00971297e-02
-2.09072588e-02
5.15132861e-02
-6.79684238e-01
-4.36853217e-01
1.26618228e-01
2.11968165e-03
1.35125105e-01
9.31817556e-02
-2.39726810e-01
-9.90365557e-01
-7.07708112e-02
-1.32058541e-01
-2.75193033e-01
3.83823419e-02
8.65750067e-01
-1.43446312e-01
2.48547455e-01
6.84144555e-02
0.00000000e+00
5.14235228e-01
1.07852539e-01
3.70035225e-01
-4.18448556e-01
0.00000000e+00
1.22941830e+00
1.72386705e-01
4.27900460e-01
-3.77766855e-01
-1.01309338e+00
-1.28903098e+00
-1.72649375e+00
0.00000000e+00
0.00000000e+00
0.00000000e+00
6.97253493e-01
-3.33730813e+00
3.50163826e-01
1.34899802e-01
-1.09875316e+00
4.05936109e-01
1.28514258e-01
1.27566257e+00
-3.40349215e-01
0.00000000e+00
5.99801619e-01
-9.06320542e-01
-1.45038425e+00
3.89765424e-01
1.23647948e+00
1.04916596e+00
6.99246496e-01
-1.46210259e+00
-4.75635491e-01
3.77470597e-01
-1.70593396e+00
0.00000000e+00
0.00000000e+00
0.00000000e+00
6.23508720e-01
-2.55656333e+00
1.62307057e-02
6.89575987e-01
-1.09057808e+00
2.93705134e-01
6.50261415e-01
7.79367684e-01
-4.03777736e-01
0.00000000e+00
6.97605853e-01
-9.12964321e-01
-1.28023883e+00
6.31003644e-01
-3.55987309e-01
6.27835862e-01
5.76045366e-01
-1.11772163e+00
-1.07836242e-01
5.34593152e-01
20 1
-1.0763e+00 4.2893e-01
8 1
0 1 2 7 5 3 8 11 
217
1.89766112e-01
-4.38513363e-01
3.95226080e-01
-2.18695904e-01
-6.23758069e-02
1.11619999e-01
-1.28495439e-01
2.67998516e-01
1.67163114e-01
-4.36318144e-02
1.59346742e-01
-1.09725660e-01
5.41275018e-02
3.71778336e-01
0.00000000e+00
0.00000000e+00
0.00000000e+00
-5.18568338e-01
4.56943535e-04
6.93315021e-01
1.39633624e-01
1.36913401e-03
4.81925695e-01
5.68700826e-01
4.11340667e-03
3.23179682e-01
0.00000000e+00
0.00000000e+00
0.00000000e+00
0.00000000e+00
-2.99422840e-02
1.26976511e-01
1.58085786e-01
3.27597783e-01
0.00000000e+00
0.00000000e+00
0.00000000e+00
-5.03892758e-01
-1.70850621e-01
-3.48570738e-02
1.55046154e-01
2.22713501e-01
1.33655907e-01
3.87951003e-01
0.00000000e+00
-4.43225831e-01
-4.51613153e-01
5.75038708e-01
-3.43801936e-01
2.08900359e-01
-5.88917890e-01
8.46024224e-01
8.01870966e-01
-4.12579181e-01
-3.24066795e-01
-1.74131054e-01
-1.26682661e-01
-4.10855083e-01
3.35361856e-01
6.98443582e-01
-4.13298985e-01
-1.97969693e-01
8.01034790e-01
-2.47742587e-01
-4.50107026e-01
-4.96983301e-01
3.51071780e-01
1.12774624e+00
5.36543945e-01
3.48403581e-01
0.00000000e+00
-7.26373367e-01
-1.09931845e+00
6.29542406e-01
-5.00902965e-01
2.86597073e-01
1.90122490e-01
0.00000000e+00
-4.28706340e-01
-1.27718519e+00
5.12549683e-01
-2.77065945e-02
1.05922769e-01
2.27818629e-01
0.00000000e+00
-1.97595518e-01
-1.67898826e-01
3.40054741e-01
-1.22541444e-01
4.73068886e-02
1.98320427e-01
3.09744662e-02
-1.46240954e-01
-1.70721330e-01
3.11450934e-01
1.27626952e-02
-6.41833496e-03
-9.26534482e-02
6.12867938e-02
3.07392962e-01
1.42101717e-01
-7.42117250e-02
-4.39538588e-01
-1.04701918e-01
-2.53487132e-01
0.00000000e+00
-7.99841145e-01
-5.61149436e-01
7.99135872e-01
-3.61162021e-01
1.90471385e-01
-3.61921245e-01
0.00000000e+00
-5.23713689e-01
-3.89064601e-01
4.01237066e-01
-5.29438341e-01
3.12242735e-01
7.00469358e-02
-9.84848205e-01
-1.04637602e+00
-1.55338075e+00
0.00000000e+00
0.00000000e+00
0.00000000e+00
9.79015681e-02
-4.77141867e-01
3.01114028e-02
-4.49274265e-01
-4.13985876e-01
4.77152607e-02
1.35349061e-01
5.28640964e-01
1.86335383e-01
0.00000000e+00
5.38211346e-02
-9.38345688e-02
-1.60809518e+00
4.00821153e-01
5.80602904e-01
1.08904828e+00
-9.54751957e-02
-1.15611121e+00
-6.59636782e-01
2.49827081e-01
-7.98082915e-02
0.00000000e+00
0.00000000e+00
0.00000000e+00
3.02936873e-01
-9.02462000e-01
3.72229212e-01
3.31734586e-01
-4.64590897e-01
2.28440864e-01
6.29328847e-02
2.72993288e-01
-3.93619715e-01
0.00000000e+00
2.77889101e-01
-8.41278556e-01
9.13210176e-02
-1.39987944e-02
-1.38114306e-02
-5.65530070e-02
4.46391171e-01
1.45195411e-02
9.79062737e-02
1.07211295e-01
-9.35104520e-01
0.00000000e+00
0.00000000e+00
0.00000000e+00
6.01264791e-02
-5.96262091e-01
3.67786438e-01
1.38716454e-01
-6.04955716e-01
-1.46751665e-01
1.60169190e-01
4.30749812e-02
3.24906798e-01
0.00000000e+00
1.61278064e+00
-3.70695713e-01
-1.21207811e+00
-1.71773764e-01
-2.32470881e-01
-4.53210912e-02
-1.38482220e-01
-4.77086137e-01
-9.80616217e-02
4.51273512e-01
-3.05306525e-01
0.00000000e+00
0.00000000e+00
0.00000000e+00
1.62750315e-01
-1.13571653e+00
-7.52562959e-02
2.49803051e-01
-1.76308041e-01
1.70560423e-01
1.59224305e-02
1.84661834e-01
-3.24010674e-01
0.00000000e+00
-4.76991804e-01
1.69074390e-01
-4.96080134e-02
4.64376951e-01
-9.41580605e-02
3.55802246e-01
3.03084768e-01
-1.00811168e-01
7.78043191e-02
-2.62866668e-02
136
1.32399740e+00
0.00000000e+00
0.00000000e+00
-5.02397174e-02
6.91746065e-03
5.81139347e-01
2.34953839e-03
7.93097776e-01
1.31636211e-03
0.00000000e+00
0.00000000e+00
0.00000000e+00
0.00000000e+00
7.26618363e-01
5.45711216e-01
5.86890666e-01
4.82165258e-01
0.00000000e+00
0.00000000e+00
-4.24104437e-02
-5.48223895e-01
-2.79392877e-01
1.50045563e-02
2.54499830e-01
4.69162469e-01
6.46256787e-01
8.09100979e-01
-4.24104437e-02
-5.24539694e-01
-8.42501855e-01
5.06755049e-01
-2.12720857e-01
5.05360851e-01
-2.55239916e-01
1.45552278e+00
4.84001149e-01
4.12325910e-01
-7.88363185e-01
3.23335209e-01
-7.66451462e-01
-2.36092665e-01
2.08365042e-02
1.28418003e+00
0.00000000e+00
0.00000000e+00
0.00000000e+00
-1.13412667e+00
-1.26872340e+00
3.53851402e-01
-4.44892807e-01
5.15420803e-02
0.00000000e+00
-3.80527211e-01
-2.59449980e-03
6.91769059e-02
-1.30435670e+00
0.00000000e+00
-4.71397860e-01
-8.65800697e-02
-1.19209359e-01
-7.05647637e-01
-2.79500838e-01
3.44016520e-01
5.40856149e-02
6.57673690e-02
1.86584153e-01
-2.30058499e-02
-7.68794224e-01
-4.17987536e-02
-1.18702349e-01
-2.46095064e-01
1.40698404e-01
4.77958888e-01
-2.20378031e-01
1.49920809e-01
1.82853406e-02
0.00000000e+00
4.30792549e-01
1.16959911e-01
3.19823255e-01
-4.62710652e-01
0.00000000e+00
9.81309727e-01
1.58847406e-01
3.54176820e-01
-4.71674432e-01
-9.05491539e-01
-1.13516303e+00
-1.75323835e+00
0.00000000e+00
0.00000000e+00
0.00000000e+00
6.10808425e-01
-3.30432387e+00
2.46689673e-01
1.87824835e-01
-1.05875341e+00
4.03140963e-01
2.00835025e-01
1.24977130e+00
-4.48375555e-01
0.00000000e+00
5.53425607e-01
-8.71526143e-01
-1.36700752e+00
4.72044298e-01
1.06104984e+00
9.77052201e-01
6.41720711e-01
-1.36872247e+00
-2.70622821e-01
3.31730543e-01
-1.53133539e+00
0.00000000e+00
0.00000000e+00
0.00000000e+00
3.93411537e-01
-1.58412259e+00
-1.24739653e-02
5.16293351e-01
-1.16142450e+00
3.31846320e-01
4.35468607e-01
6.98651483e-01
-5.36734217e-01
0.00000000e+00
4.29677675e-01
3.77503723e-01
-1.42626006e+00
5.01848146e-01
-2.97220425e-01
5.61161573e-01
3.30322413e-01
-1.18565919e+00
-2.46561805e-01
3.42936538e-01
