0 6 -999999999 -1 -1
1 2 0 -1 -1
0.2889 -0.1375
356
7.46500781e-01
7.46500781e-01
0.00000000e+00
3.54736015e-02
-3.42715054e-02
-7.04658647e-02
-1.79832621e-02
0.00000000e+00
0.00000000e+00
-1.83710618e-01
-4.10605987e-02
0.00000000e+00
0.00000000e+00
1.60628655e-02
-2.94515750e-02
4.88623111e-02
0.00000000e+00
0.00000000e+00
0.00000000e+00
0.00000000e+00
0.00000000e+00
0.00000000e+00
0.00000000e+00
0.00000000e+00
0.00000000e+00
0.00000000e+00
0.00000000e+00
0.00000000e+00
0.00000000e+00
0.00000000e+00
0.00000000e+00
0.00000000e+00
0.00000000e+00
0.00000000e+00
0.00000000e+00
0.00000000e+00
0.00000000e+00
0.00000000e+00
0.00000000e+00
0.00000000e+00
0.00000000e+00
0.00000000e+00
0.00000000e+00
0.00000000e+00
0.00000000e+00
0.00000000e+00
0.00000000e+00
0.00000000e+00
0.00000000e+00
0.00000000e+00
0.00000000e+00
-1.12366291e+00
-7.75641795e-01
1.21149267e+00
0.00000000e+00
0.00000000e+00
0.00000000e+00
0.00000000e+00
1.57030795e-03
6.61062818e-01
7.50094388e-01
5.59601364e-03
6.13661615e-01
-5.20568017e-01
-5.07516858e-02
-4.15605348e-01
-5.68073844e-01
-2.41802545e-01
1.45793340e-01
-1.28529420e-03
-1.80780293e-01
4.30797670e-01
-3.46223197e-03
-2.00469596e-01
1.65222887e-01
-2.28166446e-03
-2.45996401e-01
4.68688354e-03
-1.41416264e-03
-3.31203607e-01
0.00000000e+00
0.00000000e+00
0.00000000e+00
0.00000000e+00
0.00000000e+00
-6.69243014e-02
5.77449636e-01
5.08904693e-02
1.85084977e-01
0.00000000e+00
-6.77215503e-01
-4.37352796e-01
-1.24906750e+00
-7.10391833e-01
-3.50914888e-01
-4.51695623e-01
8.24579521e-03
-1.89008080e-01
7.44085813e-02
-1.95098057e-01
2.09404602e-01
1.05953409e-01
0.00000000e+00
0.00000000e+00
2.13915777e+00
3.32827441e+00
0.00000000e+00
0.00000000e+00
0.00000000e+00
0.00000000e+00
0.00000000e+00
0.00000000e+00
7.07578550e-01
5.67771654e-01
3.85918222e-01
-1.38491543e-01
-7.29077556e-01
-2.18635632e+00
0.00000000e+00
0.00000000e+00
0.00000000e+00
0.00000000e+00
0.00000000e+00
-1.17623529e+00
1.02452275e+00
1.60206725e-01
2.76769930e-01
-2.82570746e-01
-1.02520249e+00
-1.64999065e+00
4.61710986e+00
4.55545423e+00
4.43918629e+00
4.41925363e+00
4.43420607e+00
4.57079509e+00
9.98885864e-03
9.83339486e-02
1.00955700e-01
6.03806804e-02
1.14006203e-01
-5.76346289e-01
6.81933042e-01
3.40639551e-01
2.01312027e-01
1.84059339e-01
2.53817053e-01
-2.01523911e-01
0.00000000e+00
0.00000000e+00
0.00000000e+00
0.00000000e+00
-1.08550915e+00
9.07261480e-02
0.00000000e+00
0.00000000e+00
1.83200993e+00
-4.53637720e-01
0.00000000e+00
-1.47782726e+00
-5.32695738e-01
-8.35913533e-01
-8.59571345e-01
-2.68032831e-01
-1.39226708e+00
0.00000000e+00
0.00000000e+00
0.00000000e+00
4.38751683e-01
-1.37636698e-01
2.41782934e-01
-2.69646132e-01
-8.27213131e-01
1.17026211e+00
3.14568112e-01
-5.12354698e-03
-4.00887152e-01
0.00000000e+00
5.58493044e-01
-3.16001022e-01
-7.50420469e-01
1.26095184e-01
-1.37942235e+00
1.59826323e-01
5.82116912e-01
-1.02116327e+00
-2.95630806e-01
4.18981191e-01
3.62406718e-01
0.00000000e+00
0.00000000e+00
0.00000000e+00
5.30319734e-02
-7.98277958e-02
-6.90116923e-02
2.55693177e-01
-2.23643888e-03
-3.20309735e-01
7.51372214e-02
-1.38971042e-01
1.88706632e-01
0.00000000e+00
-1.56219527e-01
3.66522592e-01
5.71212943e-02
7.51033423e-03
-1.22389434e-01
2.15701766e-01
-1.30450505e-01
6.57160733e-02
1.37233133e-01
-4.05513090e-02
-8.43300191e-01
-4.65572250e-01
0.00000000e+00
4.40010966e-02
1.14327639e-01
2.16018097e-01
-6.83792991e-02
-6.13211048e-01
-9.00470114e-01
0.00000000e+00
0.00000000e+00
0.00000000e+00
-2.83096443e-01
-1.04600034e-01
-2.88785878e-01
9.65019595e-01
-2.80536337e-01
7.13922771e-01
5.71666931e-01
-1.96832062e+00
-1.74811503e-02
0.00000000e+00
5.90290824e-01
6.38505100e-01
2.67730829e-01
7.22885736e-02
-1.75525453e+00
-9.20073734e-01
-1.60742110e-01
9.90004930e-02
1.14797533e-01
8.45198073e-01
-3.77727941e-01
0.00000000e+00
-3.24436619e-01
-2.10993643e-01
-5.48966891e-01
-6.71234874e-02
0.00000000e+00
-3.20937058e-02
3.70558231e-01
3.90924944e-01
6.15997203e-02
-5.19648151e-01
-4.81843404e-01
0.00000000e+00
0.00000000e+00
5.45519599e-02
-1.10394636e+00
0.00000000e+00
0.00000000e+00
0.00000000e+00
-3.52875247e-01
-1.22385135e+00
6.33845471e-02
-7.34216083e-02
-1.18460752e-01
8.42155048e-01
1.86972757e-01
-2.01006933e-01
-5.67877734e-01
0.00000000e+00
9.99089032e-02
-8.79758307e-02
-1.59505121e-02
6.69649062e-01
-9.00882013e-01
1.70809328e-01
2.46031840e-01
-1.42266628e-01
2.31571107e-01
7.01396543e-02
7.25531009e-01
0.00000000e+00
0.00000000e+00
0.00000000e+00
-1.77096722e-01
3.01871129e-01
-7.74249796e-02
1.30972876e-01
7.80045863e-02
-1.11679361e-01
3.01993442e-01
-7.19189744e-02
4.55302729e-01
0.00000000e+00
-2.48867520e-01
-6.17563491e-03
-2.67485942e-01
2.52038635e-02
2.63436610e-01
-8.30948406e-02
-1.20250871e-01
1.66049712e-01
1.73883260e-01
-7.19235381e-03
-6.10948354e-01
-1.11828153e-01
-2.02582574e-01
-1.53283503e-01
-2.87186082e-02
3.09085655e-01
4.85363540e-02
-4.69450162e-01
-8.62970597e-01
0.00000000e+00
0.00000000e+00
0.00000000e+00
-8.13802908e-02
1.20140157e-01
3.48541934e-01
-1.00730067e+00
3.20557711e-01
-2.11675019e-01
-7.34459093e-01
8.08486301e-01
1.07202977e-01
0.00000000e+00
-4.66350330e-01
-2.81246437e-01
-6.19339729e-02
6.93699703e-03
4.66313065e-01
5.18852321e-01
3.37230011e-01
2.16386817e-01
-6.32941353e-03
-1.26294367e+00
-4.99120201e-01
9.66155907e-01
-4.64562048e-03
-2.79809761e-01
-4.92998010e-01
-7.24085380e-01
-5.18327778e-01
-1.75852082e-01
-3.77091486e-02
8.24847541e-02
-1.58761081e-01
-6.47809054e-01
2.31087370e-01
2.42230260e-01
5.52278032e-03
0.00000000e+00
247
-6.32798206e-01
-6.32798206e-01
0.00000000e+00
-4.32274753e-01
-2.00523453e-01
-2.76768222e-01
-4.32243636e-01
-1.54420088e-02
0.00000000e+00
0.00000000e+00
1.92100725e-01
2.14501925e-01
0.00000000e+00
0.00000000e+00
0.00000000e+00
0.00000000e+00
0.00000000e+00
0.00000000e+00
0.00000000e+00
0.00000000e+00
0.00000000e+00
0.00000000e+00
0.00000000e+00
0.00000000e+00
0.00000000e+00
0.00000000e+00
0.00000000e+00
0.00000000e+00
0.00000000e+00
0.00000000e+00
0.00000000e+00
0.00000000e+00
0.00000000e+00
0.00000000e+00
0.00000000e+00
0.00000000e+00
0.00000000e+00
0.00000000e+00
0.00000000e+00
0.00000000e+00
0.00000000e+00
-1.28671867e-01
-8.97456604e-03
-7.26730453e-02
-3.12730118e-03
-3.41483585e-01
1.91361091e-03
-8.99697092e-02
-1.10676040e-03
0.00000000e+00
0.00000000e+00
0.00000000e+00
0.00000000e+00
0.00000000e+00
-3.69548536e-01
3.71386338e-02
-9.95619666e-02
-4.11722610e-02
0.00000000e+00
1.35157128e+00
3.21774886e+00
0.00000000e+00
0.00000000e+00
0.00000000e+00
0.00000000e+00
0.00000000e+00
0.00000000e+00
8.01025517e-01
5.97555254e-01
3.41998352e-01
-2.47427036e-01
-8.75529909e-01
-2.60199166e+00
0.00000000e+00
0.00000000e+00
0.00000000e+00
0.00000000e+00
0.00000000e+00
0.00000000e+00
8.89044986e-01
2.48549868e-01
1.12989504e-01
-5.49865813e-01
-9.54143766e-01
-1.63357459e+00
5.10474630e+00
5.12635551e+00
5.11237017e+00
5.09151096e+00
4.96706790e+00
5.28678102e+00
-1.20536780e-01
-3.26757874e-01
-1.64893285e-01
-4.16914358e-01
-2.51431607e-01
-6.89608656e-01
-7.65899267e-02
-4.84571492e-01
-5.42786388e-01
-3.75826099e-01
-6.60926659e-01
-8.19327897e-01
0.00000000e+00
-1.96354725e+00
0.00000000e+00
0.00000000e+00
1.33074905e+00
-4.57874089e-01
0.00000000e+00
-2.49107394e+00
-1.16791622e+00
-7.73994880e-01
-9.45794946e-01
-4.13678184e-01
-1.94191110e+00
0.00000000e+00
0.00000000e+00
0.00000000e+00
4.43127246e-01
-7.47408661e-01
2.18675988e-01
-7.40739529e-02
-2.14092743e-01
7.46494069e-01
6.73717081e-02
-2.22048640e-01
-8.17871503e-02
0.00000000e+00
4.09810473e-01
2.89534572e-01
-4.27341879e-01
6.54609686e-02
-1.36959754e+00
2.32845022e-01
1.53426948e-01
-1.32346386e+00
-2.19746903e-01
1.10903237e-01
-1.54861663e+00
-1.23148259e+00
0.00000000e+00
1.11703128e+00
6.40224787e-01
7.58918348e-01
0.00000000e+00
0.00000000e+00
0.00000000e+00
-3.24678007e-02
5.81679129e-01
2.86244447e-02
-5.11050097e-01
-6.82295862e-02
-9.53384875e-02
-1.75882320e-01
6.83571935e-01
4.71898718e-02
0.00000000e+00
-1.18017411e-01
-4.60789717e-02
-4.01202318e-01
1.10288227e-01
7.40969380e-01
2.41125810e-01
-8.89305031e-02
-6.57735264e-02
3.94434717e-02
-1.11002897e-01
-3.17134040e-01
0.00000000e+00
-9.84520414e-02
-7.41090768e-02
-3.93294469e-01
6.35663715e-02
0.00000000e+00
0.00000000e+00
6.10763766e-01
-4.56860840e-01
0.00000000e+00
0.00000000e+00
2.46426136e-01
-1.35947313e+00
0.00000000e+00
0.00000000e+00
0.00000000e+00
-4.13847137e-01
-4.22381454e-01
2.03414591e-02
-1.46191043e-01
-3.07536760e-01
8.74970705e-01
5.63062726e-01
-3.84247304e-01
-7.82982143e-01
0.00000000e+00
1.63970814e-01
-4.58610899e-01
-2.54324409e-01
9.40579369e-01
-9.63353581e-01
-3.93293408e-01
-4.39488117e-02
7.28222289e-02
5.98838596e-01
-2.33420777e-02
-1.19161046e+00
-9.61643992e-01
7.59739475e-01
6.61569028e-01
1.94624021e-01
7.92540050e-01
0.00000000e+00
0.00000000e+00
0.00000000e+00
1.49496975e-01
2.69720737e-01
-2.28514132e-01
5.05488595e-01
0.00000000e+00
1.22939803e-01
9.31912430e-02
3.64050624e-02
6.37894093e-01
0.00000000e+00
4.15546778e-02
1.94241644e-01
-2.51261736e-01
-7.66702555e-02
-2.91635455e-01
1.81148239e-01
2.65214156e-01
0.00000000e+00
-2.66869298e-01
3.04276729e-01
-2.29966464e-01
4.03878601e-01
1.10662627e-01
4.24942108e-01
-1.67862674e-01
1.58490463e-02
-6.48424757e-01
-7.18113341e-01
-2.76238880e-01
-1.83711720e-01
3.52130519e-01
0.00000000e+00
0.00000000e+00
1 -999999999 0 0 -1
1 0 1 1 -1
2.3421e-01 1.9507e-01
356
1.23784560e-01
0.00000000e+00
0.00000000e+00
0.00000000e+00
0.00000000e+00
0.00000000e+00
0.00000000e+00
0.00000000e+00
0.00000000e+00
0.00000000e+00
0.00000000e+00
0.00000000e+00
0.00000000e+00
0.00000000e+00
0.00000000e+00
0.00000000e+00
-1.25788003e-01
2.49572563e-01
5.81186581e-01
-3.94114850e-01
-6.28833502e-01
5.24668648e-01
0.00000000e+00
0.00000000e+00
1.99578349e-01
2.30748530e-01
-4.50181363e-01
2.63339242e-01
4.68722245e-01
3.65673581e-01
-2.53209245e-01
-1.25788003e-01
2.49572563e-01
-7.06974584e-01
-3.94114850e-01
2.57564356e-01
2.28001646e-01
4.07108405e-01
6.58795044e-01
1.74078176e-01
1.28926954e+00
0.00000000e+00
0.00000000e+00
0.00000000e+00
0.00000000e+00
0.00000000e+00
0.00000000e+00
0.00000000e+00
0.00000000e+00
0.00000000e+00
0.00000000e+00
-5.55687614e-01
-2.60489087e-01
-6.54289995e-01
0.00000000e+00
0.00000000e+00
0.00000000e+00
0.00000000e+00
-5.18408555e-01
9.93215979e-01
5.32375438e-01
5.72015936e-02
5.52526716e-01
-4.94712855e-01
9.72025409e-02
-2.97442798e-01
-5.39911581e-01
-1.51630333e-01
-4.30782246e-02
8.33939424e-03
-1.26948690e-01
5.68632004e-01
-2.77145101e-03
-1.84080067e-01
-1.49762291e-01
-2.79894680e-03
1.39289919e-01
-2.52006929e-01
-2.99556359e-03
4.77605942e-02
0.00000000e+00
0.00000000e+00
0.00000000e+00
0.00000000e+00
0.00000000e+00
-1.10920295e-01
-1.36494097e-01
1.51461092e-01
3.89774794e-01
-1.70036934e-01
-4.47097222e-01
-3.00048981e-01
-6.49241590e-01
-5.86738100e-01
-2.49004740e-01
-1.34478865e-01
3.86866456e-02
2.55062329e-02
-1.40018076e-01
-1.16211251e-04
-3.29558821e-01
1.79661139e-03
0.00000000e+00
0.00000000e+00
1.99971157e+00
3.81785727e+00
0.00000000e+00
0.00000000e+00
0.00000000e+00
0.00000000e+00
0.00000000e+00
0.00000000e+00
3.54629686e-01
4.25660717e-01
3.36189630e-01
-2.08300781e-01
-7.40824252e-01
-2.04328201e+00
2.72761342e+00
5.86517424e-01
-1.03408110e+00
-1.57711198e+00
5.89963326e-01
-1.88967018e+00
4.28957037e-01
-2.99360000e-02
5.04778208e-02
-6.00127534e-01
-1.23285711e+00
-1.71381783e+00
6.64505208e+00
6.65570225e+00
6.65726375e+00
6.56541724e+00
6.62210731e+00
6.54718101e+00
-3.43101276e-01
-9.42877244e-02
-2.29634223e-01
-1.12777341e-01
-2.63173474e-01
-9.32104733e-01
1.37674484e-01
-2.30876325e-01
-3.48308875e-01
-2.54989085e-01
-1.72798235e-01
-4.75256056e-01
0.00000000e+00
0.00000000e+00
0.00000000e+00
0.00000000e+00
-5.96769088e-01
1.79522486e+00
0.00000000e+00
0.00000000e+00
7.20553649e-01
-3.66220931e-01
0.00000000e+00
-2.59677400e+00
-6.22793082e-01
-4.25656277e-01
-1.25313393e+00
-6.71642432e-01
-1.87592701e+00
0.00000000e+00
0.00000000e+00
0.00000000e+00
5.51533195e-01
-2.37329990e-01
5.63221689e-02
-6.59002624e-02
-4.67414439e-01
5.51375598e-01
2.19429047e-01
-1.69797571e-01
1.29546135e-01
0.00000000e+00
6.64416812e-01
-1.28890941e-01
-6.27073837e-01
1.66891444e-01
-1.84736483e+00
2.34760223e-01
1.16230672e-01
-1.10402192e+00
-1.02438954e-01
1.83800434e-01
-1.16869472e-01
0.00000000e+00
0.00000000e+00
0.00000000e+00
7.34610489e-02
-1.91555803e-02
-1.95631445e-01
-1.12860676e-02
-4.89383081e-02
5.02317700e-02
-3.30792697e-02
-2.82639085e-02
-1.96853261e-02
0.00000000e+00
-8.08383022e-02
1.84044177e-01
7.02219216e-03
1.04179339e-02
-1.54072757e-01
-9.12151682e-02
-7.22073103e-02
1.93296000e-01
1.02127370e-01
1.69034783e-02
-1.06869730e+00
-3.93062462e-01
0.00000000e+00
-8.07754315e-02
3.19469191e-02
-1.00714461e-01
-1.18212481e-01
-1.74135520e-01
-1.70118555e-01
0.00000000e+00
0.00000000e+00
0.00000000e+00
1.39960847e-01
6.21646068e-01
-2.40569235e-01
1.09111376e+00
-4.46385719e-01
3.81369605e-01
6.16086082e-01
-1.48754052e+00
1.70892897e-01
0.00000000e+00
8.15634092e-01
2.33224829e-01
9.16958815e-02
-8.00911047e-02
-1.88220932e+00
-1.06210944e+00
-2.01866560e-01
-9.87759676e-03
1.71382641e-01
9.07524233e-01
-6.75634840e-01
0.00000000e+00
-2.06631222e-01
-7.19468326e-02
-8.07229706e-01
-2.29730621e-01
0.00000000e+00
-6.02810149e-01
4.45009709e-01
1.53019715e-02
-1.34467465e-01
-1.10565127e-01
-5.77499085e-01
0.00000000e+00
-2.46819970e-02
9.83795441e-02
-1.09729871e+00
0.00000000e+00
0.00000000e+00
0.00000000e+00
-3.27835955e-01
-5.44911786e-01
-1.04797956e-01
-2.60332552e-01
-4.12364084e-02
4.38409225e-01
3.51783376e-01
-1.94107602e-01
-2.72286120e-01
0.00000000e+00
-4.94204158e-02
-9.48482508e-02
-4.54686934e-01
6.51893369e-01
-4.59895868e-01
-1.15509518e-02
-8.19243537e-02
1.52393033e-01
4.51038996e-01
-2.44981556e-01
2.80695353e-01
0.00000000e+00
0.00000000e+00
0.00000000e+00
-4.83336846e-03
2.59895981e-01
-4.18242471e-01
1.29532486e-01
3.42861161e-01
7.17092445e-02
6.34895943e-02
-2.35132137e-01
2.95378608e-01
0.00000000e+00
1.76145903e-02
-2.46045235e-03
7.79573172e-02
-2.07186750e-02
-3.34810199e-01
-1.57760710e-01
-1.69524443e-01
8.93582256e-02
1.12251330e-01
1.64129270e-01
-4.50393765e-01
-8.69611798e-02
-5.08069774e-01
-1.54999982e-01
-9.08792897e-02
-3.82386139e-02
-2.51231979e-02
-2.35993679e-02
-4.76466423e-01
0.00000000e+00
0.00000000e+00
0.00000000e+00
-2.18613214e-02
-1.04277467e+00
6.28889634e-01
-1.14591967e+00
-1.34209148e-01
9.60987965e-02
-5.00325366e-01
1.21895582e+00
-1.36213688e-01
0.00000000e+00
-5.49931628e-01
9.03883618e-02
-9.63235267e-02
-6.48709439e-02
9.37757454e-01
8.60194149e-01
4.66802330e-01
-5.03167713e-02
-8.50950028e-02
-9.47711233e-01
-3.63432585e-01
7.77599937e-01
-4.72624565e-01
-7.65650564e-01
-6.46904944e-01
-3.38695097e-01
-6.33617496e-02
5.14724413e-02
-3.26805788e-01
-2.93348863e-02
-2.32716087e-01
-7.66441234e-02
-3.08209847e-01
1.22941107e+00
-4.89931017e-01
0.00000000e+00
247
-4.35645622e-01
0.00000000e+00
0.00000000e+00
0.00000000e+00
0.00000000e+00
0.00000000e+00
0.00000000e+00
0.00000000e+00
0.00000000e+00
9.25328044e-01
0.00000000e+00
0.00000000e+00
0.00000000e+00
0.00000000e+00
-4.45820144e-01
0.00000000e+00
-2.54583009e-01
-1.91237134e-01
0.00000000e+00
-1.16836005e+00
0.00000000e+00
0.00000000e+00
0.00000000e+00
5.01042106e-01
1.19912847e-01
-2.32981038e-01
1.47014132e-01
-4.45820144e-01
0.00000000e+00
-2.54583009e-01
-1.91237134e-01
0.00000000e+00
8.19187082e-01
-1.47166091e-01
0.00000000e+00
0.00000000e+00
0.00000000e+00
0.00000000e+00
0.00000000e+00
0.00000000e+00
0.00000000e+00
3.19140065e-01
-1.14379807e-02
-1.21304838e-01
-4.30528832e-04
-2.95566671e-01
-1.75866533e-03
-3.37914177e-01
-3.93292104e-03
0.00000000e+00
0.00000000e+00
0.00000000e+00
0.00000000e+00
0.00000000e+00
-5.35709400e-01
-2.37199717e-02
2.73896943e-01
2.45815376e-01
-3.95928569e-01
1.44744435e+00
3.29863394e+00
0.00000000e+00
0.00000000e+00
0.00000000e+00
0.00000000e+00
0.00000000e+00
0.00000000e+00
2.11444093e-01
3.72889836e-01
2.42473757e-01
-4.57381923e-02
-6.26345188e-01
-2.03781428e+00
2.43678000e+00
0.00000000e+00
0.00000000e+00
-5.03387723e-01
0.00000000e+00
-2.74506416e+00
5.93191842e-01
1.02646332e-01
1.14162088e-01
-6.37936730e-01
-1.24524762e+00
-1.83047519e+00
6.14455298e+00
6.16019673e+00
6.05837586e+00
6.03195572e+00
6.06161288e+00
6.02939464e+00
-3.09221203e-01
-1.69937997e-01
-1.87916893e-01
-2.15663602e-01
-3.17831271e-01
-8.69236245e-01
-8.52923899e-02
-3.63555000e-01
-5.67631701e-01
-4.33102293e-01
-3.23605832e-01
-5.99277115e-01
0.00000000e+00
-8.30620286e-01
2.28708773e+00
0.00000000e+00
3.94974664e-01
-5.34639351e-01
0.00000000e+00
-2.62918440e+00
-8.07407921e-01
-1.07568205e+00
-5.35395266e-01
-5.69699896e-01
-1.88308997e+00
0.00000000e+00
0.00000000e+00
0.00000000e+00
3.83317225e-01
-8.27059388e-01
2.73782447e-01
-1.22900905e-02
-9.07142352e-01
5.29610150e-01
3.20662755e-01
5.60677366e-02
-3.53333750e-01
0.00000000e+00
4.28642362e-01
2.92420037e-01
-7.01103742e-01
3.17315486e-01
-1.25048870e+00
4.74013828e-01
6.43636365e-01
-1.26884451e+00
-1.99325175e-01
-8.29706631e-02
-1.11137893e+00
-3.85882870e-01
0.00000000e+00
3.20036301e-01
1.45894340e-01
-6.91970758e-02
0.00000000e+00
0.00000000e+00
0.00000000e+00
8.85118694e-02
4.85276802e-01
-3.61171296e-03
-2.99320011e-01
1.30723148e-01
-1.73906513e-01
-2.15581437e-01
4.20465543e-01
-4.49021301e-01
0.00000000e+00
-7.47714513e-02
-2.42357622e-01
-5.72731467e-01
-2.51058753e-01
1.21514595e+00
2.35335774e-01
1.20065562e-02
1.00395880e-01
-2.42613125e-01
-2.32085204e-01
-7.25496056e-01
0.00000000e+00
8.12858361e-02
1.14209287e-01
-7.71711048e-01
-4.21525050e-01
0.00000000e+00
1.90041502e-02
5.99067214e-01
-3.50185997e-01
0.00000000e+00
0.00000000e+00
4.24710492e-01
-1.10509516e+00
0.00000000e+00
0.00000000e+00
0.00000000e+00
-4.19783325e-01
-8.87276354e-01
1.36168640e-02
-1.91552981e-01
3.45659144e-01
4.83101257e-01
1.75200999e-01
-2.13086900e-01
-4.25954791e-01
0.00000000e+00
-3.97389325e-02
-3.51632392e-01
-7.04685546e-02
9.14681722e-01
-1.10455369e+00
-2.22819512e-02
1.94724327e-01
2.51289412e-01
5.15173445e-01
-2.72212462e-01
-6.23923352e-01
-2.37859312e-01
-5.16334830e-01
4.84400489e-02
1.01617854e-01
2.10762592e-01
0.00000000e+00
0.00000000e+00
0.00000000e+00
1.50184080e-01
0.00000000e+00
-1.35354899e-01
7.54173328e-01
-4.34806485e-01
3.04340181e-02
4.45232067e-01
-5.40248933e-01
3.20470026e-01
0.00000000e+00
4.43127264e-01
4.75756237e-01
3.18953204e-02
6.83574003e-03
-9.02224019e-01
-1.83353614e-01
-3.33182044e-01
4.73669081e-02
6.64265037e-02
5.50429429e-01
-3.86064040e-01
2.41116568e-01
-2.80407869e-01
-5.56411451e-01
-4.81171811e-01
-2.97535955e-01
5.69531804e-02
-4.94065338e-01
1.39576203e-01
-1.83635856e-01
1.03927449e+00
-1.60708019e-01
0.00000000e+00
7 1
2.7587e-01 8.9382e-02
2 1
0 1 
217
-8.83735362e-02
-4.14501793e-01
1.00814741e-01
2.60734505e-02
-5.63032901e-01
8.74056032e-01
2.96842414e-01
7.74028227e-03
2.18695165e-01
-9.60688311e-02
-4.64744675e-02
7.22449080e-02
5.59625335e-03
-5.51735121e-02
-2.81592484e-01
5.44325232e-03
4.26325731e-01
1.34911555e-01
2.81804044e-03
2.30424531e-01
1.64509998e-01
-2.51160570e-03
3.79885003e-01
-1.06202604e-01
1.34145739e-03
3.83357968e-01
0.00000000e+00
0.00000000e+00
0.00000000e+00
0.00000000e+00
0.00000000e+00
-7.41111509e-01
-7.90734273e-01
-2.75947632e-01
5.37755020e-01
1.18166486e+00
0.00000000e+00
-2.94131835e-01
1.44313309e-01
0.00000000e+00
0.00000000e+00
0.00000000e+00
0.00000000e+00
0.00000000e+00
0.00000000e+00
-1.16002489e-01
-1.78129347e-01
1.44313309e-01
0.00000000e+00
0.00000000e+00
0.00000000e+00
0.00000000e+00
0.00000000e+00
0.00000000e+00
0.00000000e+00
0.00000000e+00
0.00000000e+00
0.00000000e+00
0.00000000e+00
0.00000000e+00
1.44313309e-01
-1.78129347e-01
-1.16002489e-01
5.09467980e-01
-6.26152336e-01
-1.36982388e+00
1.51999215e-01
1.11621796e+00
-1.23688395e-01
1.61825163e+00
3.20512236e-01
-3.75069735e-01
-7.35948413e-01
2.78375527e-01
-6.54892653e-01
-3.12191564e-01
3.46985585e-01
0.00000000e+00
0.00000000e+00
0.00000000e+00
0.00000000e+00
0.00000000e+00
0.00000000e+00
0.00000000e+00
0.00000000e+00
0.00000000e+00
0.00000000e+00
0.00000000e+00
0.00000000e+00
0.00000000e+00
0.00000000e+00
0.00000000e+00
0.00000000e+00
0.00000000e+00
0.00000000e+00
0.00000000e+00
0.00000000e+00
0.00000000e+00
0.00000000e+00
0.00000000e+00
0.00000000e+00
0.00000000e+00
0.00000000e+00
0.00000000e+00
0.00000000e+00
0.00000000e+00
0.00000000e+00
0.00000000e+00
0.00000000e+00
0.00000000e+00
0.00000000e+00
0.00000000e+00
0.00000000e+00
0.00000000e+00
0.00000000e+00
0.00000000e+00
0.00000000e+00
0.00000000e+00
0.00000000e+00
-5.67165604e-01
-8.11472056e-01
-6.09234276e-01
0.00000000e+00
0.00000000e+00
0.00000000e+00
5.15842544e-01
-1.39944290e+00
3.82065064e-01
-2.44078004e-01
-9.85083297e-01
8.42707140e-01
4.81293415e-01
7.62581183e-01
-3.95408114e-01
0.00000000e+00
6.68405172e-01
-5.76757369e-01
-1.06132092e+00
4.26313116e-01
6.58858300e-01
9.05826536e-01
4.70069915e-01
-1.65724391e+00
-4.19411235e-01
1.55490820e-02
-3.20846871e-01
0.00000000e+00
0.00000000e+00
0.00000000e+00
3.37909202e-01
-7.69874321e-01
-2.61537691e-01
6.77963046e-01
-6.15759296e-01
-2.21383016e-01
1.04547927e-01
-1.26635724e-01
-9.31741412e-03
0.00000000e+00
4.41637645e-01
-1.54616766e-01
-7.00280333e-02
-4.43590493e-02
-5.45393404e-01
3.62265594e-02
2.56292051e-01
-1.39583451e-02
9.07990885e-02
5.66640668e-01
-6.69999024e-01
0.00000000e+00
0.00000000e+00
0.00000000e+00
1.94038037e-01
1.21453383e+00
-1.66339128e-01
3.43937348e-01
-1.11258038e+00
9.13645383e-01
5.49836653e-01
-3.02060147e-01
-7.05114760e-01
0.00000000e+00
7.58315874e-01
1.15584047e+00
-1.18940496e+00
1.99339690e-01
-1.21962271e+00
-5.46646025e-02
2.46546479e-02
-1.01021224e+00
-4.92749724e-01
2.28607688e-01
-1.38365455e-01
0.00000000e+00
0.00000000e+00
0.00000000e+00
6.59719097e-02
-9.45907451e-01
3.92173578e-02
-1.90378879e-01
-3.63994888e-02
-1.37122114e-01
-7.40638818e-02
3.08277976e-01
-2.72779848e-02
0.00000000e+00
-1.11358133e-01
-8.47178573e-01
6.78987859e-02
3.56931831e-01
8.04591099e-01
2.21577596e-01
1.13794104e-01
5.97093367e-02
3.57100606e-01
-1.63749552e-01
136
4.57137500e-01
2.64310941e-01
-1.34859211e-03
1.60089618e-01
1.37199259e-03
2.10125406e-01
-3.79609349e-03
-1.77388464e-01
-1.22520086e-03
0.00000000e+00
0.00000000e+00
0.00000000e+00
0.00000000e+00
0.00000000e+00
-7.75069892e-01
-4.04947974e-01
5.53833026e-02
4.53430066e-01
1.12834200e+00
4.00562351e-01
-2.16090449e-01
2.72665598e-01
0.00000000e+00
0.00000000e+00
0.00000000e+00
0.00000000e+00
0.00000000e+00
4.00562351e-01
5.69152889e-01
-7.85243338e-01
2.72665598e-01
0.00000000e+00
0.00000000e+00
0.00000000e+00
0.00000000e+00
0.00000000e+00
0.00000000e+00
0.00000000e+00
0.00000000e+00
0.00000000e+00
0.00000000e+00
0.00000000e+00
0.00000000e+00
0.00000000e+00
0.00000000e+00
0.00000000e+00
7.06653349e-04
-3.85387640e-01
5.35145395e-01
-4.37095776e-01
-1.19539463e+00
5.89060036e-01
3.80655205e-01
2.77259592e-01
3.16904290e-01
-7.50918039e-01
0.00000000e+00
0.00000000e+00
0.00000000e+00
0.00000000e+00
2.72665598e-01
-7.85243338e-01
5.69152889e-01
0.00000000e+00
0.00000000e+00
0.00000000e+00
0.00000000e+00
0.00000000e+00
0.00000000e+00
0.00000000e+00
0.00000000e+00
0.00000000e+00
0.00000000e+00
0.00000000e+00
0.00000000e+00
0.00000000e+00
0.00000000e+00
0.00000000e+00
0.00000000e+00
0.00000000e+00
0.00000000e+00
0.00000000e+00
0.00000000e+00
0.00000000e+00
0.00000000e+00
0.00000000e+00
-1.97550953e-01
-4.82336564e-01
-8.41171782e-01
0.00000000e+00
0.00000000e+00
0.00000000e+00
9.08312949e-01
-2.66000973e+00
4.41370338e-01
2.75032073e-01
-1.50585896e+00
7.12832821e-01
6.40128945e-01
1.16338691e+00
-4.83248718e-01
0.00000000e+00
9.20642170e-01
-7.76565248e-01
-1.06300368e+00
3.01289571e-01
1.07846471e+00
1.12495008e+00
6.03172723e-01
-2.11278492e+00
-6.70422204e-01
2.61138396e-01
-9.15315627e-01
0.00000000e+00
0.00000000e+00
0.00000000e+00
2.37284524e-01
-6.75399067e-02
-2.93166357e-02
4.90899971e-01
-1.26515959e+00
5.66518876e-01
7.05000883e-01
-2.10454431e-01
-8.11579343e-01
0.00000000e+00
1.07167496e+00
3.84331739e-01
-1.04757394e+00
5.01570627e-01
-7.21953792e-01
1.18564992e-01
2.27861316e-01
-1.29022531e+00
-1.81161684e-01
4.05941111e-01
2 1
1.1565e-02 1.9005e-01
3 1
0 1 7 
217
-2.39973893e-02
-3.57957240e-01
6.60799474e-02
-6.56941865e-01
-3.72126980e-01
4.49253298e-01
-7.24671622e-06
1.97791980e-01
1.68097784e-01
-1.92353504e-01
1.49161385e-01
2.81666548e-01
3.08776682e-02
-3.65516462e-02
-3.12664836e-01
6.49749200e-03
4.44718983e-01
1.11016229e-01
1.50263981e-03
3.40754280e-01
1.78059333e-01
-2.08984298e-03
4.06161278e-01
-4.08115995e-04
-6.87579976e-04
4.15355283e-01
0.00000000e+00
0.00000000e+00
0.00000000e+00
0.00000000e+00
0.00000000e+00
-8.31838503e-01
-7.20844277e-01
-2.12331995e-01
5.19392751e-01
1.22162463e+00
0.00000000e+00
-2.98594437e-01
-1.03467121e-01
3.78603733e-01
0.00000000e+00
0.00000000e+00
0.00000000e+00
0.00000000e+00
0.00000000e+00
8.80902051e-02
-3.86684642e-01
1.69699407e-01
0.00000000e+00
-3.88263353e-01
1.15096825e-01
3.78603733e-01
0.00000000e+00
0.00000000e+00
0.00000000e+00
0.00000000e+00
0.00000000e+00
0.00000000e+00
0.00000000e+00
0.00000000e+00
1.60039786e-01
-2.71587817e-01
8.80902051e-02
5.66095326e-01
-8.38222707e-01
-1.09805603e+00
2.41151150e-01
1.00288819e+00
6.97884155e-03
1.51955572e+00
1.62246985e-01
-4.62959697e-01
-7.08697691e-01
3.17458884e-01
-5.24134939e-01
-4.07435611e-02
4.22491641e-01
-3.20400383e-01
1.90965788e-01
-9.35942832e-02
1.46398079e-01
-1.45483097e-01
-4.09608734e-02
3.36104685e-01
0.00000000e+00
0.00000000e+00
0.00000000e+00
0.00000000e+00
0.00000000e+00
0.00000000e+00
0.00000000e+00
0.00000000e+00
0.00000000e+00
0.00000000e+00
0.00000000e+00
0.00000000e+00
0.00000000e+00
0.00000000e+00
0.00000000e+00
0.00000000e+00
0.00000000e+00
0.00000000e+00
0.00000000e+00
0.00000000e+00
0.00000000e+00
0.00000000e+00
0.00000000e+00
0.00000000e+00
0.00000000e+00
0.00000000e+00
0.00000000e+00
0.00000000e+00
0.00000000e+00
0.00000000e+00
0.00000000e+00
0.00000000e+00
0.00000000e+00
0.00000000e+00
0.00000000e+00
-4.95771391e-01
-9.91002892e-01
-5.76940758e-01
0.00000000e+00
0.00000000e+00
0.00000000e+00
6.26498688e-01
-1.32894884e+00
-1.78130874e-01
-1.03163083e-01
-8.59948656e-01
7.43485082e-01
5.56885314e-01
8.00169534e-01
-1.39574745e-01
0.00000000e+00
7.14299489e-01
-6.33499154e-01
-1.08202083e+00
1.86327842e-01
7.24053322e-01
8.57862138e-01
4.72251138e-01
-1.63482052e+00
-5.11526033e-01
2.12859439e-01
-3.29708124e-01
0.00000000e+00
0.00000000e+00
0.00000000e+00
2.68595660e-01
-8.09798518e-01
4.74556641e-02
5.37800996e-01
-9.15506495e-01
-3.31574486e-02
7.50502898e-02
-1.13194551e-01
-2.24655752e-01
0.00000000e+00
4.16629293e-01
-1.10641977e-01
-1.09584415e-01
1.51572201e-02
-5.14444442e-01
2.24802754e-01
3.22699371e-01
-6.59846244e-02
1.71842702e-01
4.87226150e-01
-6.71053927e-01
0.00000000e+00
0.00000000e+00
0.00000000e+00
9.99105279e-02
1.39091893e+00
-3.39317614e-02
8.48776849e-02
-1.10372937e+00
7.63621005e-01
5.14936460e-01
-3.04591916e-01
-5.82470907e-01
0.00000000e+00
8.69326136e-01
1.02310161e+00
-1.12727420e+00
2.48739063e-01
-1.02925116e+00
-8.05631393e-02
-7.03213701e-02
-1.12832440e+00
-3.42726909e-01
1.36699787e-01
-2.29118446e-01
0.00000000e+00
0.00000000e+00
0.00000000e+00
1.34137238e-01
-1.14831255e+00
-3.96680576e-02
3.21998433e-02
6.40521228e-02
-6.08059874e-02
-3.51358462e-02
2.63803061e-01
-1.40047921e-01
0.00000000e+00
-2.37812572e-01
-1.01746497e+00
8.82320514e-02
3.57068063e-01
7.17418977e-01
2.74871072e-01
1.94716801e-01
1.44531073e-01
2.72139227e-01
-9.30400702e-02
136
1.50846835e-01
1.46505916e-01
-7.74538042e-04
7.75774490e-02
1.24919538e-03
1.18318175e-01
-3.34770442e-03
-1.91554706e-01
-1.66540787e-03
0.00000000e+00
0.00000000e+00
0.00000000e+00
0.00000000e+00
0.00000000e+00
-7.79689995e-01
-4.54461513e-01
-3.22996921e-03
4.10585912e-01
9.77642400e-01
4.42477456e-01
-1.58401765e-01
-1.33387843e-01
1.58987991e-04
0.00000000e+00
0.00000000e+00
0.00000000e+00
0.00000000e+00
4.42477456e-01
2.74586053e-01
-4.65766258e-01
1.86222304e-01
0.00000000e+00
3.91077464e-01
-7.10687611e-01
1.58987991e-04
0.00000000e+00
0.00000000e+00
0.00000000e+00
0.00000000e+00
0.00000000e+00
0.00000000e+00
0.00000000e+00
0.00000000e+00
0.00000000e+00
0.00000000e+00
0.00000000e+00
-1.48039879e-01
-5.53158095e-01
5.83282008e-01
-3.62089677e-01
-1.33491867e+00
7.07452894e-01
4.33466518e-01
3.40881672e-01
3.25910975e-01
-6.59713184e-01
1.39039258e-02
4.23615629e-01
-3.33657890e-01
3.07628427e-01
7.88773318e-02
-1.14367543e+00
2.74586053e-01
0.00000000e+00
0.00000000e+00
0.00000000e+00
0.00000000e+00
0.00000000e+00
0.00000000e+00
0.00000000e+00
0.00000000e+00
0.00000000e+00
0.00000000e+00
0.00000000e+00
0.00000000e+00
0.00000000e+00
0.00000000e+00
0.00000000e+00
0.00000000e+00
0.00000000e+00
0.00000000e+00
0.00000000e+00
0.00000000e+00
0.00000000e+00
0.00000000e+00
0.00000000e+00
-2.30899781e-01
-5.07038931e-01
-8.48927326e-01
0.00000000e+00
0.00000000e+00
0.00000000e+00
8.79412218e-01
-2.65590125e+00
4.38720708e-01
2.83652134e-01
-1.42807460e+00
6.19091111e-01
5.91921206e-01
1.09497945e+00
-4.94860218e-01
0.00000000e+00
9.62049289e-01
-7.34430308e-01
-1.08846679e+00
3.36590339e-01
9.99772533e-01
1.07930734e+00
5.91623792e-01
-2.08836729e+00
-5.85262097e-01
3.49315097e-01
-9.02953862e-01
0.00000000e+00
0.00000000e+00
0.00000000e+00
2.72559186e-01
-2.61281854e-02
-8.44858882e-03
4.45979563e-01
-1.29834982e+00
5.29441717e-01
6.65775663e-01
-2.05959482e-01
-7.72690764e-01
0.00000000e+00
1.03097179e+00
4.42295943e-01
-1.08377171e+00
5.27072341e-01
-6.62870718e-01
1.03991490e-01
1.73288709e-01
-1.24933517e+00
-1.60010277e-01
3.73234457e-01
19 2
-1.3968e-01 2.5696e-01
4 -1
0 1 7 2 
217
-2.02820332e-01
7.28443258e-02
-2.24923554e-01
1.57111411e-02
-2.83735405e-01
-2.48357558e-01
-1.87002553e-01
3.82483360e-01
2.80206814e-01
-5.40086612e-02
1.75014227e-02
-3.53206202e-02
-2.97906119e-02
6.58601082e-03
0.00000000e+00
0.00000000e+00
0.00000000e+00
0.00000000e+00
0.00000000e+00
0.00000000e+00
0.00000000e+00
0.00000000e+00
0.00000000e+00
-2.02820332e-01
2.21781939e-03
3.58135428e-01
0.00000000e+00
0.00000000e+00
0.00000000e+00
0.00000000e+00
0.00000000e+00
-6.04113441e-01
-5.97141580e-01
-5.34245471e-01
1.21053104e-01
1.41162706e+00
0.00000000e+00
-2.81744382e-01
-2.94577275e-01
-4.47413397e-02
4.29601124e-01
0.00000000e+00
0.00000000e+00
0.00000000e+00
0.00000000e+00
4.16753161e-02
-3.23419698e-01
1.73383706e-01
0.00000000e+00
-2.17989262e-01
-3.57327567e-02
3.99902527e-01
0.00000000e+00
-8.87693146e-02
-1.25469648e-01
3.76715848e-01
0.00000000e+00
-7.77970056e-01
-4.33896586e-02
4.29601124e-01
2.94874573e-01
-5.28011762e-01
4.16753161e-02
1.96057879e-01
-7.35428100e-01
-1.07014132e+00
1.94669371e-01
1.22721015e+00
1.41880518e-01
7.48414488e-01
-3.48240841e-01
-7.06170934e-01
-5.24074489e-01
3.65564866e-01
-7.73618688e-01
4.86026577e-01
4.57789051e-01
3.92611850e-02
3.49656486e-03
-1.90317806e-01
-9.99912110e-02
-4.87553151e-01
-1.45586871e-01
-1.17441993e-01
-5.33707127e-03
3.17984446e-02
-4.34275432e-01
-1.19023996e-01
-1.06947145e-01
-1.10257710e-01
-1.20820879e-01
0.00000000e+00
0.00000000e+00
0.00000000e+00
0.00000000e+00
0.00000000e+00
0.00000000e+00
0.00000000e+00
0.00000000e+00
0.00000000e+00
0.00000000e+00
0.00000000e+00
0.00000000e+00
0.00000000e+00
0.00000000e+00
0.00000000e+00
0.00000000e+00
0.00000000e+00
0.00000000e+00
0.00000000e+00
0.00000000e+00
0.00000000e+00
0.00000000e+00
0.00000000e+00
0.00000000e+00
0.00000000e+00
0.00000000e+00
0.00000000e+00
0.00000000e+00
-3.03739821e-01
-2.09556040e-01
-4.91339642e-01
0.00000000e+00
0.00000000e+00
0.00000000e+00
4.93924359e-01
-6.20270430e-01
-9.23509851e-02
1.85119609e-01
-6.83310609e-01
3.06660749e-01
1.85171916e-01
2.93943293e-02
-2.92377756e-01
0.00000000e+00
4.39652684e-01
-2.51069133e-01
-5.55385620e-01
-3.93854510e-02
3.30014764e-01
4.04267021e-01
3.97198148e-01
-5.19956970e-01
-1.60576633e-01
-4.80596361e-02
-1.75878004e-01
0.00000000e+00
0.00000000e+00
0.00000000e+00
2.02412101e-01
-7.55166683e-01
1.42710911e-01
1.91502727e-01
-6.00029291e-01
2.03824561e-01
2.08946248e-01
3.38723127e-01
2.90654421e-02
0.00000000e+00
3.13497898e-01
-3.35971899e-01
-2.71806580e-01
1.85565448e-01
-4.23889180e-02
2.35697614e-01
2.07071441e-01
-6.62560185e-01
-1.49833946e-01
3.82861979e-01
-5.23942392e-01
0.00000000e+00
0.00000000e+00
0.00000000e+00
1.84125968e-01
-6.43735886e-01
-1.69558547e-02
1.75603922e-01
-3.81419164e-01
2.56869704e-01
5.15772641e-01
-1.83812230e-01
-3.61871216e-01
0.00000000e+00
9.28674275e-01
-3.86133011e-01
-3.62733377e-01
2.44219528e-01
-2.92907622e-01
8.77886552e-02
-3.42771355e-02
-3.30771818e-01
-3.18754689e-01
3.96374917e-01
-1.26584355e-01
0.00000000e+00
0.00000000e+00
0.00000000e+00
9.65792827e-02
-2.45075385e-01
2.31461705e-02
3.44694878e-02
-4.15161780e-01
2.39658256e-01
4.19151896e-03
3.82916741e-02
-3.05250617e-01
0.00000000e+00
5.63416832e-02
2.11260791e-01
-2.62029906e-01
1.98760303e-01
5.34348127e-02
6.39822032e-02
1.42921462e-01
-2.18281118e-01
1.24529308e-01
3.16474978e-02
136
3.62547516e-01
0.00000000e+00
0.00000000e+00
0.00000000e+00
0.00000000e+00
0.00000000e+00
0.00000000e+00
3.55701322e-01
1.61629446e-03
0.00000000e+00
0.00000000e+00
0.00000000e+00
0.00000000e+00
0.00000000e+00
-7.86853734e-01
-4.74479865e-01
-7.02193363e-02
5.75992563e-01
1.11810789e+00
5.43160069e-01
-2.96923634e-01
-2.17474476e-01
6.88704503e-02
2.64915106e-01
0.00000000e+00
0.00000000e+00
0.00000000e+00
5.43160069e-01
2.61594126e-01
-5.69493855e-01
1.63877958e-01
0.00000000e+00
1.61099116e-01
-3.32514613e-01
2.07423491e-01
0.00000000e+00
3.22842184e-01
-5.32779121e-01
3.91247394e-01
0.00000000e+00
-2.67020641e-01
-2.62779794e-01
2.64915106e-01
0.00000000e+00
0.00000000e+00
0.00000000e+00
-2.79303974e-01
-8.64127244e-01
8.67330130e-01
-3.73336521e-01
-1.29057040e+00
6.91349969e-01
3.41300980e-01
2.26530575e-01
2.14437635e-01
-7.32713398e-01
5.00961213e-01
7.91065470e-02
-3.44976083e-01
1.40328803e-01
5.54901887e-02
-6.10676158e-01
-3.67817621e-01
-4.40902308e-01
9.22625656e-03
-6.17619337e-01
0.00000000e+00
0.00000000e+00
0.00000000e+00
0.00000000e+00
0.00000000e+00
0.00000000e+00
0.00000000e+00
0.00000000e+00
0.00000000e+00
0.00000000e+00
0.00000000e+00
0.00000000e+00
0.00000000e+00
0.00000000e+00
0.00000000e+00
0.00000000e+00
0.00000000e+00
0.00000000e+00
0.00000000e+00
0.00000000e+00
-5.04582482e-01
-6.35812355e-01
-9.39796765e-01
0.00000000e+00
0.00000000e+00
0.00000000e+00
9.60699578e-01
-2.76312506e+00
3.95197773e-01
3.25788095e-01
-1.64634016e+00
6.92856572e-01
6.35880458e-01
1.11471830e+00
-6.18988891e-01
0.00000000e+00
1.05653255e+00
-6.45112238e-01
-1.09677283e+00
2.85065214e-01
9.39960255e-01
1.07782924e+00
7.08617167e-01
-2.16363324e+00
-6.65605091e-01
4.66635547e-01
-1.00545703e+00
0.00000000e+00
0.00000000e+00
0.00000000e+00
2.20228251e-01
1.12811488e-01
-2.13623070e-02
4.74368896e-01
-1.32907168e+00
1.40518126e-01
6.82583102e-01
-2.45346462e-01
-8.63194582e-01
0.00000000e+00
9.52647785e-01
9.49353236e-01
-1.09903403e+00
4.85030636e-01
-4.99179781e-01
1.95150753e-01
2.55045603e-01
-1.39100951e+00
-2.75903082e-01
2.50906530e-01
14 2
-2.5589e-01 2.8003e-01
5 19
0 1 7 2 19 
217
-1.27533695e-01
4.14257675e-02
-1.98268625e-01
-6.07795385e-02
-9.89304272e-02
-1.17679352e-01
-3.08549862e-01
4.11384431e-01
3.67546192e-02
-1.86568488e-01
8.29019499e-02
-2.46100587e-01
1.60290025e-01
-9.18048895e-02
0.00000000e+00
0.00000000e+00
0.00000000e+00
0.00000000e+00
0.00000000e+00
0.00000000e+00
0.00000000e+00
0.00000000e+00
0.00000000e+00
-1.27533695e-01
2.21821311e-03
4.24056438e-01
0.00000000e+00
0.00000000e+00
0.00000000e+00
0.00000000e+00
0.00000000e+00
-4.80447384e-01
-5.58909968e-01
-4.66412564e-01
1.56087531e-01
1.22214869e+00
0.00000000e+00
-3.82760983e-01
-1.93322520e-01
5.48323868e-02
1.95101053e-01
1.98616368e-01
0.00000000e+00
0.00000000e+00
0.00000000e+00
-2.63001203e-01
-2.38609948e-01
9.32443432e-02
0.00000000e+00
-1.40488752e-03
2.86153272e-02
3.62183651e-01
0.00000000e+00
8.02037698e-02
-3.92983657e-01
5.34239203e-01
0.00000000e+00
-1.00215695e+00
-7.99038662e-02
7.52080039e-01
1.32586315e-01
-6.82921661e-01
4.22801651e-01
1.65003360e-01
-8.47925020e-01
-1.31818862e+00
2.88404079e-01
1.28292533e+00
2.66983886e-01
8.55425137e-01
-3.40616249e-01
-8.45782538e-01
-6.95481568e-01
4.55343476e-01
-8.52305144e-01
6.03521616e-01
5.92539946e-01
-9.12370312e-02
-9.57099769e-02
-6.80798787e-02
1.68059981e-01
-5.29664985e-01
-1.08646668e-01
-9.34938460e-02
-2.20301832e-02
3.01794969e-03
-4.61994581e-01
1.04459110e-01
-4.38958639e-01
-2.12980572e-01
-1.62292565e-01
0.00000000e+00
2.69034025e-01
7.99779838e-02
-3.41505043e-01
-2.94284598e-01
-5.50626769e-02
-8.83346604e-02
0.00000000e+00
0.00000000e+00
0.00000000e+00
0.00000000e+00
0.00000000e+00
0.00000000e+00
0.00000000e+00
0.00000000e+00
0.00000000e+00
0.00000000e+00
0.00000000e+00
0.00000000e+00
0.00000000e+00
0.00000000e+00
0.00000000e+00
0.00000000e+00
0.00000000e+00
0.00000000e+00
0.00000000e+00
0.00000000e+00
0.00000000e+00
-2.59572552e-01
-3.08828358e-01
-6.35007770e-01
0.00000000e+00
0.00000000e+00
0.00000000e+00
4.85788224e-01
-6.22851204e-01
5.56698907e-02
1.09042664e-01
-5.96612866e-01
-2.08266019e-01
-3.13883179e-02
3.61955177e-01
-3.34306133e-01
0.00000000e+00
5.04023266e-01
-3.19594083e-01
-7.78801868e-01
4.15916163e-02
4.85400505e-01
6.37755449e-01
2.34891235e-01
-5.15617802e-01
-2.65872567e-01
1.22185061e-01
-1.07457279e-01
0.00000000e+00
0.00000000e+00
0.00000000e+00
2.45727726e-01
-7.88492377e-01
1.12818402e-01
1.58613958e-01
-5.89261465e-01
4.56834299e-01
3.23599708e-01
1.91337052e-01
-1.99636802e-02
0.00000000e+00
2.84581601e-01
-1.87205337e-01
-2.08549540e-01
1.15090200e-01
3.10377141e-03
2.03307440e-01
2.47006493e-01
-7.79911168e-01
-1.61537799e-01
2.85443436e-01
-6.57292282e-01
0.00000000e+00
0.00000000e+00
0.00000000e+00
-1.32597875e-02
-6.23550512e-01
-1.05451411e-01
2.37562829e-01
-3.47279630e-01
3.81386703e-01
4.20244944e-01
-8.95942039e-02
-3.22922290e-01
0.00000000e+00
6.86857372e-01
-3.17029245e-01
-3.70919458e-01
2.36779199e-01
-1.84763528e-01
-3.28060161e-02
1.89432508e-01
-3.20444908e-01
-2.94056501e-01
2.12521653e-01
-1.02221818e-01
0.00000000e+00
0.00000000e+00
0.00000000e+00
1.48489959e-01
-2.31387301e-01
4.29537563e-02
3.07959944e-02
-3.86793213e-01
1.53452388e-01
6.80689568e-02
-5.94867342e-03
-2.55759361e-01
0.00000000e+00
1.07465003e-01
2.55548769e-01
-2.40359473e-01
2.03853808e-01
7.90185283e-04
1.53214985e-01
-9.03917820e-04
-3.43240040e-01
7.52097388e-02
1.22326620e-01
136
2.60702153e-01
0.00000000e+00
0.00000000e+00
0.00000000e+00
0.00000000e+00
0.00000000e+00
0.00000000e+00
2.52875156e-01
1.50298622e-03
0.00000000e+00
0.00000000e+00
0.00000000e+00
0.00000000e+00
0.00000000e+00
-8.35288669e-01
-4.88257419e-01
-9.33361341e-02
5.60496765e-01
1.11708761e+00
5.27726958e-01
-3.42930410e-01
-2.15799549e-01
-1.24895957e-01
1.30394035e-01
2.86207076e-01
0.00000000e+00
0.00000000e+00
5.27649866e-01
1.11091993e-01
-5.48522501e-01
2.28893410e-01
0.00000000e+00
1.63124559e-01
-5.25129690e-01
2.94909041e-01
0.00000000e+00
3.26175254e-01
-6.53148712e-01
4.56103624e-01
0.00000000e+00
-1.04586983e-01
-2.93240203e-01
2.63730448e-01
0.00000000e+00
0.00000000e+00
0.00000000e+00
-4.39234095e-01
-1.03950510e+00
8.27260380e-01
-3.99850962e-01
-1.16757225e+00
6.77293126e-01
3.59813609e-01
2.43341332e-01
2.26586648e-01
-7.09722402e-01
5.77174297e-01
-1.28939142e-01
-3.40980990e-01
1.24452143e-01
4.13197732e-03
-5.62707327e-01
-6.54803026e-02
-3.77293985e-01
8.93425189e-02
-6.23026027e-01
0.00000000e+00
2.27837422e-01
-1.15914305e-01
-8.96521568e-03
-5.73004347e-02
0.00000000e+00
0.00000000e+00
0.00000000e+00
0.00000000e+00
0.00000000e+00
0.00000000e+00
0.00000000e+00
0.00000000e+00
0.00000000e+00
0.00000000e+00
0.00000000e+00
0.00000000e+00
0.00000000e+00
0.00000000e+00
0.00000000e+00
-4.58845264e-01
-6.19143494e-01
-9.26046702e-01
0.00000000e+00
0.00000000e+00
0.00000000e+00
9.91656785e-01
-2.73937105e+00
3.88309400e-01
3.45998129e-01
-1.66527526e+00
6.78418120e-01
6.39539889e-01
1.12840641e+00
-6.07046467e-01
0.00000000e+00
1.04242468e+00
-6.56713824e-01
-1.12948573e+00
2.78713931e-01
9.18860470e-01
1.07878577e+00
6.93597098e-01
-2.13864326e+00
-6.59528164e-01
4.85306371e-01
-1.00790310e+00
0.00000000e+00
0.00000000e+00
0.00000000e+00
2.08255988e-01
1.41809693e-01
-3.00013962e-02
4.48097837e-01
-1.34395725e+00
1.14495118e-01
6.76963336e-01
-2.74390333e-01
-8.40918252e-01
0.00000000e+00
9.54477768e-01
9.98350281e-01
-1.10467617e+00
4.84183992e-01
-5.00740947e-01
1.92360324e-01
2.61042301e-01
-1.37332801e+00
-2.72343624e-01
2.52416246e-01
3 1
-3.5939e-01 2.8458e-01
6 0
0 1 7 2 19 14 
217
-6.05860156e-01
-5.15906353e-01
5.91943558e-01
2.05362691e-02
-4.73624707e-01
3.09787381e-01
-2.09728391e-01
3.16500128e-01
1.29371069e-01
6.98499164e-02
-5.87218975e-03
-2.12209747e-02
0.00000000e+00
0.00000000e+00
5.03258293e-01
-2.66091807e-03
7.31782245e-02
4.41033439e-01
-8.62500219e-03
4.68986073e-02
-6.09568944e-01
-1.15771395e-03
1.82067653e-01
-9.40582943e-01
-3.58851945e-06
2.17666407e-01
0.00000000e+00
0.00000000e+00
0.00000000e+00
0.00000000e+00
0.00000000e+00
-3.27560601e-01
-9.16800936e-02
3.38789065e-02
-2.20498368e-01
0.00000000e+00
0.00000000e+00
-2.21085430e-01
-1.77572133e-01
-2.11301699e-01
-4.88941253e-02
-6.07891289e-02
1.13782359e-01
0.00000000e+00
0.00000000e+00
-5.80293181e-01
-1.52792200e-01
-6.65221903e-02
0.00000000e+00
-8.80319858e-03
5.06530460e-03
3.97137378e-01
0.00000000e+00
5.13353745e-02
-9.41260077e-02
2.31089945e-01
0.00000000e+00
-3.72439338e-01
-2.68826801e-01
2.53314757e-01
-1.62770984e-01
-5.10679703e-01
6.75905316e-02
0.00000000e+00
-5.10679703e-01
-1.37972400e+00
1.60129896e-02
1.50838175e+00
-1.11193442e-01
9.94890502e-01
-1.57211277e-01
-7.52989066e-01
-5.28306382e-01
2.62675590e-01
-5.48672592e-01
4.16645968e-02
7.74073975e-01
-3.63145531e-01
-2.48162729e-01
-9.05242993e-03
2.11966534e-03
-5.34200920e-01
3.32843806e-03
5.65474747e-01
-5.72968608e-02
-3.48911226e-01
-2.82333303e-01
-2.72836684e-02
-3.31316719e-01
-1.72368401e-01
1.69546814e-01
0.00000000e+00
-1.08555243e-01
1.58036053e-01
-3.09281236e-01
-1.96111400e-01
-1.88023678e-01
1.60045292e-01
0.00000000e+00
-6.12465193e-02
-2.89752646e-02
-1.90341409e-01
-1.47001539e-01
-3.54272227e-01
1.66937827e-01
0.00000000e+00
0.00000000e+00
0.00000000e+00
0.00000000e+00
0.00000000e+00
0.00000000e+00
0.00000000e+00
0.00000000e+00
0.00000000e+00
0.00000000e+00
0.00000000e+00
0.00000000e+00
0.00000000e+00
0.00000000e+00
-1.50640332e-01
-4.17993415e-01
-4.92082502e-01
0.00000000e+00
0.00000000e+00
0.00000000e+00
7.92328303e-01
-1.13427528e+00
4.67916614e-01
-2.79393092e-01
-8.75725981e-01
4.43850743e-01
3.44310215e-01
8.48767491e-01
-2.15199395e-01
0.00000000e+00
5.14511708e-01
-8.52903505e-01
-7.56743412e-01
1.95105264e-01
5.18142249e-01
7.98757172e-01
2.60459529e-01
-1.22817802e+00
-4.77189926e-01
1.43376828e-01
-2.77392682e-01
0.00000000e+00
0.00000000e+00
0.00000000e+00
4.95674581e-02
-8.06953165e-01
-2.90299092e-01
7.88909007e-01
-7.19657231e-01
1.46215624e-01
2.32000014e-01
-7.99583245e-03
-4.65579062e-02
0.00000000e+00
2.55777421e-01
6.13015141e-01
-3.67466038e-01
9.38187518e-02
-1.35139330e-01
-6.90861878e-02
2.91764475e-01
-6.53628160e-01
-2.19049890e-02
3.70227358e-01
-8.27120489e-01
0.00000000e+00
0.00000000e+00
0.00000000e+00
-1.31762736e-01
-9.66120430e-01
-3.65613569e-02
5.74383640e-01
-7.73927996e-01
1.00797376e+00
8.75738982e-01
-2.29876731e-01
-7.44650585e-01
0.00000000e+00
9.54418033e-01
-2.65841220e-01
-7.37509888e-01
3.89617063e-01
-4.86625807e-01
4.72015569e-01
2.83965954e-01
-9.59980725e-01
-4.53444200e-01
4.01068188e-01
-1.44720247e-01
0.00000000e+00
0.00000000e+00
0.00000000e+00
1.78831507e-01
-5.07720380e-01
-2.03793337e-02
-1.84037666e-01
-5.02921022e-01
3.41371413e-01
3.74843095e-01
3.07462964e-01
5.16781953e-01
0.00000000e+00
-2.86368080e-01
1.85125805e-01
-5.68963918e-01
-2.01050045e-02
7.16273847e-01
-5.89132277e-02
-2.80664017e-02
-3.99071125e-01
1.02860631e-01
-2.91725302e-01
136
2.82421165e-01
8.38647780e-01
-1.18273652e-02
2.65723408e-01
-6.07328763e-03
-2.94113496e-01
-2.72262165e-03
-5.27836526e-01
-1.80620604e-03
0.00000000e+00
0.00000000e+00
0.00000000e+00
0.00000000e+00
0.00000000e+00
-1.58677857e-01
2.47670845e-01
1.59978621e-01
3.88712446e-02
0.00000000e+00
0.00000000e+00
5.75586975e-02
7.87015939e-03
-6.50024186e-02
2.36256785e-04
5.46235328e-02
2.30869676e-01
0.00000000e+00
0.00000000e+00
-6.57672141e-02
-4.83806094e-02
1.17803026e-01
0.00000000e+00
1.53093273e-01
-1.91072408e-01
2.35325988e-01
0.00000000e+00
2.82761302e-01
-3.22143106e-01
3.68038259e-01
0.00000000e+00
-1.78266849e-01
-5.05238154e-01
4.28595226e-01
0.00000000e+00
0.00000000e+00
0.00000000e+00
0.00000000e+00
-1.05870285e+00
1.09523687e+00
-2.82818612e-01
-1.00915639e+00
2.76990775e-01
-7.74978326e-02
6.04093874e-02
2.22339254e-01
-6.97302516e-01
3.97921876e-01
-6.96294764e-02
-3.82995999e-01
1.51183631e-01
-3.09732682e-02
-2.81412977e-01
4.38246972e-03
-3.10004192e-01
1.05106001e-01
-4.31982555e-01
0.00000000e+00
2.28032164e-01
-1.24444939e-01
5.65260899e-02
1.66499517e-02
0.00000000e+00
2.51624339e-01
-7.30450713e-02
3.26565114e-02
3.46596947e-02
0.00000000e+00
0.00000000e+00
0.00000000e+00
0.00000000e+00
0.00000000e+00
0.00000000e+00
0.00000000e+00
0.00000000e+00
0.00000000e+00
0.00000000e+00
-4.95401746e-01
2.52030362e-02
-1.05113381e+00
0.00000000e+00
0.00000000e+00
0.00000000e+00
9.71853591e-01
-2.84355295e+00
4.24990793e-01
1.29484191e-01
-1.58044862e+00
6.68399824e-01
5.90773056e-01
1.19293327e+00
-4.61594188e-01
0.00000000e+00
9.04916788e-01
-1.11723144e+00
-1.18016862e+00
2.60396564e-01
1.15498749e+00
1.18086477e+00
8.42898155e-01
-1.96292874e+00
-5.69974572e-01
3.42266842e-01
-9.23745065e-01
0.00000000e+00
0.00000000e+00
0.00000000e+00
4.06632452e-01
-2.14844152e+00
2.21995876e-01
7.93459716e-01
-1.00407753e+00
6.88679242e-01
7.77440540e-01
-7.72180045e-02
-8.39907890e-01
0.00000000e+00
1.23050321e+00
-5.61954673e-01
-6.85978979e-01
7.91755856e-01
-7.26510100e-01
2.84644028e-01
4.38481786e-01
-1.08688008e+00
-1.55283435e-02
5.89159353e-01
5 1
-5.3489e-01 3.2148e-01
7 0
0 1 7 2 19 14 3 
217
-4.07592191e-01
-5.73293396e-01
4.50170617e-01
-3.05047777e-01
-3.44556430e-01
1.81935483e-01
-2.44412057e-01
2.11774232e-01
1.12361227e-01
9.25586910e-02
6.61998802e-02
-5.75975804e-02
0.00000000e+00
0.00000000e+00
3.36372396e-01
-4.33790682e-04
4.08720621e-02
3.05858412e-01
-5.19584840e-03
9.55839495e-02
-3.56329315e-01
-3.07914277e-03
2.24768520e-01
-6.93493685e-01
6.42502838e-05
2.47443800e-01
0.00000000e+00
0.00000000e+00
0.00000000e+00
0.00000000e+00
0.00000000e+00
-8.70043867e-02
-8.99873223e-02
-2.76242926e-02
-2.02976190e-01
0.00000000e+00
0.00000000e+00
-8.25079256e-02
-1.15026073e-01
-2.43403918e-01
-2.35578742e-01
-4.41758299e-02
1.00771462e-01
2.12559176e-01
0.00000000e+00
-4.37931388e-01
-1.98334176e-01
9.67616908e-02
0.00000000e+00
-4.64270703e-02
-1.98420581e-01
4.76441003e-01
0.00000000e+00
1.87282185e-03
-1.05025911e-01
1.96088426e-01
0.00000000e+00
-3.21933209e-01
-2.79902755e-01
4.09449299e-01
-1.31170904e-01
-2.37373848e-01
-3.88170991e-02
0.00000000e+00
-7.81913764e-01
-8.24112243e-01
3.01148132e-01
1.54201871e+00
7.31734403e-02
6.69196406e-01
-2.26800219e-01
-5.77848967e-01
-5.94828756e-01
3.22346180e-01
-5.97789332e-01
7.47108151e-02
7.81796301e-01
-1.96261969e-01
-2.50536908e-01
-7.69167046e-02
8.51690806e-02
-4.19329460e-01
-4.59623944e-02
3.13759618e-02
-3.38636411e-02
-2.74277222e-01
-4.08814305e-01
-5.60712510e-03
-3.17761743e-01
-9.38442034e-02
2.58128380e-01
0.00000000e+00
-1.20386045e-01
9.59958884e-02
-1.57741733e-01
-1.61933712e-01
-1.29464414e-01
9.80491444e-02
0.00000000e+00
4.40620283e-02
7.71607026e-02
-3.21509462e-01
-4.84446899e-03
-1.30144758e-01
-1.80158805e-01
-2.77160048e-01
-4.47356440e-02
-1.99349932e-01
5.63137496e-02
-5.70628737e-01
-1.42010249e-01
-2.94217893e-01
0.00000000e+00
0.00000000e+00
0.00000000e+00
0.00000000e+00
0.00000000e+00
0.00000000e+00
0.00000000e+00
-3.08715965e-01
-4.33660197e-01
-4.59139787e-01
0.00000000e+00
0.00000000e+00
0.00000000e+00
6.30215255e-01
-1.49460954e+00
1.78316043e-01
-2.16143579e-01
-1.02787388e+00
6.70124496e-01
2.72640416e-01
5.46637246e-01
-3.65593531e-01
0.00000000e+00
7.60797917e-01
-6.13278211e-01
-8.52429822e-01
3.00862045e-01
7.22432826e-01
7.99343189e-01
5.72277760e-01
-1.04707525e+00
-6.20808014e-01
3.25024853e-01
-3.84027842e-01
0.00000000e+00
0.00000000e+00
0.00000000e+00
1.85711379e-01
-9.79586148e-01
-1.40632777e-01
7.05103403e-01
-5.60192902e-01
4.04951120e-02
4.15240642e-01
2.44840911e-01
2.47722381e-02
0.00000000e+00
1.21782178e-01
3.36026473e-01
-3.77192193e-01
1.04984886e-02
-2.16910724e-01
4.67408587e-02
1.73082586e-02
-7.79125049e-01
1.69661400e-01
3.51430608e-01
-7.08562922e-01
0.00000000e+00
0.00000000e+00
0.00000000e+00
1.75554241e-01
-9.96559423e-01
6.76084719e-01
3.36707635e-01
-5.12585208e-01
7.66190108e-01
7.62079940e-01
-3.18349962e-01
-9.30797353e-01
0.00000000e+00
9.97354083e-01
-2.79243868e-01
-6.72398385e-01
4.67618428e-01
-5.41443457e-01
3.59817985e-02
1.63880034e-01
-9.01134916e-01
-2.89472001e-01
3.51970664e-01
-1.73953854e-01
0.00000000e+00
0.00000000e+00
0.00000000e+00
-2.91399268e-02
-4.63251260e-01
5.64144099e-02
9.37482296e-03
-1.47428051e-01
6.87233240e-01
1.07383624e-01
2.41792326e-01
2.86067769e-01
0.00000000e+00
-3.45294414e-01
-1.23462041e-01
-5.78985478e-01
-4.60176459e-02
6.38959101e-01
1.53573433e-01
5.36470710e-02
-3.70957268e-01
4.34029233e-02
-3.47266490e-01
136
1.20521036e-01
7.38858602e-01
-1.11823045e-02
2.20284359e-01
-6.32319334e-03
-2.95762744e-01
-2.46935787e-03
-5.42859182e-01
-1.70917413e-03
0.00000000e+00
0.00000000e+00
0.00000000e+00
0.00000000e+00
0.00000000e+00
-2.52147902e-01
1.86366144e-01
1.25406500e-01
6.54910526e-02
0.00000000e+00
0.00000000e+00
-3.81566604e-02
-2.38588643e-03
-2.72988037e-02
3.22547442e-02
2.90257315e-02
6.06522863e-02
6.33741220e-02
0.00000000e+00
-1.13941031e-01
-1.82744566e-02
7.57819278e-02
0.00000000e+00
1.40142929e-01
-1.27321336e-01
1.44444821e-01
0.00000000e+00
2.63609396e-01
-3.07491678e-01
2.83343749e-01
0.00000000e+00
-1.98036422e-01
-4.35190766e-01
4.04407107e-01
0.00000000e+00
0.00000000e+00
0.00000000e+00
0.00000000e+00
-8.77792991e-01
1.15186117e+00
-2.21852339e-01
-1.05005686e+00
2.11071976e-01
-1.10250309e-01
5.70704217e-02
2.14049348e-01
-7.09884067e-01
2.90365903e-01
-1.06570425e-01
-3.91299426e-01
1.49396016e-01
-3.14597135e-02
-8.81686742e-02
9.61931625e-02
-2.65800471e-01
1.13207765e-01
-4.31245757e-01
0.00000000e+00
1.26276527e-01
-1.89714345e-01
5.40529548e-02
9.79448392e-02
0.00000000e+00
1.01957529e-01
-1.00809335e-01
1.24669974e-02
-1.19264162e-02
5.00748584e-03
1.38186707e-01
-5.09364224e-01
1.17300051e-01
-1.99953201e-01
0.00000000e+00
0.00000000e+00
0.00000000e+00
0.00000000e+00
0.00000000e+00
-4.68632282e-01
4.46245100e-03
-1.00993085e+00
0.00000000e+00
0.00000000e+00
0.00000000e+00
9.50796917e-01
-2.57752578e+00
4.16169828e-01
1.54423588e-01
-1.55519175e+00
6.04308500e-01
5.72588611e-01
1.18346729e+00
-4.07769309e-01
0.00000000e+00
8.49572158e-01
-9.51219537e-01
-1.17847661e+00
2.36139134e-01
1.09735079e+00
1.11892888e+00
7.69780319e-01
-1.97801553e+00
-5.93194366e-01
2.77936025e-01
-9.47841963e-01
0.00000000e+00
0.00000000e+00
0.00000000e+00
3.92098977e-01
-2.07500109e+00
1.00970729e-03
7.99092951e-01
-1.21759090e+00
5.41348560e-01
9.52577087e-01
-6.97299182e-02
-7.07058781e-01
0.00000000e+00
1.23293702e+00
-4.31076885e-01
-7.55321127e-01
7.66977195e-01
-6.05197627e-01
3.52169411e-01
4.28439633e-01
-1.12108187e+00
-3.55874521e-02
6.03153144e-01
6 2
-7.2633e-01 3.8197e-01
8 19
0 1 7 2 19 14 3 5 
217
-9.69653113e-02
2.14457743e-01
-3.79054762e-01
-3.77159738e-03
-6.65412145e-02
4.03341939e-02
-2.46945740e-01
4.97251591e-01
1.80186463e-01
-6.06232591e-02
1.32431250e-01
-2.94368771e-01
-9.60960700e-02
-8.47095741e-02
0.00000000e+00
0.00000000e+00
0.00000000e+00
0.00000000e+00
0.00000000e+00
0.00000000e+00
0.00000000e+00
0.00000000e+00
0.00000000e+00
-9.69653113e-02
2.50556284e-03
2.24220838e-01
0.00000000e+00
0.00000000e+00
0.00000000e+00
0.00000000e+00
0.00000000e+00
-5.85846012e-01
-5.19558782e-01
-3.96396979e-01
1.60058577e-01
1.24477789e+00
0.00000000e+00
-2.06171415e-01
1.38849306e-03
-3.65023005e-02
4.51457853e-03
6.08832029e-02
2.91091845e-02
6.47707664e-02
0.00000000e+00
-3.06420363e-01
-3.62974842e-01
3.79869874e-01
0.00000000e+00
-3.43603030e-02
-2.62391428e-01
5.34433430e-01
0.00000000e+00
1.28462271e-01
-7.62921823e-01
6.56913055e-01
0.00000000e+00
-2.41829972e-01
-2.67430437e-01
4.56643048e-01
-1.67899583e-01
8.85170628e-02
-2.62497000e-03
-6.65659660e-01
-1.00501669e+00
-1.03624544e+00
8.55271742e-01
1.27185225e+00
7.18439299e-01
7.47422412e-01
-1.47686425e-01
-3.21419762e-01
-3.61788036e-01
2.29674030e-01
-5.55936535e-01
1.42466846e-01
3.12060906e-01
-6.11815056e-02
-2.20848144e-01
4.20272710e-02
4.75867388e-02
-1.96394846e-01
1.37477599e-01
6.77400313e-02
7.22492067e-02
-1.39050661e-01
-5.95556423e-01
-4.15428009e-02
-8.25382124e-02
1.13789437e-02
-5.78306009e-02
0.00000000e+00
-3.25407038e-01
-3.03581879e-01
5.93042855e-02
-4.54087985e-01
1.69137442e-01
4.98648468e-01
0.00000000e+00
4.75501443e-02
-2.60535972e-01
-1.02223919e-01
1.27692089e-01
-4.22915365e-02
2.16047347e-01
4.57013355e-01
2.38043508e-01
-1.02696013e-01
-5.54546982e-01
-1.00936391e-01
-2.37475192e-01
-1.60050504e-01
5.66042387e-01
8.48742956e-02
-2.49046360e-01
-4.01835687e-01
-2.51226691e-01
-3.46046307e-01
-2.23184433e-01
-3.35246649e-01
-1.78661053e-01
-7.65443825e-01
0.00000000e+00
0.00000000e+00
0.00000000e+00
4.83832872e-01
-8.18344628e-01
-6.60900906e-02
-3.63993859e-01
-7.10735686e-01
6.69828009e-02
2.43059417e-01
5.62272692e-01
-4.25384907e-01
0.00000000e+00
4.36016070e-01
-3.33243354e-01
-7.00768190e-01
5.16325784e-02
8.00876218e-01
6.39431805e-01
3.51384832e-01
-6.55700614e-01
-4.25565525e-01
9.88937437e-02
-5.14621837e-02
0.00000000e+00
0.00000000e+00
0.00000000e+00
2.39285104e-01
-5.43343069e-01
2.56354366e-02
4.41701163e-01
-4.06473823e-01
2.20925398e-01
1.78652059e-01
3.88551975e-02
1.48845340e-01
0.00000000e+00
2.88403462e-01
-1.15935171e-01
-1.50154292e-01
1.44337620e-01
-2.52603290e-01
-1.58486129e-02
6.32578627e-02
-6.56009391e-01
1.67511965e-02
2.82255627e-01
-7.39872223e-01
0.00000000e+00
0.00000000e+00
0.00000000e+00
3.67596118e-02
-9.12238337e-01
1.68800733e-01
5.26242336e-01
-5.73210327e-01
4.18447418e-01
7.15825145e-01
-1.76055310e-01
-1.19011975e-01
0.00000000e+00
5.86776015e-01
-3.85964427e-01
-6.57848622e-01
-3.37587564e-02
-5.08143659e-01
5.03850285e-01
2.36060257e-01
-5.73466601e-01
-2.28872186e-01
2.35936178e-01
-5.94169353e-02
0.00000000e+00
0.00000000e+00
0.00000000e+00
1.59763107e-01
-9.90528020e-02
-6.98401418e-02
-9.42529352e-02
-2.81088488e-01
1.81880807e-01
-3.68064641e-02
5.89412137e-02
-4.56381583e-01
0.00000000e+00
1.76921638e-01
2.61614095e-01
-1.22307089e-01
2.94407380e-01
1.17137289e-01
-5.48884608e-02
6.17267056e-03
-2.46470850e-01
7.14471990e-02
7.33864786e-02
136
1.05096485e-01
0.00000000e+00
0.00000000e+00
0.00000000e+00
0.00000000e+00
0.00000000e+00
0.00000000e+00
1.00028590e-01
1.23631143e-03
0.00000000e+00
0.00000000e+00
0.00000000e+00
0.00000000e+00
0.00000000e+00
-8.67280964e-01
-4.13943547e-01
-6.82869625e-02
4.55576286e-01
9.99031673e-01
7.00545223e-01
-5.54633504e-01
-3.19089054e-01
-1.16836158e-01
-3.13499113e-02
2.79215803e-02
1.35972166e-01
2.62566143e-01
6.96632834e-01
-2.24339607e-01
-6.04405269e-01
2.83289810e-01
0.00000000e+00
6.44520658e-02
-5.59275806e-01
4.17225626e-01
0.00000000e+00
2.25675067e-01
-6.58834737e-01
5.01817335e-01
0.00000000e+00
-2.34212099e-01
-3.85013560e-01
5.71388251e-01
0.00000000e+00
0.00000000e+00
0.00000000e+00
-7.79739463e-01
-7.20460503e-01
1.05102067e+00
-2.70878172e-01
-1.16409104e+00
4.27261344e-01
1.11643491e-01
2.68453347e-01
1.26555972e-01
-7.09937201e-01
1.89981498e-01
2.98539356e-02
-2.69683996e-01
1.25006716e-01
3.13054805e-02
2.45836028e-01
1.87683232e-01
-3.25353898e-01
1.13827876e-01
-6.02993293e-01
0.00000000e+00
8.35620877e-02
-1.50138837e-01
5.82360548e-04
8.74047038e-02
0.00000000e+00
5.83142006e-02
-1.16417804e-01
-1.63086637e-02
-3.36481895e-02
2.24786790e-01
-7.34450801e-02
-6.01956783e-01
7.62920216e-02
-1.84984267e-01
1.90789655e-01
-1.66555366e-01
-5.25720945e-01
4.97648201e-02
-1.45677214e-01
-4.61765424e-01
-6.37165287e-01
-9.24289217e-01
0.00000000e+00
0.00000000e+00
0.00000000e+00
9.37932294e-01
-2.76793547e+00
4.12239028e-01
3.08746013e-01
-1.60467344e+00
6.83250267e-01
6.20863815e-01
1.11276269e+00
-6.38186202e-01
0.00000000e+00
1.03999840e+00
-6.15685689e-01
-1.13418969e+00
2.95349718e-01
9.44460492e-01
1.09880399e+00
7.41346523e-01
-2.13872511e+00
-6.72309187e-01
4.51662336e-01
-1.03109270e+00
0.00000000e+00
0.00000000e+00
0.00000000e+00
1.80359708e-01
1.72141384e-01
-4.44363011e-02
4.83037952e-01
-1.32574719e+00
1.26556654e-01
6.85288639e-01
-2.98035761e-01
-8.24228093e-01
0.00000000e+00
9.27534241e-01
1.03648995e+00
-1.01824104e+00
4.38289531e-01
-5.34667948e-01
1.56957413e-01
2.59124072e-01
-1.38148294e+00
-2.86365291e-01
2.16332324e-01
10 1
-1.0182e+00 4.4382e-01
8 1
0 1 7 2 19 14 3 5 
217
-1.55336006e-01
-2.05745828e-01
-4.02226895e-02
-1.05469002e-01
-1.94111445e-01
-2.01130684e-01
-3.78847992e-01
5.03609954e-02
-3.08216637e-01
7.46682455e-02
1.65003712e-01
-1.61747646e-01
5.60836355e-01
6.00236964e-01
7.44518341e-02
-4.53960354e-03
4.78024876e-01
-1.12615333e-01
2.04429210e-03
5.12151401e-01
2.62411079e-02
-2.73139009e-03
5.76952981e-01
-1.43413616e-01
-5.77951236e-04
5.38333909e-01
0.00000000e+00
0.00000000e+00
0.00000000e+00
0.00000000e+00
0.00000000e+00
-8.35252433e-01
-4.02278059e-01
-7.51510041e-02
3.83512319e-01
7.73833171e-01
0.00000000e+00
-2.80503285e-02
5.90065328e-02
2.96788280e-02
3.61400140e-02
-9.00306355e-02
-1.84451004e-01
3.93284064e-01
0.00000000e+00
-5.64861973e-02
-2.27506144e-01
1.91234978e-01
0.00000000e+00
-9.32984933e-02
1.11763882e-02
2.77830920e-01
0.00000000e+00
1.20013571e-01
-3.96477210e-01
2.62015097e-01
0.00000000e+00
-4.84160045e-01
2.33972209e-01
3.77262397e-01
1.09193953e-01
-7.46314032e-02
1.81014922e-01
-1.11549235e-01
-6.38198999e-01
-1.17581391e+00
4.67871123e-01
1.35218713e+00
1.26541105e-01
8.86665177e-01
-1.73514572e-01
-7.11330070e-01
-6.85510934e-01
6.09221488e-01
-1.01812204e-02
1.20287148e-01
7.01679197e-02
-5.40284604e-01
6.21652214e-02
-6.10423846e-02
3.18595450e-01
-4.33724149e-01
4.18792613e-03
-3.66562060e-01
-2.34348383e-02
-2.44527189e-01
-5.42981470e-01
1.42604277e-01
-4.64303476e-01
-2.99782561e-02
-9.81022562e-02
0.00000000e+00
2.33218019e-01
1.70863594e-01
-1.89622591e-01
1.30992405e-01
-1.98931434e-01
1.79572523e-01
0.00000000e+00
-3.40701212e-02
6.58707183e-02
-1.09815623e-01
-6.40084038e-02
-1.14502619e-02
1.55841803e-01
1.47597988e-02
-1.71141164e-02
3.82320603e-01
-2.07697093e-01
-6.48885597e-01
5.47154038e-02
2.10316001e-01
6.10999729e-01
-1.79679910e-01
-1.47685162e-01
-3.06551520e-01
-3.26457589e-01
-2.80104306e-01
-6.15753852e-02
-5.10688210e-01
-6.02485355e-01
-7.30707783e-01
0.00000000e+00
0.00000000e+00
0.00000000e+00
7.40783581e-01
-1.36841238e+00
3.14523782e-03
1.33588599e-01
-1.58176699e+00
6.78353193e-01
6.97648181e-01
4.16127997e-01
-3.28953902e-01
0.00000000e+00
1.03954384e+00
-7.56853364e-01
-1.26506057e+00
7.03167037e-02
2.65895254e-01
8.52820432e-01
9.35324073e-01
-1.54145318e+00
-5.90087223e-02
3.37254234e-01
-2.14632755e-01
0.00000000e+00
0.00000000e+00
0.00000000e+00
1.20478251e-01
-1.23673884e+00
6.36592482e-02
2.52209369e-01
1.98508685e-01
4.08921032e-02
3.58111165e-03
3.85813799e-01
-3.50871358e-01
0.00000000e+00
1.60813540e-01
-3.21306147e-02
-7.61031949e-02
-2.55249094e-02
1.73382357e-01
2.29331691e-01
4.85340205e-02
-1.20900752e-01
-2.64797199e-01
2.15229936e-01
-5.09575235e-01
0.00000000e+00
0.00000000e+00
0.00000000e+00
1.46433650e-01
1.70762373e+00
-9.72111273e-02
1.67591603e-01
-1.11460689e+00
8.92874873e-01
4.01549821e-01
-3.57955752e-01
-9.82262057e-01
0.00000000e+00
4.36842193e-01
1.37009682e+00
-1.12572340e+00
5.25880940e-02
-7.25860331e-01
-7.36489460e-02
2.92176394e-01
-1.14808438e+00
-2.05951499e-01
-1.46048038e-01
-2.97995434e-01
0.00000000e+00
0.00000000e+00
0.00000000e+00
1.62521537e-01
-1.98294770e+00
1.86466890e-01
1.13218112e-01
-5.61506620e-04
3.24166039e-02
1.54007277e-01
4.11929601e-01
1.48774443e-01
0.00000000e+00
1.75224391e-01
-1.63536800e+00
9.68368890e-02
5.96631513e-01
4.65408456e-01
3.57522863e-01
2.01941223e-01
-9.99452898e-02
1.26064658e-01
1.91862609e-01
136
1.04046208e-01
2.52812702e-01
-4.80080607e-03
-2.92445933e-02
1.34489988e-03
1.15645333e-01
-3.75486859e-03
-2.35167233e-01
-1.07478179e-03
0.00000000e+00
0.00000000e+00
0.00000000e+00
0.00000000e+00
0.00000000e+00
-7.90860519e-01
-4.46233153e-01
1.87873284e-02
4.05154750e-01
9.17197802e-01
5.28992068e-01
-5.13140602e-01
-2.31478938e-01
-3.53782299e-02
4.72628754e-02
1.17269114e-01
1.45962710e-01
4.45572098e-02
5.25954673e-01
-8.43230307e-02
-5.74353376e-01
1.02895295e-01
0.00000000e+00
1.97595326e-01
-5.16598491e-01
2.27485440e-01
0.00000000e+00
3.68598636e-01
-7.14373513e-01
4.31083103e-01
0.00000000e+00
5.06874512e-02
-4.39140444e-01
5.04183473e-01
0.00000000e+00
0.00000000e+00
0.00000000e+00
-8.06118287e-01
-8.88041197e-01
8.23746981e-01
-2.33793904e-01
-1.11931922e+00
6.07289595e-01
4.75575126e-01
3.03434943e-01
2.20438843e-01
-6.30517083e-01
2.44848187e-02
3.09831650e-02
-2.01410886e-01
1.02550343e-01
2.21032641e-02
2.42903803e-01
1.60011982e-01
-3.01963922e-01
9.70516616e-02
-5.86702004e-01
0.00000000e+00
1.33560939e-01
-9.00877088e-02
-4.04281154e-03
-1.17926104e-02
0.00000000e+00
1.19382527e-01
-8.44338507e-02
-1.02098857e-02
-1.06513788e-01
2.92574403e-01
-1.05073829e-02
-5.42015375e-01
6.29005811e-02
-9.70718153e-02
1.64980366e-01
-5.48835117e-03
-4.67895258e-01
5.74834673e-02
-1.34562262e-01
-3.31882753e-01
-5.59848074e-01
-8.99875275e-01
0.00000000e+00
0.00000000e+00
0.00000000e+00
8.89056914e-01
-2.53191727e+00
3.52721676e-01
2.99857339e-01
-1.53023208e+00
6.25145835e-01
5.94106742e-01
1.10734414e+00
-4.31461171e-01
0.00000000e+00
9.56757929e-01
-7.46832883e-01
-1.13540129e+00
2.98559900e-01
9.15836241e-01
1.06669729e+00
6.44996627e-01
-2.08539923e+00
-5.86715916e-01
3.97003930e-01
-9.21533093e-01
0.00000000e+00
0.00000000e+00
0.00000000e+00
2.39275158e-01
3.00083016e-02
-4.16607195e-02
3.96803491e-01
-1.30502010e+00
5.54488302e-01
6.41261120e-01
-2.40283979e-01
-7.79807561e-01
0.00000000e+00
9.59255675e-01
5.48056821e-01
-1.07466362e+00
5.73051320e-01
-5.35262324e-01
1.00216118e-01
2.24515143e-01
-1.25832839e+00
-2.32797561e-01
2.79359701e-01
12 1
-1.0522e+00 4.1605e-01
8 0
0 1 7 2 19 14 3 5 
217
2.66744270e-02
-4.34140290e-01
9.44505165e-04
-2.65508032e-01
-1.70243714e-01
-1.96762338e-01
-4.29649813e-01
2.10297613e-01
2.33210956e-02
-3.52285471e-02
6.31536841e-01
3.08822961e-01
0.00000000e+00
0.00000000e+00
1.59938184e-01
3.18982783e-03
6.05673648e-01
4.42662163e-01
-5.96696095e-03
3.05764361e-01
-3.25242943e-01
-1.13871167e-03
4.13694646e-01
-2.50682977e-01
-1.27890622e-03
3.24974424e-01
0.00000000e+00
0.00000000e+00
0.00000000e+00
0.00000000e+00
0.00000000e+00
2.05900977e-01
-1.60303022e-02
7.69998240e-02
-2.40196072e-01
0.00000000e+00
0.00000000e+00
-1.57237653e-01
-8.71379074e-02
-1.73453515e-02
-8.57380539e-03
4.33048393e-02
4.77017796e-02
2.08395984e-01
0.00000000e+00
-5.45608720e-01
-3.72987929e-02
1.04774765e-01
0.00000000e+00
-2.85883394e-03
-3.13664841e-02
5.01562499e-01
0.00000000e+00
1.01817825e-01
-1.79141781e-01
4.54962148e-01
0.00000000e+00
-1.89525311e-01
-5.73842139e-01
4.25632713e-01
-2.32206989e-01
1.96128492e-01
6.51863828e-02
0.00000000e+00
-8.24082657e-01
-1.40275150e+00
5.99604510e-01
1.50312260e+00
2.51152574e-01
9.42812197e-01
-1.92309278e-01
-4.46299222e-01
-4.00065408e-01
3.66027919e-01
-4.33668704e-01
2.99255008e-01
7.09698876e-01
1.20527377e-01
-2.23455393e-01
2.79954579e-04
1.45050449e-01
-3.77581864e-01
-1.54480065e-02
-6.30144579e-02
2.13854185e-02
-3.46144454e-02
-5.03727410e-01
6.92996691e-02
-1.03059181e-01
-2.93962152e-02
2.18368288e-01
0.00000000e+00
1.91904052e-01
-1.14758423e-02
1.38886134e-01
-2.08433791e-01
-3.04115759e-01
-1.28450412e-01
0.00000000e+00
1.48165371e-01
8.01848045e-02
-3.90281144e-02
2.38530722e-02
-8.24628295e-02
-3.40182888e-01
0.00000000e+00
1.26650835e-01
-2.32841407e-01
-1.11583188e-01
-3.69136194e-01
1.16067801e-02
3.46525808e-01
0.00000000e+00
7.82988013e-02
-2.90630359e-01
8.70438022e-03
-6.65441778e-01
-6.03287545e-02
-1.50238598e-01
-2.78635325e-01
-2.96089635e-01
-5.03135867e-01
0.00000000e+00
0.00000000e+00
0.00000000e+00
8.15285054e-01
-1.37770787e+00
-1.02344783e-02
2.97727939e-01
-1.14122005e+00
8.25445560e-01
7.40568681e-01
7.11780722e-01
-6.35847215e-01
0.00000000e+00
6.26047521e-01
-7.22923055e-01
-1.26570974e+00
9.46699447e-02
6.64425219e-01
6.87195621e-01
5.15510092e-01
-1.29750721e+00
-4.61342861e-01
4.30700258e-01
-3.78624331e-01
0.00000000e+00
0.00000000e+00
0.00000000e+00
3.03384790e-02
-1.00163101e+00
2.64669260e-01
2.49616585e-01
-7.74372685e-01
6.98685026e-02
7.71098039e-02
2.30351883e-01
3.08452168e-02
0.00000000e+00
3.00517166e-01
2.09191141e-01
4.74464251e-02
5.46055245e-02
-9.03955982e-02
2.56710669e-01
1.92130424e-01
-5.90637199e-01
-5.89718715e-02
1.23982948e-01
-7.80899040e-01
0.00000000e+00
0.00000000e+00
0.00000000e+00
2.96539722e-01
-1.35316511e+00
4.33801384e-01
2.43921729e-01
-1.02244894e+00
1.22406116e+00
7.76104398e-01
-1.24581817e-01
-4.84277878e-01
0.00000000e+00
1.03711048e+00
-4.07023628e-01
-8.66413086e-01
6.02745591e-01
-4.98677081e-01
1.85984955e-01
-5.58740187e-02
-7.19678391e-01
-4.33015417e-01
3.83986904e-01
-2.19451787e-01
0.00000000e+00
0.00000000e+00
0.00000000e+00
4.91220501e-03
-1.09865805e+00
-1.41226193e-01
3.33794031e-01
-1.45743320e-01
-1.94311599e-02
2.55177774e-01
3.12030971e-01
7.25395530e-02
0.00000000e+00
-5.21926342e-02
-2.08581545e-01
-1.71133778e-01
5.57277420e-02
2.10021323e-01
1.71901232e-01
3.60921288e-01
-4.35385968e-01
3.32153279e-01
-5.62785321e-02
136
8.08558587e-02
6.10166484e-01
-7.10200455e-03
1.59615733e-01
-3.88806675e-03
-2.39490496e-01
-1.90787408e-03
-4.49435862e-01
-1.41866166e-03
0.00000000e+00
0.00000000e+00
0.00000000e+00
0.00000000e+00
0.00000000e+00
-2.12643942e-01
1.48513258e-01
9.99888598e-02
4.52811824e-02
0.00000000e+00
0.00000000e+00
-6.11734726e-02
-2.75823781e-02
-7.81625897e-03
2.97059857e-02
9.01529821e-03
6.38803504e-02
7.31614539e-02
0.00000000e+00
-1.28776495e-01
-6.42003668e-02
1.17677151e-01
0.00000000e+00
1.52955530e-01
-1.63476926e-01
1.84515263e-01
0.00000000e+00
2.43691030e-01
-3.08393793e-01
3.08951217e-01
0.00000000e+00
-1.63910410e-01
-4.95978439e-01
3.87567445e-01
0.00000000e+00
0.00000000e+00
0.00000000e+00
0.00000000e+00
-1.02181487e+00
1.15935957e+00
-2.48511047e-01
-9.57488965e-01
2.35268719e-01
-1.21074412e-01
4.42129014e-03
2.12113822e-01
-6.28795715e-01
1.99707988e-01
-2.93839916e-02
-3.44074911e-01
1.45757138e-01
-2.88684048e-02
7.02993931e-02
1.08529396e-01
-2.35291310e-01
1.06119005e-01
-3.27838149e-01
0.00000000e+00
7.88685672e-02
-1.92814790e-01
5.37452599e-02
7.84019264e-02
0.00000000e+00
5.42473244e-02
-8.79411787e-02
-7.44236117e-03
1.12504347e-02
0.00000000e+00
1.51952032e-01
-4.88643213e-01
1.28128311e-01
-1.09475451e-01
0.00000000e+00
2.75114051e-02
-3.85125005e-01
9.66603849e-02
-1.03396677e-01
-4.68014482e-01
-3.35998059e-02
-1.02386246e+00
0.00000000e+00
0.00000000e+00
0.00000000e+00
9.09940553e-01
-2.57751816e+00
3.82918757e-01
1.92368190e-01
-1.57493117e+00
5.54110159e-01
5.61285015e-01
1.13616015e+00
-4.06065224e-01
0.00000000e+00
8.10624149e-01
-7.82162463e-01
-1.19553947e+00
2.46434791e-01
1.07132035e+00
1.11394256e+00
7.46171760e-01
-1.97720523e+00
-5.71667719e-01
3.35950547e-01
-9.40550633e-01
0.00000000e+00
0.00000000e+00
0.00000000e+00
3.09141453e-01
-1.98392639e+00
1.18868980e-01
7.11220235e-01
-1.06272087e+00
8.40080782e-01
9.25627294e-01
-1.37902025e-01
-6.80015632e-01
0.00000000e+00
1.07906371e+00
-3.81041977e-01
-8.26871293e-01
7.37343942e-01
-5.04336096e-01
2.38522584e-01
3.48852084e-01
-1.11752586e+00
-3.79596087e-02
4.83028048e-01
20 1
-1.1123e+00 4.5914e-01
8 1
0 1 7 2 19 14 3 5 
217
-3.05533087e-01
-2.51119836e-01
1.05388287e-01
-9.84239937e-02
-2.64501093e-01
9.13753997e-02
-4.12367608e-01
1.09109164e-01
-3.53863149e-01
3.15007476e-01
5.02911616e-02
3.54870368e-01
6.74907601e-01
4.09361480e-01
1.40990697e-01
-3.34042598e-03
6.14834869e-01
-1.20341164e-01
1.01949919e-03
7.98071854e-01
-1.57552008e-01
-2.64334565e-03
8.45346737e-01
-1.68630611e-01
-3.02874736e-03
7.51880412e-01
0.00000000e+00
0.00000000e+00
0.00000000e+00
0.00000000e+00
0.00000000e+00
-8.34373970e-01
-6.80647029e-01
-1.65132254e-01
2.94414340e-01
1.08020583e+00
0.00000000e+00
-2.16905178e-01
-1.02777609e-01
-1.20707256e-01
-1.09527399e-01
1.01742090e-01
-1.87195347e-02
1.68224292e-01
0.00000000e+00
-3.20424741e-01
-3.34697497e-01
3.35765003e-01
0.00000000e+00
-1.19033412e-02
-2.08079755e-01
3.98104930e-01
0.00000000e+00
-9.70838289e-02
-6.46345265e-01
3.65245623e-01
0.00000000e+00
-4.47402089e-01
2.88008765e-01
3.82986290e-01
-2.51577155e-01
8.31597541e-02
-1.30253193e-01
-2.15466364e-01
-6.95354569e-01
-9.75748411e-01
4.68056965e-01
1.29862569e+00
1.37230881e-01
1.00035712e+00
-1.99376180e-01
-6.87145002e-01
-6.88923079e-01
6.27232534e-01
-2.06381079e-01
-4.62444399e-02
1.84394483e-01
-7.48429822e-01
4.11819353e-02
-5.88521796e-02
2.53473944e-01
-5.27026514e-01
1.48240856e-01
-3.24896799e-02
3.33340846e-01
-4.84283428e-01
-4.97022982e-01
4.03467564e-02
-4.14001839e-01
-1.94937262e-01
-5.72014076e-02
0.00000000e+00
3.76583250e-02
1.97832713e-01
-2.23730902e-01
3.60673645e-03
-1.19460510e-01
5.47990238e-02
0.00000000e+00
3.11806466e-01
1.51081630e-03
-2.07311674e-01
7.05562568e-02
-4.10027880e-01
-1.46702062e-01
5.91497116e-01
-2.38811879e-01
-3.09813504e-01
-4.14814271e-01
-2.24433774e-01
-2.43404054e-01
-1.01520456e-01
-2.22067702e-01
-4.00360573e-02
-2.73277691e-01
4.71881959e-02
-6.14882193e-01
-9.06175239e-02
-1.37697727e-01
-3.78932016e-01
-3.80826120e-01
-5.91814990e-01
0.00000000e+00
0.00000000e+00
0.00000000e+00
4.03334613e-01
-1.31935559e+00
1.21029862e-01
1.09749937e-01
-1.06367309e+00
6.29599436e-01
4.30899569e-01
3.09824046e-01
-7.12651627e-01
0.00000000e+00
8.88646939e-01
-5.58846019e-01
-1.55284329e+00
7.04993043e-01
5.19949486e-01
7.59331900e-01
9.17448042e-01
-1.50290123e+00
5.81325004e-03
3.17835727e-01
-2.68641415e-01
0.00000000e+00
0.00000000e+00
0.00000000e+00
3.35306304e-01
-1.35831232e+00
6.82375027e-02
3.16325709e-01
-2.13688133e-01
7.08998297e-02
1.35440296e-01
4.11616963e-01
1.97161490e-03
0.00000000e+00
2.59027585e-01
-8.92191599e-02
-3.22454423e-02
-4.25396059e-01
2.61243422e-02
2.66227511e-01
9.22189870e-02
-7.48123022e-02
-3.16015078e-01
2.57650435e-01
-5.09141125e-01
0.00000000e+00
0.00000000e+00
0.00000000e+00
1.92330170e-02
1.25757998e+00
-1.86407688e-02
9.19599947e-02
-1.13086541e+00
8.23343522e-01
3.00213267e-01
-1.59033095e-01
-9.21258635e-01
0.00000000e+00
6.76647774e-01
9.33495103e-01
-1.03572253e+00
2.78272171e-01
-6.32561246e-01
-1.58961528e-01
1.34572804e-01
-8.36457796e-01
-2.13632575e-01
8.26748272e-02
-2.38652752e-01
0.00000000e+00
0.00000000e+00
0.00000000e+00
1.84387547e-01
-1.74434155e+00
8.21632669e-02
2.10674109e-01
-5.42457870e-02
2.05057065e-01
2.53000781e-01
1.96592649e-01
2.37379554e-01
0.00000000e+00
9.08171379e-02
-9.51239653e-01
1.35774270e-01
3.88164859e-01
3.62599626e-01
3.35177656e-01
1.61842941e-01
-5.26677740e-01
1.51057925e-01
4.31625916e-02
136
1.39992320e-01
3.06266232e-01
-6.39744991e-03
-3.48037506e-02
1.30845579e-03
8.43410189e-02
-3.04237912e-03
-2.15811180e-01
-5.65975493e-04
0.00000000e+00
0.00000000e+00
0.00000000e+00
0.00000000e+00
0.00000000e+00
-7.78819435e-01
-3.95352534e-01
1.47140547e-02
4.07504175e-01
8.91946060e-01
4.84855429e-01
-4.63237426e-01
-2.18266089e-01
-1.88159588e-02
8.07001988e-02
8.26898319e-02
9.87791823e-02
9.32871520e-02
5.02071393e-01
-7.03809270e-02
-6.13961031e-01
7.60903903e-02
0.00000000e+00
2.70284589e-01
-5.33646893e-01
2.37262437e-01
0.00000000e+00
3.81910587e-01
-6.69166420e-01
4.31563385e-01
0.00000000e+00
-8.00736876e-03
-3.77191505e-01
4.89198199e-01
0.00000000e+00
0.00000000e+00
0.00000000e+00
-7.93095760e-01
-8.74833212e-01
8.21319232e-01
-2.38665330e-01
-1.07090880e+00
6.30836405e-01
4.69007351e-01
3.04973260e-01
2.37295565e-01
-6.48951468e-01
-1.53899994e-03
3.96663787e-02
-1.96637953e-01
9.73727963e-02
1.68928305e-02
1.64283885e-01
1.31796184e-01
-2.71727147e-01
8.01184719e-02
-5.25875421e-01
0.00000000e+00
1.17245349e-01
-9.94054052e-02
2.82658460e-03
1.91809586e-02
0.00000000e+00
8.55560168e-02
-3.38873198e-02
-3.72786604e-02
-1.04478920e-01
2.17252854e-01
6.19430080e-02
-4.87258900e-01
6.83423870e-02
-4.15581213e-02
2.61998011e-01
-6.87560306e-02
-4.63796914e-01
4.48895841e-02
-1.49339506e-01
-3.40648291e-01
-5.58438022e-01
-8.97393462e-01
0.00000000e+00
0.00000000e+00
0.00000000e+00
8.99033158e-01
-2.58820729e+00
3.39968901e-01
2.83562836e-01
-1.54827592e+00
6.20513732e-01
6.10553895e-01
1.08858925e+00
-4.87857075e-01
0.00000000e+00
9.87168105e-01
-7.07495712e-01
-1.10125136e+00
3.18906068e-01
9.08912088e-01
1.07908685e+00
6.63169248e-01
-2.07429300e+00
-6.08618213e-01
4.19140965e-01
-9.36235393e-01
0.00000000e+00
0.00000000e+00
0.00000000e+00
2.36403697e-01
4.40257297e-02
-7.60241711e-02
3.95833129e-01
-1.29691092e+00
5.45025072e-01
6.08956207e-01
-2.17820288e-01
-7.80166646e-01
0.00000000e+00
9.43076440e-01
5.48315637e-01
-1.09841579e+00
5.85141636e-01
-5.03950120e-01
1.23236452e-01
2.03696343e-01
-1.26707246e+00
-2.03695350e-01
2.74110018e-01
17 1
-1.1426e+00 4.3346e-01
8 0
0 1 7 2 19 14 3 5 
217
-2.87250822e-01
-4.84330745e-01
2.33026459e-01
-2.91420444e-02
-3.67663384e-01
3.46487161e-02
-2.87691377e-01
2.93477119e-01
4.55765531e-02
2.35964477e-01
2.42713453e-01
-5.40130964e-02
0.00000000e+00
0.00000000e+00
2.13271077e-01
2.88075575e-03
2.14685666e-01
4.19187965e-01
-4.71787990e-03
1.79261438e-01
-1.11817204e-01
-3.20129246e-03
3.11738477e-01
-8.07892661e-01
-5.29386750e-06
6.19092091e-01
0.00000000e+00
0.00000000e+00
0.00000000e+00
0.00000000e+00
0.00000000e+00
-5.31376891e-01
1.25935099e-01
1.70195746e-01
-5.20047775e-02
0.00000000e+00
0.00000000e+00
-2.79028206e-01
-4.98794717e-02
-8.96217774e-03
6.69504470e-03
-1.32039395e-01
3.09220450e-02
9.44129765e-02
0.00000000e+00
-5.07698803e-01
-8.78065244e-02
4.06051489e-02
0.00000000e+00
-6.24958084e-02
1.49790552e-01
4.62098273e-01
0.00000000e+00
1.03035737e-01
-4.08058214e-01
3.44478366e-01
0.00000000e+00
-2.98175534e-01
-5.45335855e-01
4.71683478e-01
-1.55883715e-01
-3.76736810e-01
1.94741341e-01
0.00000000e+00
-8.40781680e-01
-1.02775621e+00
3.94717234e-01
1.63079917e+00
1.58813624e-01
1.03256737e+00
-2.53665608e-01
-4.61040439e-01
-3.86413752e-01
4.38792890e-01
-5.99506604e-01
-1.13376659e-02
5.82337506e-01
-1.44767432e-01
-3.20048495e-01
-1.45116904e-02
8.74060906e-02
-5.49456292e-01
9.01590138e-02
9.97043817e-02
1.42312655e-01
-9.71914552e-02
-2.22042692e-01
1.04697977e-02
-3.32953258e-02
-3.42841820e-01
-3.29488984e-02
0.00000000e+00
-1.65416003e-01
4.24258894e-02
-1.61065183e-01
-1.26146771e-01
3.92303630e-02
-3.95284153e-02
0.00000000e+00
-1.57262646e-03
-1.02859755e-01
-1.60195300e-01
-2.24438589e-03
-1.25482896e-01
-1.67903336e-02
-1.17256902e-01
1.25482243e-02
-5.94472406e-02
-6.22885025e-02
-3.75838858e-01
-1.20253642e-01
-8.51899800e-02
-6.26312724e-02
9.10510980e-03
-2.41759879e-01
-9.75394307e-02
-5.83810257e-01
-1.36185229e-01
-2.86893375e-02
-2.69967151e-01
-1.40792752e-01
-5.06597124e-01
0.00000000e+00
0.00000000e+00
0.00000000e+00
4.03929316e-01
-1.51440747e+00
2.01429945e-01
-1.91162375e-01
-8.19691322e-01
3.92921304e-01
6.04735229e-01
6.66746349e-01
-3.74964788e-01
0.00000000e+00
6.04309879e-01
-7.76032793e-01
-1.17033959e+00
4.18416915e-01
5.21531839e-01
8.75730350e-01
3.88923974e-01
-1.13319404e+00
-1.43292873e-01
5.37813028e-01
-3.73678067e-01
0.00000000e+00
0.00000000e+00
0.00000000e+00
4.68509199e-01
-1.35222328e+00
6.40792646e-03
5.26252783e-01
-6.46154511e-01
2.10831671e-01
2.36531038e-01
1.70407438e-01
3.77643788e-02
0.00000000e+00
1.96497825e-01
2.07485083e-01
-5.78047962e-02
8.45323307e-02
-1.39013392e-01
2.12796511e-01
3.16896751e-01
-6.72357224e-01
-1.41990189e-01
-3.90476080e-02
-4.87970528e-01
0.00000000e+00
0.00000000e+00
0.00000000e+00
1.15077688e-01
-9.75972851e-01
3.90356491e-01
2.13808989e-01
-7.39558248e-01
1.08131917e+00
8.86454956e-01
-3.56742231e-01
-8.60411925e-01
0.00000000e+00
1.01317759e+00
-3.23552823e-01
-5.79912709e-01
4.49703126e-01
-4.98640760e-01
5.16126174e-01
1.07588320e-01
-8.73470764e-01
-2.45938920e-01
1.92618199e-01
-3.29236066e-01
0.00000000e+00
0.00000000e+00
0.00000000e+00
2.75908709e-01
-9.09447023e-01
1.70273164e-01
1.20902817e-01
-2.28279361e-01
4.38909942e-01
-2.17160071e-01
3.94912243e-01
2.48523040e-01
0.00000000e+00
-7.16578224e-02
-1.74635039e-01
-4.32681011e-01
7.72470355e-02
2.64779895e-01
-2.62356262e-01
2.07623756e-01
-2.84706561e-01
6.81887153e-02
-1.55822316e-02
136
1.04449912e-01
7.36787757e-01
-1.16271145e-02
2.28128896e-01
-6.35586131e-03
-2.93446766e-01
-3.28672860e-03
-5.67019975e-01
-1.65298835e-03
0.00000000e+00
0.00000000e+00
0.00000000e+00
0.00000000e+00
0.00000000e+00
-1.87489745e-01
1.72607390e-01
1.09182606e-01
2.67249486e-02
0.00000000e+00
0.00000000e+00
-8.74075730e-02
-1.48825007e-02
4.29504703e-02
3.63865311e-02
1.80513654e-02
2.14739731e-02
9.39697106e-02
0.00000000e+00
-9.59671752e-02
-1.12522269e-02
6.85661987e-02
0.00000000e+00
1.13057938e-01
-2.10992629e-01
1.85732128e-01
0.00000000e+00
2.09908906e-01
-2.66303394e-01
2.53071527e-01
0.00000000e+00
-1.23109568e-01
-4.59152640e-01
4.38861388e-01
0.00000000e+00
0.00000000e+00
0.00000000e+00
0.00000000e+00
-9.38985554e-01
1.14293726e+00
-2.24790819e-01
-9.01061759e-01
2.21054490e-01
-1.15134930e-01
3.38283733e-02
2.15997640e-01
-6.49383978e-01
1.81363013e-01
-2.95832693e-02
-3.48388783e-01
1.44393831e-01
-3.07985535e-02
8.42955718e-02
7.75259906e-02
-2.50869568e-01
1.06994030e-01
-3.69955012e-01
0.00000000e+00
1.14875659e-01
-1.24139656e-01
3.25851561e-02
5.11637600e-02
0.00000000e+00
9.43624498e-02
-1.21238339e-01
1.53403238e-02
2.74367756e-02
-2.59251398e-02
1.77813718e-01
-5.07392063e-01
1.25766136e-01
-7.99331177e-02
3.83485137e-02
1.78226667e-02
-3.86507334e-01
9.00253028e-02
-1.13827618e-01
-5.12985523e-01
-3.87548431e-02
-1.05888505e+00
0.00000000e+00
0.00000000e+00
0.00000000e+00
8.80082270e-01
-2.62335679e+00
3.56087306e-01
2.49575969e-01
-1.58481901e+00
6.31219978e-01
5.79428425e-01
1.09033591e+00
-4.55812276e-01
0.00000000e+00
8.56520993e-01
-7.98930227e-01
-1.19435812e+00
2.35020282e-01
1.09178276e+00
1.06848504e+00
7.66408104e-01
-1.96649463e+00
-5.89194201e-01
3.49133168e-01
-9.30251310e-01
0.00000000e+00
0.00000000e+00
0.00000000e+00
3.23269615e-01
-2.05068721e+00
1.24107518e-01
7.55650768e-01
-1.13132090e+00
8.02522053e-01
9.78366407e-01
-9.39640880e-02
-7.05197110e-01
0.00000000e+00
1.12305397e+00
-4.35389787e-01
-8.25591573e-01
7.43560425e-01
-5.00421796e-01
3.06046299e-01
3.88509302e-01
-1.15727168e+00
-7.89535328e-02
5.03459995e-01
9 1
-1.1958e+00 4.7694e-01
8 1
0 1 7 2 19 14 3 5 
217
-3.43860134e-01
-3.20519856e-01
1.68001666e-01
-6.43093960e-02
-2.01235949e-01
1.58111440e-01
-1.31104129e-01
7.67579036e-02
-1.07675135e-01
5.57274916e-01
-7.79380417e-02
6.24238811e-01
1.74093121e-01
9.31596505e-02
4.04251202e-01
-1.28370281e-02
3.72357029e-01
-1.31608444e-01
4.72162162e-03
2.01142544e-01
-1.88993570e-01
-1.19517383e-03
4.44098411e-01
-4.27509322e-01
-3.18474285e-03
6.08048695e-01
0.00000000e+00
0.00000000e+00
0.00000000e+00
0.00000000e+00
0.00000000e+00
-7.74115320e-01
-3.90347754e-01
-2.14022917e-01
2.01383190e-01
8.33242667e-01
0.00000000e+00
-4.15767699e-01
-1.03959688e-01
-7.34988655e-02
-1.03468824e-01
-4.59274693e-03
3.04447124e-02
3.27592259e-01
0.00000000e+00
-3.13830632e-01
-2.95940998e-01
1.26206287e-01
0.00000000e+00
8.33227877e-02
-2.66574010e-01
4.15468915e-01
0.00000000e+00
-1.21584776e-01
-3.39794945e-01
5.79612069e-01
0.00000000e+00
-5.93015243e-01
-9.02805000e-02
4.73565967e-01
-2.42027074e-01
-1.14018816e-01
1.27950370e-02
-3.00542178e-01
-6.93063332e-01
-6.87348356e-01
4.99319124e-01
1.11756687e+00
1.50426251e-01
6.52189337e-01
-3.77223559e-01
-5.68899361e-01
-5.53311788e-01
5.48431187e-01
-6.17514231e-02
5.38315987e-02
-7.16001453e-03
-1.93665398e-01
-1.72276879e-01
-3.96196486e-02
1.97022772e-01
-2.30668165e-01
-1.74940630e-01
-3.63915325e-01
-3.44636487e-01
9.22737800e-02
-3.63946572e-01
6.02628410e-02
-4.40051719e-01
-1.51760269e-01
-9.32775637e-02
0.00000000e+00
2.04933401e-01
1.99406365e-01
-1.23436412e-01
-6.69193886e-02
-4.25357124e-01
-2.19060130e-01
0.00000000e+00
-6.01302761e-02
4.90902886e-03
-4.72235003e-01
6.55614456e-02
1.88505145e-01
2.18431240e-01
5.90764506e-01
-1.72951192e-01
5.16405976e-01
-3.52657572e-01
-7.59766881e-01
-4.09015877e-01
7.33601043e-02
-1.62197784e-01
1.30219538e-01
2.62473165e-02
-1.67363645e-01
-3.61028584e-01
-1.44518243e-01
-6.20350901e-02
-4.20477038e-01
-5.52073141e-01
-7.01725561e-01
0.00000000e+00
0.00000000e+00
0.00000000e+00
6.07896853e-01
-1.80992938e+00
4.42550720e-01
1.27921772e-01
-1.53250096e+00
3.52856160e-01
4.79521662e-01
8.01557235e-01
-1.92968457e-01
0.00000000e+00
1.05787106e+00
-5.41247714e-01
-1.11810669e+00
3.29120465e-01
7.12336359e-01
6.68099171e-01
5.13493287e-01
-1.86329235e+00
-2.92395594e-01
5.55490833e-01
-1.85066384e-01
0.00000000e+00
0.00000000e+00
0.00000000e+00
2.74488456e-01
-1.52477605e+00
-3.27520216e-01
3.42684351e-01
2.24878339e-01
2.75130349e-01
2.64793057e-01
1.78757494e-01
-5.48306997e-01
0.00000000e+00
1.04985119e-01
-5.10628340e-01
-1.65302570e-02
-9.36414932e-02
6.42816892e-02
4.29422490e-01
3.54114043e-01
1.61698290e-01
-9.14026541e-02
2.52505949e-01
-5.09388564e-01
0.00000000e+00
0.00000000e+00
0.00000000e+00
2.09402629e-02
1.71087340e+00
-4.25716201e-01
-2.22022694e-02
-8.41551098e-01
1.24395930e+00
4.84651898e-01
-2.66132494e-01
-6.74606449e-01
0.00000000e+00
4.84776885e-01
7.94227800e-01
-1.26069448e+00
7.06373840e-01
-8.57325940e-01
5.65163825e-02
-7.15553822e-02
-1.56093882e+00
-1.54369004e-01
1.23383812e-01
-2.70199901e-01
0.00000000e+00
0.00000000e+00
0.00000000e+00
3.09448814e-01
-2.32976786e+00
4.25390388e-01
5.02022090e-01
-6.51420451e-02
-3.77258830e-01
1.75430389e-01
3.32566504e-01
-2.30985372e-01
0.00000000e+00
2.03863976e-01
-1.19765923e+00
6.79274972e-02
-6.22270125e-02
5.85067165e-01
2.72628396e-01
4.55277421e-01
4.71985904e-01
4.23002335e-02
1.48931675e-01
136
1.22414569e-01
2.29790881e-01
-4.31313374e-03
-5.98297387e-02
2.02115822e-03
1.02362330e-01
-3.03509482e-03
-1.49908904e-01
-1.34724235e-03
0.00000000e+00
0.00000000e+00
0.00000000e+00
0.00000000e+00
0.00000000e+00
-7.18981930e-01
-4.50557396e-01
3.05376068e-03
3.72281439e-01
9.16618696e-01
5.07726657e-01
-4.69112937e-01
-2.11279490e-01
-3.59406655e-02
7.19926984e-02
1.06151490e-01
5.97339435e-02
9.31428716e-02
5.00182341e-01
2.73716087e-02
-5.76346156e-01
1.26630127e-01
0.00000000e+00
1.50597906e-01
-5.66411146e-01
2.33487225e-01
0.00000000e+00
4.27796024e-01
-6.78781489e-01
3.67328044e-01
0.00000000e+00
3.27830262e-02
-3.94595043e-01
4.47878406e-01
0.00000000e+00
0.00000000e+00
0.00000000e+00
-7.93634013e-01
-8.97823787e-01
7.88398067e-01
-2.45460769e-01
-9.53691216e-01
6.81262291e-01
4.81962308e-01
3.03870173e-01
2.34676449e-01
-6.17342494e-01
8.41732950e-02
1.10007206e-01
-2.10221132e-01
1.24131359e-01
2.53036398e-02
1.67222030e-01
7.37720380e-02
-2.33075322e-01
6.92032787e-02
-5.57796457e-01
0.00000000e+00
1.34924786e-01
-5.84119168e-02
-6.60880894e-03
2.54216980e-03
0.00000000e+00
9.48134023e-02
-7.61966119e-02
-2.03025300e-02
-6.32228777e-02
2.12973650e-01
1.12730701e-02
-4.56312342e-01
5.72657265e-02
-1.12346341e-01
2.20053625e-01
-6.62130215e-02
-4.39328496e-01
4.26733441e-02
-1.43513293e-01
-3.31368856e-01
-5.24758584e-01
-8.99542282e-01
0.00000000e+00
0.00000000e+00
0.00000000e+00
8.99317066e-01
-2.53300709e+00
3.50030075e-01
3.16685131e-01
-1.52764738e+00
6.12821202e-01
6.02326030e-01
1.08374147e+00
-4.49715857e-01
0.00000000e+00
9.81930125e-01
-7.30191888e-01
-1.14066246e+00
2.83147644e-01
8.97934244e-01
1.06645519e+00
6.31786568e-01
-2.04929447e+00
-5.86154185e-01
3.90956301e-01
-9.12475238e-01
0.00000000e+00
0.00000000e+00
0.00000000e+00
2.37543548e-01
3.85435931e-02
-6.99054626e-02
4.07853328e-01
-1.32871807e+00
5.62420017e-01
6.21280934e-01
-1.94876819e-01
-7.68208079e-01
0.00000000e+00
9.33258922e-01
5.45060814e-01
-1.07673775e+00
5.67071264e-01
-4.99558289e-01
1.28612508e-01
1.81949701e-01
-1.25414894e+00
-2.21081852e-01
2.77165402e-01
