1 4 -999999999 -1 -1
1 2 0 -1 -1
0.08224 0.09531
356
-5.19780455e-01
-5.15741408e-01
0.00000000e+00
2.05165311e+00
-1.09976490e+00
-5.48669289e-01
5.45983046e-01
0.00000000e+00
0.00000000e+00
-1.00995221e+00
7.61604243e-01
0.00000000e+00
0.00000000e+00
1.11165739e+00
1.03231282e+00
-9.23170988e-02
0.00000000e+00
0.00000000e+00
0.00000000e+00
0.00000000e+00
0.00000000e+00
0.00000000e+00
0.00000000e+00
0.00000000e+00
0.00000000e+00
0.00000000e+00
0.00000000e+00
0.00000000e+00
0.00000000e+00
0.00000000e+00
0.00000000e+00
0.00000000e+00
0.00000000e+00
0.00000000e+00
0.00000000e+00
0.00000000e+00
0.00000000e+00
0.00000000e+00
0.00000000e+00
0.00000000e+00
0.00000000e+00
0.00000000e+00
0.00000000e+00
0.00000000e+00
0.00000000e+00
0.00000000e+00
0.00000000e+00
0.00000000e+00
0.00000000e+00
0.00000000e+00
0.00000000e+00
-4.64784437e-02
6.60637420e-01
-1.50421921e+00
0.00000000e+00
0.00000000e+00
0.00000000e+00
0.00000000e+00
-7.47108210e-01
6.75758943e-01
-4.06783118e-02
3.88807925e-01
2.96524931e-01
-1.53088754e-01
1.46374882e-01
-5.59822657e-01
-1.74893747e-01
-3.17218340e-01
-4.95972410e-01
1.21725830e-02
4.37411842e-01
5.53786370e-01
-4.74138759e-03
8.09237041e-02
2.51998934e-01
-9.30267686e-03
-1.81448621e-01
-8.29593350e-01
-4.67264866e-03
-1.05285996e-02
9.58005369e-03
-2.82798895e-01
-2.46561614e-01
0.00000000e+00
0.00000000e+00
0.00000000e+00
0.00000000e+00
0.00000000e+00
0.00000000e+00
0.00000000e+00
-2.49290504e-01
-1.27342307e-01
-7.14117404e-01
-1.92176367e-01
-6.57945844e-01
-3.98492305e-01
-6.89132469e-02
-2.83538172e-02
-1.90378047e-01
2.06679140e-01
-1.10384531e-01
-1.73726781e-01
0.00000000e+00
0.00000000e+00
3.57753616e+00
1.72046059e+00
1.26168522e+00
6.86065172e-01
-2.70006731e-02
-1.06862176e-01
-4.28780733e-01
-1.33761425e+00
3.28986944e-01
7.33546874e-03
-6.23864832e-02
-8.96370179e-01
-1.29130339e+00
-2.23107153e+00
0.00000000e+00
0.00000000e+00
0.00000000e+00
0.00000000e+00
0.00000000e+00
0.00000000e+00
7.39194238e-01
2.89163513e-02
-1.90825203e-01
-6.05362609e-01
-7.63032488e-01
-1.44913134e+00
5.76102142e+00
5.83584885e+00
5.84843188e+00
5.77271712e+00
5.78003340e+00
5.77120049e+00
3.05205701e-01
2.18731200e-02
-2.30233105e-02
9.12921888e-02
-1.03371853e-01
-6.24377446e-01
5.89518823e-03
-2.00950210e-02
-2.68840802e-01
-3.49007347e-02
-9.12928412e-02
-3.33498472e-01
4.74925571e-02
0.00000000e+00
0.00000000e+00
0.00000000e+00
0.00000000e+00
0.00000000e+00
0.00000000e+00
0.00000000e+00
-5.67273012e-01
5.81607821e-02
-2.95400010e+00
0.00000000e+00
-5.73705933e-01
-9.52407318e-01
-5.69610583e-01
-1.28783373e+00
-1.14331652e+00
0.00000000e+00
0.00000000e+00
0.00000000e+00
-6.08142245e-02
4.48123063e-01
-3.18944981e-01
-1.64029845e-01
-1.35995292e+00
7.01837513e-02
-2.00515426e-01
3.70946494e-01
5.67218923e-01
0.00000000e+00
1.71531180e-01
8.34777473e-01
-7.17253810e-01
2.44716804e-01
-1.00471751e-01
-1.02085125e-01
-1.19415647e-01
-5.83360927e-01
-8.71271873e-02
-3.68423568e-02
8.04883063e-02
0.00000000e+00
0.00000000e+00
0.00000000e+00
6.20356604e-02
-4.23645356e-01
1.79514232e-01
1.35135540e-01
-7.93722047e-02
2.66969597e-01
1.94634244e-01
-4.39522160e-01
-1.60837262e-01
0.00000000e+00
9.11961350e-02
-9.34160611e-02
4.35054125e-02
-2.31437627e-02
-2.60482061e-01
-3.10433732e-02
1.02564112e-01
8.61961984e-02
1.45892765e-01
2.84306650e-01
-7.63890981e-01
-2.93170809e-01
-5.68937990e-01
-3.67315664e-01
-3.34070433e-01
-3.63897127e-02
8.76753048e-03
-2.65548627e-01
-3.01829283e-01
0.00000000e+00
0.00000000e+00
0.00000000e+00
1.83392779e-01
2.28066613e-01
-3.52764437e-01
3.63333758e-01
3.28820186e-02
1.79679374e-01
2.96077135e-02
-3.35438343e-01
2.54754022e-01
0.00000000e+00
4.29420471e-01
-3.44391530e-02
-1.39138003e-01
1.11153775e-02
-3.43084837e-01
-5.44334443e-01
-2.97786116e-01
-6.20934959e-02
-2.94597218e-01
3.89594636e-01
-4.70720171e-01
-2.53599530e-01
1.21936749e-01
1.22385334e-01
-3.79425535e-01
-2.80535124e-01
-9.01482320e-01
-5.82378976e-02
6.79185094e-01
2.16316688e-01
-1.58681792e-01
-3.38170021e-01
-9.88904112e-02
-6.72306852e-01
2.11581098e-01
3.61835343e-01
-2.24024105e+00
0.00000000e+00
0.00000000e+00
0.00000000e+00
-7.92235323e-01
-4.68803218e-01
1.30170346e-01
7.25722952e-02
-1.31049155e+00
6.28478082e-01
1.91423883e-01
-6.07801613e-03
3.90114509e-01
0.00000000e+00
-1.19067448e-01
8.91853821e-01
-7.52400706e-01
7.31225466e-01
-4.03180492e-01
-1.38330521e-01
1.88620115e-01
-9.81218100e-01
-1.32658487e-01
-3.60235702e-01
3.55471120e-02
0.00000000e+00
0.00000000e+00
0.00000000e+00
4.10573180e-02
-3.85071355e-01
-1.26422896e-01
2.62104754e-02
1.06918027e-01
6.55099388e-02
-1.40805479e-02
-1.32881870e-01
-3.85151738e-01
0.00000000e+00
-1.33094305e-01
-1.10198181e-01
2.69999816e-01
1.02446288e-01
2.25874761e-02
-8.46484563e-02
-4.15107124e-02
2.72103585e-01
3.48374403e-01
1.93399846e-01
-1.13865217e+00
-4.51509676e-01
0.00000000e+00
-3.03091379e-01
-3.44089143e-01
2.77117097e-02
-7.17667675e-02
-4.07454618e-01
2.09627720e-03
0.00000000e+00
0.00000000e+00
0.00000000e+00
-2.72931577e-01
-5.71687426e-01
5.03240306e-01
-5.83928455e-01
5.22604361e-01
-1.25890124e-01
-3.69112884e-01
6.29337238e-01
-2.80318403e-01
0.00000000e+00
-4.28978881e-01
3.13053198e-01
-9.63221855e-02
-6.02030746e-02
7.02699983e-01
6.99906094e-01
3.45117753e-01
-6.11773820e-03
-7.27967498e-02
-8.45575156e-01
-6.87142493e-01
0.00000000e+00
3.99296717e-01
5.02082780e-01
-1.10158888e+00
-5.00897642e-01
0.00000000e+00
-1.65375614e+00
-7.63687784e-01
1.54159821e-01
-1.42310462e-01
-5.12747001e-01
-6.00691237e-01
0.00000000e+00
0.00000000e+00
1.25246083e-02
247
-4.71663015e-01
-4.71663015e-01
0.00000000e+00
1.85470394e+00
-2.32636696e+00
0.00000000e+00
7.64385668e-02
6.88747996e-01
0.00000000e+00
0.00000000e+00
-2.89889306e-01
3.66045871e-01
0.00000000e+00
0.00000000e+00
0.00000000e+00
0.00000000e+00
0.00000000e+00
0.00000000e+00
0.00000000e+00
0.00000000e+00
0.00000000e+00
0.00000000e+00
0.00000000e+00
0.00000000e+00
0.00000000e+00
0.00000000e+00
0.00000000e+00
0.00000000e+00
0.00000000e+00
0.00000000e+00
0.00000000e+00
0.00000000e+00
0.00000000e+00
0.00000000e+00
0.00000000e+00
0.00000000e+00
0.00000000e+00
0.00000000e+00
0.00000000e+00
0.00000000e+00
0.00000000e+00
-8.40994519e-01
3.76694042e-02
5.08410014e-01
2.15456127e-03
3.89152487e-01
-8.22578239e-03
-5.28230998e-01
-5.86376869e-03
3.48672517e-01
-4.00494494e-01
-4.19841038e-01
0.00000000e+00
0.00000000e+00
0.00000000e+00
0.00000000e+00
0.00000000e+00
0.00000000e+00
0.00000000e+00
4.11501790e+00
2.12345939e+00
1.20166762e+00
1.23422000e+00
-1.99048084e-01
5.76821269e-02
-1.11967095e+00
-1.53800804e+00
3.91557195e-01
7.91582267e-02
-1.33996018e-01
-7.70427757e-01
-1.34041115e+00
-2.44940408e+00
0.00000000e+00
0.00000000e+00
0.00000000e+00
0.00000000e+00
0.00000000e+00
0.00000000e+00
5.12441426e-01
-5.71460763e-02
-1.88693837e-01
-6.78471482e-01
-9.02436700e-01
-1.28081573e+00
6.63877076e+00
6.68569323e+00
6.63658411e+00
6.59190824e+00
6.41093253e+00
6.35333390e+00
-1.54638331e-01
-2.84025764e-01
-4.92842284e-01
-1.77066941e-01
5.19478324e-02
-2.81250444e-01
1.93690549e-01
-1.36401273e-01
-2.61312631e-01
-1.75526934e-01
-8.37987475e-02
-3.41457759e-01
-3.63157328e-01
0.00000000e+00
0.00000000e+00
0.00000000e+00
-1.08505687e-01
1.79739264e-01
-3.39436030e+00
0.00000000e+00
-1.25279595e+00
6.04753408e-02
-1.44364423e+00
-9.59468027e-01
-1.19232061e+00
0.00000000e+00
0.00000000e+00
0.00000000e+00
-5.92317055e-02
-9.46683007e-01
-2.68225361e-01
9.76605320e-02
-1.25722371e+00
3.61962822e-01
1.11606190e-01
-1.40835712e-01
3.59432604e-01
0.00000000e+00
3.55993782e-01
6.18783942e-01
-5.59554404e-02
5.63091954e-01
-7.55262504e-01
-4.56347754e-02
3.56389671e-01
-8.98773813e-01
3.12245374e-01
9.83385461e-02
-6.03371244e-01
-9.31109411e-01
-6.87969682e-01
-1.04096916e-01
-1.46273157e-03
6.34418602e-02
0.00000000e+00
0.00000000e+00
0.00000000e+00
-6.53479223e-02
0.00000000e+00
2.03910212e-01
-2.76769623e-01
2.94013815e-01
1.04309984e-01
-3.78410991e-01
3.30398042e-01
-2.41357115e-01
0.00000000e+00
1.73796035e-01
2.04098698e-03
-7.78362130e-01
-1.81487833e-01
5.58243961e-01
1.62776187e-01
-4.01585614e-02
0.00000000e+00
-5.07403051e-01
-4.04561757e-02
3.27738167e-01
-1.89278143e+00
-1.16388512e+00
-6.20858747e-01
-5.88949370e-01
-3.21686544e-01
-1.17678939e+00
-6.65327603e-02
9.21635608e-01
-2.67262826e-01
-8.22536682e-01
6.42503789e-02
4.91023477e-01
-2.40311226e+00
0.00000000e+00
0.00000000e+00
0.00000000e+00
-2.50538457e-01
-2.51290357e+00
-1.28435092e-01
3.58807036e-01
-1.76573668e+00
3.70292168e-01
3.04443398e-01
1.34936939e-01
3.59637438e-01
0.00000000e+00
-6.68731730e-02
2.66092509e-01
-1.54121777e-01
8.85476361e-01
-4.92644786e-01
-5.96944229e-02
2.29529256e-01
-6.21176735e-01
6.85428318e-01
5.43690174e-02
-9.92710495e-01
-5.37528779e-01
0.00000000e+00
-4.02921895e-01
-4.52331407e-01
-1.82866980e-01
0.00000000e+00
0.00000000e+00
0.00000000e+00
1.48804583e-01
4.45137558e-01
-2.69955473e-01
-5.76301591e-02
2.70474407e-01
1.08755039e-01
1.90313333e-02
-3.07767366e-01
1.48797591e-01
0.00000000e+00
3.00359501e-01
-1.71298155e-01
-2.45413816e-01
6.91460211e-03
-6.96551481e-01
-5.18087757e-02
-1.76605616e-01
1.68792497e-01
-5.37044882e-02
2.30801238e-01
-4.55181717e-01
0.00000000e+00
6.48293414e-01
6.21254199e-01
-1.41040176e+00
-9.06115452e-01
0.00000000e+00
0.00000000e+00
-5.00273573e-01
-5.04286310e-01
0.00000000e+00
4.90579795e-02
2.41551192e-01
4 -999999999 6 1 -1
2 0 2 1 -1
-2.3015e-01 7.0471e-01
356
1.80999339e-01
0.00000000e+00
0.00000000e+00
0.00000000e+00
0.00000000e+00
0.00000000e+00
0.00000000e+00
0.00000000e+00
0.00000000e+00
0.00000000e+00
0.00000000e+00
0.00000000e+00
0.00000000e+00
0.00000000e+00
0.00000000e+00
0.00000000e+00
2.00462271e-01
-1.94629327e-02
-1.30423384e-01
1.22056343e-01
0.00000000e+00
0.00000000e+00
0.00000000e+00
0.00000000e+00
-1.43582451e-01
2.22399473e-01
0.00000000e+00
0.00000000e+00
-1.09439170e-01
-9.44347617e-02
7.34505482e-02
-3.31072171e-01
5.12071510e-01
1.79149863e-01
-1.10568450e+00
-3.94897202e-01
-1.61983405e-01
-4.95258006e-01
-5.62611501e-01
-1.49640278e-02
-8.54338605e-01
0.00000000e+00
0.00000000e+00
0.00000000e+00
0.00000000e+00
0.00000000e+00
0.00000000e+00
0.00000000e+00
0.00000000e+00
0.00000000e+00
0.00000000e+00
-2.86655692e-01
3.42940973e-01
-1.23812428e+00
0.00000000e+00
0.00000000e+00
0.00000000e+00
0.00000000e+00
-2.47636035e-01
-1.64603679e-01
5.84364420e-02
2.23243069e-01
2.62293252e-01
-4.24660964e-02
2.04860568e-01
-2.69542694e-01
-9.69548890e-02
-4.61884746e-01
0.00000000e+00
0.00000000e+00
0.00000000e+00
0.00000000e+00
0.00000000e+00
0.00000000e+00
0.00000000e+00
0.00000000e+00
0.00000000e+00
2.20270836e-01
2.31479513e-04
2.74391783e-01
-4.65494264e-01
2.32131982e-01
4.14361621e-01
0.00000000e+00
0.00000000e+00
0.00000000e+00
0.00000000e+00
0.00000000e+00
0.00000000e+00
0.00000000e+00
-1.09631789e+00
-6.06756992e-01
-1.24078357e+00
-7.57092504e-01
-1.47869553e-01
-5.37733881e-02
2.38353807e-02
2.77693377e-03
-1.43790427e-01
-1.52780325e-01
4.55735935e-01
9.38308744e-02
-2.63672208e-01
1.32197478e-01
2.34867493e+00
2.37008984e+00
1.76326199e+00
6.01529275e-01
1.70770190e-01
2.49727294e-01
-2.88544048e-01
-1.37714631e+00
6.47536713e-01
3.76558759e-01
8.55867616e-02
-8.60233530e-01
-1.37166573e+00
-2.16505695e+00
0.00000000e+00
0.00000000e+00
0.00000000e+00
0.00000000e+00
0.00000000e+00
0.00000000e+00
6.71605270e-01
-1.60667857e-01
-3.37900385e-01
-5.52678768e-01
-7.60191600e-01
-1.04925716e+00
6.32284461e+00
6.25663769e+00
6.23953430e+00
6.23383931e+00
6.27642294e+00
6.28543730e+00
4.42806260e-01
4.83748441e-01
3.46849398e-01
2.97286675e-01
2.21727350e-01
-3.22622848e-01
1.78453939e-01
-1.18234305e-01
-1.82193372e-01
-2.69544513e-01
-2.20486935e-01
-6.87181616e-01
1.11959839e+00
0.00000000e+00
0.00000000e+00
0.00000000e+00
0.00000000e+00
0.00000000e+00
0.00000000e+00
0.00000000e+00
-9.38599048e-01
5.87772864e-01
0.00000000e+00
0.00000000e+00
-8.61755324e-01
-8.02794880e-01
-1.30592027e+00
-1.38629562e+00
-2.16767559e+00
0.00000000e+00
0.00000000e+00
0.00000000e+00
-6.74015438e-02
3.80812804e-02
-4.80366961e-01
9.27186755e-02
-1.31143564e+00
2.41045787e-01
-1.71087210e-01
-8.00089354e-01
6.98203572e-01
0.00000000e+00
4.14747910e-01
5.49691584e-01
-2.47481984e-01
3.96968414e-01
-5.15036237e-01
-1.20369212e+00
-1.55309878e-01
-3.94088749e-01
1.68381618e-01
5.78475239e-01
1.76690484e-01
0.00000000e+00
0.00000000e+00
0.00000000e+00
-9.46955858e-02
-6.76976514e-01
7.04264511e-02
-4.12726142e-02
3.60842267e-01
1.68825064e-02
5.03972977e-02
7.85063544e-03
1.07815697e-01
0.00000000e+00
-2.12167484e-01
-2.02353931e-01
1.00980310e-01
1.26042123e-01
-1.73397360e-01
3.17358297e-01
1.34966171e-01
2.05636726e-01
2.63394418e-01
-1.85038927e-01
-9.72708527e-01
-4.04922525e-01
0.00000000e+00
0.00000000e+00
0.00000000e+00
-1.58578887e-01
-1.01082455e-01
-1.45261182e-01
-1.17589080e-01
0.00000000e+00
0.00000000e+00
0.00000000e+00
9.45783782e-02
0.00000000e+00
-4.01257574e-01
-2.48666451e-01
-9.62710608e-03
3.72841743e-01
1.73224279e-03
-1.29182162e+00
1.44012982e-01
0.00000000e+00
6.66208150e-01
4.06661782e-01
2.01587554e-02
7.71240297e-02
-8.32375342e-01
-6.12687828e-01
-4.88607800e-01
-4.32725249e-02
-2.16611318e-01
6.84774226e-01
-5.67786002e-01
0.00000000e+00
0.00000000e+00
0.00000000e+00
-1.19496707e+00
-4.56832799e-01
0.00000000e+00
0.00000000e+00
0.00000000e+00
-2.10166370e-01
-6.53655490e-02
-1.81300880e-01
-7.38134268e-01
0.00000000e+00
0.00000000e+00
1.59544296e-03
-2.18909050e+00
0.00000000e+00
0.00000000e+00
0.00000000e+00
-2.81911024e-01
-9.96082043e-01
1.71984680e-01
2.72519928e-01
-1.56746053e+00
6.18785028e-01
4.12597186e-01
4.24205176e-01
-2.13638506e-01
0.00000000e+00
-2.64032086e-01
2.06334186e-01
-9.25318219e-01
5.66798118e-01
3.37535605e-01
1.27531321e-01
8.30204698e-02
-1.09454366e+00
-2.99615442e-02
-3.74545842e-02
3.17904102e-01
0.00000000e+00
0.00000000e+00
0.00000000e+00
-4.47616318e-02
-5.04432597e-01
-1.35924429e-01
-1.54135151e-02
2.88845911e-01
1.55490094e-02
-2.40411048e-02
-1.73397148e-01
3.14443739e-01
0.00000000e+00
-7.24760884e-02
-4.08406517e-02
1.65468246e-01
1.69589562e-01
-1.61148546e-01
-7.07931871e-03
7.96684703e-02
2.21573336e-01
1.68343212e-01
7.39376471e-02
-1.01454199e+00
-4.93284763e-01
0.00000000e+00
0.00000000e+00
0.00000000e+00
-6.08990975e-02
-1.88385735e-01
-2.43999931e-01
-4.52375199e-01
0.00000000e+00
0.00000000e+00
0.00000000e+00
-2.18557373e-01
3.54286780e-02
5.00953980e-01
2.17564507e-01
-1.19560845e-01
-4.16583609e-01
-1.51703522e-01
1.18217802e+00
-3.34417088e-01
0.00000000e+00
-6.51200291e-01
-4.61839063e-01
-2.18729906e-01
-2.42734023e-01
7.27019819e-01
4.02304835e-01
3.25894810e-01
5.33120431e-02
-2.75752728e-01
-8.05953440e-01
-5.21257227e-01
0.00000000e+00
0.00000000e+00
0.00000000e+00
-1.17454851e+00
-3.09510117e-01
0.00000000e+00
0.00000000e+00
0.00000000e+00
-3.73966047e-03
-1.94565838e-01
-1.11204619e-01
-8.65038392e-01
0.00000000e+00
0.00000000e+00
0.00000000e+00
247
-2.64139406e-01
0.00000000e+00
0.00000000e+00
0.00000000e+00
0.00000000e+00
0.00000000e+00
0.00000000e+00
0.00000000e+00
0.00000000e+00
0.00000000e+00
0.00000000e+00
0.00000000e+00
0.00000000e+00
0.00000000e+00
-5.52559405e-02
-2.08883466e-01
-7.54643308e-02
2.02083903e-02
8.71182399e-02
0.00000000e+00
0.00000000e+00
0.00000000e+00
0.00000000e+00
0.00000000e+00
0.00000000e+00
0.00000000e+00
0.00000000e+00
-2.64139406e-01
0.00000000e+00
-1.90465670e+00
0.00000000e+00
0.00000000e+00
7.47424377e-01
8.32265753e-01
0.00000000e+00
0.00000000e+00
0.00000000e+00
0.00000000e+00
0.00000000e+00
0.00000000e+00
0.00000000e+00
0.00000000e+00
0.00000000e+00
0.00000000e+00
0.00000000e+00
0.00000000e+00
0.00000000e+00
-2.32623430e-01
1.47007958e-04
-4.53862104e-01
5.29901436e-02
1.36732555e-01
0.00000000e+00
0.00000000e+00
0.00000000e+00
0.00000000e+00
0.00000000e+00
0.00000000e+00
0.00000000e+00
1.55420795e+00
1.37621294e+00
1.06127398e+00
6.42739462e-01
-6.97358041e-02
-6.77330113e-04
-2.33104382e-01
-7.15300467e-01
4.46942955e-01
1.11396981e-01
1.20193541e-01
-4.72129238e-01
-1.07890945e+00
-1.63103760e+00
0.00000000e+00
0.00000000e+00
0.00000000e+00
0.00000000e+00
0.00000000e+00
0.00000000e+00
9.17209940e-01
8.08886758e-02
-2.79220176e-01
-6.19522959e-01
-5.93808949e-01
-1.14589888e+00
4.40443167e+00
4.49500153e+00
4.64327990e+00
4.52863220e+00
4.61934873e+00
4.58504871e+00
5.59888662e-01
1.57476513e-01
5.69638734e-02
-1.88729109e-03
-1.13172224e-01
-6.90407063e-01
1.36963949e-01
3.84569596e-03
-2.14495538e-01
-2.05339180e-01
-8.91276214e-02
-3.70561556e-01
6.85195457e-01
0.00000000e+00
0.00000000e+00
0.00000000e+00
-9.49334863e-01
4.12395981e-01
0.00000000e+00
0.00000000e+00
-8.92722068e-01
-8.81769279e-01
-5.15830199e-01
-1.12452215e+00
-1.77449135e+00
0.00000000e+00
0.00000000e+00
0.00000000e+00
3.55494601e-02
9.47394800e-02
-8.23678265e-02
3.98679208e-01
-1.17986924e+00
2.36435879e-01
2.17101509e-01
-5.01650938e-01
2.45533297e-01
0.00000000e+00
3.03797832e-01
3.17656501e-01
-5.17585485e-01
2.44155003e-01
-6.47542372e-01
-2.95831429e-01
-2.83440876e-02
-8.99590613e-01
7.60263499e-03
2.77039841e-01
-9.61856727e-01
-5.04933240e-01
0.00000000e+00
0.00000000e+00
0.00000000e+00
2.59712958e-01
0.00000000e+00
0.00000000e+00
0.00000000e+00
-2.29797662e-02
-3.28024740e-01
3.21553938e-02
3.18965139e-02
1.95404679e-01
2.23033191e-02
7.56874644e-02
3.09939419e-01
-1.02673773e-01
0.00000000e+00
-2.02687039e-02
-2.12067602e-01
-1.08785828e-01
6.75846735e-02
1.91034495e-01
1.25946941e-01
-3.80109934e-02
8.12293932e-02
-4.31151016e-03
-3.63464184e-02
-4.56923487e-01
0.00000000e+00
0.00000000e+00
0.00000000e+00
-8.12634620e-01
-3.87788828e-01
0.00000000e+00
0.00000000e+00
0.00000000e+00
-4.24845792e-01
0.00000000e+00
0.00000000e+00
0.00000000e+00
-1.64035234e+00
0.00000000e+00
0.00000000e+00
0.00000000e+00
-4.76577464e-01
-5.78316367e-01
9.94026794e-03
2.03447892e-01
-1.38689866e+00
7.44078443e-01
3.02920613e-01
-1.15071559e-01
-8.36331953e-02
0.00000000e+00
-2.25129593e-01
6.84575897e-01
-3.73364859e-01
5.08782202e-01
-2.12475151e-01
-2.41406121e-01
3.80354616e-01
-9.62600746e-01
1.91465761e-01
-1.04443232e-02
-7.37270577e-01
-2.57113055e-01
0.00000000e+00
0.00000000e+00
0.00000000e+00
-2.19901351e-01
0.00000000e+00
0.00000000e+00
0.00000000e+00
3.74724150e-01
0.00000000e+00
2.12853412e-01
3.68256436e-01
0.00000000e+00
3.31534277e-01
2.78911741e-01
9.11902002e-02
3.37342666e-01
0.00000000e+00
4.37749879e-01
3.63365347e-01
9.82380266e-02
2.91114451e-01
-1.66180833e-01
1.75742650e-01
2.07161924e-01
5.34514359e-01
2.91803246e-01
4.80882910e-01
-4.80157522e-01
0.00000000e+00
0.00000000e+00
0.00000000e+00
-9.03081767e-01
-2.58717144e-01
0.00000000e+00
0.00000000e+00
0.00000000e+00
-6.44364623e-01
0.00000000e+00
0.00000000e+00
0.00000000e+00
2 1
4.3176e-02 2.2671e-01
2 1
1 4 
217
3.43806851e-01
-1.00959829e-01
-5.11522904e-01
-3.70951791e-01
-2.57457930e-02
4.56928402e-01
4.00337872e-01
1.39433056e-01
4.78325381e-01
-3.12245435e-01
1.81600757e-01
-3.10742148e-01
0.00000000e+00
0.00000000e+00
-2.48016364e-01
4.65587679e-03
-4.12750157e-01
2.54191815e-01
-4.54273597e-03
-1.09424543e-01
9.78736042e-02
-2.89708998e-04
-2.54208596e-01
2.39757796e-01
5.20571602e-03
-3.09135293e-01
0.00000000e+00
2.78683275e-01
2.65210860e-01
0.00000000e+00
0.00000000e+00
0.00000000e+00
0.00000000e+00
0.00000000e+00
0.00000000e+00
0.00000000e+00
0.00000000e+00
-6.48267903e-02
2.86071846e-01
0.00000000e+00
0.00000000e+00
0.00000000e+00
0.00000000e+00
0.00000000e+00
0.00000000e+00
1.53511606e-01
-2.18338396e-01
2.86071846e-01
0.00000000e+00
0.00000000e+00
0.00000000e+00
0.00000000e+00
0.00000000e+00
0.00000000e+00
0.00000000e+00
0.00000000e+00
0.00000000e+00
0.00000000e+00
0.00000000e+00
0.00000000e+00
2.86071846e-01
1.53511606e-01
-2.18338396e-01
0.00000000e+00
-9.57766000e-02
-2.08463458e+00
2.82425985e-01
-1.28671666e+00
1.57157466e-01
-5.24347278e-01
0.00000000e+00
2.76073402e-01
-1.48915431e+00
3.14616263e-01
7.86595103e-01
-2.46882814e-01
1.38099009e-01
0.00000000e+00
0.00000000e+00
0.00000000e+00
0.00000000e+00
0.00000000e+00
0.00000000e+00
0.00000000e+00
0.00000000e+00
0.00000000e+00
0.00000000e+00
0.00000000e+00
0.00000000e+00
0.00000000e+00
0.00000000e+00
0.00000000e+00
0.00000000e+00
0.00000000e+00
0.00000000e+00
0.00000000e+00
0.00000000e+00
0.00000000e+00
0.00000000e+00
0.00000000e+00
0.00000000e+00
0.00000000e+00
0.00000000e+00
0.00000000e+00
0.00000000e+00
0.00000000e+00
0.00000000e+00
0.00000000e+00
0.00000000e+00
0.00000000e+00
0.00000000e+00
0.00000000e+00
0.00000000e+00
0.00000000e+00
0.00000000e+00
0.00000000e+00
0.00000000e+00
0.00000000e+00
0.00000000e+00
1.09303656e-01
-5.54775389e-02
-7.68910286e-01
0.00000000e+00
0.00000000e+00
0.00000000e+00
-5.67749573e-02
-4.28526363e-01
-1.94961988e-01
2.21100835e-01
-1.63021287e+00
2.21913145e-01
6.23098628e-01
3.75485384e-01
-2.09516676e-01
0.00000000e+00
6.17127034e-01
1.86019688e-01
-6.48629029e-01
2.44720501e-01
5.73756918e-01
4.03457574e-02
4.40076335e-01
-1.31942394e+00
4.99840211e-02
1.25507289e-01
-1.64971745e-01
0.00000000e+00
0.00000000e+00
0.00000000e+00
4.78467692e-01
-8.96589613e-01
1.06627179e-01
3.79444245e-01
-7.22748455e-01
1.10777336e-01
-1.21738563e-01
3.78573188e-03
3.31270060e-01
0.00000000e+00
4.23675223e-01
-1.16337273e-01
-3.95661150e-01
1.20274368e-01
-1.03126945e+00
4.07219054e-01
3.11128855e-01
-6.35313168e-02
-3.53285698e-02
5.45562906e-01
-8.57047290e-01
0.00000000e+00
0.00000000e+00
0.00000000e+00
1.69794611e-01
-1.27803489e+00
3.38664130e-02
6.07000220e-01
-9.04581032e-01
1.23083018e+00
5.23951117e-01
8.91724477e-02
-1.40607213e-01
0.00000000e+00
8.01922561e-01
-7.05218285e-01
-8.50001460e-01
6.20868611e-01
-4.09400739e-01
2.23221956e-01
1.51684053e-01
-1.38613545e+00
-5.78558916e-02
4.22475511e-01
-1.97351678e-01
0.00000000e+00
0.00000000e+00
0.00000000e+00
2.26837385e-01
-8.28605137e-01
-2.37914789e-01
-6.37072106e-02
-1.00258370e+00
-4.41678535e-01
1.32617251e-01
9.49459477e-02
6.95298159e-02
0.00000000e+00
9.38933173e-02
5.23604392e-01
1.47879117e-03
1.49853338e-01
2.16580096e-01
3.57035905e-02
9.99903520e-02
3.72684367e-01
1.42031862e-01
2.17387186e-01
136
-7.58469410e-01
-2.49668820e-01
8.01358349e-03
-5.45303329e-02
-3.71260651e-03
-2.66787828e-01
1.45938965e-03
-1.87482428e-01
1.62276816e-03
-1.34605623e+00
3.00914087e-01
2.86672730e-01
0.00000000e+00
0.00000000e+00
0.00000000e+00
0.00000000e+00
0.00000000e+00
0.00000000e+00
0.00000000e+00
0.00000000e+00
-9.38400144e-01
-5.34313599e-01
0.00000000e+00
0.00000000e+00
0.00000000e+00
0.00000000e+00
0.00000000e+00
0.00000000e+00
-7.74383746e-01
-1.64016398e-01
-5.34313599e-01
0.00000000e+00
0.00000000e+00
0.00000000e+00
0.00000000e+00
0.00000000e+00
0.00000000e+00
0.00000000e+00
0.00000000e+00
0.00000000e+00
0.00000000e+00
0.00000000e+00
0.00000000e+00
0.00000000e+00
0.00000000e+00
0.00000000e+00
0.00000000e+00
1.54804656e+00
2.38475368e-01
6.90262449e-01
-1.35586124e+00
0.00000000e+00
-9.87415781e-02
3.83669934e-01
-4.45298556e-02
-1.18151490e+00
0.00000000e+00
0.00000000e+00
0.00000000e+00
0.00000000e+00
-5.34313599e-01
-7.74383746e-01
-1.64016398e-01
0.00000000e+00
0.00000000e+00
0.00000000e+00
0.00000000e+00
0.00000000e+00
0.00000000e+00
0.00000000e+00
0.00000000e+00
0.00000000e+00
0.00000000e+00
0.00000000e+00
0.00000000e+00
0.00000000e+00
0.00000000e+00
0.00000000e+00
0.00000000e+00
0.00000000e+00
0.00000000e+00
0.00000000e+00
0.00000000e+00
0.00000000e+00
0.00000000e+00
0.00000000e+00
6.86504431e-01
3.33699371e-01
-7.50275421e-01
0.00000000e+00
0.00000000e+00
0.00000000e+00
4.20735730e-01
-6.91102702e-01
7.35675700e-02
5.41125378e-01
-2.09088854e+00
1.29260137e-01
3.24645120e-01
4.47313459e-01
-1.88464929e-01
0.00000000e+00
9.76426957e-01
-7.43793568e-02
-8.75001326e-01
6.80642436e-01
1.86250198e-01
-1.20517487e-02
-2.77799575e-02
-1.13435942e+00
5.10179969e-02
5.12767583e-01
-1.09842867e+00
0.00000000e+00
0.00000000e+00
0.00000000e+00
5.21503325e-01
-1.76235739e+00
-1.18701374e-01
7.36430728e-01
-1.93565514e+00
6.78943033e-01
7.31931698e-01
7.19631867e-02
-1.27056081e-01
0.00000000e+00
1.05882433e+00
4.80386830e-02
-1.04538523e+00
6.49169946e-01
-4.73970148e-01
8.20465774e-02
2.52253034e-01
-1.18015017e+00
4.33796441e-02
6.70362676e-01
7 1
-2.1334e-01 3.3898e-01
3 1
1 4 2 
217
-7.07365244e-02
-4.85669072e-02
-2.84909276e-01
3.99734868e-01
-2.51680860e-01
1.13013847e-01
-1.20746894e-01
5.66945994e-02
-1.50953220e-01
6.76915857e-02
3.58811548e-01
-1.88590611e-01
0.00000000e+00
0.00000000e+00
-5.44010838e-01
-4.58697098e-05
6.41625109e-01
5.05020686e-01
-7.17594207e-03
1.02122746e-01
-1.86057079e-01
1.53367004e-03
1.89006965e-01
1.54310708e-01
1.18106692e-04
1.04459116e-01
1.20741089e-01
-1.34085440e-01
-5.73921737e-02
0.00000000e+00
0.00000000e+00
0.00000000e+00
0.00000000e+00
0.00000000e+00
0.00000000e+00
0.00000000e+00
0.00000000e+00
-3.89480387e-01
-1.59743117e-01
3.46687883e-01
0.00000000e+00
0.00000000e+00
0.00000000e+00
0.00000000e+00
0.00000000e+00
-1.17065015e-01
-2.70866163e-01
1.96831009e-01
0.00000000e+00
1.19099977e-01
-4.75674103e-01
3.46687883e-01
0.00000000e+00
0.00000000e+00
0.00000000e+00
0.00000000e+00
0.00000000e+00
0.00000000e+00
0.00000000e+00
0.00000000e+00
6.78447900e-02
4.85752767e-04
-2.70866163e-01
0.00000000e+00
-6.16290378e-01
-1.10281010e+00
4.42097146e-01
-9.47239931e-01
1.03456708e-01
6.59834479e-01
0.00000000e+00
1.32284849e-01
-1.09458997e+00
-1.95248748e-02
6.91102206e-01
-1.83496499e-01
4.20949046e-01
-6.98933300e-02
1.05922568e-02
-3.53439694e-01
1.28715868e-01
-5.01735710e-01
-1.40151319e-01
3.30963378e-02
0.00000000e+00
0.00000000e+00
0.00000000e+00
0.00000000e+00
0.00000000e+00
0.00000000e+00
0.00000000e+00
0.00000000e+00
0.00000000e+00
0.00000000e+00
0.00000000e+00
0.00000000e+00
0.00000000e+00
0.00000000e+00
0.00000000e+00
0.00000000e+00
0.00000000e+00
0.00000000e+00
0.00000000e+00
0.00000000e+00
0.00000000e+00
0.00000000e+00
0.00000000e+00
0.00000000e+00
0.00000000e+00
0.00000000e+00
0.00000000e+00
0.00000000e+00
0.00000000e+00
0.00000000e+00
0.00000000e+00
0.00000000e+00
0.00000000e+00
0.00000000e+00
0.00000000e+00
6.65137758e-01
1.15613546e-01
-4.12392810e-01
0.00000000e+00
0.00000000e+00
0.00000000e+00
1.90665344e-01
-3.95324491e-01
3.52351197e-01
4.22215712e-01
-1.60825231e+00
2.64971661e-01
4.25425688e-01
2.10912772e-01
1.86709699e-01
0.00000000e+00
9.97132462e-01
-7.83365685e-02
-1.08804326e+00
3.87782235e-01
-1.36465530e-01
8.86655210e-02
6.15569194e-01
-1.44662011e+00
-1.51444964e-01
3.49692930e-01
-5.96063272e-02
0.00000000e+00
0.00000000e+00
0.00000000e+00
2.37420545e-01
7.43578386e-02
2.72775493e-02
1.20863538e-02
-2.13612941e-01
6.17296807e-02
-1.28480128e-01
3.91293927e-03
4.74616318e-02
0.00000000e+00
7.35558224e-03
-6.86781181e-02
1.66897239e-01
1.66824729e-01
-5.23974699e-01
-1.84806257e-01
-3.13236566e-01
2.34190425e-01
7.13543952e-02
2.62313472e-01
-7.07809387e-01
0.00000000e+00
0.00000000e+00
0.00000000e+00
5.17166887e-01
-1.53356510e+00
2.37743115e-01
2.70312641e-01
-8.45459481e-01
1.07328378e+00
8.23382467e-01
8.32617726e-03
3.68545132e-01
0.00000000e+00
5.76529381e-01
-1.59368712e-01
-1.20603483e+00
6.71413637e-01
-9.13157293e-03
-3.75377923e-01
-2.37043328e-02
-9.45606696e-01
-4.41168023e-01
2.84904073e-01
-3.73704859e-01
0.00000000e+00
0.00000000e+00
0.00000000e+00
2.83092471e-02
-1.21219525e+00
-4.18799234e-01
3.07880936e-02
-9.50287569e-01
-1.09094059e-01
-1.45798713e-01
1.85819388e-01
-2.39195042e-01
0.00000000e+00
2.47130569e-01
-3.56152430e-02
1.61923710e-01
2.32104474e-01
1.20002256e-01
5.27220722e-01
2.33758548e-01
2.19763991e-01
5.05703804e-01
2.44755444e-01
136
-4.94564220e-01
-2.08701084e-01
6.94094570e-03
4.29411180e-02
-2.57899647e-03
-1.95109947e-01
1.37987636e-03
-1.33694307e-01
2.15685976e-03
-8.61306422e-01
1.54957294e-01
2.11784909e-01
0.00000000e+00
0.00000000e+00
0.00000000e+00
0.00000000e+00
0.00000000e+00
0.00000000e+00
0.00000000e+00
0.00000000e+00
-8.78659168e-01
-3.75262102e-01
1.47342929e-01
0.00000000e+00
0.00000000e+00
0.00000000e+00
0.00000000e+00
0.00000000e+00
-6.45851770e-01
-3.13730398e-01
-7.73799998e-01
0.00000000e+00
1.11465208e-03
3.97423243e-01
1.47342929e-01
0.00000000e+00
0.00000000e+00
0.00000000e+00
0.00000000e+00
0.00000000e+00
0.00000000e+00
0.00000000e+00
0.00000000e+00
0.00000000e+00
0.00000000e+00
0.00000000e+00
0.00000000e+00
1.63922671e+00
7.87584580e-02
6.88970357e-01
-1.34372184e+00
0.00000000e+00
6.14261823e-03
4.86320763e-01
6.03199015e-03
-1.19388613e+00
-7.54096845e-01
-3.67271201e-01
-8.83317355e-02
-2.45154155e-01
-4.31524866e-01
-5.63814117e-01
-3.13730398e-01
0.00000000e+00
0.00000000e+00
0.00000000e+00
0.00000000e+00
0.00000000e+00
0.00000000e+00
0.00000000e+00
0.00000000e+00
0.00000000e+00
0.00000000e+00
0.00000000e+00
0.00000000e+00
0.00000000e+00
0.00000000e+00
0.00000000e+00
0.00000000e+00
0.00000000e+00
0.00000000e+00
0.00000000e+00
0.00000000e+00
0.00000000e+00
0.00000000e+00
0.00000000e+00
5.40435649e-01
2.20902443e-01
-9.09754416e-01
0.00000000e+00
0.00000000e+00
0.00000000e+00
5.31675008e-01
-1.01394210e+00
-2.58678276e-01
6.16348057e-01
-2.45617104e+00
9.53614284e-02
4.49746807e-01
4.97268553e-01
-2.61956888e-01
0.00000000e+00
9.80931233e-01
3.70922148e-03
-8.43080440e-01
5.68606457e-01
1.66733222e-01
2.54627580e-01
2.59918648e-01
-1.19076005e+00
1.44228037e-01
5.45680122e-01
-1.14209260e+00
0.00000000e+00
0.00000000e+00
0.00000000e+00
4.99908856e-01
-1.69226864e+00
-1.42264140e-01
7.23784102e-01
-2.04322614e+00
6.20840881e-01
7.21777911e-01
1.16369318e-01
-1.58572647e-01
0.00000000e+00
1.03668264e+00
1.19075624e-01
-9.44797666e-01
5.98940645e-01
-5.02788884e-01
1.17838931e-01
2.92377288e-01
-1.23969997e+00
4.02986275e-02
6.93630668e-01
8 1
-5.3807e-01 3.6233e-01
4 1
1 4 2 7 
217
-3.68357641e-01
-4.31414527e-01
2.07997059e-01
-2.05653787e-01
-6.10852484e-01
1.39985119e-01
-2.48737615e-01
6.50519043e-03
-4.49870080e-01
-2.17540054e-01
8.01613298e-01
2.80183513e-01
0.00000000e+00
0.00000000e+00
-7.10121753e-01
-1.36718855e-02
1.42190690e+00
-1.10536388e-01
2.58976478e-04
3.18120526e-01
2.88494598e-02
4.05287770e-03
1.91236545e-01
4.23451039e-01
-7.49726058e-03
1.86935102e-01
0.00000000e+00
-1.69940553e-01
-1.98417088e-01
0.00000000e+00
0.00000000e+00
0.00000000e+00
0.00000000e+00
0.00000000e+00
0.00000000e+00
0.00000000e+00
0.00000000e+00
-6.45416869e-01
-4.99411277e-01
-3.61042755e-02
3.50713667e-01
0.00000000e+00
0.00000000e+00
0.00000000e+00
0.00000000e+00
-3.90427585e-01
-2.54989284e-01
2.65349381e-01
0.00000000e+00
-2.19469106e-01
-5.10648921e-03
2.62387432e-01
0.00000000e+00
-9.20965229e-02
-4.48088540e-01
2.99945466e-01
0.00000000e+00
1.31778181e-01
-7.30215354e-01
3.50713667e-01
-5.01443724e-03
-5.70215033e-01
-2.54989284e-01
0.00000000e+00
-9.76538554e-01
-2.23611084e+00
5.32798445e-01
-5.80461712e-01
7.53824679e-02
2.62962167e-01
0.00000000e+00
-1.08353920e-01
-1.63826466e+00
-3.88634606e-01
7.72793357e-01
1.28630885e-01
7.45646889e-01
0.00000000e+00
-1.58445972e-01
-2.83203789e-01
1.12302928e-01
-1.21190642e-01
-3.22214597e-01
4.12428169e-02
0.00000000e+00
1.19605462e-01
7.04961556e-02
-2.05285061e-01
1.47131029e-01
-2.82678042e-01
-2.65667196e-01
0.00000000e+00
0.00000000e+00
0.00000000e+00
0.00000000e+00
0.00000000e+00
0.00000000e+00
0.00000000e+00
0.00000000e+00
0.00000000e+00
0.00000000e+00
0.00000000e+00
0.00000000e+00
0.00000000e+00
0.00000000e+00
0.00000000e+00
0.00000000e+00
0.00000000e+00
0.00000000e+00
0.00000000e+00
0.00000000e+00
0.00000000e+00
0.00000000e+00
0.00000000e+00
0.00000000e+00
0.00000000e+00
0.00000000e+00
0.00000000e+00
0.00000000e+00
6.67509513e-01
-1.44978779e-01
-2.97783444e-01
0.00000000e+00
0.00000000e+00
0.00000000e+00
4.31574126e-01
-2.72093487e-01
-3.68404205e-01
3.77893257e-01
-1.50373770e+00
-3.11504893e-01
7.48235877e-01
2.03029780e-01
5.20380033e-01
0.00000000e+00
9.67349289e-01
-1.00796834e+00
-7.96995177e-01
1.93520082e-01
1.03215965e+00
-2.86150828e-01
1.98700094e-01
-1.05226911e+00
-1.77335965e-01
8.05834085e-01
-1.92643153e-01
0.00000000e+00
0.00000000e+00
0.00000000e+00
3.17759214e-01
-1.41296788e+00
-1.38585852e-01
-5.61223279e-02
-4.75393300e-01
2.24987618e-01
-4.01434605e-01
4.62967013e-01
-8.55193406e-03
0.00000000e+00
2.23235028e-01
2.69020071e-01
1.34350753e-02
6.31408052e-01
-1.30055758e+00
2.30175633e-01
-2.56138189e-01
5.80882970e-01
6.19223908e-01
2.84013936e-01
-9.41139098e-01
0.00000000e+00
0.00000000e+00
0.00000000e+00
7.82634010e-01
-9.40040208e-01
-2.10184799e-01
9.08028621e-01
-1.39353722e+00
4.11324746e-01
3.77457243e-01
5.19934447e-02
-3.30942338e-01
0.00000000e+00
2.60145849e-01
1.76469295e-01
-7.74114185e-01
3.14940193e-01
-5.09696839e-01
-1.24904417e-01
2.74859872e-01
-1.19831007e+00
2.96025708e-01
6.86711996e-01
-2.26678448e-01
0.00000000e+00
0.00000000e+00
0.00000000e+00
-2.44555895e-01
-9.96824620e-01
-5.65707225e-03
-1.56513823e-01
-1.29005482e-01
1.16993190e-01
2.13687607e-01
3.34834334e-02
4.54241168e-02
0.00000000e+00
4.57716951e-01
1.49415153e-01
-1.25128320e-01
7.24074806e-02
4.80300749e-01
1.85191545e-01
4.23727965e-02
-8.81562322e-02
-1.41367430e-01
-1.36462595e-01
136
-9.87875507e-01
-3.62694892e-01
8.19455430e-03
-2.40200993e-02
-4.23165664e-03
-3.25625573e-01
1.51817923e-03
-2.75534943e-01
4.21739392e-03
0.00000000e+00
3.57069001e-01
4.57616940e-01
0.00000000e+00
0.00000000e+00
0.00000000e+00
0.00000000e+00
0.00000000e+00
0.00000000e+00
0.00000000e+00
0.00000000e+00
-8.78318285e-01
-5.98803822e-01
-1.72036674e-01
1.94721302e-01
0.00000000e+00
0.00000000e+00
0.00000000e+00
0.00000000e+00
-5.81621127e-01
-5.31014963e-01
-1.14498582e+00
0.00000000e+00
-5.48198340e-02
6.63036113e-01
-3.06307110e-01
0.00000000e+00
-2.85282158e-01
1.08755466e-01
-5.44942358e-01
0.00000000e+00
5.27801331e-01
1.51411463e-01
1.94721302e-01
0.00000000e+00
0.00000000e+00
0.00000000e+00
0.00000000e+00
1.60793164e+00
7.27886747e-02
8.59769394e-01
-1.03223798e+00
0.00000000e+00
3.52121386e-01
3.06420294e-01
-7.10878357e-02
-1.02348210e+00
0.00000000e+00
2.52899673e-01
3.11467169e-02
-4.06458889e-02
-4.90269347e-01
-2.13698538e+00
1.91873182e-01
-2.13421874e-01
-2.38747177e-02
1.22044250e-01
0.00000000e+00
0.00000000e+00
0.00000000e+00
0.00000000e+00
0.00000000e+00
0.00000000e+00
0.00000000e+00
0.00000000e+00
0.00000000e+00
0.00000000e+00
0.00000000e+00
0.00000000e+00
0.00000000e+00
0.00000000e+00
0.00000000e+00
0.00000000e+00
0.00000000e+00
0.00000000e+00
0.00000000e+00
0.00000000e+00
5.18850849e-01
3.57536723e-01
-9.74154196e-01
0.00000000e+00
0.00000000e+00
0.00000000e+00
4.63030648e-01
-6.37749680e-01
9.80249805e-02
6.59984550e-01
-2.20410285e+00
4.35251772e-01
4.56402539e-01
4.50519243e-01
-2.91224782e-01
0.00000000e+00
7.67993989e-01
8.83744930e-02
-1.04311722e+00
4.36005954e-01
2.19930233e-01
3.74175539e-01
3.70421352e-01
-1.70071597e+00
-2.67851790e-01
3.50492798e-01
-1.10715573e+00
0.00000000e+00
0.00000000e+00
0.00000000e+00
5.46442829e-01
-1.84585964e+00
-1.17122129e-01
7.53594662e-01
-2.20418730e+00
6.74560120e-01
6.90092971e-01
1.20040749e-01
-8.83433503e-02
0.00000000e+00
1.05203177e+00
-3.20008518e-02
-9.27456726e-01
6.50496108e-01
-5.18805401e-01
2.46530864e-01
3.00105325e-01
-1.15569931e+00
1.16323276e-02
7.36791257e-01
15 2
-5.5404e-01 3.9080e-01
5 4
1 4 2 7 8 
217
4.20317407e-01
4.72761438e-02
-1.53078334e-01
-4.64408972e-01
-1.23080219e-01
-8.76323650e-02
-3.19325441e-03
3.33103152e-01
4.10703234e-01
-1.25717839e-01
5.39961331e-01
-6.56042149e-01
-4.04073685e-01
-7.20846027e-01
0.00000000e+00
0.00000000e+00
0.00000000e+00
0.00000000e+00
0.00000000e+00
0.00000000e+00
0.00000000e+00
0.00000000e+00
0.00000000e+00
4.20317407e-01
2.25876299e-04
-4.35332761e-01
1.57832563e-01
1.00260361e-01
1.62224484e-01
0.00000000e+00
0.00000000e+00
0.00000000e+00
0.00000000e+00
0.00000000e+00
0.00000000e+00
0.00000000e+00
0.00000000e+00
-2.21340764e-01
-6.14378790e-01
-2.17138996e-01
3.34293001e-01
1.09201745e+00
0.00000000e+00
0.00000000e+00
0.00000000e+00
-7.43502864e-01
-1.02058485e-01
2.59137219e-01
0.00000000e+00
-3.33484654e-03
3.80433254e-01
2.06597925e-01
0.00000000e+00
1.60184079e-01
-4.88340407e-01
3.97644064e-01
0.00000000e+00
3.87007864e-01
-2.03298663e-01
1.04521024e-01
3.24315720e-01
-1.81184031e-01
2.30320211e-01
4.31941241e-01
-7.79878298e-01
-1.03041469e+00
-7.93531399e-03
-1.39339531e+00
7.76189779e-01
7.90298210e-02
0.00000000e+00
-1.34318524e-01
-1.22227497e+00
3.53026398e-01
3.38924469e-01
2.01609533e-01
2.04867772e-01
-1.36665117e-01
-3.14944034e-01
-5.58136973e-01
4.13727114e-01
1.61436034e-03
4.58199444e-01
4.72079583e-01
4.54295589e-02
1.71698873e-02
1.09021336e-01
5.31908627e-02
-1.64396326e-01
3.04527098e-01
2.68594481e-01
-8.35847618e-01
-8.87043980e-01
-6.18838750e-01
9.69046198e-01
5.70966727e-01
1.17416281e+00
6.90826450e-01
0.00000000e+00
0.00000000e+00
0.00000000e+00
0.00000000e+00
0.00000000e+00
0.00000000e+00
0.00000000e+00
0.00000000e+00
0.00000000e+00
0.00000000e+00
0.00000000e+00
0.00000000e+00
0.00000000e+00
0.00000000e+00
0.00000000e+00
0.00000000e+00
0.00000000e+00
0.00000000e+00
0.00000000e+00
0.00000000e+00
0.00000000e+00
7.33195668e-01
-1.24598623e-01
-5.75927945e-01
0.00000000e+00
0.00000000e+00
0.00000000e+00
6.85119540e-01
-4.48236828e-01
-8.60452618e-02
3.68910030e-01
-5.51586052e-01
-1.83147540e-01
1.19231008e-01
7.39556937e-02
-2.97919623e-01
0.00000000e+00
7.91435883e-01
-7.46469955e-01
-4.67710959e-01
5.84599472e-02
-4.24549179e-02
-2.53603497e-01
1.17964124e-01
-1.99860536e-01
1.32457883e-01
3.53573114e-01
4.53971965e-02
0.00000000e+00
0.00000000e+00
0.00000000e+00
1.25979388e-03
-3.07269256e-01
-1.14352477e-02
-3.88597397e-02
-7.24100684e-01
4.66301242e-02
5.49270031e-02
-2.07092783e-01
2.53961607e-01
0.00000000e+00
2.10622995e-01
5.56463698e-01
-2.30958414e-02
2.48275073e-01
-2.79561426e-01
-2.53423000e-03
1.13531904e-01
-1.83969650e-01
8.44778893e-02
2.53165967e-01
-8.92995505e-01
0.00000000e+00
0.00000000e+00
0.00000000e+00
2.46086398e-02
-4.87746021e-01
-8.90667365e-02
3.18121787e-01
-3.06459838e-01
-1.81137538e-01
1.11037381e-01
-1.08401769e-01
-1.11426011e-01
0.00000000e+00
4.98607441e-01
3.11679552e-02
-1.73420749e-01
3.97831850e-02
-3.18833857e-01
1.10750066e-01
-1.36032335e-01
-1.67796582e-01
7.02781428e-03
4.62216616e-02
-1.49139800e-01
0.00000000e+00
0.00000000e+00
0.00000000e+00
1.43308895e-01
-9.85545345e-01
1.15772616e-01
5.36374995e-02
-3.92074808e-01
6.58153502e-01
2.68949191e-01
1.49854914e-01
-9.03387768e-03
0.00000000e+00
1.95930047e-02
-2.11282955e-01
-4.55955332e-01
1.84050877e-01
2.19008326e-01
6.74630895e-02
1.65826315e-01
-4.07641345e-01
1.13968173e-01
1.52807460e-01
136
-8.13828941e-02
0.00000000e+00
0.00000000e+00
0.00000000e+00
0.00000000e+00
0.00000000e+00
0.00000000e+00
-1.20651919e-01
-1.31173501e-04
-1.04589140e-01
-4.84794117e-02
7.16856579e-02
0.00000000e+00
0.00000000e+00
0.00000000e+00
0.00000000e+00
0.00000000e+00
0.00000000e+00
0.00000000e+00
0.00000000e+00
-2.22628811e-02
-5.98383100e-01
-5.53132677e-01
-2.46013487e-01
4.96762035e-01
0.00000000e+00
0.00000000e+00
0.00000000e+00
-9.58834051e-01
5.42027611e-02
-4.41759584e-01
0.00000000e+00
-3.38129592e-01
7.62815687e-01
-1.48847965e-01
0.00000000e+00
-3.95892472e-01
4.40151357e-01
-2.70333304e-01
0.00000000e+00
5.72855117e-02
2.06106601e-01
-7.27616029e-02
0.00000000e+00
0.00000000e+00
0.00000000e+00
1.82296952e+00
6.64920649e-01
1.22266559e-01
6.57235640e-01
-9.17070223e-01
0.00000000e+00
-6.10956845e-01
4.04504979e-01
-1.03253268e-02
-1.15236630e+00
-2.10756755e-01
-3.89972880e-01
-1.58051930e-02
-4.14039394e-02
-2.80218002e-01
-4.15077248e-01
-1.81163271e-01
-2.54317419e-01
1.32365012e-02
2.71001965e-02
-1.90487106e-01
-1.27195679e-02
2.18826297e-01
1.70006694e-01
-2.56042700e-01
0.00000000e+00
0.00000000e+00
0.00000000e+00
0.00000000e+00
0.00000000e+00
0.00000000e+00
0.00000000e+00
0.00000000e+00
0.00000000e+00
0.00000000e+00
0.00000000e+00
0.00000000e+00
0.00000000e+00
0.00000000e+00
0.00000000e+00
4.84766871e-01
1.89697254e-01
-8.44452876e-01
0.00000000e+00
0.00000000e+00
0.00000000e+00
5.68930910e-01
-4.91706744e-01
1.08058506e-01
5.44776331e-01
-2.50662031e+00
1.02056908e-02
3.25057718e-01
4.75336664e-01
-1.49148103e-01
0.00000000e+00
1.05115786e+00
1.16836127e-01
-9.08087589e-01
5.17891556e-01
1.47845183e-01
1.21469307e-01
3.29179298e-01
-1.47004510e+00
-1.25128049e-01
4.89537865e-01
-1.18937604e+00
0.00000000e+00
0.00000000e+00
0.00000000e+00
5.68918249e-01
-1.77368277e+00
-1.76412989e-01
7.20052293e-01
-2.27055754e+00
3.66604858e-01
6.70327214e-01
1.52161917e-01
-1.68732508e-01
0.00000000e+00
1.12606796e+00
1.58082857e-01
-7.95547336e-01
7.81445445e-01
-5.63416151e-01
1.56689083e-01
3.23754035e-01
-1.24251916e+00
1.35833201e-02
7.63805175e-01
11 1
-7.8013e-01 4.0010e-01
6 1
1 4 2 7 8 15 
217
5.91216721e-02
-5.76761376e-01
4.53746584e-01
-3.56464278e-01
-1.68287438e-04
2.54804411e-02
3.02173397e-02
-3.83140867e-01
-5.12194427e-01
4.50582848e-01
2.33980640e-01
1.00893953e-01
0.00000000e+00
0.00000000e+00
1.28943137e-01
-2.41503989e-03
3.65807282e-01
1.28444551e-01
-5.76246844e-03
3.68451850e-01
5.03971372e-02
5.11168399e-03
1.01491970e-01
-2.48663154e-01
1.30411452e-02
3.38810779e-01
0.00000000e+00
-1.65994148e-03
6.07816136e-02
0.00000000e+00
0.00000000e+00
0.00000000e+00
0.00000000e+00
0.00000000e+00
0.00000000e+00
0.00000000e+00
0.00000000e+00
-1.15957849e-01
-6.14113107e-01
-5.51254702e-01
-1.99163770e-01
3.08830900e-01
9.10071671e-01
0.00000000e+00
0.00000000e+00
-5.88313865e-01
-7.02386158e-01
4.48671225e-01
0.00000000e+00
-3.03193985e-01
8.48837010e-02
5.54248603e-01
0.00000000e+00
6.09045391e-02
-4.79738618e-01
4.47109435e-01
0.00000000e+00
1.05323487e-01
-4.74138412e-01
3.42968930e-01
-6.42995461e-02
-6.80383615e-01
4.83096304e-01
0.00000000e+00
-1.00859670e+00
-1.21178480e+00
7.46441611e-01
-6.72751279e-01
3.21276757e-01
1.02547347e+00
0.00000000e+00
-1.62497033e-01
-1.61989689e+00
-5.45628271e-01
7.09837324e-01
7.67246976e-01
8.35853145e-01
0.00000000e+00
-2.50970651e-01
-6.27932489e-01
3.60358727e-01
1.14512171e-01
-5.02664037e-02
-3.04406879e-01
0.00000000e+00
5.66923112e-02
-1.86505142e-01
1.41686648e-01
-2.03745094e-01
-1.39257287e-01
-2.29304307e-01
0.00000000e+00
-7.97595467e-01
-3.00804829e-01
5.03156065e-01
-1.95560831e-01
3.53561075e-01
4.83504786e-02
0.00000000e+00
-6.92283709e-01
-6.59141615e-01
9.38496471e-01
-8.60573713e-01
-1.87091090e-01
-1.70964868e-02
0.00000000e+00
0.00000000e+00
0.00000000e+00
0.00000000e+00
0.00000000e+00
0.00000000e+00
0.00000000e+00
0.00000000e+00
0.00000000e+00
0.00000000e+00
0.00000000e+00
0.00000000e+00
0.00000000e+00
0.00000000e+00
3.99320714e-01
-3.57210705e-02
-9.59606726e-01
0.00000000e+00
0.00000000e+00
0.00000000e+00
4.22606534e-01
3.98262370e-01
3.44088990e-01
-1.92625348e-02
-1.58090022e+00
5.81158245e-01
-1.61332991e-01
-1.13894656e-02
4.82390716e-01
0.00000000e+00
4.12433418e-01
-9.30784020e-01
-1.19101448e+00
4.02160419e-01
2.67127810e-01
2.17905148e-01
3.11482183e-01
-1.29539019e+00
1.07387856e-01
2.83463487e-01
-8.74845215e-02
0.00000000e+00
0.00000000e+00
0.00000000e+00
1.92387074e-01
-1.81864400e+00
-1.32301723e-01
3.09028090e-01
-1.10429161e+00
-1.85808364e-01
2.41073415e-01
7.02521220e-01
-3.14496842e-01
0.00000000e+00
6.23199991e-01
5.63602767e-01
9.28522364e-02
6.30671622e-01
-1.02161192e+00
-2.39301140e-01
-3.10492749e-01
7.30072432e-01
5.27544979e-01
4.26510002e-01
-9.02925575e-01
0.00000000e+00
0.00000000e+00
0.00000000e+00
2.19006890e-01
-1.79616574e+00
4.16526260e-01
1.18030533e+00
-7.19942367e-01
4.23562336e-01
4.95077917e-01
1.82000605e-01
-2.05761881e-01
0.00000000e+00
5.61078734e-01
-2.16141178e-01
-1.41306886e+00
5.88128987e-01
5.65568244e-02
4.73566581e-03
2.23306456e-01
-6.14232724e-01
-5.98907024e-01
3.11008199e-01
-3.85966222e-01
0.00000000e+00
0.00000000e+00
0.00000000e+00
3.60895780e-01
-8.35768348e-01
-2.69368569e-01
-6.26330502e-01
-1.00021497e+00
2.84737828e-01
-5.55062100e-02
5.15536622e-02
-2.91384153e-01
0.00000000e+00
4.02293306e-01
3.72859374e-01
5.10316248e-01
-1.16269503e-01
-6.09870448e-02
2.66067791e-01
4.92208186e-02
-5.03048651e-01
7.46398193e-01
3.28568728e-01
136
-7.00811710e-01
-1.96629588e-01
5.15937022e-03
-2.03339631e-01
-1.12325767e-03
-1.59560868e-01
-7.88117420e-04
-1.41281623e-01
1.38839366e-03
0.00000000e+00
1.54715395e-01
2.59998570e-01
0.00000000e+00
0.00000000e+00
0.00000000e+00
0.00000000e+00
0.00000000e+00
0.00000000e+00
0.00000000e+00
0.00000000e+00
-2.64596347e-01
-7.47333786e-01
-7.06847745e-01
-4.08597900e-01
7.08190743e-02
8.01062182e-01
0.00000000e+00
0.00000000e+00
-9.43526707e-01
-3.31874174e-01
-5.19992437e-01
0.00000000e+00
-3.24328327e-01
5.67295370e-01
1.38416481e-01
0.00000000e+00
-4.88731517e-01
2.60702436e-01
-2.36926580e-01
0.00000000e+00
1.63808219e-01
1.19898134e-01
1.01302734e-01
0.00000000e+00
0.00000000e+00
0.00000000e+00
0.00000000e+00
1.73814043e+00
1.10917246e-01
8.63963533e-01
-9.86130520e-01
0.00000000e+00
-8.23162517e-01
2.44127139e-01
-1.02772416e-01
-8.85566898e-01
0.00000000e+00
-1.06698206e-01
5.74127802e-02
-6.97140165e-03
-4.24036036e-01
-9.39469544e-01
-1.04080422e-01
-2.00830507e-01
3.85630826e-03
1.32775690e-01
0.00000000e+00
1.00851487e+00
5.45187100e-01
3.26793475e-01
-2.71737741e-01
0.00000000e+00
-1.00493996e+00
-6.02386626e-01
2.20112451e-01
-2.92666022e-01
0.00000000e+00
0.00000000e+00
0.00000000e+00
0.00000000e+00
0.00000000e+00
0.00000000e+00
0.00000000e+00
0.00000000e+00
0.00000000e+00
0.00000000e+00
5.68682239e-01
4.04860005e-01
-9.64149097e-01
0.00000000e+00
0.00000000e+00
0.00000000e+00
4.71901225e-01
-1.01185419e+00
7.65604918e-02
7.10612357e-01
-2.11128497e+00
5.03995551e-01
4.52022471e-01
5.11386447e-01
-2.85907669e-01
0.00000000e+00
6.96327306e-01
-1.13965760e-01
-1.02253173e+00
5.41851328e-01
2.27617473e-01
3.56057275e-01
3.55144606e-01
-1.55440537e+00
-2.22982669e-01
4.55306732e-01
-1.08253832e+00
0.00000000e+00
0.00000000e+00
0.00000000e+00
5.45455623e-01
-1.75851966e+00
-2.40831126e-01
7.36876650e-01
-2.07385739e+00
6.43599306e-01
6.61307770e-01
1.49519464e-01
-5.20234563e-02
0.00000000e+00
9.58294947e-01
7.92500587e-03
-9.69444328e-01
6.76990255e-01
-4.72460864e-01
1.70143857e-01
2.94541625e-01
-1.14104159e+00
7.75483313e-02
7.03437267e-01
14 2
-1.1404e+00 3.6917e-01
7 -1
1 4 2 7 8 15 11 
217
5.51001719e-02
1.50725658e-01
7.65546587e-01
-5.90217761e-01
1.69330917e-01
1.09186180e+00
1.31443561e+00
-5.25189788e-01
0.00000000e+00
0.00000000e+00
0.00000000e+00
0.00000000e+00
0.00000000e+00
0.00000000e+00
5.51001719e-02
1.59162304e-02
7.24275447e-02
0.00000000e+00
0.00000000e+00
0.00000000e+00
0.00000000e+00
0.00000000e+00
0.00000000e+00
0.00000000e+00
0.00000000e+00
0.00000000e+00
0.00000000e+00
1.58572993e-01
-1.03472821e-01
0.00000000e+00
0.00000000e+00
0.00000000e+00
0.00000000e+00
0.00000000e+00
0.00000000e+00
0.00000000e+00
0.00000000e+00
2.36620875e-01
-8.42939550e-01
-9.92231430e-01
-4.77857791e-01
-6.37313797e-01
0.00000000e+00
0.00000000e+00
0.00000000e+00
-5.24667827e-01
-1.57295909e+00
6.31465911e-01
0.00000000e+00
-3.34071991e-01
2.80774964e-01
4.27650989e-01
0.00000000e+00
-3.49969085e-01
2.67677455e-02
1.08914938e+00
0.00000000e+00
2.74839983e-01
-3.01339792e-01
4.07458987e-01
-1.12170356e-01
-1.20994385e+00
1.37721438e+00
0.00000000e+00
-1.56675617e+00
0.00000000e+00
3.58510268e-01
-6.37254030e-02
1.26334607e+00
-4.40848889e-01
0.00000000e+00
-9.33868921e-01
0.00000000e+00
-5.32344190e-01
2.71764633e-01
0.00000000e+00
0.00000000e+00
0.00000000e+00
-7.00212968e-01
0.00000000e+00
1.97456868e-01
1.39448457e-02
0.00000000e+00
0.00000000e+00
0.00000000e+00
-1.09180704e+00
-1.34071220e-01
7.51228319e-01
-8.25421843e-01
3.95678895e-01
-9.92873777e-01
0.00000000e+00
-2.04480456e+00
-4.39387818e-02
1.91813912e-01
-6.03927735e-01
0.00000000e+00
0.00000000e+00
0.00000000e+00
-1.02206060e+00
-6.51615755e-01
9.20268478e-01
-1.07872388e+00
0.00000000e+00
0.00000000e+00
0.00000000e+00
-1.57009656e-01
-1.76334035e+00
1.36455469e+00
-2.99987163e-01
0.00000000e+00
0.00000000e+00
0.00000000e+00
0.00000000e+00
0.00000000e+00
0.00000000e+00
0.00000000e+00
0.00000000e+00
0.00000000e+00
2.66739915e-01
1.97807665e+00
-2.49276024e+00
0.00000000e+00
0.00000000e+00
0.00000000e+00
1.68397575e+00
-3.80407578e-02
3.17551027e+00
1.45654664e+00
-1.04280594e-01
2.44281662e-01
1.41195237e+00
1.44045547e+00
1.95211858e+00
0.00000000e+00
1.84301933e+00
2.10529098e-01
-1.93552663e+00
1.78904360e+00
2.04588967e+00
2.14267356e+00
1.71124538e+00
-4.06580341e-03
1.94491167e+00
1.07934672e+00
-1.20677582e+00
0.00000000e+00
0.00000000e+00
0.00000000e+00
1.31201427e+00
-2.44761505e-02
-2.82780291e+00
1.49019104e+00
-7.46233398e-02
1.60809897e+00
1.22908249e+00
2.90255052e+00
-8.58045862e-01
0.00000000e+00
6.26634560e-01
2.93789404e+00
2.69767419e+00
1.32557184e-02
1.34428807e+00
4.40266247e-01
-1.93483060e-01
-2.66283672e-03
-1.11588442e+00
1.30372740e+00
-1.33345014e+00
0.00000000e+00
0.00000000e+00
0.00000000e+00
1.99817738e+00
2.14856795e+00
4.76519209e-02
2.85122493e+00
-1.27372242e+00
1.61559704e+00
1.13483126e+00
1.68298374e+00
8.81538313e-01
0.00000000e+00
2.15763219e+00
-8.06364817e-01
-6.62834309e-03
2.15303056e+00
-1.13841092e+00
-1.63694531e-02
1.34561472e+00
-4.37486351e-02
1.94188725e+00
1.92473011e+00
-1.30076271e+00
0.00000000e+00
0.00000000e+00
0.00000000e+00
-3.02664842e-01
-9.65920057e-01
2.14600421e+00
-1.74266910e+00
-6.61140977e-01
1.45375350e+00
1.72123286e+00
5.78028146e-01
1.22696791e+00
0.00000000e+00
1.43788617e+00
2.37275996e+00
-3.56751703e-03
1.32584928e-01
2.42172257e+00
2.16577886e+00
-4.41783091e-01
-2.32738600e-02
-1.32027282e-01
5.23374640e-01
136
-4.41717399e-01
1.82415604e-01
3.67575548e-03
0.00000000e+00
0.00000000e+00
0.00000000e+00
0.00000000e+00
0.00000000e+00
0.00000000e+00
0.00000000e+00
-2.80437026e-01
-1.61280373e-01
0.00000000e+00
0.00000000e+00
0.00000000e+00
0.00000000e+00
0.00000000e+00
0.00000000e+00
0.00000000e+00
0.00000000e+00
-2.37011187e-02
-8.53028247e-01
-1.06332052e+00
-1.02772296e+00
-1.00883965e+00
1.10307444e-01
0.00000000e+00
0.00000000e+00
-1.90291204e+00
-6.27288764e-01
1.19514000e-01
0.00000000e+00
-1.27748137e+00
-8.34667689e-02
5.16076872e-01
0.00000000e+00
-9.61289695e-01
-1.38609667e-01
5.38279574e-01
0.00000000e+00
-7.76997322e-01
-2.12809937e-01
2.90986697e-01
0.00000000e+00
0.00000000e+00
0.00000000e+00
0.00000000e+00
3.01210589e+00
3.98878803e-01
1.01768214e+00
-7.84586865e-01
0.00000000e+00
-8.44399405e-01
9.50622684e-02
-2.27591411e-01
-1.13853730e+00
0.00000000e+00
6.33634870e-01
9.80108721e-02
3.11352733e-01
-4.30199734e-01
-8.54563134e-01
-3.38613215e-01
-1.54355253e-01
-2.58971517e-03
1.79203959e-01
0.00000000e+00
-4.17280001e-01
2.89798326e-01
1.25216228e-01
-3.45916036e-01
0.00000000e+00
-5.30139527e-01
-5.78128906e-01
4.47499461e-01
-2.69406602e-01
0.00000000e+00
-2.89736369e-01
-1.58812496e-02
1.26090090e-01
-1.63551848e-01
0.00000000e+00
0.00000000e+00
0.00000000e+00
0.00000000e+00
0.00000000e+00
2.46853937e-01
6.87278735e-01
-1.14611170e+00
0.00000000e+00
0.00000000e+00
0.00000000e+00
8.39605777e-01
-3.34853590e+00
1.48563176e-01
8.04400116e-01
-2.51692494e+00
5.33777470e-01
3.64937516e-01
1.26095709e+00
-2.04871155e-01
0.00000000e+00
8.79713182e-01
1.41444733e-01
-1.23509237e+00
6.02990810e-01
5.59189995e-01
9.16287084e-01
6.81852386e-01
-1.71867062e+00
-5.14671152e-01
6.58935107e-01
-1.15878035e+00
0.00000000e+00
0.00000000e+00
0.00000000e+00
6.13175851e-01
-1.70361502e+00
-3.40709047e-01
8.99305650e-01
-2.66711430e+00
6.41396379e-01
7.54749364e-01
-1.30451154e-01
-3.15467058e-02
0.00000000e+00
1.18468729e+00
1.95344847e-02
-8.92269424e-01
7.90367633e-01
-5.89776640e-01
6.11549039e-02
2.54171254e-01
-8.49983369e-01
4.39284551e-02
7.84214045e-01
19 2
-1.0617e+00 3.7009e-01
8 14
1 4 2 7 8 15 11 14 
217
3.05344552e-02
1.80467313e-01
6.43125600e-01
3.22790509e-02
-3.32875035e-01
5.49471826e-01
-9.92312849e-04
8.47292402e-01
1.32582076e+00
-3.56737031e-01
0.00000000e+00
0.00000000e+00
0.00000000e+00
0.00000000e+00
3.15891120e-02
8.05191800e-03
6.56497482e-01
0.00000000e+00
0.00000000e+00
0.00000000e+00
0.00000000e+00
0.00000000e+00
0.00000000e+00
0.00000000e+00
0.00000000e+00
0.00000000e+00
0.00000000e+00
2.81005968e-01
-2.50471513e-01
0.00000000e+00
0.00000000e+00
0.00000000e+00
0.00000000e+00
0.00000000e+00
0.00000000e+00
0.00000000e+00
0.00000000e+00
-4.73055949e-01
-8.67365190e-01
-1.19066564e+00
-1.09723699e+00
-1.49169627e+00
0.00000000e+00
0.00000000e+00
0.00000000e+00
-1.10648129e+00
-9.70773361e-01
-1.17486188e-01
0.00000000e+00
-3.04677882e-01
-4.90191366e-01
1.45677315e+00
0.00000000e+00
2.69018134e-01
-7.74227286e-01
1.10711943e+00
0.00000000e+00
0.00000000e+00
2.94670281e-01
1.25792088e+00
1.90071759e-01
-1.65720569e-01
6.18326556e-03
0.00000000e+00
-6.03658210e-01
0.00000000e+00
7.04465269e-01
-5.45549490e-01
-7.02726042e-02
-8.82782249e-01
0.00000000e+00
-1.73327108e+00
-6.11119237e-01
-1.11807098e+00
2.15117294e-01
0.00000000e+00
0.00000000e+00
0.00000000e+00
-2.55967040e-01
-2.78542027e-01
2.60899897e-01
-2.70518603e-01
2.56015985e-02
-3.76769060e-01
0.00000000e+00
-1.95973415e-01
-8.37195794e-02
4.62251171e-01
-8.33679013e-01
-2.35743300e-01
-3.09652967e+00
0.00000000e+00
-1.14875926e+00
-6.21548627e-01
5.22593200e-02
7.32031818e-01
1.12703439e+00
2.16397407e+00
0.00000000e+00
-7.10159469e-01
2.75606213e-01
8.33871702e-01
-6.00510996e-01
0.00000000e+00
0.00000000e+00
0.00000000e+00
-1.08266787e-01
0.00000000e+00
1.25317457e+00
-3.74895505e-01
0.00000000e+00
0.00000000e+00
0.00000000e+00
-1.88614577e-01
4.20822348e-01
3.23960104e-01
3.98933959e-02
-1.04811072e-01
-1.80565756e+00
1.05553604e+00
8.69583497e-01
-2.60429633e+00
0.00000000e+00
0.00000000e+00
0.00000000e+00
2.61831434e+00
-9.14166456e-02
2.54721850e+00
2.26098460e+00
-1.18976220e-01
1.81891678e+00
1.34039090e+00
2.36649058e+00
2.47565421e+00
0.00000000e+00
2.53467109e+00
1.47243634e+00
9.74325683e-01
1.96536020e+00
2.42423847e+00
2.38808792e+00
2.85606916e+00
2.38175965e+00
1.23801348e+00
3.22837330e+00
-1.66585162e+00
0.00000000e+00
0.00000000e+00
0.00000000e+00
1.58816676e+00
-4.84861875e-02
1.08632599e+00
1.55409613e+00
-6.12999217e-02
1.83209015e+00
2.42604812e+00
2.16088334e+00
3.65721354e-01
0.00000000e+00
1.78389130e+00
1.74629587e+00
1.38813776e+00
1.83636801e+00
2.13125597e+00
1.42086291e+00
-4.62599412e-02
-4.68315100e-02
1.83732124e+00
5.35782844e-01
-1.86291253e+00
0.00000000e+00
0.00000000e+00
0.00000000e+00
2.23776264e+00
-3.49779989e-02
1.06755877e+00
1.21964220e+00
-2.79770155e-02
1.50761059e+00
1.85759909e+00
1.72643888e+00
7.64969540e-01
0.00000000e+00
1.61498701e+00
7.33096939e-01
5.52111601e-01
1.35270913e-01
-1.17223979e+00
1.80419616e+00
2.04569178e+00
-8.65536310e-02
8.65453515e-01
2.19695259e+00
-1.44853260e+00
0.00000000e+00
0.00000000e+00
0.00000000e+00
1.83314424e-01
-2.58890737e-02
1.27650922e+00
7.26025409e-01
-1.54640272e-02
1.24893439e+00
5.38737812e-01
-8.90911000e-02
5.15747762e-01
0.00000000e+00
1.66871624e+00
1.38041378e+00
4.45713109e-01
1.88277163e+00
1.08559540e+00
-4.49090579e-01
-9.21365703e-01
-6.57597310e-02
8.79967283e-01
1.12304667e-01
136
-2.03829006e-01
5.44133559e-01
9.70192006e-04
0.00000000e+00
0.00000000e+00
0.00000000e+00
0.00000000e+00
0.00000000e+00
0.00000000e+00
0.00000000e+00
-1.92087966e-01
-1.17410408e-02
0.00000000e+00
0.00000000e+00
0.00000000e+00
0.00000000e+00
0.00000000e+00
0.00000000e+00
0.00000000e+00
0.00000000e+00
-2.20895400e-01
-8.01453850e-01
-9.85542011e-01
-8.45825053e-01
-5.71885985e-01
1.87350837e-01
0.00000000e+00
0.00000000e+00
-1.84772711e+00
-4.66746630e-01
8.65369190e-02
0.00000000e+00
-1.04861489e+00
4.23455664e-01
9.44282861e-01
0.00000000e+00
-1.46738790e+00
-4.52164552e-01
8.09901358e-02
0.00000000e+00
-1.01081480e+00
-2.40090580e-01
4.07384202e-01
0.00000000e+00
0.00000000e+00
0.00000000e+00
0.00000000e+00
3.65152159e+00
4.99818411e-01
1.15386612e+00
-1.07652143e+00
0.00000000e+00
-9.87477026e-01
5.35367967e-02
-2.73188126e-01
-1.01831371e+00
0.00000000e+00
-2.83516571e-01
-1.02508700e-01
3.68106536e-02
-4.73235553e-01
-8.08652992e-01
-2.80895266e-01
-6.98474138e-02
9.23933851e-02
1.34127556e-01
0.00000000e+00
-7.12809855e-01
1.89117449e-01
2.75012418e-02
-1.79473946e-01
0.00000000e+00
-1.08111697e+00
-6.86013817e-01
3.31595853e-01
-3.88219263e-01
0.00000000e+00
1.70727661e-01
4.02512952e-02
2.13425809e-01
-5.23141507e-01
-7.14256121e-02
-1.71759005e-02
-1.42532692e-01
7.81775690e-02
-6.63556505e-01
4.53272273e-01
6.81103501e-01
-1.07370686e+00
0.00000000e+00
0.00000000e+00
0.00000000e+00
8.09040573e-01
-3.04796761e+00
1.83066884e-01
6.03788543e-01
-2.52467538e+00
4.88703021e-01
3.60644834e-01
1.25632633e+00
-2.77489837e-01
0.00000000e+00
8.18342083e-01
9.04102461e-02
-1.23423707e+00
6.06117653e-01
6.61422855e-01
9.34744166e-01
6.26106237e-01
-1.69295383e+00
-5.10059665e-01
7.74963112e-01
-1.15881828e+00
0.00000000e+00
0.00000000e+00
0.00000000e+00
6.02226654e-01
-1.59445689e+00
-2.09874786e-01
7.58165767e-01
-2.87090956e+00
6.41323424e-01
8.06448538e-01
-6.93481619e-02
5.63766030e-02
0.00000000e+00
1.16197061e+00
-3.42654910e-02
-1.01433817e+00
8.46131887e-01
-5.89389301e-01
8.34509033e-02
1.70920147e-01
-9.29123306e-01
2.24386365e-01
8.01486497e-01
6 2
-1.0999e+00 3.8554e-01
8 14
1 4 2 7 8 15 11 14 
217
5.95191256e-01
2.42468152e-01
-3.34850834e-01
-2.33852491e-01
2.97855189e-02
7.38637800e-01
-1.15452962e-01
2.39501412e+00
6.82272001e-01
1.15237644e+00
0.00000000e+00
0.00000000e+00
0.00000000e+00
0.00000000e+00
-1.45491750e-01
-8.16548802e-03
1.30778029e-01
0.00000000e+00
0.00000000e+00
0.00000000e+00
0.00000000e+00
0.00000000e+00
0.00000000e+00
0.00000000e+00
0.00000000e+00
0.00000000e+00
0.00000000e+00
2.59264560e-02
5.69264801e-01
0.00000000e+00
0.00000000e+00
0.00000000e+00
0.00000000e+00
0.00000000e+00
0.00000000e+00
0.00000000e+00
0.00000000e+00
-5.92254874e-01
-1.13352245e+00
-1.56011168e+00
-1.13606887e+00
-8.52128359e-01
-9.23471543e-01
0.00000000e+00
0.00000000e+00
-2.84159557e+00
-2.94804226e+00
-2.17397585e-01
0.00000000e+00
-5.68431913e-01
-1.37142752e+00
1.41382820e+00
0.00000000e+00
-9.31692102e-01
-1.67209151e+00
1.32341301e+00
0.00000000e+00
-5.87090853e-01
-1.21953498e+00
2.47199326e+00
-1.00568575e+00
-8.21730185e-01
-1.11913494e+00
0.00000000e+00
5.32164814e-01
0.00000000e+00
6.73808899e-01
-1.16247533e+00
-6.10782457e-01
-1.39460485e+00
0.00000000e+00
2.81445064e+00
-9.39545794e-01
2.26287576e+00
2.85740269e-01
0.00000000e+00
0.00000000e+00
0.00000000e+00
4.55855063e-01
0.00000000e+00
-6.38707300e-01
5.82547687e-01
7.78043494e-01
4.42876527e-01
0.00000000e+00
1.21019444e+00
-1.90399719e-01
7.78131726e-01
-2.48448251e-01
-1.39313491e+00
-1.30255941e+00
0.00000000e+00
-3.15920542e-01
-8.10701669e-01
1.34227008e+00
-2.71197850e-01
-4.31158278e-01
-5.89390610e-01
0.00000000e+00
-9.24016326e-01
-1.31068272e+00
2.11919444e+00
-1.26073205e+00
-5.99986860e-01
-7.30106396e-01
0.00000000e+00
1.32888293e-02
-9.30205166e-01
3.33708854e-01
1.32983036e-01
2.48193573e-01
4.33866783e-01
2.89249636e-01
-1.85403444e-01
0.00000000e+00
4.95759302e-01
-1.10101369e+00
-4.41423634e-03
1.03963664e+00
8.17798626e-01
2.40133357e-01
-2.37549742e+00
0.00000000e+00
0.00000000e+00
0.00000000e+00
2.24122917e+00
-6.80505220e-02
3.29660695e+00
2.38264768e+00
-1.20431774e-02
8.88928047e-01
1.50688852e+00
2.46311028e+00
6.00522459e-01
0.00000000e+00
2.60272252e+00
4.75051170e-01
-1.89522259e-02
2.03403896e+00
2.30295346e+00
2.09306561e+00
2.48665629e+00
-2.92870588e-02
-7.32455910e-01
2.51892949e+00
-1.55719864e+00
0.00000000e+00
0.00000000e+00
0.00000000e+00
1.16895197e+00
-4.01696634e-02
9.14861603e-02
6.55938067e-01
-6.15656725e-03
2.83934605e+00
1.53199383e+00
1.44554221e+00
2.30757087e+00
0.00000000e+00
1.07030704e+00
2.23953296e+00
-1.62110119e-02
1.24165676e+00
8.28742556e-01
9.11479099e-01
6.44874917e-01
-1.53255877e-02
2.33699644e+00
7.78020912e-01
-3.02918606e+00
0.00000000e+00
0.00000000e+00
0.00000000e+00
2.44332509e+00
-1.45298195e-01
1.89668036e+00
1.82683467e+00
-5.28854924e-01
1.34239420e+00
1.53556583e+00
1.01798934e+00
-9.65797628e-02
0.00000000e+00
2.91325800e+00
-1.16324213e-02
6.77485501e-01
3.17798034e+00
1.12301681e+00
1.76015444e+00
2.12427844e+00
-2.08751246e-02
2.42428447e+00
1.61113921e+00
5.12899025e-02
0.00000000e+00
0.00000000e+00
0.00000000e+00
-6.36657693e-01
-9.23627734e-02
-1.44170142e+00
8.49924527e-01
-1.49982599e-01
1.03549511e+00
5.24095480e-01
8.84546323e-02
9.86698567e-01
0.00000000e+00
-5.82604433e-01
-7.27878366e-03
1.27731970e-01
-1.24740800e+00
-2.44078150e-01
-7.35240916e-01
-3.18835636e-01
-8.18203893e-03
-1.58345969e+00
3.37332075e-01
136
2.34918609e-01
-1.54256698e-01
4.83330797e-03
3.89175307e-01
-8.51058266e-02
0.00000000e+00
0.00000000e+00
0.00000000e+00
0.00000000e+00
0.00000000e+00
1.03343274e-01
1.31575334e-01
0.00000000e+00
0.00000000e+00
0.00000000e+00
0.00000000e+00
0.00000000e+00
0.00000000e+00
0.00000000e+00
0.00000000e+00
-6.19442159e-02
-5.40951433e-01
-7.49279308e-01
-4.56771137e-01
-2.09500742e-01
3.76131264e-01
6.39906257e-01
0.00000000e+00
-1.44174636e+00
-3.75018136e-01
2.00057321e-02
0.00000000e+00
-7.56820190e-01
5.01550658e-01
8.56864612e-01
0.00000000e+00
-9.52247058e-01
-1.54861834e-01
1.49458748e-01
0.00000000e+00
-4.04577442e-01
9.64601421e-02
4.32672477e-01
0.00000000e+00
0.00000000e+00
0.00000000e+00
0.00000000e+00
2.33130809e+00
2.46130283e-01
9.20698278e-01
-7.07839520e-01
0.00000000e+00
-1.29221379e+00
4.34374160e-02
-2.80395806e-01
-1.20647282e+00
0.00000000e+00
-9.21896133e-01
-1.95901516e-01
-1.13307630e-01
-4.24414364e-01
-8.38136292e-01
-2.35116100e-01
-7.23033357e-02
1.40150121e-02
1.44240194e-01
0.00000000e+00
-4.96781050e-01
3.52770870e-01
3.39287508e-02
-1.85425663e-01
0.00000000e+00
3.84290098e-01
-3.42833872e-01
5.14844123e-01
-2.04360074e-01
0.00000000e+00
2.20553099e-01
4.20396067e-02
1.84715898e-01
-3.08535531e-01
1.62384324e-01
1.99816287e-01
-3.02700004e-01
1.22369471e-01
-4.17593185e-01
1.88556994e-01
6.72731769e-01
-1.23703918e+00
0.00000000e+00
0.00000000e+00
0.00000000e+00
8.60420974e-01
-3.18010387e+00
1.75990998e-01
7.56855189e-01
-2.11987277e+00
5.02177616e-01
4.36882137e-01
1.16621524e+00
-2.95404688e-01
0.00000000e+00
8.36734414e-01
1.62914824e-02
-1.18836549e+00
4.27951253e-01
5.20332628e-01
7.01677507e-01
5.73298647e-01
-1.49434239e+00
-5.22664699e-01
5.88886635e-01
-1.13655031e+00
0.00000000e+00
0.00000000e+00
0.00000000e+00
6.06340963e-01
-1.53919678e+00
-2.76493604e-01
7.30572542e-01
-2.43264779e+00
5.90488885e-01
7.56558656e-01
-4.45294357e-02
-3.68846778e-02
0.00000000e+00
1.09526142e+00
-1.54399548e-01
-8.72104731e-01
7.51649859e-01
-6.70755132e-01
3.96721151e-02
1.53123684e-01
-9.30168608e-01
3.45052422e-01
7.51909443e-01
18 2
-9.3314e-01 4.5614e-01
8 4
1 4 2 7 8 15 11 14 
217
1.66334319e-01
-1.49132145e-01
1.15449922e-01
-3.68537107e-01
-1.26144301e-01
-1.09438203e-01
-1.95057253e-02
1.92670347e-01
2.10748881e-01
1.22613891e-02
1.75325088e-01
-1.65657184e-01
-7.40896239e-02
-4.73301265e-01
0.00000000e+00
0.00000000e+00
0.00000000e+00
0.00000000e+00
0.00000000e+00
0.00000000e+00
0.00000000e+00
0.00000000e+00
0.00000000e+00
1.51217925e-01
-8.82115425e-04
2.83853043e-02
1.91090282e-01
-1.00619469e-01
7.58635064e-02
0.00000000e+00
0.00000000e+00
0.00000000e+00
0.00000000e+00
0.00000000e+00
0.00000000e+00
0.00000000e+00
0.00000000e+00
-2.68601829e-01
-4.23267212e-01
-3.79400310e-01
-1.41815752e-01
4.35883154e-02
8.77462871e-01
0.00000000e+00
0.00000000e+00
-5.66825602e-01
-4.12820472e-01
3.22608548e-01
0.00000000e+00
-1.07553687e-01
3.00684984e-01
4.86036783e-01
0.00000000e+00
-2.33827254e-01
-3.10188495e-01
4.40100049e-01
0.00000000e+00
5.53912046e-02
-3.24529461e-01
4.60744138e-01
-3.59643192e-01
3.38198863e-01
1.56960123e-01
3.92003796e-02
-7.29540241e-01
-4.98149360e-01
1.27521928e-01
-1.25241799e+00
7.29152252e-01
1.25447122e-01
0.00000000e+00
-7.96301756e-01
-1.29797195e+00
5.54040164e-01
3.52442168e-01
4.08595911e-01
1.54819903e-01
-4.97589407e-01
-2.06850237e-01
1.99451241e-01
3.98473597e-01
1.39345521e-01
4.72300366e-01
4.85063758e-01
1.14624793e-01
-3.59806556e-02
3.08415732e-01
-1.21695491e-01
-3.76668144e-01
2.09385672e-01
2.32451496e-01
-6.95250813e-01
-8.96068158e-01
-2.92886625e-01
7.76606427e-01
3.95890674e-01
9.81046863e-01
5.49989834e-01
0.00000000e+00
-1.00760887e-01
-1.10857817e-01
-3.52044297e-02
6.16753489e-02
3.02299636e-01
2.67683581e-01
-2.22669994e-01
-4.34471114e-01
-3.57990393e-01
3.22852574e-01
9.75635737e-02
5.00622853e-01
3.17534495e-01
1.25283618e-01
-1.86376027e-03
4.50513384e-02
0.00000000e+00
0.00000000e+00
8.38880324e-02
3.06726828e-02
9.69054412e-01
3.47260587e-01
-1.51114446e-01
0.00000000e+00
0.00000000e+00
0.00000000e+00
3.04865352e-01
-3.86844356e-01
-2.97668888e-01
3.14541873e-01
-3.84490485e-01
-3.75182570e-01
3.04549794e-01
-7.00968286e-02
6.48562226e-02
0.00000000e+00
8.83241015e-01
-4.99954878e-01
-2.98127368e-01
2.99640737e-01
-9.28881182e-02
-2.55161980e-01
1.70133102e-01
-2.36909975e-01
2.00082761e-01
2.04300143e-01
-1.50141617e-01
0.00000000e+00
0.00000000e+00
0.00000000e+00
1.19419843e-01
-2.04541858e-01
9.70161481e-02
-4.68037652e-02
-7.33938334e-01
1.12460914e-01
-1.98319302e-03
-8.54824164e-02
7.04168136e-02
0.00000000e+00
1.60717533e-01
4.03174843e-01
-1.45063598e-01
1.44618960e-01
-3.31585794e-01
4.76220620e-03
9.41532698e-02
-1.73141536e-01
8.60808566e-02
2.79577492e-01
-9.00581174e-01
0.00000000e+00
0.00000000e+00
0.00000000e+00
-1.67621636e-01
-4.90777839e-01
-1.94749950e-01
-8.12469609e-03
-4.28660936e-01
-3.32889595e-01
5.10987131e-01
3.68220967e-02
-3.10754158e-02
0.00000000e+00
6.24865119e-01
-1.48779838e-01
-1.32942836e-01
1.35451443e-01
-1.87771222e-01
2.77044314e-02
5.98115027e-02
-2.37050883e-01
7.05240360e-02
-6.30208753e-03
-1.24424909e-01
0.00000000e+00
0.00000000e+00
0.00000000e+00
2.82040856e-01
-9.84853159e-01
5.80326457e-02
2.35223852e-01
-7.84197718e-01
5.39334398e-01
2.19129385e-01
1.59593817e-01
1.33922423e-02
0.00000000e+00
1.60644772e-02
-1.33439846e-01
-4.29428964e-01
1.82347086e-01
2.20428162e-01
1.60238029e-01
2.36149460e-01
-5.13582840e-01
1.92188735e-01
2.06914473e-01
136
2.52729127e-02
0.00000000e+00
0.00000000e+00
0.00000000e+00
0.00000000e+00
0.00000000e+00
0.00000000e+00
2.43445454e-02
-3.60591288e-05
2.52657883e-02
-8.44344751e-03
8.45057190e-03
0.00000000e+00
0.00000000e+00
0.00000000e+00
0.00000000e+00
0.00000000e+00
0.00000000e+00
0.00000000e+00
0.00000000e+00
8.56224982e-02
-2.42079481e-01
-3.45598099e-01
-3.48159640e-01
-2.11280640e-01
5.47287559e-01
6.83935619e-02
6.14085052e-01
-5.45864389e-01
2.27853755e-01
-4.27771048e-01
0.00000000e+00
-2.83632110e-01
5.94121520e-01
-9.84687242e-02
0.00000000e+00
-3.08548914e-01
1.88187897e-01
-2.92997743e-01
0.00000000e+00
1.81340719e-01
5.72476569e-02
3.34546855e-02
0.00000000e+00
0.00000000e+00
0.00000000e+00
1.41503075e+00
3.52729691e-01
7.71905693e-02
5.63053682e-01
-9.54800343e-01
0.00000000e+00
-2.56355086e-01
4.59406776e-01
8.28059999e-03
-1.02194357e+00
-6.50341938e-02
-4.32928130e-01
-2.41741094e-02
-2.02220334e-02
-3.14027832e-01
-6.48348879e-01
-1.74462073e-01
-1.68040230e-01
3.47308143e-02
9.80650132e-02
-1.45967608e-01
-7.71699104e-02
1.95523920e-01
1.22640214e-01
-1.82946432e-01
0.00000000e+00
-6.01563638e-01
-3.00038631e-01
2.33216106e-01
-5.40197666e-01
-6.43194299e-02
-3.37837257e-03
-8.79975621e-02
1.38114561e-01
-3.45759842e-01
-1.72872277e-02
9.54589184e-02
-4.16038645e-01
9.85364879e-02
-1.42052755e-01
5.66941564e-01
1.37134915e-01
-7.64857717e-01
0.00000000e+00
0.00000000e+00
0.00000000e+00
5.48379281e-01
-6.04260575e-01
6.32060982e-02
5.59664555e-01
-2.61612549e+00
2.08032435e-02
3.81499369e-01
4.25805541e-01
-1.23965336e-02
0.00000000e+00
1.04300845e+00
1.95840739e-01
-8.13913550e-01
5.06831807e-01
9.68146370e-02
9.77159259e-02
3.05674730e-01
-1.46889042e+00
-6.64030775e-02
5.71887553e-01
-1.19296232e+00
0.00000000e+00
0.00000000e+00
0.00000000e+00
4.88236453e-01
-1.81174766e+00
-3.81469935e-02
6.40381883e-01
-2.09566646e+00
6.35310062e-01
5.49425740e-01
1.69120843e-01
-7.63216719e-02
0.00000000e+00
1.06144145e+00
1.34907593e-01
-8.95658743e-01
7.72056454e-01
-5.34604921e-01
1.48566401e-01
2.17318072e-01
-1.31939107e+00
4.06605640e-02
7.21149683e-01
16 1
-1.1154e+00 4.4770e-01
8 1
1 4 2 7 8 15 11 14 
217
-4.50981442e-01
-2.87619570e-01
4.41798155e-01
-1.55311380e-01
4.03773311e-01
-4.75447162e-01
-3.07278876e-01
1.28587680e-01
-9.42855277e-01
5.69958404e-01
-8.66664439e-01
6.10729077e-01
0.00000000e+00
0.00000000e+00
-4.35859496e-01
3.11475455e-03
6.74488329e-01
-8.11854883e-02
-4.71820179e-03
5.47360346e-01
2.87260712e-01
3.12262377e-03
1.17453225e-01
-2.21197170e-01
1.34748083e-02
4.12937094e-01
0.00000000e+00
-1.76661595e-01
-2.74319846e-01
0.00000000e+00
0.00000000e+00
0.00000000e+00
0.00000000e+00
0.00000000e+00
0.00000000e+00
0.00000000e+00
0.00000000e+00
-4.97780350e-01
-8.97112017e-01
-8.93093046e-01
-6.95260004e-01
-4.01163278e-01
9.27794866e-01
1.00278634e-01
0.00000000e+00
-8.72620566e-01
-1.05465614e+00
1.76043475e-01
0.00000000e+00
-2.25592988e-01
-4.18036410e-01
7.72852096e-01
0.00000000e+00
-6.74752197e-01
5.23289385e-02
2.85817487e-01
0.00000000e+00
2.06871761e-01
-1.20290692e+00
7.67560758e-01
-8.32746758e-01
-1.10264670e+00
-4.20941735e-01
0.00000000e+00
-8.87161269e-01
-1.74499250e+00
5.93023134e-01
-9.47067374e-01
-1.56843307e-01
-2.66352347e-01
0.00000000e+00
1.70015271e-01
-1.44871006e+00
-1.88375973e-01
7.86030496e-01
-4.32620740e-01
-1.31976005e+00
0.00000000e+00
-2.00177379e-01
-9.42567725e-01
1.48102595e-01
2.64074301e-01
-3.98906657e-01
-4.79880371e-02
0.00000000e+00
1.14098728e-01
2.77293046e-01
-1.38014687e-01
-6.73467775e-01
-4.27065483e-01
1.61057558e-01
0.00000000e+00
-4.46315364e-01
1.70861196e-01
-1.44586689e-02
3.19076680e-01
9.79259077e-03
5.76944895e-01
0.00000000e+00
-9.28982511e-01
-1.05701108e+00
4.43377161e-01
-6.36434774e-01
3.46239079e-02
-3.91646718e-01
0.00000000e+00
-4.95204978e-01
-1.12939141e-01
1.22371481e-01
-1.67293008e-01
-7.81479454e-02
3.12641485e-01
1.18101646e+00
1.35097532e+00
0.00000000e+00
0.00000000e+00
0.00000000e+00
7.61894847e-01
-9.28452782e-01
8.70082664e-01
2.75935703e-01
-8.62353589e-01
0.00000000e+00
0.00000000e+00
0.00000000e+00
-9.41742274e-02
-6.53655852e-01
-3.90242032e-01
5.40750716e-01
-1.25244463e+00
9.76225064e-01
6.28116946e-01
-1.59729992e-01
8.60589108e-01
0.00000000e+00
8.43142336e-01
-1.18948444e+00
-1.29071278e+00
9.57766260e-01
-3.22051057e-01
2.42735861e-01
3.02666191e-02
-1.43354386e+00
4.68304289e-01
3.75788087e-01
-1.96712545e-02
0.00000000e+00
0.00000000e+00
0.00000000e+00
5.73425748e-01
-1.24510749e+00
4.32399876e-01
1.32385096e-01
-1.59321611e+00
-1.47829708e-01
8.36254281e-02
5.29095655e-01
-7.59578438e-01
0.00000000e+00
2.63129108e-01
6.77471448e-01
4.02352033e-02
5.27843489e-02
-1.57662744e-01
-2.98641852e-02
2.00410964e-01
5.99326019e-01
-2.12043947e-01
5.41342479e-01
-1.05659729e+00
0.00000000e+00
0.00000000e+00
0.00000000e+00
-1.67530093e-01
-1.48083243e+00
6.12141955e-01
-6.31638354e-02
-1.56476039e+00
6.61372131e-02
3.91331821e-01
1.63623280e-01
-5.16416808e-02
0.00000000e+00
1.07981541e+00
1.10283773e-01
-1.07313936e+00
1.05481800e+00
4.17355402e-02
-1.03347639e-01
5.93136129e-01
-9.29746841e-01
3.46774785e-01
-8.22329176e-02
-1.20146928e-01
0.00000000e+00
0.00000000e+00
0.00000000e+00
5.08898354e-01
-5.89359645e-01
-8.34801137e-01
5.16918332e-01
-5.33953254e-01
8.50855027e-01
1.43870416e-01
-1.02352121e-01
1.84346064e-01
0.00000000e+00
-8.89337881e-02
2.37918086e-01
1.50153975e-01
-2.90100564e-01
-2.05632566e-01
1.92713611e-01
-5.14616722e-01
-1.52674815e-01
-2.36862240e-01
6.43466056e-01
136
-6.48475722e-01
-1.22790658e-01
3.45869469e-03
-2.30014860e-01
-7.48655978e-04
-2.06288098e-01
-6.28571716e-04
-8.93821056e-02
-3.48420210e-03
0.00000000e+00
1.32208283e-01
1.46824810e-01
0.00000000e+00
0.00000000e+00
0.00000000e+00
0.00000000e+00
0.00000000e+00
0.00000000e+00
0.00000000e+00
0.00000000e+00
-1.39368017e-01
-6.53116178e-01
-6.56338701e-01
-4.00322798e-01
-3.28503785e-02
6.12641472e-01
2.97017964e-01
0.00000000e+00
-8.35887409e-01
-3.17991207e-01
-4.30648894e-01
0.00000000e+00
-2.89448288e-01
4.32138905e-01
7.89125370e-02
0.00000000e+00
-3.20365542e-01
5.64206514e-02
-2.37509792e-02
0.00000000e+00
2.22344867e-01
1.51948022e-01
3.55779021e-02
0.00000000e+00
0.00000000e+00
0.00000000e+00
0.00000000e+00
1.24792491e+00
5.44198984e-02
7.13057546e-01
-8.79648125e-01
0.00000000e+00
-6.52818155e-01
2.97960890e-01
-8.31689550e-02
-9.52722805e-01
0.00000000e+00
-2.07518296e-01
-2.46028618e-02
-5.84181410e-03
-3.57932379e-01
-8.26509705e-01
-2.80065120e-01
-1.79359541e-01
-4.05323124e-02
1.83584069e-01
0.00000000e+00
5.45780323e-01
4.94592730e-01
2.26282661e-01
-3.66497649e-01
0.00000000e+00
-1.00827190e+00
-5.63470137e-01
1.89349707e-01
-3.09289919e-01
0.00000000e+00
1.28503523e+00
1.32679256e-01
3.93499586e-01
-1.62087409e-01
-3.42770852e-01
-2.24291509e-01
-1.49455739e-01
-2.78941842e-02
4.91080378e-04
5.56593095e-01
3.87458301e-01
-9.98928008e-01
0.00000000e+00
0.00000000e+00
0.00000000e+00
4.75672481e-01
-9.23160909e-01
5.85366410e-02
6.57428266e-01
-2.13260712e+00
4.32086848e-01
3.68919641e-01
4.95739169e-01
-2.42630044e-01
0.00000000e+00
6.86797038e-01
-1.22475436e-01
-1.04283690e+00
5.80382434e-01
1.49788595e-01
3.28037707e-01
2.88831542e-01
-1.39337006e+00
-3.24587980e-02
3.68390898e-01
-1.13672040e+00
0.00000000e+00
0.00000000e+00
0.00000000e+00
5.45486654e-01
-1.79172854e+00
-2.04770008e-01
6.99145763e-01
-2.14594509e+00
6.87498097e-01
6.24060690e-01
1.88030111e-01
-3.93327810e-02
0.00000000e+00
9.54280597e-01
6.36230876e-03
-9.15721255e-01
6.89795494e-01
-4.75610910e-01
2.50683217e-01
2.95950108e-01
-1.27994232e+00
5.55210835e-02
7.19516373e-01
10 1
-1.1072e+00 4.4694e-01
8 1
1 4 2 7 8 15 11 14 
217
1.06926854e-01
-1.42345144e-01
2.62899677e-01
8.10870206e-02
3.36904847e-02
2.35557719e-01
1.28511122e-01
-3.06565021e-01
-1.19517762e-01
1.16429968e+00
1.12060951e-01
4.04113791e-01
0.00000000e+00
0.00000000e+00
-3.32648165e-01
-4.36503659e-04
2.42042047e-01
8.24278118e-02
-6.82053874e-03
4.56971247e-01
-5.31878917e-01
1.93788653e-04
7.30294418e-01
8.89026124e-01
-1.07261244e-02
7.57930427e-02
0.00000000e+00
1.89753120e-01
-8.28262662e-02
0.00000000e+00
0.00000000e+00
0.00000000e+00
0.00000000e+00
0.00000000e+00
0.00000000e+00
0.00000000e+00
0.00000000e+00
5.72574024e-01
-3.99704815e-01
-8.17670850e-01
-7.95608543e-01
-3.97730125e-01
-2.11838477e-01
0.00000000e+00
0.00000000e+00
-4.76938002e-01
-2.08259179e-01
1.71704908e-02
0.00000000e+00
4.14616901e-02
-1.23402181e-01
4.24882551e-01
0.00000000e+00
4.09357192e-02
-3.99845079e-01
3.57542686e-01
0.00000000e+00
3.74407399e-01
-4.50700605e-01
5.19348037e-01
1.61900076e-01
-3.82919196e-01
3.37622646e-01
0.00000000e+00
-1.19188372e+00
-6.88505162e-01
8.42941051e-01
-1.15804600e+00
4.55869519e-01
3.03425202e-01
0.00000000e+00
-2.98098666e-02
-5.40249728e-01
9.03597012e-02
6.84211707e-01
4.63770195e-02
-1.67728601e+00
0.00000000e+00
-6.79070037e-01
-4.71805241e-01
4.56272631e-01
-2.50852742e-01
3.29724260e-01
2.54861558e-01
0.00000000e+00
-3.34761303e-01
8.07388734e-02
2.44840494e-01
-2.60132349e-01
1.96847663e-01
2.45845455e-01
0.00000000e+00
-6.48463166e-01
2.58593500e-01
6.26935109e-01
9.52578005e-01
1.28454911e-01
-8.42927341e-01
0.00000000e+00
-7.63146777e-01
-4.36263404e-01
5.75719056e-01
-5.99133849e-01
2.94354576e-01
-7.80208117e-01
-4.78341608e-01
-3.77295996e-01
-6.26450057e-01
6.99492942e-01
-2.67623731e-01
2.63071516e-01
5.80024042e-01
-4.75303259e-01
-2.34798555e-01
0.00000000e+00
0.00000000e+00
0.00000000e+00
-2.02919019e-01
2.97190706e-01
6.12473796e-01
5.32069980e-01
-8.64087284e-01
0.00000000e+00
0.00000000e+00
0.00000000e+00
-2.55208483e-02
-3.38434457e-01
6.42750344e-01
4.49588853e-01
-2.58871968e+00
2.58221915e-01
2.25887767e-01
5.40863605e-01
-2.60704035e-01
0.00000000e+00
8.45775343e-01
7.93714974e-01
-1.28244320e+00
4.77268418e-01
-4.28325716e-01
4.25444878e-01
-5.92011361e-02
-1.30192696e+00
5.22576022e-01
2.39096631e-01
-1.70377578e-01
0.00000000e+00
0.00000000e+00
0.00000000e+00
1.86201345e-01
-9.03946537e-01
-2.48169690e-01
6.50329963e-01
-5.10805553e-02
4.09214259e-01
1.83162833e-01
-5.03420498e-02
2.01821126e-02
0.00000000e+00
8.57177410e-02
-7.91303534e-01
-1.49565868e-01
-2.29641602e-01
9.79092318e-03
3.64426238e-01
9.28671540e-01
-1.02076076e-01
-9.38548207e-01
4.56599586e-01
-1.94928959e+00
0.00000000e+00
0.00000000e+00
0.00000000e+00
1.47756848e+00
-1.39453244e-01
1.22057262e+00
1.06186467e+00
-2.78835865e-01
2.61302023e+00
1.97640041e+00
1.35005549e+00
1.01965754e+00
0.00000000e+00
1.67984542e+00
8.37000835e-01
7.29682875e-01
1.91472284e+00
9.13551995e-02
1.60478631e+00
1.54186477e+00
-1.32861497e-01
1.28602165e+00
2.09723020e+00
-1.43748584e+00
0.00000000e+00
0.00000000e+00
0.00000000e+00
1.28894076e+00
-1.07725051e-01
8.75082424e-01
1.63457622e+00
-2.13268132e-01
4.22820625e-01
9.74878406e-01
1.24191690e+00
9.10463575e-01
0.00000000e+00
1.55449824e+00
1.51866095e+00
7.31517868e-01
1.13146701e+00
1.76964804e+00
1.01950723e+00
1.01978875e+00
1.61607247e+00
1.23317250e+00
8.65003764e-01
136
-3.84843845e-01
-5.85881559e-02
2.93460939e-03
-1.18848711e-02
-2.94135567e-03
-1.07504189e-01
-1.00746794e-03
-2.06866629e-01
1.97984675e-03
0.00000000e+00
4.02385912e-01
4.77939788e-01
0.00000000e+00
0.00000000e+00
0.00000000e+00
0.00000000e+00
0.00000000e+00
0.00000000e+00
0.00000000e+00
0.00000000e+00
-2.21872705e-01
-6.58071144e-01
-6.91659744e-01
-3.96878210e-01
-1.68147260e-01
7.64782401e-01
4.75296706e-01
0.00000000e+00
-9.44962118e-01
-4.86340765e-01
-4.26658750e-01
0.00000000e+00
-2.48010833e-01
4.44425793e-01
3.05397696e-01
0.00000000e+00
-3.63107774e-01
-5.06490159e-02
6.20461919e-02
0.00000000e+00
2.14359163e-01
-2.36946675e-02
2.95238993e-01
0.00000000e+00
0.00000000e+00
0.00000000e+00
0.00000000e+00
1.16590743e+00
6.46525891e-02
6.66085692e-01
-1.03278700e+00
0.00000000e+00
-5.25510766e-01
3.03726862e-01
-8.39655048e-02
-1.13221927e+00
0.00000000e+00
1.28062807e-01
4.72751530e-02
8.04399593e-03
-4.62786487e-01
-9.49950020e-01
-3.22890461e-01
-1.52588922e-01
-7.56890534e-02
1.92793261e-01
0.00000000e+00
1.23200523e+00
5.42650730e-01
3.54577880e-01
-3.68853848e-01
0.00000000e+00
-7.87145024e-01
-4.95056896e-01
1.98635818e-01
-2.99091066e-01
-3.60797531e-01
-3.90802418e-01
-1.52359248e-01
6.22531116e-02
-3.22950381e-01
-2.14800319e-01
-1.32941253e-01
-1.95899245e-01
-6.42231760e-03
2.06196750e-01
6.54938008e-01
4.35442729e-01
-9.58758844e-01
0.00000000e+00
0.00000000e+00
0.00000000e+00
4.32629457e-01
-8.19192401e-01
-2.90861850e-02
6.33784335e-01
-2.21200191e+00
3.82888993e-01
3.97471464e-01
5.50330051e-01
-1.95643070e-01
0.00000000e+00
7.57249866e-01
-1.48996007e-01
-9.00740195e-01
6.38856395e-01
1.12905562e-01
1.94008634e-01
1.42461008e-01
-1.30681275e+00
-3.79440896e-02
4.49072000e-01
-1.13876948e+00
0.00000000e+00
0.00000000e+00
0.00000000e+00
5.76999933e-01
-1.89421267e+00
-1.37512562e-01
7.27057345e-01
-1.96831898e+00
7.04285427e-01
6.52799794e-01
2.14745734e-01
4.78726205e-02
0.00000000e+00
9.19096460e-01
-8.06989753e-02
-9.80309647e-01
6.50258973e-01
-4.72332639e-01
1.91391117e-01
2.89322136e-01
-1.24525163e+00
-4.79140836e-02
7.13952170e-01
9 1
-1.1069e+00 4.4397e-01
8 1
1 4 2 7 8 15 11 14 
217
1.71791504e-01
-2.07067129e-01
-3.50395377e-03
1.19064529e-01
1.15092500e-01
4.13756226e-01
2.71748741e-01
-1.90066758e-01
-2.14378648e-01
2.13186967e-01
-2.79177163e-01
1.67680047e-01
0.00000000e+00
0.00000000e+00
3.11723586e-01
8.17197107e-03
-4.09064963e-01
3.35822097e-01
-7.15852111e-03
2.64978476e-01
-2.98374803e-01
4.74812813e-03
2.99249402e-01
-1.77379376e-01
-2.95053103e-03
7.61382789e-01
0.00000000e+00
3.01952171e-01
-1.30160668e-01
0.00000000e+00
0.00000000e+00
0.00000000e+00
0.00000000e+00
0.00000000e+00
0.00000000e+00
0.00000000e+00
0.00000000e+00
1.60013198e-01
-3.10846810e-01
-4.92628424e-01
-3.68948377e-01
-2.47384801e-01
5.94831376e-01
0.00000000e+00
0.00000000e+00
-4.32104431e-01
-6.46462692e-01
9.07264045e-02
0.00000000e+00
-1.84170866e-01
2.09811302e-01
5.70049441e-01
0.00000000e+00
-2.58722119e-01
5.20186174e-02
7.67590916e-01
0.00000000e+00
2.82075586e-01
-9.92983864e-01
1.56093167e-01
-2.35422580e-02
-3.40068055e-01
5.35401817e-01
0.00000000e+00
-8.19746594e-01
-1.25871217e+00
7.89958835e-01
-1.16750416e+00
2.01579262e-01
-2.65478759e-01
0.00000000e+00
-3.50517885e-02
-3.94077303e-01
-1.65341462e-01
7.10320441e-01
3.72184754e-01
1.76344929e-01
0.00000000e+00
-4.26953305e-01
-2.40066807e-01
4.99372356e-01
-4.48052948e-01
9.93724520e-02
6.00691761e-01
0.00000000e+00
1.65719200e-01
4.68565180e-01
1.55711424e-01
2.35189833e-01
-1.49639121e-01
-3.88643697e-01
0.00000000e+00
-5.61791383e-01
3.19273541e-01
5.60099420e-01
3.04416674e-01
1.73483466e-01
-8.55791013e-01
0.00000000e+00
-4.30565851e-01
-6.42116325e-01
6.62265026e-01
-4.05479167e-01
-5.99076714e-02
-5.81918420e-02
-3.90892414e-01
-1.06526311e-01
-2.84184204e-01
4.98325779e-01
-3.71793296e-01
1.70884450e-01
5.24493143e-01
-6.50217110e-01
-1.43634851e-01
0.00000000e+00
0.00000000e+00
0.00000000e+00
3.06963354e-01
1.63380956e-01
6.79443923e-01
3.20116678e-01
-7.90728204e-01
0.00000000e+00
0.00000000e+00
0.00000000e+00
-3.40337144e-01
-8.40630263e-01
-4.91679323e-01
1.09042882e+00
-1.55031273e+00
-1.95231908e-01
1.18053952e+00
3.25461189e-01
9.20152123e-02
0.00000000e+00
1.12986423e+00
-3.79023032e-02
-1.98852321e-01
6.12515048e-01
3.26131990e-01
2.00563264e-01
7.04971711e-01
-2.43002625e+00
-2.30670434e-01
-1.37576514e-01
-1.60046085e-01
0.00000000e+00
0.00000000e+00
0.00000000e+00
8.20327436e-01
-4.90052255e-01
3.89911673e-01
-1.11005445e-01
-1.00786977e+00
3.24714041e-01
-5.20870373e-01
2.38241751e-01
-1.71285510e-01
0.00000000e+00
-6.64853534e-02
9.30952623e-02
-9.19821166e-01
-2.73748955e-01
-3.10119141e-01
5.03034276e-01
3.27353112e-01
3.63171988e-01
-2.17477296e-01
8.68839642e-01
-1.72986359e+00
0.00000000e+00
0.00000000e+00
0.00000000e+00
8.65935511e-01
-1.66376039e+00
9.71912079e-01
1.28642837e+00
-4.93754022e-01
4.96337572e-01
1.42744911e+00
8.55728004e-01
9.79950316e-01
0.00000000e+00
1.83627670e+00
-4.83250853e-02
-3.23737899e-02
1.83554972e+00
9.38389990e-01
6.86315018e-01
1.52302810e+00
-9.53992430e-01
8.30129447e-01
1.01459332e+00
-8.29809140e-01
0.00000000e+00
0.00000000e+00
0.00000000e+00
8.75344656e-01
1.50585844e+00
1.16406931e-01
3.17820560e-01
-2.23447701e-01
1.13418214e+00
5.29596174e-01
8.40864918e-01
7.13971524e-02
0.00000000e+00
5.15223059e-01
9.58034373e-01
4.79941178e-01
6.07894636e-01
1.71677649e-01
9.72493773e-01
8.62455294e-02
1.19757965e+00
7.70865847e-01
1.05505860e+00
136
-5.04139908e-01
-1.07948166e-01
8.98723088e-04
-1.14339713e-01
-2.39138971e-03
-1.83954587e-01
-3.32365240e-04
-9.78974431e-02
-1.04464623e-03
0.00000000e+00
4.71184585e-01
4.39317262e-01
0.00000000e+00
0.00000000e+00
0.00000000e+00
0.00000000e+00
0.00000000e+00
0.00000000e+00
0.00000000e+00
0.00000000e+00
-1.64196083e-01
-6.64710637e-01
-7.09529790e-01
-4.78773057e-01
-1.57127433e-01
7.13066514e-01
4.83869661e-01
5.67476012e-01
-7.77889651e-01
-3.85124934e-01
-3.17733207e-01
0.00000000e+00
-1.94785048e-01
2.98473053e-01
1.90845544e-01
0.00000000e+00
-2.67310544e-01
-1.17531344e-01
-1.07673651e-01
0.00000000e+00
2.23766703e-01
4.62289033e-02
2.44017108e-01
0.00000000e+00
0.00000000e+00
0.00000000e+00
0.00000000e+00
9.95998046e-01
3.53441209e-03
6.42531455e-01
-1.30660549e+00
0.00000000e+00
-3.77031230e-01
3.59781782e-01
-3.19907884e-02
-9.36654186e-01
0.00000000e+00
3.41868528e-01
1.49190556e-01
6.79482605e-02
-4.60954422e-01
-9.05616657e-01
-4.03105091e-01
-1.80485748e-01
-5.19647785e-02
-4.16220229e-04
0.00000000e+00
1.26776619e+00
6.24177738e-01
3.54503474e-01
-4.29217988e-01
0.00000000e+00
-9.77495302e-01
-5.09652481e-01
1.67796854e-01
-3.44421872e-01
-4.20325218e-01
-3.76033900e-01
-3.40311184e-02
6.46742354e-02
-4.36370559e-01
-2.87590192e-01
-1.92817071e-01
-1.80494906e-01
-5.83329320e-03
1.10966094e-01
6.29960735e-01
4.32063993e-01
-9.77420118e-01
0.00000000e+00
0.00000000e+00
0.00000000e+00
4.78146415e-01
-8.48318644e-01
3.62051023e-02
5.97816661e-01
-2.13483016e+00
4.25742112e-01
3.31042248e-01
5.39290290e-01
-1.01543085e-01
0.00000000e+00
7.02425154e-01
-1.47115863e-01
-9.88936424e-01
6.88566434e-01
1.21665198e-01
1.93471342e-01
1.29861690e-01
-1.31861384e+00
-6.86404615e-02
3.86345715e-01
-1.15798443e+00
0.00000000e+00
0.00000000e+00
0.00000000e+00
6.12894729e-01
-1.83795405e+00
-1.29291154e-01
7.36455848e-01
-2.11794101e+00
7.18638671e-01
6.13164236e-01
2.04166001e-01
-1.54195767e-02
0.00000000e+00
9.53132249e-01
1.03665833e-01
-9.98185350e-01
6.12677774e-01
-4.32600251e-01
1.69316802e-01
2.76568066e-01
-1.33229154e+00
-2.85482320e-02
7.33566528e-01
