0 1 -999999999 -1 -1
1 1 0 -1 -1
0.1255 -0.01626
356
9.83935031e-01
3.18874516e-02
9.52047580e-01
1.76556215e-01
-7.77488066e-01
-1.06137725e+00
-3.45477490e-02
0.00000000e+00
0.00000000e+00
7.27385378e-02
-6.02907655e-01
-9.81110360e-02
-1.60508750e-01
1.13950126e-01
1.79520740e-01
-1.16914651e-01
0.00000000e+00
0.00000000e+00
0.00000000e+00
0.00000000e+00
0.00000000e+00
0.00000000e+00
0.00000000e+00
0.00000000e+00
0.00000000e+00
0.00000000e+00
0.00000000e+00
0.00000000e+00
0.00000000e+00
0.00000000e+00
0.00000000e+00
0.00000000e+00
0.00000000e+00
0.00000000e+00
0.00000000e+00
0.00000000e+00
0.00000000e+00
0.00000000e+00
0.00000000e+00
0.00000000e+00
0.00000000e+00
0.00000000e+00
0.00000000e+00
0.00000000e+00
0.00000000e+00
0.00000000e+00
0.00000000e+00
0.00000000e+00
0.00000000e+00
0.00000000e+00
0.00000000e+00
-6.20801417e-01
-4.96034106e-01
5.02506902e-01
0.00000000e+00
0.00000000e+00
0.00000000e+00
0.00000000e+00
1.81525958e-01
-2.97085621e-02
2.47851597e-01
3.32449234e-01
5.94420201e-01
-3.87617952e-01
1.16751686e-01
-5.90415180e-01
-1.56614410e-01
-7.85562247e-01
0.00000000e+00
0.00000000e+00
0.00000000e+00
2.98052396e-01
-1.86814327e-03
-1.12477925e-01
4.21180731e-01
1.68772727e-03
-1.82716252e-01
2.44489355e-01
-2.23625986e-04
-4.03348885e-02
-4.88449910e-01
3.46026892e-01
3.28454286e-01
3.79374836e-01
4.18528927e-01
0.00000000e+00
0.00000000e+00
0.00000000e+00
0.00000000e+00
0.00000000e+00
-1.15193073e+00
-2.99464983e-01
-2.05250138e+00
-7.62332260e-01
-2.72831287e-01
-3.51701485e-01
2.33245983e-01
-6.91752147e-02
3.24957921e-01
3.60328180e-02
9.39751532e-02
1.33144739e-01
0.00000000e+00
0.00000000e+00
2.19612202e+00
2.27981085e+00
1.17201065e+00
9.46799665e-01
2.34421469e-01
1.99287777e-01
-2.21014098e-01
-9.45063930e-01
7.07500911e-01
2.16639349e-01
3.62452986e-01
-5.87774074e-01
-1.17096614e+00
-2.12648154e+00
0.00000000e+00
0.00000000e+00
0.00000000e+00
0.00000000e+00
0.00000000e+00
0.00000000e+00
7.13613898e-01
-9.80934659e-02
-1.29539787e-02
-2.86470487e-01
-5.19400796e-01
-1.09257099e+00
3.56204782e+00
3.76508324e+00
3.63384176e+00
3.65940912e+00
3.62696232e+00
3.69102126e+00
7.95990485e-01
3.38296080e-01
2.75703182e-01
4.58424996e-01
4.14065930e-01
-8.61195901e-02
4.21944579e-01
6.70712487e-02
-1.47875465e-01
-1.89238292e-01
-2.45234317e-01
-6.27524987e-01
1.38644153e+00
0.00000000e+00
0.00000000e+00
0.00000000e+00
0.00000000e+00
0.00000000e+00
0.00000000e+00
0.00000000e+00
-4.02506501e-01
-3.91982644e-01
0.00000000e+00
0.00000000e+00
1.21022487e-01
-2.93195555e-02
-1.33320947e+00
-1.27359056e+00
-1.21218698e+00
0.00000000e+00
0.00000000e+00
0.00000000e+00
-1.95542510e-01
-8.14690589e-01
3.26107212e-01
2.94711681e-01
-6.09740322e-01
3.87662136e-01
3.67427257e-01
-5.98103636e-01
8.81853669e-01
0.00000000e+00
3.35880926e-01
4.22707945e-01
-5.81736646e-01
5.80999540e-01
-4.38259261e-01
-1.45551081e+00
3.31783580e-01
-8.96392749e-01
1.29761536e-01
3.18894055e-01
7.69236957e-02
0.00000000e+00
0.00000000e+00
0.00000000e+00
8.96402878e-02
4.20697922e-02
-5.09419227e-02
-2.16394055e-01
2.38842406e-01
-2.09982900e-01
-1.18641470e-01
2.07819532e-01
-6.13401069e-02
0.00000000e+00
-1.47304253e-01
-6.21749325e-03
-1.71700782e-01
-2.59799075e-01
6.12689261e-02
6.45836775e-01
-1.61516686e-01
1.08317918e-01
1.04439658e-01
-1.74728569e-02
-6.58700903e-01
-8.96024567e-02
0.00000000e+00
3.34620863e-01
1.50016361e-01
2.83230074e-01
3.04225110e-02
-4.03255041e-01
-3.72316870e-01
0.00000000e+00
0.00000000e+00
0.00000000e+00
-2.58614876e-01
-1.19525113e-01
6.41119575e-03
1.07870671e+00
1.23251219e-01
6.71052101e-01
8.70704690e-01
-1.66015302e+00
5.02313292e-02
0.00000000e+00
1.99527040e-01
3.38153777e-01
-5.29160972e-02
1.28569170e-01
-7.38061732e-01
-1.14885059e+00
-8.87126661e-02
-1.41863348e-01
7.39606395e-02
2.95812703e-01
-5.69098446e-01
3.92307121e-01
-2.29528992e-02
-2.34082129e-01
-5.53486082e-01
2.10624944e-01
0.00000000e+00
-3.03654644e-01
-3.37648940e-01
3.97802862e-01
2.05492900e-01
-3.92670818e-01
-7.64111026e-01
4.59022058e-02
2.03953511e-01
1.11813236e-01
-1.30291012e+00
0.00000000e+00
0.00000000e+00
0.00000000e+00
-4.30896634e-01
-3.78772965e-01
-9.30905731e-02
-1.43892596e+00
-2.74383004e-01
7.80038270e-01
-5.12889172e-01
4.12137503e-01
6.87419400e-01
0.00000000e+00
2.20057230e-01
-4.49410672e-01
-8.74783795e-01
4.56971796e-01
-3.57225728e-01
3.20777485e-01
4.20110824e-01
-4.97360262e-01
3.73106673e-01
3.34209464e-01
2.28008412e-01
0.00000000e+00
0.00000000e+00
0.00000000e+00
-2.75662480e-02
-3.44607239e-01
2.07633665e-01
3.26727875e-01
5.61493374e-02
-2.00336568e-01
2.94982720e-01
-9.31903671e-02
9.51366190e-03
0.00000000e+00
-1.59616412e-01
-1.17776377e-02
-4.65377811e-02
4.69417872e-02
1.89589070e-01
3.08777929e-03
-5.34578782e-02
1.96531152e-03
8.97591824e-02
-6.12518462e-02
-6.71163232e-01
4.40773309e-02
0.00000000e+00
0.00000000e+00
4.10649617e-01
3.39677065e-01
1.44957560e-01
-4.40557295e-01
-4.09707686e-01
0.00000000e+00
0.00000000e+00
0.00000000e+00
1.53609903e-01
2.04139949e-01
-1.23219400e-01
-1.18091691e+00
1.20447418e-01
-3.85443936e-01
-1.12721469e+00
8.97232708e-01
1.42400059e-01
0.00000000e+00
6.35240858e-03
-1.72733821e-01
7.09535679e-02
1.95968649e-02
3.52305505e-01
4.77635704e-01
3.20699187e-01
1.75164922e-01
-9.10680609e-02
-2.69649066e-01
-7.15240563e-01
0.00000000e+00
0.00000000e+00
7.29136153e-02
-6.31746885e-01
-7.33968864e-02
0.00000000e+00
6.63837549e-02
-4.98432111e-02
2.52147711e-01
6.92796747e-02
-3.94824272e-01
-5.58349999e-01
0.00000000e+00
0.00000000e+00
2.12003291e-01
247
3.85285134e-01
-1.93639442e-01
5.78924575e-01
5.11579645e-02
-2.44797406e-01
-6.83735991e-01
-1.36430401e+00
5.41940597e-01
0.00000000e+00
0.00000000e+00
3.30722281e-01
-1.15568837e-01
2.00132004e-02
3.34579980e-01
0.00000000e+00
0.00000000e+00
0.00000000e+00
0.00000000e+00
0.00000000e+00
0.00000000e+00
0.00000000e+00
0.00000000e+00
0.00000000e+00
0.00000000e+00
0.00000000e+00
0.00000000e+00
0.00000000e+00
0.00000000e+00
0.00000000e+00
0.00000000e+00
0.00000000e+00
0.00000000e+00
0.00000000e+00
0.00000000e+00
0.00000000e+00
0.00000000e+00
0.00000000e+00
0.00000000e+00
0.00000000e+00
0.00000000e+00
0.00000000e+00
0.00000000e+00
0.00000000e+00
-5.54478965e-02
-3.43524952e-03
-3.34837333e-02
2.41655808e-03
4.74596547e-01
-1.76259976e-03
-4.50858093e-01
-9.02481205e-02
1.83751925e-01
2.67178233e-01
4.75461189e-01
0.00000000e+00
0.00000000e+00
0.00000000e+00
0.00000000e+00
0.00000000e+00
2.30373170e+00
2.08941560e+00
1.89648976e+00
6.93852544e-01
2.92039387e-01
1.21902536e-01
-3.52324790e-01
-1.32588085e+00
3.33896004e-01
1.03379001e-01
-5.08403993e-02
-4.95242777e-01
-8.38162754e-01
-2.29755422e+00
0.00000000e+00
0.00000000e+00
0.00000000e+00
0.00000000e+00
0.00000000e+00
0.00000000e+00
9.10896673e-01
2.22483775e-02
-3.57692809e-02
-4.62655426e-01
-8.44173218e-01
-1.29467759e+00
3.81391138e+00
4.20156706e+00
4.27441350e+00
4.33076936e+00
4.12802146e+00
4.38666353e+00
7.16593995e-01
3.46578610e-01
4.32288445e-01
3.44039931e-01
4.13251963e-01
2.76031224e-01
3.11598734e-01
1.04370934e-01
1.09191487e-01
1.61158291e-01
4.34459669e-01
-3.42766566e-01
1.32607858e+00
0.00000000e+00
0.00000000e+00
0.00000000e+00
-9.40793450e-01
-1.34426549e+00
0.00000000e+00
0.00000000e+00
-1.66853294e-01
-1.75159327e+00
-3.63320482e-01
-1.33987825e+00
-1.91844656e+00
0.00000000e+00
0.00000000e+00
0.00000000e+00
1.46719798e-01
0.00000000e+00
3.74987298e-01
-9.94577945e-01
-4.68226614e-01
2.18053198e-01
-1.51204414e+00
2.37679980e-01
1.36725888e-01
0.00000000e+00
6.37073841e-01
3.78370276e-01
-7.58612980e-01
7.38664332e-01
-3.29728994e-01
2.90752747e-01
6.89313974e-01
-8.46940362e-01
1.68577574e-01
6.97401337e-01
-9.86720350e-01
-7.47607552e-01
0.00000000e+00
3.37899518e-01
1.06794929e-01
3.53011462e-01
0.00000000e+00
0.00000000e+00
0.00000000e+00
2.45788379e-01
0.00000000e+00
-6.84410553e-02
-5.56748606e-01
-1.99410853e-01
1.54212509e-01
2.94545811e-01
4.79682671e-01
9.12433474e-02
0.00000000e+00
1.18885020e-01
4.39796268e-01
-1.47636797e-02
-2.01192367e-01
7.17143428e-01
1.93428487e-01
-5.35593774e-02
3.55108196e-02
1.89671528e-02
-1.38031079e-01
-2.39112798e-01
-9.51081944e-02
-1.50106993e-01
-5.29394170e-01
-9.31726211e-01
5.80754258e-01
0.00000000e+00
0.00000000e+00
-4.87613470e-01
-1.51248047e+00
5.93913964e-01
-3.41657680e-01
6.92942829e-03
-1.70319873e+00
0.00000000e+00
0.00000000e+00
0.00000000e+00
-9.65126379e-01
-6.50167470e-01
5.13286318e-01
-4.57968126e-01
2.25725717e-01
1.75607468e+00
2.78731754e-01
-4.81266692e-01
-1.92124540e-01
0.00000000e+00
2.16229890e-01
-3.96330259e-01
-9.34958709e-01
8.46272469e-01
-1.66823635e+00
2.73477268e-03
4.52337927e-01
-1.05486183e+00
6.58843492e-01
1.47604606e-01
-1.02149197e+00
-3.00540210e-01
0.00000000e+00
0.00000000e+00
5.76180141e-01
1.56603455e-01
0.00000000e+00
0.00000000e+00
0.00000000e+00
1.00820731e-01
2.33791658e-01
3.06728954e-01
7.23521616e-01
-1.95426877e-01
3.83392300e-01
5.71112657e-01
9.20873731e-02
2.15510164e-01
0.00000000e+00
7.90039337e-02
1.28720444e-01
-1.05264662e-01
-2.09128752e-01
1.53356298e-01
1.45838509e-01
7.39715119e-03
0.00000000e+00
-2.31215825e-01
3.37919059e-01
-7.20951764e-01
0.00000000e+00
0.00000000e+00
0.00000000e+00
-6.81706757e-01
-6.27802727e-02
0.00000000e+00
0.00000000e+00
0.00000000e+00
-6.18926484e-01
0.00000000e+00
0.00000000e+00
0.00000000e+00
5 -999999999 -999999999 0 -1
1 0 0 1 -1
-1.5614e-01 6.9247e-01
356
2.84830198e-01
0.00000000e+00
0.00000000e+00
0.00000000e+00
0.00000000e+00
0.00000000e+00
0.00000000e+00
0.00000000e+00
0.00000000e+00
0.00000000e+00
0.00000000e+00
0.00000000e+00
0.00000000e+00
0.00000000e+00
0.00000000e+00
0.00000000e+00
0.00000000e+00
0.00000000e+00
0.00000000e+00
0.00000000e+00
0.00000000e+00
0.00000000e+00
0.00000000e+00
0.00000000e+00
0.00000000e+00
0.00000000e+00
0.00000000e+00
0.00000000e+00
0.00000000e+00
0.00000000e+00
0.00000000e+00
2.84830198e-01
0.00000000e+00
-1.31716005e+00
-2.28520868e+00
6.43765764e-02
-1.52545450e-01
1.01785393e+00
7.50236454e-01
5.84136327e-01
1.76821475e-01
0.00000000e+00
0.00000000e+00
0.00000000e+00
0.00000000e+00
0.00000000e+00
0.00000000e+00
0.00000000e+00
0.00000000e+00
0.00000000e+00
0.00000000e+00
-4.10055526e-01
1.08133204e-02
-4.24097232e-01
0.00000000e+00
0.00000000e+00
0.00000000e+00
0.00000000e+00
-1.63824801e-01
7.57864369e-02
2.86459920e-02
1.65878842e-01
1.70640861e-01
-2.63563156e-02
1.60289795e-01
-3.34672497e-01
8.90783510e-02
-7.84036404e-01
0.00000000e+00
0.00000000e+00
0.00000000e+00
1.53384134e-01
-1.48919888e-03
1.77817230e-01
-4.16140173e-01
3.70886202e-03
1.77981072e-01
5.47586237e-01
-2.88976541e-04
-5.20877365e-02
-1.51009703e-01
1.45770678e-01
5.55580860e-02
4.22088690e-02
1.92302268e-01
0.00000000e+00
0.00000000e+00
0.00000000e+00
0.00000000e+00
0.00000000e+00
2.75550586e-01
-8.57808960e-02
5.00241263e-01
3.07652525e-02
2.15719113e-01
9.27232667e-03
-1.49278498e+00
-6.86971926e-01
-3.89395437e-01
-1.17721854e-01
-9.20971408e-02
4.70984519e-02
0.00000000e+00
0.00000000e+00
1.67453309e+00
1.56139849e+00
1.66813362e+00
4.81687902e-01
8.98980362e-02
-1.13062396e-01
-6.27941882e-01
-1.15636073e+00
5.43094382e-01
4.22667807e-01
3.95730839e-02
-2.79978273e-01
-7.85192694e-01
-1.67222175e+00
0.00000000e+00
0.00000000e+00
0.00000000e+00
0.00000000e+00
0.00000000e+00
0.00000000e+00
5.60910495e-01
-2.36866630e-01
-1.84446354e-01
-2.88055733e-01
-3.59435384e-01
-7.68674687e-01
4.76842368e+00
4.87262295e+00
4.78015441e+00
4.77842071e+00
4.73650341e+00
4.72376081e+00
5.49937274e-01
4.78379978e-01
5.43167156e-01
6.03021212e-01
6.34217998e-01
4.14093810e-02
5.04062610e-01
4.68646265e-01
1.65948360e-01
8.37574179e-02
-3.81855148e-02
-5.36365962e-01
3.42354555e-01
0.00000000e+00
0.00000000e+00
0.00000000e+00
0.00000000e+00
0.00000000e+00
0.00000000e+00
0.00000000e+00
-5.75243574e-02
-3.00833153e-01
0.00000000e+00
0.00000000e+00
-6.09799749e-01
-3.32966768e-01
-7.79903142e-01
-9.38458631e-01
-1.38970289e+00
0.00000000e+00
0.00000000e+00
0.00000000e+00
-4.29647421e-02
-5.68073402e-01
-4.96711626e-01
1.67848287e-01
-8.70005490e-01
-3.61767011e-01
1.47075184e-01
-4.00633028e-01
5.44302944e-01
0.00000000e+00
3.88564521e-01
2.67240249e-01
-6.79950531e-01
8.88874583e-01
-5.60046476e-01
-9.34457588e-01
3.41359959e-01
-1.52514548e-01
5.76843585e-01
3.55312240e-01
-3.05334420e-01
0.00000000e+00
0.00000000e+00
0.00000000e+00
-1.88477826e-01
3.29621351e-01
1.91202026e-01
-1.60971977e-02
4.19414119e-01
4.34834720e-01
-3.80436461e-02
1.03986204e-01
-4.84304884e-02
0.00000000e+00
-3.59612542e-01
-6.47392017e-02
-3.17719962e-01
-3.39031415e-01
1.38503140e-01
3.58548251e-01
-1.82734991e-01
-1.29435098e-01
-2.53752023e-01
-3.43369839e-01
-5.39704304e-01
-1.93054051e-01
0.00000000e+00
5.98786978e-01
1.92918142e-01
-5.04045625e-02
-7.83964276e-02
-6.42530609e-02
1.78131915e-01
0.00000000e+00
0.00000000e+00
0.00000000e+00
3.16606434e-01
-1.84290076e-01
-7.86512838e-01
5.91100520e-01
-4.60902858e-01
-7.22107425e-01
2.14244515e-01
-4.76387970e-01
-1.58393108e-01
0.00000000e+00
2.95060877e-01
1.91105541e-01
2.94850858e-01
4.18988167e-01
-6.04459014e-01
-3.69821506e-01
3.25614238e-01
4.61827113e-01
5.97664347e-01
2.33944100e-01
-3.46650253e-01
-4.39986837e-02
2.57108595e-01
2.08067736e-01
-8.49998587e-01
-4.16745698e-01
0.00000000e+00
-2.54085778e-01
4.76751500e-02
-1.27124931e-01
-1.08604350e-01
-1.81016417e-01
-4.33252889e-01
5.12973551e-01
1.41890981e-01
6.33273834e-02
-1.27142540e+00
0.00000000e+00
0.00000000e+00
0.00000000e+00
-6.86170704e-01
-1.45382463e+00
7.87959561e-01
-1.00860538e-02
-1.46900312e-01
1.93880266e+00
4.53895729e-01
4.41325429e-01
1.47324400e-01
0.00000000e+00
-3.81791087e-01
-1.12147518e+00
-1.65425492e+00
1.94618851e-01
6.91784210e-01
5.28225408e-01
5.31005073e-01
-1.04444152e+00
-3.47614217e-01
-1.39808099e-01
-4.25513072e-01
0.00000000e+00
0.00000000e+00
0.00000000e+00
-1.33150326e-01
-8.57851454e-02
-2.75574845e-01
4.37831276e-01
-4.63188466e-02
-1.98397011e-01
1.18347733e-01
-2.16505074e-01
-6.82847471e-03
0.00000000e+00
-1.64727729e-01
4.13716292e-01
9.26688994e-02
-3.56643117e-02
-1.02207965e-01
-1.10259601e-01
-1.77830228e-01
4.91330377e-02
1.31333123e-01
-1.15293876e-01
-3.94688247e-01
-2.70056936e-02
0.00000000e+00
0.00000000e+00
1.66423698e-01
-2.96711889e-02
1.09474434e-02
-8.28194814e-03
1.22253089e-01
0.00000000e+00
0.00000000e+00
0.00000000e+00
-2.12784727e-01
3.72695193e-01
7.90056382e-01
-9.16032718e-01
3.99124852e-01
5.95510989e-01
-4.37287179e-01
5.34909339e-01
2.31727176e-01
0.00000000e+00
-1.16458996e-01
-4.50421049e-01
-3.01357925e-01
-2.39803847e-01
5.82537845e-01
1.46634171e-01
-2.59689018e-02
-3.26178856e-01
-3.94266745e-01
-1.10381917e-01
-3.67682553e-01
0.00000000e+00
0.00000000e+00
3.72887429e-01
-8.76737153e-01
-3.05961074e-01
0.00000000e+00
0.00000000e+00
1.31466112e-01
-1.31702655e-01
-1.10580472e-01
-6.36779467e-02
-5.70776078e-01
0.00000000e+00
0.00000000e+00
-3.10401956e-01
247
-1.84819242e-01
0.00000000e+00
0.00000000e+00
0.00000000e+00
0.00000000e+00
0.00000000e+00
0.00000000e+00
0.00000000e+00
0.00000000e+00
0.00000000e+00
0.00000000e+00
0.00000000e+00
0.00000000e+00
0.00000000e+00
0.00000000e+00
0.00000000e+00
0.00000000e+00
0.00000000e+00
0.00000000e+00
0.00000000e+00
0.00000000e+00
0.00000000e+00
0.00000000e+00
0.00000000e+00
0.00000000e+00
0.00000000e+00
0.00000000e+00
-1.84819242e-01
0.00000000e+00
1.30597979e+00
-1.49079903e+00
-9.41225394e-01
3.26101514e-01
-4.86588867e-01
0.00000000e+00
0.00000000e+00
0.00000000e+00
0.00000000e+00
0.00000000e+00
0.00000000e+00
0.00000000e+00
0.00000000e+00
0.00000000e+00
1.31497989e-01
-1.41440471e-03
-2.44087749e-01
1.99136355e-03
-7.22294817e-02
1.64229976e-04
-1.34630480e-01
1.09783521e-01
-5.14271991e-02
-9.80281235e-02
-1.05169601e-02
0.00000000e+00
0.00000000e+00
0.00000000e+00
0.00000000e+00
0.00000000e+00
1.17592030e+00
1.10950883e+00
5.89557308e-01
5.46351895e-01
3.48258981e-02
5.22812508e-02
-3.93370771e-01
-1.01328602e+00
6.20410400e-01
5.19405370e-01
1.73834043e-01
-1.49486406e-01
-8.26055392e-01
-1.51520712e+00
0.00000000e+00
0.00000000e+00
0.00000000e+00
0.00000000e+00
0.00000000e+00
0.00000000e+00
9.34279936e-01
4.05928953e-02
-1.44676639e-01
-3.86551916e-01
-6.87304978e-01
-1.05066737e+00
4.50786199e+00
4.45196772e+00
4.28811266e+00
4.27522456e+00
4.18926426e+00
4.18342037e+00
8.38857104e-01
4.97660349e-01
3.76326609e-01
4.24270303e-01
2.90783299e-01
-2.48691073e-01
1.12459065e-01
5.70609467e-02
3.15618944e-03
-3.95965305e-02
1.38242233e-02
-4.96797381e-01
-1.83640441e-01
0.00000000e+00
0.00000000e+00
0.00000000e+00
-1.17880029e-03
-4.46559152e-01
0.00000000e+00
0.00000000e+00
-8.12373631e-01
-5.48365915e-01
-5.59105686e-01
-7.30963641e-01
-1.36073955e+00
0.00000000e+00
0.00000000e+00
0.00000000e+00
-3.59837127e-02
-7.16595141e-01
-1.10633083e-01
-4.77155191e-01
-2.97361630e-01
-7.49359681e-02
9.19235214e-02
-3.04852899e-01
4.98026409e-01
0.00000000e+00
1.00512242e-01
2.70035989e-01
-5.90378105e-01
4.51837691e-01
-4.78545922e-01
-5.02285507e-01
4.07986395e-01
-5.47071327e-02
1.68287955e-01
2.94084543e-01
-4.75409515e-01
-8.72172274e-02
0.00000000e+00
1.04086641e-01
2.73253721e-01
-1.91287288e-01
0.00000000e+00
0.00000000e+00
0.00000000e+00
-9.90897880e-02
3.13613385e-01
4.44937916e-01
-2.32049152e-01
1.35431092e-01
4.92368435e-01
-1.92619393e-01
3.57286517e-01
-2.48109313e-02
0.00000000e+00
-2.23785567e-01
-1.56831689e-01
-5.21329379e-01
-2.68712492e-01
3.05204010e-01
2.92996987e-01
-6.65662842e-02
-2.71932408e-03
-2.29840822e-01
-5.14770808e-01
-3.88192287e-01
1.05289920e-01
1.55677042e-01
6.62458371e-02
-8.85330031e-01
-7.25156403e-01
0.00000000e+00
-2.42145068e-01
-3.17437953e-01
-1.60173628e-01
2.47131990e-02
-7.50006500e-02
2.80249840e-03
-1.29006933e+00
0.00000000e+00
0.00000000e+00
0.00000000e+00
-2.97703894e-01
-1.42652798e+00
-8.49441863e-02
-3.00141054e-01
-5.48163162e-01
-5.28899779e-01
2.90448902e-02
4.63297807e-01
5.67529996e-01
0.00000000e+00
-1.35039154e-01
-5.26276552e-01
-5.55072985e-01
8.21006433e-01
-2.52113580e-01
4.14069115e-01
6.47384346e-01
-3.84756229e-01
5.55284099e-01
2.51952543e-01
-2.95962940e-01
1.92278937e-01
0.00000000e+00
0.00000000e+00
-1.33644484e-01
-4.54791898e-01
0.00000000e+00
0.00000000e+00
0.00000000e+00
-9.81873224e-02
-2.10299350e-01
-4.71284126e-01
6.00337543e-01
-2.02042585e-01
7.90481027e-02
3.96357000e-01
-2.90639985e-01
-3.34412390e-02
0.00000000e+00
2.19035762e-02
4.04278274e-01
-3.11338970e-01
7.97401519e-02
-2.82534433e-01
-1.35118225e-01
-2.47936281e-01
-1.51466167e-03
8.03477132e-02
1.67532919e-01
-4.88241877e-01
0.00000000e+00
0.00000000e+00
2.05342097e-01
-9.94106386e-01
-7.51384623e-01
0.00000000e+00
0.00000000e+00
6.49326554e-02
-2.42721764e-01
0.00000000e+00
0.00000000e+00
-7.44392086e-02
1 -999999999 -999999999 0 5
1 0 0 1 1
-5.2636e-01 8.2169e-01
356
1.08015174e-01
0.00000000e+00
0.00000000e+00
0.00000000e+00
0.00000000e+00
0.00000000e+00
0.00000000e+00
0.00000000e+00
0.00000000e+00
0.00000000e+00
0.00000000e+00
0.00000000e+00
0.00000000e+00
0.00000000e+00
0.00000000e+00
0.00000000e+00
0.00000000e+00
0.00000000e+00
0.00000000e+00
0.00000000e+00
0.00000000e+00
0.00000000e+00
0.00000000e+00
0.00000000e+00
0.00000000e+00
0.00000000e+00
0.00000000e+00
0.00000000e+00
0.00000000e+00
0.00000000e+00
0.00000000e+00
1.08015174e-01
0.00000000e+00
-1.36368047e+00
-1.24809651e+00
0.00000000e+00
0.00000000e+00
8.69202555e-01
5.83509242e-01
6.02493088e-01
3.68746969e-01
1.08015174e-01
0.00000000e+00
1.56895884e-01
-5.69197564e-01
0.00000000e+00
0.00000000e+00
5.65507972e-02
-4.57177086e-01
-1.05431507e-01
2.70170016e-02
3.15151937e-02
-8.04287187e-02
-1.71799011e-01
0.00000000e+00
0.00000000e+00
0.00000000e+00
0.00000000e+00
-8.58733555e-04
3.16977339e-03
9.04643193e-02
4.59241791e-02
8.51918266e-02
-1.19157551e-01
-6.51519546e-02
4.64280605e-01
-1.63028356e-03
-9.89415815e-01
-3.50106508e-01
8.12356601e-03
-1.22149858e-01
1.22712360e-01
3.86881441e-03
-1.35159802e-01
3.35409322e-01
1.12957076e+00
-2.79018175e-01
0.00000000e+00
0.00000000e+00
0.00000000e+00
0.00000000e+00
0.00000000e+00
-1.09477574e-01
-2.08903967e-01
-2.22312065e-01
0.00000000e+00
0.00000000e+00
0.00000000e+00
0.00000000e+00
0.00000000e+00
-1.58062276e-01
-1.68405424e-01
-1.94281399e-01
-1.37561535e-01
-1.20199433e-01
-2.37596307e-02
-4.06198960e-02
7.10011907e-02
-1.64116714e-01
1.01480680e-01
0.00000000e+00
0.00000000e+00
0.00000000e+00
0.00000000e+00
4.48574629e+00
2.11349723e+00
0.00000000e+00
0.00000000e+00
0.00000000e+00
0.00000000e+00
0.00000000e+00
0.00000000e+00
-8.83738841e-02
-2.87896486e-01
-3.08324727e-01
-7.29361366e-01
-1.29247980e+00
-2.21276165e+00
0.00000000e+00
0.00000000e+00
0.00000000e+00
0.00000000e+00
0.00000000e+00
0.00000000e+00
7.05492067e-01
-2.13197064e-01
-6.26167918e-02
-2.92995381e-01
-7.18625915e-01
-1.42353897e+00
7.63079598e+00
7.53006287e+00
7.49091110e+00
7.35546996e+00
7.46718755e+00
7.15184636e+00
4.46878041e-01
2.52609381e-01
1.43489974e-01
2.46287863e-01
1.62503288e-01
-4.46334761e-01
-7.88020132e-02
-3.03674085e-01
-5.25896669e-01
-5.44787182e-01
-5.55255016e-01
-1.16885536e+00
0.00000000e+00
0.00000000e+00
0.00000000e+00
0.00000000e+00
0.00000000e+00
0.00000000e+00
0.00000000e+00
0.00000000e+00
-4.33451634e-01
-1.30057800e-03
-2.06002828e+00
0.00000000e+00
-1.81615067e+00
-9.04061224e-01
-5.01552157e-01
-1.10142083e+00
-2.31770283e+00
0.00000000e+00
0.00000000e+00
0.00000000e+00
-2.80710946e-01
0.00000000e+00
-1.54370777e-01
-3.81310625e-01
0.00000000e+00
1.45698353e-01
-5.89981132e-01
-1.37105477e-01
6.15798159e-01
0.00000000e+00
-4.01934741e-01
-4.12813360e-01
-9.14842536e-01
-4.48186928e-02
-1.05779383e-01
-2.34948936e-01
-1.89679550e-01
0.00000000e+00
0.00000000e+00
3.64025745e-02
4.25147061e-02
0.00000000e+00
0.00000000e+00
0.00000000e+00
2.26160869e-01
0.00000000e+00
-3.25432606e-01
-9.95378004e-01
0.00000000e+00
-2.75471523e-01
3.62542942e-01
7.83573042e-02
-4.69784133e-01
0.00000000e+00
3.23771883e-01
4.99716599e-01
2.43697247e-01
0.00000000e+00
-9.98409992e-02
2.10401883e-01
-3.35372887e-02
0.00000000e+00
0.00000000e+00
1.72331280e-02
7.35425466e-01
6.43243952e-01
2.24728378e-01
4.18515574e-01
0.00000000e+00
3.47353587e-01
2.36548274e-01
5.93420905e-02
-1.41651301e-01
0.00000000e+00
0.00000000e+00
0.00000000e+00
6.42162557e-02
0.00000000e+00
1.72866473e-01
2.07797640e+00
0.00000000e+00
-6.51807590e-01
-4.40434956e-02
-6.92767288e-01
6.65405750e-01
0.00000000e+00
1.04283332e-01
-1.04139940e+00
-2.65233343e-02
0.00000000e+00
-4.49453655e-01
-9.75515638e-01
-1.10688020e-01
0.00000000e+00
0.00000000e+00
5.13923806e-01
9.21815140e-02
1.03959871e-01
-1.17783569e-02
0.00000000e+00
0.00000000e+00
0.00000000e+00
0.00000000e+00
0.00000000e+00
0.00000000e+00
0.00000000e+00
0.00000000e+00
0.00000000e+00
0.00000000e+00
0.00000000e+00
0.00000000e+00
0.00000000e+00
-2.00548205e+00
0.00000000e+00
0.00000000e+00
0.00000000e+00
-1.03505704e+00
-6.15802810e-01
1.26251207e-01
2.58508761e-01
2.94986640e-01
7.96759881e-01
5.62401763e-01
8.58103927e-02
-7.10872059e-01
0.00000000e+00
-5.99869228e-01
-4.41052578e-02
-1.22131310e+00
3.39863779e-01
2.56608593e-01
4.01714219e-01
2.92192512e-01
-8.72137091e-01
-7.70767248e-02
-2.44346482e-01
3.43835493e-02
0.00000000e+00
0.00000000e+00
0.00000000e+00
1.07705303e-01
-6.39992263e-01
-1.04490828e-03
-3.08726531e-01
-1.29297276e-01
8.18705018e-02
-5.14008802e-02
-1.50631320e-01
3.71225180e-01
0.00000000e+00
9.69978821e-02
1.65852409e-01
3.40174557e-01
1.40647360e-02
-2.27788501e-01
-2.05830563e-01
-1.66123799e-01
3.00266420e-01
1.90194938e-01
2.46867664e-01
-1.07568647e+00
-4.99781714e-01
0.00000000e+00
-4.63498778e-02
-1.87510365e-01
-3.83289594e-02
-1.98395720e-02
-4.41613183e-01
-2.12820669e-01
0.00000000e+00
0.00000000e+00
0.00000000e+00
1.01788569e-01
-7.19449582e-01
2.70294552e-01
-1.05339784e+00
2.43791012e-01
2.99420402e-01
-3.81197965e-01
1.01763067e+00
-7.19504027e-01
0.00000000e+00
-1.38678234e-01
3.24016557e-01
1.30989273e-03
-3.57916247e-01
7.93252774e-01
8.08305135e-01
1.63619162e-01
-7.75156457e-02
-2.44171543e-02
-7.64172697e-01
-5.75904760e-01
0.00000000e+00
-9.41880790e-02
-9.43369887e-02
-9.29795578e-01
-4.04279510e-01
0.00000000e+00
0.00000000e+00
-4.12620581e-01
6.66922157e-02
-3.51647592e-02
-4.35806967e-01
-5.25516067e-01
0.00000000e+00
0.00000000e+00
-6.12354712e-02
247
6.01787661e-02
0.00000000e+00
0.00000000e+00
0.00000000e+00
0.00000000e+00
0.00000000e+00
0.00000000e+00
0.00000000e+00
0.00000000e+00
0.00000000e+00
0.00000000e+00
0.00000000e+00
0.00000000e+00
0.00000000e+00
0.00000000e+00
0.00000000e+00
0.00000000e+00
0.00000000e+00
0.00000000e+00
0.00000000e+00
0.00000000e+00
0.00000000e+00
0.00000000e+00
0.00000000e+00
0.00000000e+00
0.00000000e+00
0.00000000e+00
6.01787661e-02
0.00000000e+00
2.35140481e+00
-2.29122605e+00
-2.63284180e+00
2.23644835e-01
-6.66055709e-01
6.01787661e-02
0.00000000e+00
1.77500938e+00
-1.71483061e+00
-1.19218985e-01
-8.25472187e-01
-5.18797543e-01
4.27115379e-02
2.41403843e-03
1.24680593e-01
1.82356012e-04
-1.07213365e-01
3.26473238e-01
0.00000000e+00
0.00000000e+00
0.00000000e+00
0.00000000e+00
-4.65893748e-02
-6.81938186e-02
9.10522594e-02
0.00000000e+00
0.00000000e+00
0.00000000e+00
0.00000000e+00
0.00000000e+00
4.53642552e+00
2.22799561e+00
0.00000000e+00
0.00000000e+00
0.00000000e+00
0.00000000e+00
0.00000000e+00
0.00000000e+00
1.48817599e-01
2.68425093e-02
1.65690080e-01
-8.42446143e-01
-1.34440064e+00
-2.58442275e+00
0.00000000e+00
0.00000000e+00
0.00000000e+00
0.00000000e+00
0.00000000e+00
0.00000000e+00
4.29033519e-01
-1.70270987e-01
-5.79126695e-02
-5.50369766e-01
-5.76347294e-01
-1.24194965e+00
8.10231533e+00
8.10337162e+00
8.09429290e+00
7.95486899e+00
8.00653797e+00
7.72245497e+00
6.16336379e-01
5.41114554e-01
3.71719938e-01
4.83446016e-01
2.89080235e-01
-2.20350885e-02
-7.33083288e-01
-5.53839790e-01
-7.30456383e-01
-6.37279857e-01
-7.89305005e-01
-1.11259443e+00
0.00000000e+00
0.00000000e+00
0.00000000e+00
0.00000000e+00
1.06506175e-01
-3.91266217e-01
-2.73344260e+00
0.00000000e+00
-1.27688892e+00
-4.65915229e-01
-1.09117094e+00
-1.07664591e+00
-1.74280415e+00
0.00000000e+00
0.00000000e+00
0.00000000e+00
-2.91323584e-02
0.00000000e+00
-6.73684839e-02
-4.87706965e-01
0.00000000e+00
-6.73272114e-02
-2.08008055e-01
5.77872848e-01
-1.00648717e+00
0.00000000e+00
1.13456984e-01
-3.15988649e-01
-5.48129868e-01
5.87276369e-02
-2.07198521e-01
4.03035385e-01
2.67653319e-01
0.00000000e+00
0.00000000e+00
-2.23396843e-01
-2.13510315e-01
-1.18080402e-01
-1.44829060e-01
2.67486580e-02
0.00000000e+00
-1.39448571e-01
0.00000000e+00
0.00000000e+00
0.00000000e+00
1.02701301e-01
0.00000000e+00
9.12038563e-02
2.78277871e-01
0.00000000e+00
5.72487194e-01
-1.82609853e-01
5.77208935e-02
0.00000000e+00
0.00000000e+00
2.47538080e-01
1.01128947e+00
0.00000000e+00
-7.68754034e-01
1.91589216e-01
2.31126423e-01
-2.10940800e-02
0.00000000e+00
0.00000000e+00
1.89208656e-01
-9.54299131e-02
-1.24223487e-01
2.87935744e-02
0.00000000e+00
-1.52929383e+00
0.00000000e+00
0.00000000e+00
0.00000000e+00
0.00000000e+00
-3.70485316e-01
-3.70485316e-01
0.00000000e+00
0.00000000e+00
-2.16781685e+00
0.00000000e+00
0.00000000e+00
0.00000000e+00
-5.29755859e-01
-1.87918447e+00
1.51726469e-01
5.51082892e-01
2.43626730e-02
4.88615440e-01
4.31766763e-01
3.32838961e-01
-1.50659882e-01
0.00000000e+00
-4.02732301e-01
-1.00642010e+00
-8.66182011e-01
3.98464120e-01
-3.52602365e-02
3.05439633e-01
2.72948442e-01
-5.32880745e-01
5.33985592e-01
-2.55972219e-01
-1.02244300e+00
-2.93518813e-01
0.00000000e+00
-1.14541785e-01
-3.65854457e-01
-2.52339190e-01
0.00000000e+00
0.00000000e+00
0.00000000e+00
-9.08766665e-03
6.25042033e-01
-2.47188303e-01
1.91629245e-02
-2.83294990e-01
4.99285841e-02
7.79989674e-02
-6.17776250e-01
6.68666495e-01
0.00000000e+00
3.32155396e-01
4.45747702e-01
-1.19933089e-01
8.31246300e-02
-6.64163112e-01
-5.53873877e-01
-3.78320582e-01
1.36427148e-01
-1.25935742e-01
3.08980541e-01
-7.28924183e-01
0.00000000e+00
-4.80931261e-02
2.02259854e-02
-1.14537385e+00
-7.97652126e-01
0.00000000e+00
0.00000000e+00
-4.92366002e-01
-3.47721725e-01
0.00000000e+00
-7.60418763e-01
-1.78763002e-01
3 1
3.2992e-01 -5.6502e-02
2 0
0 5 
217
-2.14400764e-01
-5.75318431e-01
3.47440997e-01
-2.67984312e-01
6.13166745e-03
-8.71012932e-03
2.34453350e-02
-1.61491094e-01
-1.18800769e-01
-1.00390244e-01
-1.93702531e-01
-1.25600488e-02
6.85255331e-02
8.14503396e-02
0.00000000e+00
0.00000000e+00
0.00000000e+00
1.80726198e-02
-6.26169031e-03
-1.11487870e-01
-2.51971835e-01
3.82518818e-03
-2.92114876e-01
1.94984516e-02
-1.06500814e-04
-3.19260092e-01
-6.74299303e-02
1.65184257e-01
-1.51925594e-01
-1.44456058e-01
-1.57734386e-02
0.00000000e+00
0.00000000e+00
0.00000000e+00
0.00000000e+00
0.00000000e+00
-1.84208552e-01
-1.73809900e-01
1.43617688e-01
0.00000000e+00
0.00000000e+00
0.00000000e+00
0.00000000e+00
0.00000000e+00
-1.84208552e-01
2.14872282e-01
-3.88682183e-01
1.43617688e-01
0.00000000e+00
0.00000000e+00
0.00000000e+00
0.00000000e+00
0.00000000e+00
0.00000000e+00
0.00000000e+00
0.00000000e+00
0.00000000e+00
0.00000000e+00
0.00000000e+00
0.00000000e+00
0.00000000e+00
0.00000000e+00
-3.01922124e-02
0.00000000e+00
-5.72890734e-01
-1.57381470e+00
2.71193052e-01
8.64658046e-01
8.72969182e-02
4.72962012e-01
0.00000000e+00
3.06637308e-02
-8.18838470e-02
-1.08876382e-01
1.85930106e-01
-1.36188112e-01
3.62437851e-01
0.00000000e+00
0.00000000e+00
0.00000000e+00
0.00000000e+00
0.00000000e+00
0.00000000e+00
0.00000000e+00
0.00000000e+00
0.00000000e+00
0.00000000e+00
0.00000000e+00
0.00000000e+00
0.00000000e+00
0.00000000e+00
0.00000000e+00
0.00000000e+00
0.00000000e+00
0.00000000e+00
0.00000000e+00
0.00000000e+00
0.00000000e+00
0.00000000e+00
0.00000000e+00
0.00000000e+00
0.00000000e+00
0.00000000e+00
0.00000000e+00
0.00000000e+00
0.00000000e+00
0.00000000e+00
0.00000000e+00
0.00000000e+00
0.00000000e+00
0.00000000e+00
0.00000000e+00
0.00000000e+00
0.00000000e+00
0.00000000e+00
0.00000000e+00
0.00000000e+00
0.00000000e+00
0.00000000e+00
6.45250991e-02
-9.24325496e-01
-6.02946683e-01
0.00000000e+00
0.00000000e+00
0.00000000e+00
5.27064647e-01
-6.82915899e-01
2.79776424e-01
-1.16838905e+00
-4.26819763e-01
5.91788234e-01
6.25116784e-02
7.34936784e-01
-8.38791102e-02
0.00000000e+00
7.84968925e-01
-1.00375483e+00
-5.45446689e-01
2.17096490e-01
-2.70456554e-02
-1.66862205e-01
3.13391524e-01
-3.95943546e-01
-1.61722185e-01
5.48297539e-01
6.99457482e-02
0.00000000e+00
0.00000000e+00
0.00000000e+00
3.94614569e-02
-3.99790835e-01
-9.28332363e-02
1.04119110e+00
-5.82663650e-01
-2.84766867e-01
3.91829351e-01
-2.36056475e-01
7.43006751e-02
0.00000000e+00
6.38907714e-02
4.14622705e-01
-3.99689643e-01
1.40148893e-01
1.50724040e-01
-1.47589181e-02
5.61776391e-02
-3.90088625e-01
3.47073504e-02
6.35400192e-02
-9.00050815e-01
0.00000000e+00
0.00000000e+00
0.00000000e+00
-1.90387527e-01
-6.14465241e-01
-2.71984101e-01
8.54917964e-01
-3.84945317e-01
3.59719148e-01
6.65116498e-01
-1.78654212e-01
-3.20259129e-01
0.00000000e+00
2.34933126e-01
-3.87437549e-01
-6.70376813e-01
1.72839308e-01
-7.64314121e-01
5.94655235e-01
6.11434622e-01
-4.63807314e-01
-1.49986944e-01
2.95155173e-03
-1.14613289e-01
0.00000000e+00
0.00000000e+00
0.00000000e+00
1.28657279e-01
-8.80353295e-01
-1.78063384e-02
-1.68992468e-01
-3.29018754e-01
3.82732463e-01
1.80900764e-01
2.64755945e-01
2.83233231e-01
0.00000000e+00
6.56151221e-02
-5.11830107e-03
-4.22578666e-01
5.51745657e-02
7.25402355e-01
1.10138787e-01
7.15734663e-03
-4.82084696e-01
-2.57071705e-03
-9.85791151e-03
136
6.20153166e-01
0.00000000e+00
0.00000000e+00
4.67038190e-02
3.45137200e-03
1.89555747e-01
5.41161135e-03
3.83893600e-01
-3.68079215e-05
4.53522476e-01
1.67483871e-01
-7.58549205e-02
2.36409821e-02
5.13607579e-02
0.00000000e+00
0.00000000e+00
0.00000000e+00
0.00000000e+00
0.00000000e+00
-2.63654068e-01
-1.42124781e-02
8.98019712e-01
0.00000000e+00
0.00000000e+00
0.00000000e+00
0.00000000e+00
0.00000000e+00
-2.63654068e-01
6.84493776e-01
-6.98706254e-01
8.98019712e-01
0.00000000e+00
0.00000000e+00
0.00000000e+00
0.00000000e+00
0.00000000e+00
0.00000000e+00
0.00000000e+00
0.00000000e+00
0.00000000e+00
0.00000000e+00
0.00000000e+00
0.00000000e+00
0.00000000e+00
0.00000000e+00
0.00000000e+00
0.00000000e+00
-9.62360322e-01
4.13471128e-01
-5.07343345e-01
-1.04410019e+00
0.00000000e+00
4.20839708e-01
-3.87694068e-01
3.51837763e-03
-1.61939412e-01
0.00000000e+00
0.00000000e+00
0.00000000e+00
0.00000000e+00
0.00000000e+00
0.00000000e+00
8.83807234e-01
0.00000000e+00
0.00000000e+00
0.00000000e+00
0.00000000e+00
0.00000000e+00
0.00000000e+00
0.00000000e+00
0.00000000e+00
0.00000000e+00
0.00000000e+00
0.00000000e+00
0.00000000e+00
0.00000000e+00
0.00000000e+00
0.00000000e+00
0.00000000e+00
0.00000000e+00
0.00000000e+00
0.00000000e+00
0.00000000e+00
0.00000000e+00
0.00000000e+00
0.00000000e+00
-3.07358240e-01
-7.92969069e-01
-9.48051453e-01
0.00000000e+00
0.00000000e+00
0.00000000e+00
7.57223164e-01
-2.72782226e+00
3.51824882e-01
-6.81005323e-01
-1.29373701e+00
4.00845547e-01
2.59454246e-01
8.15372174e-01
6.34305956e-02
0.00000000e+00
1.34369327e+00
-7.67410984e-01
-1.17032392e+00
4.96956136e-01
4.80096199e-01
4.62795947e-01
7.23779675e-01
-1.07151117e+00
-1.56018198e-01
7.64305582e-01
-1.14403009e+00
0.00000000e+00
0.00000000e+00
0.00000000e+00
3.38970632e-01
-2.59312024e+00
5.47034005e-01
8.26291675e-01
-8.91310881e-01
1.01282535e+00
6.94782084e-01
1.60362361e-01
-2.78447704e-01
0.00000000e+00
1.03523437e+00
-9.37411628e-01
-1.07667402e+00
6.42721668e-01
-6.91812378e-01
1.46363734e-01
3.64162473e-01
-1.14794563e+00
5.46271118e-02
6.49316933e-01
17 1
-1.7524e-01 1.8164e-01
3 0
0 5 3 
217
1.11185883e-01
-5.76879766e-01
-6.19537136e-03
5.38156646e-02
1.01485110e-01
-1.94024466e-02
1.15170243e-01
-1.11801256e-01
-1.00240491e-02
-1.06600129e-02
3.18799535e-02
-9.36599198e-02
-1.27325375e-01
-8.64199807e-03
0.00000000e+00
0.00000000e+00
0.00000000e+00
4.14173941e-03
-1.12851843e-02
-3.66111831e-02
-8.98893135e-02
-1.53925745e-04
-2.03718857e-01
1.96933457e-01
-2.71984555e-04
-3.22375086e-01
2.86113369e-01
2.13658786e-01
-1.81516931e-01
-2.11836296e-01
4.76695510e-03
0.00000000e+00
0.00000000e+00
0.00000000e+00
0.00000000e+00
0.00000000e+00
-2.01349305e-01
-1.34165384e-01
1.49609051e-01
2.97091520e-01
0.00000000e+00
0.00000000e+00
0.00000000e+00
0.00000000e+00
-2.01349305e-01
4.27799910e-01
-5.57891409e-01
4.02732013e-01
0.00000000e+00
-1.83091035e-02
-2.34813858e-01
2.97091520e-01
0.00000000e+00
0.00000000e+00
0.00000000e+00
0.00000000e+00
0.00000000e+00
0.00000000e+00
0.00000000e+00
0.00000000e+00
0.00000000e+00
0.00000000e+00
3.12535188e-01
0.00000000e+00
-9.98128457e-01
-1.54452384e+00
6.93762614e-01
9.28638661e-01
4.15551726e-01
5.45208367e-01
0.00000000e+00
2.04067617e-01
-1.67060082e-01
-1.65916233e-02
-7.35336132e-02
-7.62901108e-02
7.03760883e-02
0.00000000e+00
7.12912092e-02
-2.78667686e-01
-2.90301161e-02
-7.11019373e-01
6.89247896e-02
-1.94322107e-01
0.00000000e+00
0.00000000e+00
0.00000000e+00
0.00000000e+00
0.00000000e+00
0.00000000e+00
0.00000000e+00
0.00000000e+00
0.00000000e+00
0.00000000e+00
0.00000000e+00
0.00000000e+00
0.00000000e+00
0.00000000e+00
0.00000000e+00
0.00000000e+00
0.00000000e+00
0.00000000e+00
0.00000000e+00
0.00000000e+00
0.00000000e+00
0.00000000e+00
0.00000000e+00
0.00000000e+00
0.00000000e+00
0.00000000e+00
0.00000000e+00
0.00000000e+00
0.00000000e+00
0.00000000e+00
0.00000000e+00
0.00000000e+00
0.00000000e+00
0.00000000e+00
0.00000000e+00
1.91311157e-01
-7.06798252e-01
-4.21693429e-01
0.00000000e+00
0.00000000e+00
0.00000000e+00
3.01213429e-01
-5.51607042e-01
1.25421729e-02
-3.06224376e-01
-4.87880504e-01
3.26626612e-01
5.30073282e-01
1.59506922e-01
-1.81809877e-01
0.00000000e+00
9.65729217e-01
-3.66466937e-01
-6.83359377e-01
7.10584568e-02
-5.48347585e-02
-5.39634771e-01
1.76979664e-01
-2.86330432e-01
-1.57609673e-01
6.50334562e-01
-2.23148410e-02
0.00000000e+00
0.00000000e+00
0.00000000e+00
1.92633204e-01
-7.24728366e-01
-7.02520857e-02
4.74458711e-01
-5.87522832e-01
-1.20263053e-01
1.30602841e-01
3.29264289e-02
8.67375365e-02
0.00000000e+00
8.60545901e-02
3.58957419e-02
-2.86684674e-01
3.35003280e-01
7.59091680e-02
2.59717700e-01
1.77302845e-01
-2.57803867e-01
1.02943729e-01
3.47542627e-02
-6.24121824e-01
0.00000000e+00
0.00000000e+00
0.00000000e+00
-2.29119481e-01
-5.76565678e-01
2.23917936e-01
1.00044350e+00
-2.18212139e-01
5.53470151e-01
4.28283786e-01
5.12250883e-02
-4.47572347e-01
0.00000000e+00
9.12615133e-02
-4.04963139e-01
-5.85529340e-01
2.60316897e-02
-4.57067360e-02
8.99544934e-02
5.34473395e-03
-3.58244174e-01
-8.69432858e-02
-1.41198396e-01
-1.91386216e-01
0.00000000e+00
0.00000000e+00
0.00000000e+00
1.45825705e-01
-7.75257911e-01
3.24106351e-01
-1.02497911e-01
-1.43496981e-02
5.53741227e-01
1.93465611e-02
8.59322915e-02
1.84868793e-01
0.00000000e+00
1.14693470e-01
-2.31756863e-01
-4.98155988e-01
1.10927818e-01
2.98941295e-01
7.27735536e-02
1.33991589e-01
-5.02646129e-01
-1.61201356e-01
4.93309861e-02
136
4.78298991e-01
0.00000000e+00
0.00000000e+00
8.05457468e-02
4.52696750e-03
-8.24944570e-03
7.88144559e-03
4.06002690e-01
9.65480083e-05
1.35777148e-01
2.39559935e-01
7.37352525e-03
6.89298847e-02
2.66584980e-02
0.00000000e+00
0.00000000e+00
0.00000000e+00
0.00000000e+00
0.00000000e+00
-2.46788675e-01
-1.28687025e-01
2.99505272e-01
5.54269419e-01
0.00000000e+00
0.00000000e+00
0.00000000e+00
0.00000000e+00
-2.46788675e-01
4.31906966e-01
-3.75053375e-01
6.55662203e-01
-1.85540616e-01
-3.23446437e-02
-3.23812287e-01
5.54269419e-01
0.00000000e+00
0.00000000e+00
0.00000000e+00
0.00000000e+00
0.00000000e+00
0.00000000e+00
0.00000000e+00
0.00000000e+00
0.00000000e+00
0.00000000e+00
0.00000000e+00
0.00000000e+00
-1.13119495e+00
4.35957314e-01
-4.25128961e-01
-1.33908618e+00
0.00000000e+00
-3.27669691e-02
-1.96505088e-01
-7.53313302e-02
-3.90397566e-02
0.00000000e+00
4.65727119e-01
-5.43299358e-01
2.28573934e-01
-3.45948032e-01
0.00000000e+00
7.25087666e-01
0.00000000e+00
0.00000000e+00
0.00000000e+00
0.00000000e+00
0.00000000e+00
0.00000000e+00
0.00000000e+00
0.00000000e+00
0.00000000e+00
0.00000000e+00
0.00000000e+00
0.00000000e+00
0.00000000e+00
0.00000000e+00
0.00000000e+00
0.00000000e+00
0.00000000e+00
0.00000000e+00
0.00000000e+00
0.00000000e+00
0.00000000e+00
0.00000000e+00
0.00000000e+00
-3.10757234e-01
-8.48629379e-01
-8.83487197e-01
0.00000000e+00
0.00000000e+00
0.00000000e+00
6.76802821e-01
-2.17661008e+00
3.18176983e-01
-5.94098925e-02
-1.39636964e+00
2.23091489e-01
3.45737823e-01
6.45850289e-01
5.74580702e-02
0.00000000e+00
1.17593957e+00
-4.81634523e-01
-1.25939021e+00
3.73757851e-01
4.37389161e-01
2.31222387e-01
6.44916605e-01
-1.14953805e+00
-1.94971050e-01
7.04093207e-01
-1.15190345e+00
0.00000000e+00
0.00000000e+00
0.00000000e+00
3.45478489e-01
-2.52738564e+00
-5.86277438e-02
6.78586636e-01
-1.23455124e+00
5.22735205e-01
1.03802103e+00
2.42108964e-01
-4.48639275e-02
0.00000000e+00
9.69001021e-01
-6.82763298e-01
-1.16770715e+00
6.19205225e-01
-2.83446758e-01
4.80484566e-01
5.43304609e-01
-1.22830079e+00
1.13177801e-01
5.23639544e-01
12 1
-3.1047e-01 2.3914e-01
5 0
0 5 3 17 1 
217
1.31989096e-01
-3.71548476e-01
-7.82535545e-02
-8.82013338e-02
6.90361222e-02
1.11398100e-01
9.18602223e-03
-1.41600336e-01
-1.43302637e-01
-9.07945513e-03
9.17256539e-02
1.04540257e-01
1.05343935e-01
-1.10171142e-01
0.00000000e+00
0.00000000e+00
0.00000000e+00
2.27758015e-02
-1.27427020e-02
4.16537651e-01
-1.42771706e-01
1.94804213e-03
5.28591430e-02
2.51985001e-01
-1.38980199e-04
-9.51759223e-02
8.82852376e-02
1.45557192e-01
-6.83776726e-02
-2.57098797e-02
0.00000000e+00
0.00000000e+00
0.00000000e+00
0.00000000e+00
0.00000000e+00
0.00000000e+00
0.00000000e+00
-3.43527959e-01
1.08264343e-01
1.56916186e-01
1.04585084e-01
-1.19385604e-02
0.00000000e+00
0.00000000e+00
1.58611079e-01
4.04200933e-01
5.86993826e-02
8.37625221e-02
9.26631478e-02
-3.14155517e-01
4.99705174e-02
-1.31746045e-01
0.00000000e+00
9.14781019e-02
-1.04467633e+00
5.15394967e-01
0.00000000e+00
-8.74565985e-02
-2.68438833e-01
6.27233686e-01
-8.17697753e-02
4.09210758e-02
5.51477925e-02
0.00000000e+00
-1.05672295e+00
-1.60892013e+00
7.36683320e-01
9.50432048e-01
4.52028729e-01
2.83224552e-01
0.00000000e+00
2.41789232e-01
-1.64894620e-01
-6.77292166e-02
-2.39928036e-01
-4.20709197e-02
4.58864650e-02
0.00000000e+00
1.97638569e-01
-7.85409538e-02
-5.73090390e-02
-5.17331914e-01
-8.34043396e-03
-3.07809267e-01
0.00000000e+00
4.02006020e-01
1.30470725e-01
-1.63246348e-02
5.38459011e-02
-2.53692289e-01
-1.62429184e-01
5.11767318e-02
1.21661064e-01
-2.10563070e-02
-6.10254732e-02
-7.59945294e-01
2.01767737e-02
1.18220298e-01
0.00000000e+00
0.00000000e+00
0.00000000e+00
0.00000000e+00
0.00000000e+00
0.00000000e+00
0.00000000e+00
0.00000000e+00
0.00000000e+00
0.00000000e+00
0.00000000e+00
0.00000000e+00
0.00000000e+00
0.00000000e+00
0.00000000e+00
0.00000000e+00
0.00000000e+00
0.00000000e+00
0.00000000e+00
0.00000000e+00
0.00000000e+00
-6.56746705e-02
-8.57847280e-01
-4.90080573e-01
0.00000000e+00
0.00000000e+00
0.00000000e+00
2.72097391e-01
-5.96314978e-01
-7.85506323e-02
3.26829621e-01
-5.33813784e-01
3.34903378e-01
4.09749674e-01
-2.23469822e-01
-3.36695335e-01
0.00000000e+00
9.37615010e-01
-9.95554458e-01
-5.98029276e-01
4.08542877e-01
8.79892172e-02
-6.57779269e-01
2.20551828e-01
-4.22455566e-01
1.39426346e-01
8.14877206e-01
-1.04053452e-01
0.00000000e+00
0.00000000e+00
0.00000000e+00
1.66950633e-01
-6.49731952e-01
8.70428124e-02
1.15908688e-01
-6.73172840e-01
-1.22426148e-01
2.33555440e-01
2.43123556e-01
2.71341076e-01
0.00000000e+00
9.37790209e-02
4.28796309e-01
-3.76399482e-01
1.55009036e-01
3.24679629e-02
3.78019080e-01
1.15179707e-01
-2.76391064e-01
-2.30463062e-01
-9.66422267e-02
-7.81713227e-01
0.00000000e+00
0.00000000e+00
0.00000000e+00
-3.04460878e-01
-6.99687810e-01
-3.08787396e-01
9.71060120e-01
-5.12296826e-01
1.01838435e+00
4.90635039e-01
9.50482232e-02
-4.04553279e-01
0.00000000e+00
3.76316575e-02
-5.21215713e-01
-1.08125891e+00
2.20145990e-02
2.49013246e-01
6.36276949e-01
8.72929323e-02
-4.87857726e-01
-9.97225969e-02
3.07707893e-02
-1.70655982e-01
0.00000000e+00
0.00000000e+00
0.00000000e+00
1.97636311e-01
-9.21965595e-01
2.28579977e-01
-1.42494707e-01
-2.40688367e-01
2.19083615e-01
1.14920318e-01
9.70221151e-02
2.82342355e-01
0.00000000e+00
3.38472613e-01
-9.37993200e-02
-2.87618739e-01
9.87592013e-02
7.28870859e-02
8.98223697e-02
1.85216220e-01
-4.60163095e-01
-3.96009753e-02
9.09326352e-02
136
3.32710146e-01
0.00000000e+00
0.00000000e+00
2.19451383e-02
5.96648622e-03
-1.95868535e-02
5.22523339e-03
3.30351862e-01
9.97021114e-05
1.43138131e-01
1.98498903e-01
-6.23481668e-02
1.60102366e-02
3.74110423e-02
0.00000000e+00
0.00000000e+00
0.00000000e+00
0.00000000e+00
0.00000000e+00
1.13104231e-01
-6.01373850e-01
2.93412453e-02
3.64073379e-01
4.71475626e-01
-4.39104848e-02
0.00000000e+00
0.00000000e+00
-1.77583718e-01
4.53575330e-01
1.75727042e-01
2.47480894e-01
3.15933606e-02
-4.27300557e-01
-1.57334326e-02
-1.59353803e-01
-2.10800133e-01
1.39416900e-01
-7.93507224e-01
3.69728585e-01
3.04954278e-03
-3.14202163e-02
-5.47147122e-02
7.82552288e-01
0.00000000e+00
0.00000000e+00
0.00000000e+00
0.00000000e+00
-1.04196927e+00
5.73580849e-01
-2.81948171e-01
-1.36028884e+00
0.00000000e+00
-2.19469492e-01
-1.36462972e-01
-8.94901223e-02
-3.11358425e-02
0.00000000e+00
2.04037675e-01
-5.50356228e-01
2.33955473e-01
-3.77598664e-01
-2.90687949e-01
3.91968734e-01
-2.34450546e-01
4.79654876e-02
1.42213668e-01
2.15287102e-01
1.61380747e-01
-1.42544046e-01
2.16377039e-01
-1.70045558e-01
0.00000000e+00
0.00000000e+00
0.00000000e+00
0.00000000e+00
0.00000000e+00
0.00000000e+00
0.00000000e+00
0.00000000e+00
0.00000000e+00
0.00000000e+00
0.00000000e+00
0.00000000e+00
0.00000000e+00
0.00000000e+00
0.00000000e+00
-2.76357616e-01
-7.80490144e-01
-8.27542536e-01
0.00000000e+00
0.00000000e+00
0.00000000e+00
7.00800926e-01
-2.07224941e+00
2.48608363e-01
1.57923064e-02
-1.37569179e+00
2.51958004e-01
3.64845895e-01
6.35907268e-01
6.50435500e-03
0.00000000e+00
1.17162086e+00
-5.44795923e-01
-1.28437102e+00
4.16040159e-01
3.85341441e-01
2.02330749e-01
6.32737444e-01
-1.12685797e+00
-1.89631764e-01
7.33567552e-01
-1.08430003e+00
0.00000000e+00
0.00000000e+00
0.00000000e+00
2.53683209e-01
-2.24306241e+00
2.25390005e-01
6.94137134e-01
-1.05225191e+00
9.53281738e-01
9.10443399e-01
1.85227975e-01
-1.34312892e-01
0.00000000e+00
8.45805570e-01
-7.86286455e-01
-1.19102351e+00
5.68747978e-01
-2.13876386e-01
3.01343923e-01
4.38245631e-01
-1.27807829e+00
1.97329384e-02
4.18552325e-01
2 1
-1.4875e-01 2.5982e-01
6 1
0 5 3 17 1 12 
217
-2.19174526e-01
2.62179643e-01
-2.53460069e-01
-1.10046490e-01
-2.80690546e-01
2.17400104e-01
1.28584724e-01
2.77575402e-01
2.48533394e-01
1.35227496e-01
1.08208510e-01
-4.04639738e-01
0.00000000e+00
0.00000000e+00
-4.27399810e-01
1.54510257e-02
-7.87150428e-02
2.08225284e-01
4.20005287e-03
-1.88102119e-01
0.00000000e+00
0.00000000e+00
0.00000000e+00
0.00000000e+00
0.00000000e+00
0.00000000e+00
0.00000000e+00
0.00000000e+00
1.65942002e-01
-4.21973301e-02
-3.42919198e-01
0.00000000e+00
0.00000000e+00
0.00000000e+00
0.00000000e+00
0.00000000e+00
-3.29589551e-01
-3.34903188e-01
1.94459039e-01
2.37021304e-01
1.38249091e-01
7.89854252e-02
-2.03396646e-01
0.00000000e+00
6.70456883e-01
4.75806703e-01
1.17921878e-01
-2.44104338e-01
4.03485556e-01
-3.96333573e-01
-3.00314362e-01
-3.94087049e-01
0.00000000e+00
3.38645648e-01
-4.44548832e-01
3.23750429e-01
0.00000000e+00
8.94763063e-02
3.72841783e-01
6.43787416e-01
-1.24081363e-01
3.25571759e-01
-9.10753716e-02
0.00000000e+00
-1.05611607e+00
-7.89472718e-01
3.99233528e-01
9.43619140e-01
4.37708013e-01
6.92446611e-01
0.00000000e+00
-2.94421450e-01
-1.70758575e-01
8.35360070e-02
-8.48304733e-02
-8.28908281e-03
-4.12603372e-02
0.00000000e+00
-1.95185360e-01
-2.09998441e-01
1.39604003e-01
-6.84626056e-01
-1.63593169e-01
-5.00305149e-01
0.00000000e+00
3.32831697e-01
9.19561855e-03
-2.08619545e-01
-2.15943682e-01
-3.43386678e-01
2.02693187e-01
0.00000000e+00
-4.20664922e-01
-2.41060209e-01
-1.24453837e-01
-8.30420482e-01
3.25944233e-01
-8.83594619e-02
0.00000000e+00
-1.74113469e-01
-2.04278256e-03
2.80310400e-02
-2.52444673e-01
-7.30920971e-02
-2.28010254e-01
0.00000000e+00
0.00000000e+00
0.00000000e+00
0.00000000e+00
0.00000000e+00
0.00000000e+00
0.00000000e+00
0.00000000e+00
0.00000000e+00
0.00000000e+00
0.00000000e+00
0.00000000e+00
0.00000000e+00
0.00000000e+00
-1.02117990e-01
-6.67937226e-01
-3.50048697e-01
0.00000000e+00
0.00000000e+00
0.00000000e+00
4.67552356e-01
-1.05872028e+00
-2.20299119e-01
2.50250596e-01
-1.47480820e+00
3.22880042e-01
3.77758493e-01
7.51420947e-01
8.33286917e-01
0.00000000e+00
8.78382996e-01
4.79546926e-01
-1.84895288e+00
8.41185399e-02
3.07854432e-01
5.37608447e-01
3.40007868e-01
-9.86834279e-01
-6.33497891e-01
2.42395390e-01
-2.64768646e-01
0.00000000e+00
0.00000000e+00
0.00000000e+00
3.86251468e-01
-1.45351178e+00
1.84165526e-01
-1.68550347e-02
-7.16310155e-02
1.35320921e-01
1.96594085e-01
2.67076262e-02
-3.92353760e-01
0.00000000e+00
3.43261053e-01
-1.22844873e+00
1.68949439e-01
2.00409144e-01
2.36245040e-01
7.98975837e-02
2.36741679e-01
-1.64879118e-01
3.08839186e-01
5.59528046e-01
-7.55043745e-01
0.00000000e+00
0.00000000e+00
0.00000000e+00
-3.68364231e-01
-1.20678719e+00
1.31944356e-01
5.12112652e-01
-1.07537174e+00
1.27013742e+00
6.11808508e-01
2.98862507e-03
3.96079762e-01
0.00000000e+00
6.56509563e-01
-7.44076168e-01
-1.39736444e+00
8.02664305e-01
1.07932992e-01
4.28649259e-01
8.33072073e-02
-8.22790008e-01
-3.43793510e-01
1.99368898e-01
-1.56506873e-01
0.00000000e+00
0.00000000e+00
0.00000000e+00
4.56159663e-01
-1.35089546e+00
-1.40272261e-01
1.18652781e-01
4.45911854e-01
-3.26691743e-01
7.46011441e-02
8.66875348e-02
-5.85419563e-01
0.00000000e+00
1.55735839e-01
1.15074196e-02
2.69645997e-01
-5.91388344e-02
-2.21916778e-01
4.87033561e-02
1.73416190e-01
1.07002492e-01
4.86833052e-01
9.29704504e-02
136
8.09632936e-01
3.83902025e-01
7.07549476e-04
4.25730912e-01
-3.46859110e-04
0.00000000e+00
0.00000000e+00
0.00000000e+00
0.00000000e+00
0.00000000e+00
0.00000000e+00
2.89740356e-01
2.15764416e-01
1.99796628e-01
0.00000000e+00
0.00000000e+00
0.00000000e+00
0.00000000e+00
0.00000000e+00
3.45549587e-01
-1.03907005e+00
-2.27352578e-01
2.54229131e-01
4.62752340e-01
5.68798490e-01
4.44726014e-01
0.00000000e+00
-3.11643417e-01
5.87206101e-01
3.17904383e-02
5.07683260e-01
-3.78138881e-01
-1.98809844e-01
-3.44445740e-01
1.70197652e-01
-7.00207630e-01
3.82049923e-01
-1.04279281e+00
8.64466834e-01
0.00000000e+00
3.47774167e-02
-3.28467568e-02
1.32300326e+00
0.00000000e+00
0.00000000e+00
0.00000000e+00
0.00000000e+00
-2.86094167e+00
2.85299534e-01
-7.24618823e-01
-8.76524388e-01
0.00000000e+00
-6.67423202e-01
-1.83174490e-01
-2.03289296e-01
-9.67399367e-02
0.00000000e+00
3.18552696e-01
-4.51916825e-01
2.22764746e-01
-3.45963005e-01
1.33600286e-01
5.65948036e-01
-3.58735289e-01
7.33120032e-02
9.68769589e-02
0.00000000e+00
8.49904446e-01
-5.12675808e-02
3.45202871e-01
-2.59873761e-01
0.00000000e+00
5.23842087e-01
-2.42218171e-01
1.08024523e-01
-1.26111141e-01
0.00000000e+00
0.00000000e+00
0.00000000e+00
0.00000000e+00
0.00000000e+00
0.00000000e+00
0.00000000e+00
0.00000000e+00
0.00000000e+00
0.00000000e+00
4.56520407e-02
-4.25438124e-01
-7.69147828e-01
0.00000000e+00
0.00000000e+00
0.00000000e+00
7.42896869e-01
-2.88034611e+00
4.66378092e-01
-8.43905631e-02
-1.21273314e+00
6.20757721e-01
2.83353626e-01
9.60413822e-01
-7.97192074e-02
0.00000000e+00
8.77348790e-01
-8.23240429e-01
-1.28280674e+00
3.40724399e-01
9.06754419e-01
8.32800687e-01
6.78793667e-01
-1.46176962e+00
-1.66804987e-01
5.12440882e-01
-9.70522785e-01
0.00000000e+00
0.00000000e+00
0.00000000e+00
1.65139843e-01
-2.40695968e+00
1.73887813e-01
8.31173946e-01
-8.92507462e-01
9.37838041e-01
9.61316684e-01
1.38683833e-01
4.50162603e-03
0.00000000e+00
7.69387262e-01
-8.72826129e-01
-1.23795099e+00
5.93720129e-01
-2.85696122e-01
3.29137768e-01
4.31932036e-01
-1.04793368e+00
7.56950960e-02
3.60937206e-01
21 1
-5.2569e-01 2.9606e-01
7 0
0 5 3 17 1 12 2 
217
1.37255055e-01
-3.70375251e-01
-4.50309517e-02
2.06898851e-03
1.47106780e-01
-1.87648971e-01
-4.91228941e-03
-2.62933002e-01
-1.83760392e-01
1.32393123e-01
1.68540780e-01
1.25445939e-01
1.02801763e-02
-1.17197431e-02
0.00000000e+00
0.00000000e+00
0.00000000e+00
6.94668761e-03
-4.43103495e-03
3.41079330e-02
-1.04254886e-01
-5.38715117e-03
1.15748127e-01
2.34563254e-01
-1.51209674e-04
-1.80008741e-01
1.91976666e-01
1.50337578e-01
-1.67461098e-01
3.90567458e-02
0.00000000e+00
0.00000000e+00
0.00000000e+00
0.00000000e+00
0.00000000e+00
0.00000000e+00
0.00000000e+00
-1.93401258e-01
-1.32202182e-01
5.50829160e-03
2.33310200e-01
2.17614083e-01
1.40279845e-01
-1.42623128e-01
1.03603328e-01
1.14355434e-01
-2.02853094e-01
2.76140179e-01
7.36163159e-02
-1.81058391e-01
2.34088330e-01
-5.23940299e-02
0.00000000e+00
3.64041874e-01
-7.74628573e-01
4.03025991e-01
0.00000000e+00
-3.04982551e-02
-3.19542481e-01
3.85676855e-01
-2.03654296e-01
1.01464083e-01
2.30676063e-01
0.00000000e+00
-1.14203460e+00
-1.48255659e+00
7.48233602e-01
1.07212940e+00
5.31056056e-01
4.51137014e-01
0.00000000e+00
1.87741879e-01
-2.81809713e-01
8.57501404e-02
-1.62555308e-01
-1.36236964e-01
-2.50974534e-01
0.00000000e+00
5.91424819e-02
-2.83525017e-01
-3.63548650e-02
-4.98859687e-01
1.14467439e-01
-9.31271869e-02
0.00000000e+00
3.65498072e-01
1.06936219e-01
-6.24446021e-02
-5.91100138e-02
-1.65798415e-01
-5.60014394e-02
-1.53437363e-02
-4.96937207e-02
6.31621421e-02
8.15412553e-03
-6.19594920e-01
1.94138387e-01
5.17744387e-02
0.00000000e+00
2.76634114e-01
-1.02677521e-01
-7.12223783e-02
1.60272403e-01
-6.81566804e-02
-3.42251698e-02
2.98688585e-02
-1.74375599e-01
2.47130263e-01
-9.08254459e-03
-2.09485594e-01
2.90844341e-01
5.85467381e-02
0.00000000e+00
0.00000000e+00
0.00000000e+00
0.00000000e+00
0.00000000e+00
0.00000000e+00
0.00000000e+00
2.99214039e-02
-8.48535972e-01
-5.18011003e-01
0.00000000e+00
0.00000000e+00
0.00000000e+00
4.10831711e-01
-6.76444075e-01
-8.98152954e-02
4.60286966e-03
-3.57713443e-01
2.13452621e-01
2.56100704e-01
-6.28254895e-02
-4.67083444e-01
0.00000000e+00
1.00433854e+00
-6.35972632e-01
-5.46620153e-01
2.31203620e-01
-1.38575726e-01
-2.22019156e-01
4.17825884e-01
-3.24271318e-01
-1.83605543e-02
4.83334337e-01
-6.44795077e-02
0.00000000e+00
0.00000000e+00
0.00000000e+00
1.63008226e-01
-8.54787563e-01
1.26802722e-01
8.46202078e-02
-6.67311452e-01
3.74192539e-02
2.48047041e-01
2.20422421e-01
1.42505118e-01
0.00000000e+00
7.16224589e-02
1.92016630e-01
-4.47996460e-01
2.82969488e-01
3.23352705e-02
2.86972996e-01
1.77555149e-01
-2.61275178e-01
-3.50718403e-02
1.35666005e-01
-8.32973065e-01
0.00000000e+00
0.00000000e+00
0.00000000e+00
-3.46685858e-01
-6.58512368e-01
5.06241055e-01
5.61952074e-01
-3.75159909e-01
9.02659778e-01
2.75979360e-01
-1.14624783e-01
-5.67013602e-01
0.00000000e+00
2.46981514e-01
-3.04799104e-01
-6.94634380e-01
9.61268957e-02
7.27644173e-02
3.49305811e-01
-1.58275586e-02
-3.96022463e-01
-2.58520031e-01
-1.13183913e-01
-1.71886604e-01
0.00000000e+00
0.00000000e+00
0.00000000e+00
3.21021073e-01
-1.01744362e+00
8.70618209e-02
-3.86816240e-02
-1.56013972e-01
2.20332656e-01
1.44865068e-01
2.03611693e-01
3.40537996e-01
0.00000000e+00
2.27066215e-01
-1.86889712e-01
-4.96195313e-01
3.64403568e-02
1.04581322e-01
1.32135051e-01
2.95008244e-01
-4.94893386e-01
-8.82401465e-02
1.93809669e-01
136
3.34449946e-01
0.00000000e+00
0.00000000e+00
4.33621993e-02
2.67113027e-03
-6.08784792e-02
6.91164385e-03
3.51966225e-01
-2.89428665e-05
1.20205062e-01
1.80120379e-01
-7.20618154e-02
4.56070844e-02
6.05792360e-02
0.00000000e+00
0.00000000e+00
0.00000000e+00
0.00000000e+00
0.00000000e+00
1.34484330e-01
-4.18814090e-01
-1.09819891e-01
1.18003903e-01
2.04991232e-01
2.29620821e-01
1.60682949e-01
1.53006908e-02
-2.19667943e-01
3.55768311e-01
-3.70806374e-02
3.97091574e-01
-8.28151963e-02
-2.89508011e-01
-5.47112565e-02
-5.81242945e-02
-2.25695587e-01
1.54756630e-01
-7.29521801e-01
4.56524812e-01
0.00000000e+00
-3.08711977e-02
4.66092327e-02
6.78166671e-01
0.00000000e+00
0.00000000e+00
0.00000000e+00
0.00000000e+00
-1.32935455e+00
5.07088516e-01
-3.38833238e-01
-1.28576198e+00
0.00000000e+00
-3.64504355e-01
-1.15345330e-01
-1.07801988e-01
-3.91363549e-02
0.00000000e+00
1.52175360e-01
-4.93770204e-01
2.39707231e-01
-2.88683434e-01
-3.75881510e-01
3.76528060e-01
-1.50107259e-01
5.20981637e-02
1.39120596e-01
2.21087933e-01
2.32745894e-01
-1.65799496e-01
2.14262386e-01
-2.74409671e-01
0.00000000e+00
2.39260304e-01
-1.90134634e-01
6.97502489e-02
-9.01936935e-02
2.60299577e-01
1.63657507e-01
-3.09018611e-01
1.75342456e-01
-1.22500963e-01
0.00000000e+00
0.00000000e+00
0.00000000e+00
0.00000000e+00
0.00000000e+00
-2.71361593e-01
-8.14584858e-01
-8.41826318e-01
0.00000000e+00
0.00000000e+00
0.00000000e+00
6.67159378e-01
-2.12171395e+00
2.16382401e-01
5.66064972e-02
-1.38040459e+00
1.99574666e-01
4.09059347e-01
6.23313578e-01
2.62959931e-02
0.00000000e+00
1.15192229e+00
-4.69629489e-01
-1.27129853e+00
4.29118999e-01
4.11212088e-01
1.84440983e-01
6.25871807e-01
-1.15915800e+00
-1.70966204e-01
7.30386412e-01
-1.10801862e+00
0.00000000e+00
0.00000000e+00
0.00000000e+00
2.84362265e-01
-2.40692412e+00
9.29720926e-02
7.23519489e-01
-1.02359323e+00
9.49893301e-01
9.29097031e-01
2.34457479e-01
-1.54651192e-01
0.00000000e+00
8.45010654e-01
-7.58020297e-01
-1.23579956e+00
5.84880862e-01
-1.96020002e-01
3.92617027e-01
4.43765443e-01
-1.31264462e+00
5.23517485e-02
4.46707006e-01
7 1
-3.7694e-01 3.5069e-01
8 1
0 5 3 17 1 12 2 21 
217
-5.69986347e-02
2.60253470e-01
-4.15773782e-01
9.02464392e-03
-1.42865995e-01
4.90042501e-02
-1.25542327e-01
3.34338168e-01
9.84803514e-02
-6.48403083e-01
-5.37966441e-01
-4.76138165e-01
6.50895776e-01
2.00760987e-01
-2.07609354e-01
2.25903622e-03
4.06956243e-01
1.50610719e-01
4.28784292e-03
1.13708073e-01
0.00000000e+00
0.00000000e+00
0.00000000e+00
0.00000000e+00
0.00000000e+00
0.00000000e+00
0.00000000e+00
0.00000000e+00
-1.76506644e-01
4.12784616e-04
-2.39822591e-01
0.00000000e+00
0.00000000e+00
0.00000000e+00
0.00000000e+00
0.00000000e+00
3.44261569e-01
-5.97036984e-01
-3.06475423e-01
-3.56360992e-02
1.63453435e-02
8.97162873e-02
4.54609330e-02
3.86365740e-01
1.87468691e-01
1.51481716e-01
2.89911277e-01
-1.95493629e-01
4.17576076e-01
-1.96666186e-01
1.24118104e-01
-2.95178363e-01
0.00000000e+00
1.51905725e-01
-4.07648486e-01
4.33352433e-01
0.00000000e+00
1.21381989e-01
0.00000000e+00
5.57433562e-01
-5.53465321e-01
6.02104799e-02
9.19946379e-02
0.00000000e+00
-7.85215881e-01
-1.18127900e+00
3.54789104e-01
8.98783789e-01
3.73428142e-01
9.50817684e-01
0.00000000e+00
-5.34022987e-02
-3.30423639e-02
1.46754884e-01
1.69027675e-02
-1.50351220e-01
-3.73578941e-01
0.00000000e+00
1.08755612e-01
-4.65130180e-02
4.80272190e-02
-7.07197704e-01
-2.13781466e-01
-3.14723135e-01
0.00000000e+00
4.83217686e-01
-3.71902604e-02
-1.32890554e-01
-2.37933104e-01
-4.07325766e-01
-2.35986606e-01
0.00000000e+00
-4.48990622e-01
-2.59047826e-01
2.93042536e-01
-7.37184257e-01
9.89494515e-02
-4.35705610e-01
0.00000000e+00
1.68001783e-01
2.97271924e-03
-7.94087433e-03
-9.88785084e-02
-2.17059544e-01
-1.44457496e-01
2.11218864e-01
-2.89868593e-01
-2.39331188e-01
2.10016420e-01
-1.17387464e+00
-1.88365326e-01
-3.03624652e-01
0.00000000e+00
-3.44333917e-02
-4.24582447e-02
2.64253846e-02
-2.02125379e-01
-4.89906276e-02
-3.04548703e-01
3.76711870e-02
-2.62769390e-01
-2.63145070e-01
0.00000000e+00
0.00000000e+00
0.00000000e+00
4.33627152e-01
-6.80626374e-01
2.86707706e-01
-7.27774357e-02
-1.80558113e+00
3.82490265e-01
-1.50077833e-01
2.56574475e-01
5.88266625e-01
0.00000000e+00
1.00936298e+00
-1.84174388e-01
-1.31966487e+00
6.57485992e-01
8.28459535e-01
4.81714710e-01
7.11241987e-01
-2.05970689e+00
-5.64554098e-01
9.38086533e-01
-3.97371928e-01
0.00000000e+00
0.00000000e+00
0.00000000e+00
4.42361034e-01
-1.69683470e+00
3.59020152e-01
2.46466181e-01
-2.32291040e-01
3.40259548e-01
5.67838806e-01
3.63638314e-01
-5.77405292e-01
0.00000000e+00
2.77986578e-01
-9.07182420e-01
-7.61730155e-02
-2.72819499e-01
-1.31145033e-01
1.58827196e-01
-1.14246973e-01
5.28125295e-01
3.96244644e-01
-7.00417008e-02
-5.08839457e-01
0.00000000e+00
0.00000000e+00
0.00000000e+00
1.19103251e-01
-7.66316950e-01
-4.42151547e-01
9.12278325e-02
-5.14297984e-01
8.31357598e-01
8.25523014e-01
-1.56712941e-01
8.88460612e-02
0.00000000e+00
8.07934208e-01
-4.17436319e-01
-1.76323949e+00
9.39030760e-01
-7.58577826e-02
2.05541518e-01
-2.56898964e-01
-3.21554331e-01
7.57224911e-02
2.21340115e-01
-2.21185154e-01
0.00000000e+00
0.00000000e+00
0.00000000e+00
7.78320088e-02
-1.57183822e+00
4.12371335e-01
2.06844273e-01
1.17127648e-01
-1.61373625e-01
-1.00852414e-01
2.43266016e-01
-6.22723929e-01
0.00000000e+00
7.24696293e-02
1.60327717e-02
5.33243615e-01
-8.31547607e-02
-3.95283922e-02
2.32523894e-01
4.11561479e-01
-3.35793027e-01
3.02019084e-01
6.87874593e-02
136
7.67194274e-01
3.38360679e-01
3.50830705e-03
4.28833594e-01
6.50943910e-05
0.00000000e+00
0.00000000e+00
0.00000000e+00
0.00000000e+00
0.00000000e+00
0.00000000e+00
2.02159568e-01
2.33098069e-01
2.23649178e-01
0.00000000e+00
0.00000000e+00
0.00000000e+00
0.00000000e+00
0.00000000e+00
0.00000000e+00
-5.67299661e-01
-1.52569282e-01
1.29990015e-01
2.29972947e-01
3.23483876e-01
3.75532985e-01
4.28083394e-01
-4.88817745e-01
4.35363330e-01
-1.32051967e-01
5.66134802e-01
-4.70372643e-01
-1.17565943e-01
-1.68901275e-01
1.56792058e-01
-7.37128725e-01
4.86971257e-01
-8.86455375e-01
9.11636390e-01
0.00000000e+00
1.48618889e-01
1.24326671e-01
1.26482543e+00
0.00000000e+00
0.00000000e+00
0.00000000e+00
0.00000000e+00
-3.08558194e+00
3.10010768e-01
-7.46823708e-01
-6.40022774e-01
0.00000000e+00
-1.06911246e+00
-2.82819321e-01
-2.09522370e-01
-1.15236951e-01
0.00000000e+00
1.55651966e-01
-4.63499478e-01
2.44145212e-01
-3.77834753e-01
5.55228091e-03
5.59887864e-02
-3.19433748e-01
-4.15945563e-02
1.29119493e-01
0.00000000e+00
1.11430483e+00
-2.23130338e-02
3.39516550e-01
-3.47548448e-01
0.00000000e+00
5.51671769e-01
-1.66663429e-01
1.56027146e-01
-4.28118133e-02
6.84613239e-01
5.19686932e-01
-1.56769152e-01
1.93096076e-01
-1.13873192e-01
0.00000000e+00
4.99384775e-01
-2.02284428e-01
1.86320713e-01
-7.81502358e-02
6.06882836e-02
-5.54310473e-01
-7.86634466e-01
0.00000000e+00
0.00000000e+00
0.00000000e+00
7.22883959e-01
-2.97923528e+00
2.94517887e-01
-1.13782378e-01
-1.15820271e+00
6.02252490e-01
3.28492215e-01
9.59922191e-01
4.85795939e-02
0.00000000e+00
8.82895342e-01
-7.71351315e-01
-1.41206569e+00
3.95692610e-01
9.53343897e-01
8.60069175e-01
7.40674435e-01
-1.42417361e+00
-2.38963622e-01
5.21816339e-01
-1.04678236e+00
0.00000000e+00
0.00000000e+00
0.00000000e+00
1.79757629e-01
-2.57378639e+00
1.75913319e-01
8.59334326e-01
-8.65442318e-01
9.28927027e-01
9.11213252e-01
1.67524088e-01
-1.21060026e-02
0.00000000e+00
8.27895110e-01
-9.65008921e-01
-1.23368020e+00
5.60916853e-01
-2.85843054e-01
3.56154254e-01
4.43877480e-01
-9.96544718e-01
8.98846358e-02
3.84231274e-01
11 1
-7.7490e-01 4.1519e-01
8 1
0 5 3 17 1 12 2 21 
217
-4.95168986e-02
1.35767064e-01
-3.49819065e-01
6.06005378e-02
-2.99876539e-01
2.01125359e-01
-2.80512442e-01
5.37604946e-01
3.57889252e-01
6.40685982e-02
2.43454360e-01
5.33663432e-01
0.00000000e+00
0.00000000e+00
-1.70574206e-02
-2.41392407e-03
9.71637531e-01
-3.24594780e-02
4.09073639e-03
8.53843330e-01
0.00000000e+00
0.00000000e+00
0.00000000e+00
0.00000000e+00
0.00000000e+00
0.00000000e+00
0.00000000e+00
0.00000000e+00
0.00000000e+00
8.03459100e-01
-1.27655868e+00
0.00000000e+00
0.00000000e+00
0.00000000e+00
0.00000000e+00
0.00000000e+00
5.21659956e-01
-1.00788044e+00
-5.12081377e-01
7.37770547e-02
2.14100779e-01
-2.67849649e-02
6.87120626e-01
5.71466400e-04
1.03205180e-01
7.29073059e-01
7.77690362e-02
-4.71268308e-03
7.36591277e-01
-2.92133898e-01
-1.91289905e-01
-6.01389802e-01
0.00000000e+00
2.36970457e-01
-2.74202798e-01
2.21474258e-01
0.00000000e+00
-1.60420737e-01
0.00000000e+00
6.36143080e-01
-7.28300343e-01
3.19617519e-01
-1.62494031e-01
0.00000000e+00
-8.14520633e-01
-1.41907750e+00
5.35954636e-01
9.93913022e-01
2.29049099e-01
7.55460288e-01
0.00000000e+00
-7.03490691e-01
-1.91117888e-01
-8.35537038e-02
-1.26196292e-01
7.37527496e-01
1.08549147e+00
0.00000000e+00
-2.46428408e-01
-4.76338189e-01
5.53932459e-01
-7.27931484e-01
-3.57020949e-01
-1.01995660e+00
0.00000000e+00
5.57112263e-01
4.55731431e-02
-2.11501387e-01
-2.40839252e-01
-3.95127775e-01
1.72053326e-01
0.00000000e+00
-6.59211252e-01
-1.11737929e+00
3.90785303e-01
-6.50608894e-01
2.18909051e-01
4.14549916e-01
0.00000000e+00
2.76988846e-01
-9.17152224e-03
1.00709395e-01
-2.25204138e-01
-4.27215140e-01
-5.16489305e-01
0.00000000e+00
-3.74388966e-01
-5.30723873e-01
6.56379739e-02
-7.04390313e-01
2.59234094e-01
4.32073001e-01
0.00000000e+00
-3.76928668e-01
9.45448051e-02
-5.33196393e-02
-4.45625823e-01
3.80731409e-01
9.31102385e-01
-1.77742832e-02
-7.79623772e-01
-1.67030438e+00
0.00000000e+00
0.00000000e+00
0.00000000e+00
1.82801999e+00
-2.85219615e-01
1.73465827e+00
1.23086809e+00
4.97181503e-01
1.31703272e+00
1.82666199e+00
2.14954635e+00
2.06444806e+00
0.00000000e+00
2.51238566e+00
9.54204062e-01
-1.60618976e+00
1.24607255e+00
1.76761068e+00
1.87333122e+00
1.89617045e+00
-2.08955654e-01
9.69066965e-01
2.08828521e+00
-1.47894512e+00
0.00000000e+00
0.00000000e+00
0.00000000e+00
1.50357214e+00
-2.90714887e-01
1.30630931e+00
9.74582883e-01
8.88811883e-01
1.54052908e+00
1.07327749e+00
1.24794261e+00
6.34658070e-01
0.00000000e+00
1.25289520e+00
6.63751016e-02
1.95067631e+00
1.71666156e+00
6.05466345e-01
8.24623987e-01
8.89464188e-01
1.25489219e+00
1.32086091e+00
1.17188694e+00
-1.41532930e+00
0.00000000e+00
0.00000000e+00
0.00000000e+00
7.56663302e-01
-7.18684250e-01
6.24061154e-01
1.27699222e+00
8.69421193e-01
1.00586221e+00
1.03871881e+00
1.18291037e+00
2.05906820e+00
0.00000000e+00
1.28803669e+00
1.63019425e-01
-9.62052719e-02
1.36605801e+00
6.09065280e-01
8.45692640e-01
1.11162558e+00
9.82693482e-02
1.07033490e+00
3.58823778e-01
-1.35558160e+00
0.00000000e+00
0.00000000e+00
0.00000000e+00
1.15655114e+00
-5.38400659e-01
1.03404248e+00
1.01646670e+00
5.35168664e-01
1.14237814e+00
1.38600886e+00
8.76660116e-01
-6.07416241e-01
0.00000000e+00
1.32037266e+00
6.77605699e-01
1.05092232e+00
9.50687419e-01
9.38399063e-01
1.29886598e+00
8.91777766e-01
2.78341447e-01
1.05804640e+00
1.37860954e+00
136
5.98663193e-01
3.31673316e-01
3.57897616e-04
2.66989877e-01
1.55446668e-03
0.00000000e+00
0.00000000e+00
0.00000000e+00
0.00000000e+00
0.00000000e+00
0.00000000e+00
0.00000000e+00
3.32433574e-01
5.01716570e-01
0.00000000e+00
0.00000000e+00
0.00000000e+00
0.00000000e+00
0.00000000e+00
3.52823688e-01
-8.75494083e-01
-3.46400854e-01
2.64908494e-02
1.59950000e-01
2.22406541e-01
4.27170451e-01
6.31716601e-01
-6.63043201e-01
3.46359712e-01
-7.43980912e-02
6.19008285e-01
-6.30930043e-01
-2.37009721e-01
-1.35582123e-01
1.60514390e-01
-9.26277411e-01
4.70511937e-01
-6.29278644e-01
1.10387268e+00
0.00000000e+00
3.05843192e-01
-3.15733216e-02
1.24470740e+00
0.00000000e+00
0.00000000e+00
0.00000000e+00
0.00000000e+00
-3.41514467e+00
2.27163530e-01
-8.15976379e-01
-6.64966144e-01
0.00000000e+00
-1.65860738e+00
-3.54338344e-01
-3.81493529e-01
-6.33571226e-02
0.00000000e+00
2.46755262e-01
-4.32413076e-01
2.32018012e-01
-2.26992707e-01
3.01387608e-01
2.44133186e-01
-3.31132807e-01
-2.90508079e-02
1.22846201e-01
0.00000000e+00
1.90915123e+00
3.80775176e-02
5.19191764e-01
-2.61708828e-01
0.00000000e+00
2.88430744e-01
-1.83716326e-01
8.14148577e-02
-9.32671985e-02
0.00000000e+00
8.88236928e-01
-2.86770695e-01
3.11308157e-01
-4.70898091e-02
0.00000000e+00
4.62310249e-01
-1.32471053e-01
1.43849011e-01
-5.98962410e-02
1.38311516e-01
-4.53550067e-01
-6.90573943e-01
0.00000000e+00
0.00000000e+00
0.00000000e+00
7.34807393e-01
-2.56672237e+00
3.18865045e-01
-1.38175618e-01
-1.16830900e+00
6.20591740e-01
3.14463259e-01
9.20641129e-01
-9.61271047e-02
0.00000000e+00
8.72994244e-01
-7.82245232e-01
-1.39483208e+00
3.16649412e-01
9.14997212e-01
9.01045832e-01
7.31593892e-01
-1.39813488e+00
-3.41182870e-01
5.48506048e-01
-9.84854545e-01
0.00000000e+00
0.00000000e+00
0.00000000e+00
1.47803117e-01
-2.45118786e+00
6.42888415e-02
7.91482718e-01
-7.97421327e-01
9.07080340e-01
9.13027458e-01
1.36556346e-01
2.28241763e-02
0.00000000e+00
8.17463372e-01
-8.55756307e-01
-1.31330120e+00
6.17064998e-01
-3.22276123e-01
3.22609689e-01
4.20668290e-01
-9.21343194e-01
2.26004953e-01
2.89557171e-01
10 1
-6.8848e-01 4.2418e-01
8 1
0 5 3 17 1 12 2 21 
217
-3.59397796e-01
1.79719365e-01
4.83051318e-01
-2.07177502e-01
-1.55349849e-01
1.12910919e-01
-3.47474202e-01
2.75942543e-01
-3.26769392e-01
2.05333794e-01
0.00000000e+00
0.00000000e+00
0.00000000e+00
0.00000000e+00
-3.20111923e-01
2.93326051e-03
4.67983554e-01
-3.92858729e-02
2.20394600e-03
3.35613852e-01
0.00000000e+00
0.00000000e+00
0.00000000e+00
0.00000000e+00
0.00000000e+00
0.00000000e+00
0.00000000e+00
0.00000000e+00
-4.77052327e-01
-1.75929871e-01
2.93584401e-01
0.00000000e+00
0.00000000e+00
0.00000000e+00
0.00000000e+00
0.00000000e+00
0.00000000e+00
-1.30449674e+00
-7.88120991e-01
-3.21428327e-01
-1.16211684e-01
3.59351578e-02
1.41974136e-01
4.21644127e-01
-5.25666136e-01
7.36387314e-01
3.33146034e-01
1.96685013e-01
8.34054099e-01
-5.01206165e-01
-3.57593709e-01
-7.32646611e-01
0.00000000e+00
5.05075994e-01
-3.17728159e-01
3.74193495e-01
0.00000000e+00
-1.18148242e-01
6.97327095e-01
-2.95185610e-01
-1.43122046e+00
3.43985617e-01
-8.43469481e-01
0.00000000e+00
-5.24552985e-01
-5.57099769e-01
2.29539971e-02
1.06630249e+00
1.42201192e-01
4.12381913e-01
0.00000000e+00
-2.57595345e-01
-9.61060627e-02
-1.95193130e-01
6.55035982e-02
9.33906791e-02
-1.50427531e-01
0.00000000e+00
-7.99453098e-01
4.70288756e-02
4.51881397e-02
-8.21755465e-01
3.94867162e-01
5.17040519e-01
0.00000000e+00
-1.68401609e-02
-9.56035971e-03
-2.74270045e-01
-2.25776999e-01
-6.82875909e-02
6.40347124e-01
0.00000000e+00
-4.38928270e-01
1.13953042e-01
-8.58892301e-02
-5.73179414e-01
1.65419704e-01
2.86460831e-01
0.00000000e+00
-5.77127632e-02
9.51822864e-02
-2.11754847e-01
8.49234868e-02
-8.99301864e-02
-1.46926428e-01
0.00000000e+00
-1.89358726e-01
-9.09157717e-02
4.54916466e-03
-6.27509631e-01
-1.74588235e-01
-8.55354609e-01
0.00000000e+00
-3.25554922e-01
-2.85389168e-01
-1.63022849e-01
-5.20149948e-01
1.29179975e-01
1.05251727e-01
-2.08708671e-01
-5.37957426e-01
-6.61146651e-01
0.00000000e+00
0.00000000e+00
0.00000000e+00
7.39055223e-01
-1.04853169e+00
5.65814642e-01
-1.44981638e-01
-1.92427398e+00
1.04503356e+00
8.24524727e-02
9.52473986e-01
5.36549100e-01
0.00000000e+00
9.96061178e-01
-1.72394554e-01
-2.29186090e+00
-1.59788621e-01
1.45871572e+00
5.41670371e-01
4.04804972e-01
-1.74295524e+00
-7.30880336e-01
2.31889076e-01
-9.47977552e-02
0.00000000e+00
0.00000000e+00
0.00000000e+00
6.57352274e-02
-1.37672102e+00
8.24969677e-02
2.83488249e-01
2.15356222e-01
-1.80398010e-01
3.37889333e-01
-8.84801304e-02
-7.99490586e-01
0.00000000e+00
1.08596529e-01
-5.17801767e-01
6.26040356e-01
2.98253038e-01
-8.20819169e-01
4.22781953e-01
3.32035525e-01
2.59972703e-01
2.31252879e-01
4.25013951e-01
-1.59681481e+00
0.00000000e+00
0.00000000e+00
0.00000000e+00
1.01054620e+00
-1.37291919e-01
8.74510129e-01
1.12306339e+00
-5.52194154e-01
1.58308328e+00
1.19884519e+00
5.74958194e-01
1.37777584e+00
0.00000000e+00
1.64085271e+00
-5.00256950e-01
-1.27182827e+00
6.38318195e-01
1.04171368e+00
8.32313785e-01
1.34317246e+00
2.42092133e-01
9.82799335e-01
8.48530621e-01
-6.86519680e-01
0.00000000e+00
0.00000000e+00
0.00000000e+00
4.30275936e-01
-1.28071003e-01
5.92346157e-01
6.68703572e-01
1.42965550e+00
5.85806725e-01
8.23057442e-01
8.04033397e-01
-3.48879336e-01
0.00000000e+00
5.91700898e-01
1.00021187e+00
1.05926513e+00
1.30879488e+00
2.30625025e-01
9.68966546e-01
5.76265196e-01
7.45821413e-01
8.19123719e-01
8.49479630e-01
136
5.88908083e-01
2.49703171e-01
1.00391864e-03
3.39204912e-01
4.11113168e-05
0.00000000e+00
0.00000000e+00
0.00000000e+00
0.00000000e+00
0.00000000e+00
0.00000000e+00
9.40700124e-02
1.56644298e-01
3.38193773e-01
0.00000000e+00
0.00000000e+00
0.00000000e+00
0.00000000e+00
0.00000000e+00
3.24055822e-01
-8.25718468e-01
-3.10136586e-01
4.79978142e-02
2.03077984e-01
2.55918794e-01
4.51102586e-01
4.42610136e-01
-5.61523189e-01
4.58220399e-01
-2.28308688e-01
5.04105848e-01
-7.01594272e-01
-9.72263132e-02
-2.25787378e-01
1.33065844e-01
-6.69654860e-01
5.76118054e-01
-6.84326090e-01
9.94350114e-01
0.00000000e+00
1.38206791e-01
-3.01179196e-02
1.20839441e+00
0.00000000e+00
0.00000000e+00
0.00000000e+00
0.00000000e+00
-3.32632707e+00
2.13128703e-01
-8.14357883e-01
-6.21594826e-01
0.00000000e+00
-1.08246806e+00
-2.34544740e-01
-2.31840107e-01
-6.53372768e-02
0.00000000e+00
3.88981588e-01
-4.37917893e-01
2.69266632e-01
-2.90907940e-01
8.71909306e-02
1.44970115e-01
-3.48897159e-01
-5.23752940e-02
1.44905547e-01
0.00000000e+00
1.70250338e+00
4.24565050e-02
4.61375742e-01
-4.17161234e-01
0.00000000e+00
4.37628279e-01
-1.10542627e-01
7.49997398e-02
-6.70971253e-02
0.00000000e+00
5.21406078e-01
-2.74613854e-01
2.20960424e-01
8.85482352e-02
0.00000000e+00
5.72731770e-01
-1.37854139e-01
1.74148995e-01
-2.89423129e-02
9.54802954e-02
-4.82916500e-01
-7.58831783e-01
0.00000000e+00
0.00000000e+00
0.00000000e+00
8.17865691e-01
-2.77047456e+00
3.13204344e-01
-7.99621996e-02
-1.17402507e+00
6.10982463e-01
3.22989811e-01
9.47677144e-01
-9.08418668e-03
0.00000000e+00
9.02095704e-01
-8.75721423e-01
-1.42405544e+00
3.91509519e-01
8.77340419e-01
7.97989393e-01
7.30588068e-01
-1.43115532e+00
-2.41454308e-01
5.34858169e-01
-1.06690444e+00
0.00000000e+00
0.00000000e+00
0.00000000e+00
1.59850374e-01
-2.51175643e+00
1.50040715e-01
7.67653847e-01
-7.88559530e-01
7.79916053e-01
9.12385310e-01
1.79095220e-01
3.30122249e-03
0.00000000e+00
8.02947001e-01
-7.79158812e-01
-1.20696231e+00
6.73932489e-01
-2.63483077e-01
3.31580055e-01
4.24559525e-01
-1.09799530e+00
3.79045616e-02
3.57844641e-01
9 1
-7.7016e-01 4.4928e-01
8 1
0 5 3 17 1 12 2 21 
217
-3.13114292e-01
1.37487656e-01
1.37897849e-01
1.22321123e-01
-4.13520467e-01
1.40093122e-01
-1.34476467e-01
2.28099185e-01
3.33665168e-01
-1.95306054e-01
-5.71830784e-02
6.62514877e-01
0.00000000e+00
0.00000000e+00
-3.31483045e-01
6.72680934e-03
3.53928439e-01
1.83687525e-02
4.01040080e-03
1.48128168e-01
0.00000000e+00
0.00000000e+00
0.00000000e+00
0.00000000e+00
0.00000000e+00
0.00000000e+00
0.00000000e+00
0.00000000e+00
-2.69659553e-01
-1.10937160e-01
6.74824205e-02
0.00000000e+00
0.00000000e+00
0.00000000e+00
0.00000000e+00
0.00000000e+00
0.00000000e+00
-7.23695277e-01
-3.53633337e-01
-1.02523582e-02
7.14532249e-02
4.52685916e-02
1.42069787e-01
6.76012705e-02
1.29501758e-01
1.16012352e-01
5.51724211e-01
-2.38252124e-01
2.81566546e-01
-4.85238602e-01
5.25104344e-01
-5.46292542e-01
0.00000000e+00
2.07819578e-01
-4.84233298e-01
3.14182450e-01
0.00000000e+00
5.78103767e-01
0.00000000e+00
5.98655354e-01
-6.54560700e-01
5.19440491e-02
-1.58571447e-01
0.00000000e+00
-8.58104526e-01
-6.94627018e-01
4.34158664e-01
9.46593278e-01
1.10831570e-01
4.71074585e-01
0.00000000e+00
-1.84011767e-01
-3.91042628e-02
-2.86051994e-01
1.87683965e-01
1.56949469e-01
-3.21659846e-01
0.00000000e+00
-3.91459875e-01
-2.65524180e-01
2.36014344e-01
-8.06966974e-01
-1.57668762e-01
2.10637803e-01
0.00000000e+00
3.34125944e-01
1.07976974e-01
-5.15366118e-01
-4.53835682e-02
-1.31874118e-01
-4.73466920e-01
0.00000000e+00
-6.63734393e-01
-2.39546934e-01
1.71539430e-03
-6.91309800e-01
3.48904706e-01
1.63580522e-01
0.00000000e+00
-1.76670185e-01
-4.25090289e-01
-3.16111517e-01
-8.79695126e-03
1.79667410e-01
8.51804771e-02
0.00000000e+00
-3.72826928e-01
-5.92065124e-02
7.31161547e-02
-9.61551381e-01
-1.34035193e-02
-3.89150652e-01
0.00000000e+00
-1.28653820e-01
5.48915674e-02
1.15417569e-01
-3.10883071e-01
-2.99878041e-01
2.71092430e-02
-1.22418077e-01
-5.06920674e-01
-1.38174280e+00
0.00000000e+00
0.00000000e+00
0.00000000e+00
1.78484152e+00
-4.69512413e-01
1.23900679e+00
9.89573022e-01
-8.35813587e-01
1.17069934e+00
1.07788223e+00
1.57600472e+00
1.12482167e+00
0.00000000e+00
1.83967464e+00
3.86310749e-01
-4.29128802e-01
1.41133213e+00
1.40085901e+00
1.48335965e+00
1.81454631e+00
-7.53366671e-01
8.72266825e-01
7.84544763e-01
-1.05917002e+00
0.00000000e+00
0.00000000e+00
0.00000000e+00
8.62303025e-01
-4.11188448e-01
7.08208783e-01
8.21186699e-01
1.33431004e+00
1.09278364e+00
1.07549128e+00
9.26085317e-01
4.41075864e-01
0.00000000e+00
9.50350157e-01
4.02508724e-01
4.60562911e-01
3.55527263e-01
8.46278860e-01
1.21307472e+00
1.07610746e+00
1.18932156e+00
5.70857405e-01
1.59218634e+00
-1.65264571e+00
0.00000000e+00
0.00000000e+00
0.00000000e+00
8.60054999e-01
-1.39183144e-01
6.44679377e-01
1.26946300e+00
-1.63512907e+00
1.75168528e+00
1.60091128e+00
1.17193993e+00
1.60970613e+00
0.00000000e+00
2.19131662e+00
6.72171332e-02
2.88286270e-01
1.60023786e+00
8.62373954e-01
1.04240594e+00
1.08758265e+00
-2.63454904e-02
1.00444949e+00
1.22734457e+00
-9.38000885e-01
0.00000000e+00
0.00000000e+00
0.00000000e+00
9.68121989e-01
-8.17132948e-02
8.79158894e-01
1.19657077e+00
2.05058513e+00
4.16763280e-01
8.05896403e-01
6.67307544e-01
2.43761849e-01
0.00000000e+00
5.01253240e-01
1.07217197e+00
2.50369053e-01
7.56338909e-01
6.46668656e-01
1.09682357e+00
8.29125572e-01
7.84035863e-01
9.21406449e-01
9.16847316e-01
136
6.29745819e-01
2.95123695e-01
5.01955906e-04
3.34622124e-01
-5.25030138e-04
0.00000000e+00
0.00000000e+00
0.00000000e+00
0.00000000e+00
0.00000000e+00
0.00000000e+00
-4.81529507e-03
2.18537543e-01
4.23990906e-01
0.00000000e+00
0.00000000e+00
0.00000000e+00
0.00000000e+00
0.00000000e+00
2.93369736e-01
-7.04040063e-01
-2.20880601e-01
9.86670775e-02
2.01960140e-01
2.60859264e-01
3.42383569e-01
3.57426698e-01
-6.18736773e-01
4.03454744e-01
-1.86584759e-01
5.64479420e-01
-5.71417899e-01
-4.68893203e-02
-2.09836595e-01
2.54696189e-01
-6.19965122e-01
3.80376136e-01
-6.35221915e-01
8.29368086e-01
0.00000000e+00
1.72213380e-01
-5.96574037e-02
1.18101548e+00
0.00000000e+00
0.00000000e+00
0.00000000e+00
0.00000000e+00
-3.10896830e+00
2.31852068e-01
-7.71985443e-01
-5.20382853e-01
0.00000000e+00
-1.10851269e+00
-2.60451610e-01
-2.42561817e-01
-4.99935315e-02
0.00000000e+00
1.17169818e-01
-4.16753992e-01
1.71801641e-01
-2.07014458e-01
1.48979358e-01
9.57696872e-02
-3.22689947e-01
-2.58444179e-02
1.76810363e-01
0.00000000e+00
1.40878771e+00
1.55127624e-03
3.90260930e-01
-4.93612545e-01
0.00000000e+00
5.64852961e-01
-1.03296695e-01
1.26794109e-01
-5.27912152e-02
0.00000000e+00
7.63249955e-01
-2.25426274e-01
2.48908742e-01
-1.66182845e-01
0.00000000e+00
4.57110442e-01
-1.62619753e-01
1.62787535e-01
-2.06039072e-02
1.27204319e-02
-4.07305750e-01
-7.84348223e-01
0.00000000e+00
0.00000000e+00
0.00000000e+00
7.08136752e-01
-2.64771854e+00
3.92977047e-01
-1.40003118e-01
-1.23618158e+00
6.47367926e-01
3.35361064e-01
9.30746354e-01
3.87730608e-02
0.00000000e+00
8.74851668e-01
-8.84437908e-01
-1.43226299e+00
3.88666114e-01
8.66464968e-01
8.33567428e-01
6.38841845e-01
-1.38576309e+00
-2.65511558e-01
5.51776331e-01
-1.01419559e+00
0.00000000e+00
0.00000000e+00
0.00000000e+00
1.75904383e-01
-2.26592551e+00
1.40969920e-01
7.33449985e-01
-6.50022577e-01
7.77713595e-01
8.50857046e-01
1.62346113e-01
-7.32561257e-02
0.00000000e+00
7.50371152e-01
-9.40540144e-01
-1.23737528e+00
6.90976179e-01
-2.73399638e-01
3.35967629e-01
4.12995013e-01
-9.97262232e-01
6.18246094e-02
3.30210292e-01
8 1
-8.4521e-01 4.6325e-01
8 1
0 5 3 17 1 12 2 21 
217
1.68572871e-01
4.80960043e-02
-3.78154358e-01
2.18379794e-01
-1.77926200e-01
-1.89635416e-01
-1.72546509e-01
4.29113562e-02
4.90856539e-01
-6.99659532e-01
-4.65372596e-01
4.61498765e-03
0.00000000e+00
0.00000000e+00
-1.21066367e-01
5.67444871e-03
6.36935279e-01
2.89639238e-01
2.49759325e-03
4.43469832e-01
0.00000000e+00
0.00000000e+00
0.00000000e+00
0.00000000e+00
0.00000000e+00
0.00000000e+00
0.00000000e+00
0.00000000e+00
3.71512679e-02
1.02047493e-01
2.93741098e-02
0.00000000e+00
0.00000000e+00
0.00000000e+00
0.00000000e+00
0.00000000e+00
0.00000000e+00
-9.40856924e-01
-6.71710813e-01
-1.26021836e-01
7.62710733e-02
1.46992671e-01
5.39106280e-01
-4.50662484e-02
-3.20853427e-01
3.78299199e-01
-2.83653532e-01
1.54415263e-01
4.14131070e-01
3.48456343e-02
-3.18573963e-01
-1.37770987e-02
0.00000000e+00
-2.10011221e-01
-6.50300507e-01
8.35117445e-02
0.00000000e+00
-8.35915904e-01
0.00000000e+00
9.09239747e-01
-5.57099072e-01
-3.05367196e-01
-1.58819528e-01
0.00000000e+00
-3.32034493e-01
-4.43424248e-01
2.44314540e-01
1.00090345e+00
2.56292824e-01
4.15794953e-01
0.00000000e+00
-1.05728580e-01
3.14413802e-03
-1.19058121e-01
-1.15010162e-01
3.93359571e-01
5.05196401e-01
0.00000000e+00
2.10485754e-01
-1.41879394e-02
5.32264074e-01
-9.11531085e-01
-5.74176957e-01
-7.65254696e-01
0.00000000e+00
4.48331473e-02
-1.79836066e-02
-4.54981712e-01
6.57594307e-03
5.78721436e-01
1.32487407e+00
0.00000000e+00
-4.32754170e-01
-8.18944177e-01
5.15069202e-01
-7.94177507e-02
8.62578392e-02
-2.61498911e-01
0.00000000e+00
-4.20588419e-02
-1.85767263e-02
-5.19991423e-02
-2.28350894e-01
2.62630855e-01
1.20837402e+00
0.00000000e+00
-2.09240797e-01
5.38238955e-02
1.76711944e-01
-9.38465084e-01
2.01101723e-01
-2.06008025e-01
0.00000000e+00
1.04843131e-01
-4.86209336e-01
7.25580902e-02
-9.67797275e-02
-8.82834997e-03
6.80160934e-02
2.32673070e-01
-5.14312340e-01
-4.81867027e-01
0.00000000e+00
0.00000000e+00
0.00000000e+00
6.75371251e-01
-4.00522265e-01
2.03796154e-01
2.29558392e-01
-2.92273473e+00
7.85310993e-01
3.56406829e-01
1.49570817e+00
1.12016474e+00
0.00000000e+00
1.14107082e+00
-1.37363001e+00
-2.00616369e+00
-1.78015193e-01
1.18667935e+00
2.31623761e-01
4.45239374e-01
-2.40333569e+00
1.85076932e-01
7.46527789e-01
-1.65362876e-01
0.00000000e+00
0.00000000e+00
0.00000000e+00
-5.24661770e-03
-1.77633264e+00
1.91708832e-01
-1.59465657e-01
1.15884464e+00
-4.30399980e-01
1.51765125e-01
-7.19481362e-01
-3.63826114e-01
0.00000000e+00
1.40510338e-01
-3.12753614e-01
3.03979256e-01
6.68216210e-01
-4.60227531e-01
2.42262613e-01
3.25978073e-01
8.04242541e-01
-7.26146768e-02
1.47477688e-01
-5.53720947e-01
0.00000000e+00
0.00000000e+00
0.00000000e+00
1.73533510e-01
-8.06718783e-01
4.71339662e-02
9.92560451e-01
-6.01893182e-01
-6.09022836e-02
-2.47608954e-01
2.83402669e-01
2.88573572e-01
0.00000000e+00
6.11016586e-01
-8.18353861e-01
-1.79344116e+00
4.00186855e-01
-9.10983041e-02
4.20728286e-01
3.32266640e-01
3.07697720e-01
9.93617293e-02
-9.01664040e-02
-4.26482709e-01
0.00000000e+00
0.00000000e+00
0.00000000e+00
6.86620127e-02
-1.76663159e+00
-1.39915855e-02
-6.92450688e-02
1.46424867e-01
4.40208064e-01
8.24574874e-01
-1.55380790e-01
-3.73192365e-01
0.00000000e+00
1.63188666e-01
4.26886795e-02
2.65565891e-01
5.65651417e-01
2.35112563e-01
-1.13519315e-02
5.32530429e-02
-1.49974911e+00
3.49134701e-01
3.08594943e-01
136
2.65559069e-01
1.40494388e-01
-9.25519377e-04
1.25064681e-01
6.61493603e-04
0.00000000e+00
0.00000000e+00
0.00000000e+00
0.00000000e+00
0.00000000e+00
0.00000000e+00
1.35337089e-02
5.42126689e-02
1.97812691e-01
0.00000000e+00
0.00000000e+00
0.00000000e+00
0.00000000e+00
0.00000000e+00
3.00570315e-01
-6.07213617e-01
-1.92831204e-01
6.71588075e-02
1.36270116e-01
1.63136174e-01
2.83374908e-01
1.15093568e-01
-6.38396501e-01
4.72702396e-01
-2.41680979e-01
5.08926671e-01
-4.55236508e-01
5.63454381e-02
-2.70666553e-01
1.93144856e-01
-4.92878529e-01
2.24026057e-01
-5.91250677e-01
7.52528614e-01
0.00000000e+00
7.21965877e-02
-1.04534305e-01
1.01475490e+00
0.00000000e+00
0.00000000e+00
0.00000000e+00
0.00000000e+00
-3.02906645e+00
2.18576456e-01
-7.90362756e-01
-4.71270912e-01
0.00000000e+00
-9.95663457e-01
-2.09134974e-01
-1.99202629e-01
-4.62574369e-02
0.00000000e+00
-6.02294884e-03
-4.53997913e-01
1.64131272e-01
-2.60531696e-01
1.61013004e-01
1.08439117e-01
-2.73205814e-01
-5.50789271e-04
1.44377153e-01
0.00000000e+00
2.00794964e+00
-6.16509117e-03
5.23841446e-01
-3.58124737e-01
0.00000000e+00
3.31083527e-01
-7.33952106e-02
6.98878075e-02
-1.00138038e-01
0.00000000e+00
1.01986383e+00
-2.42957560e-01
3.25685975e-01
-1.60729216e-01
0.00000000e+00
4.45086937e-01
-1.65851846e-01
1.60030304e-01
6.71691270e-03
2.80654375e-02
-3.77291609e-01
-8.11089950e-01
0.00000000e+00
0.00000000e+00
0.00000000e+00
7.95159110e-01
-2.89274125e+00
3.84259605e-01
-1.52350450e-02
-1.19298851e+00
6.47916710e-01
4.01318029e-01
9.26579944e-01
-2.43131998e-01
0.00000000e+00
9.06019148e-01
-7.37687998e-01
-1.38512565e+00
2.96073454e-01
7.96013056e-01
8.79926631e-01
7.14601547e-01
-1.36021374e+00
-2.80405708e-01
5.48572721e-01
-1.01184128e+00
0.00000000e+00
0.00000000e+00
0.00000000e+00
2.27309430e-01
-2.58418551e+00
6.61418330e-02
7.47422356e-01
-8.10150806e-01
8.69438489e-01
8.56912653e-01
1.57234032e-01
-1.01909440e-02
0.00000000e+00
8.29410932e-01
-9.01472667e-01
-1.17821496e+00
6.24296656e-01
-3.13219199e-01
3.91920254e-01
4.79379025e-01
-9.48716849e-01
1.30481966e-01
3.54362025e-01
16 1
-7.8914e-01 4.7237e-01
8 1
0 5 3 17 1 12 2 21 
217
-1.23202801e-01
1.31155480e-01
-1.33383372e-01
6.40833255e-03
-2.91264030e-01
2.21416025e-01
-2.23668922e-02
7.67679328e-02
-1.73192158e-01
4.86116277e-01
-4.12870466e-01
-1.39773809e+00
7.76490746e-01
5.54232173e-01
-6.47342163e-02
1.14415547e-03
8.43065717e-01
-5.84685845e-02
7.06078988e-03
5.96328977e-01
0.00000000e+00
0.00000000e+00
0.00000000e+00
0.00000000e+00
0.00000000e+00
0.00000000e+00
0.00000000e+00
0.00000000e+00
0.00000000e+00
-3.20185622e-01
0.00000000e+00
0.00000000e+00
0.00000000e+00
0.00000000e+00
0.00000000e+00
0.00000000e+00
0.00000000e+00
-1.16193438e+00
-6.55595974e-01
-2.46702428e-01
1.56245164e-01
1.60440820e-01
4.51023449e-01
2.74510118e-01
-1.21356727e-02
4.97990843e-01
-6.32774374e-02
1.90507700e-01
6.88050192e-01
8.04074468e-02
0.00000000e+00
4.82201230e-02
0.00000000e+00
4.84485373e-02
-6.96130961e-01
-2.58539338e-01
0.00000000e+00
-7.02250808e-01
0.00000000e+00
5.30498808e-01
-6.64674404e-01
1.89194822e-02
-3.76258311e-01
0.00000000e+00
-5.58486114e-01
-9.73598487e-01
1.83954500e-01
9.59866689e-01
2.51328813e-01
1.20723436e+00
0.00000000e+00
-4.06145260e-02
-1.51516758e-01
-1.08286879e-01
7.60801307e-02
2.56986040e-02
-7.97797805e-01
0.00000000e+00
1.49210919e-02
2.81289001e-02
2.41801369e-01
-7.01688074e-01
-3.79925261e-01
-1.73088663e+00
0.00000000e+00
2.94194805e-01
1.69449933e-01
1.77457021e-01
-3.28372013e-01
-5.94854628e-01
-6.31716088e-01
0.00000000e+00
-3.57421961e-01
-2.28655938e-01
5.41491928e-02
-3.49658930e-01
1.80069968e-01
5.47212064e-02
0.00000000e+00
1.73657538e-01
-1.75778912e-02
-1.03354750e-01
-4.40352621e-02
-1.93505589e-01
-3.78266997e-01
0.00000000e+00
-2.49150047e-01
-1.74350769e-01
-8.80516425e-02
-2.82434601e-01
2.13998889e-01
3.49631265e-02
0.00000000e+00
-1.86463580e-01
9.82488580e-02
7.90099228e-02
-3.81466709e-01
-1.57491438e-02
1.14336582e+00
-2.33991298e-01
-4.82761782e-01
-1.59444627e+00
0.00000000e+00
0.00000000e+00
0.00000000e+00
2.05125276e+00
-4.72915922e-01
1.27204723e+00
1.04339348e+00
-5.54903613e-01
1.69694422e+00
1.68041083e+00
2.11655900e+00
2.18821221e+00
0.00000000e+00
1.95817219e+00
4.13565173e-01
-4.98495378e-01
9.75319756e-01
1.78658341e+00
1.72035523e+00
1.18943983e+00
-1.14056644e+00
1.84276382e-01
1.75809834e+00
-1.27042333e+00
0.00000000e+00
0.00000000e+00
0.00000000e+00
7.17532449e-01
-2.95786128e-01
1.01855533e+00
1.01137951e+00
1.04706695e+00
5.21427692e-01
7.91526361e-01
6.50507294e-01
2.46064973e-01
0.00000000e+00
1.04026925e+00
6.38371604e-01
1.22253469e+00
1.35950034e+00
8.08443744e-01
1.05560851e+00
1.47805760e+00
1.87106175e+00
1.50625851e+00
1.17654511e+00
-1.67161289e+00
0.00000000e+00
0.00000000e+00
0.00000000e+00
7.84159558e-01
-1.00525988e-01
1.07033335e+00
1.44363901e+00
-6.00107693e-01
1.82253266e+00
1.61511696e+00
8.07595198e-01
1.10917864e+00
0.00000000e+00
1.23918554e+00
1.20964700e+00
-5.35850287e-01
2.27743795e+00
1.03114220e+00
8.50412608e-01
1.37898129e+00
3.18036431e-01
6.06819458e-01
1.31185233e+00
-1.03640992e+00
0.00000000e+00
0.00000000e+00
0.00000000e+00
1.05130293e+00
-1.20185221e-01
9.31839457e-01
1.15896462e+00
1.03978111e+00
1.60627097e-01
1.03586329e+00
1.18471117e+00
1.15783457e-01
0.00000000e+00
1.28096090e+00
-2.04796715e-01
9.77157345e-01
2.46223290e-01
6.34297673e-01
1.15952358e+00
6.16783266e-01
6.12091664e-01
1.06623945e+00
8.30463288e-01
136
3.38386080e-01
1.99014051e-01
-5.32667020e-04
1.39372029e-01
1.20136256e-03
0.00000000e+00
0.00000000e+00
0.00000000e+00
0.00000000e+00
0.00000000e+00
0.00000000e+00
0.00000000e+00
1.01908712e-01
3.83113787e-01
0.00000000e+00
0.00000000e+00
0.00000000e+00
0.00000000e+00
0.00000000e+00
9.44564549e-02
-6.26805783e-01
-1.94627292e-01
1.20410585e-01
1.53076333e-01
1.90171995e-01
2.98196688e-01
3.03507099e-01
-6.82961518e-01
3.80242495e-01
-2.52587981e-01
5.75593294e-01
-6.76785205e-01
-1.01892033e-01
-2.26059756e-01
1.65389992e-01
-6.60828177e-01
3.49772663e-01
-5.31115057e-01
9.11080500e-01
8.76567394e-02
2.40290784e-01
-2.49448646e-01
1.01003798e+00
0.00000000e+00
0.00000000e+00
0.00000000e+00
0.00000000e+00
-3.19212960e+00
1.95570077e-01
-8.28260651e-01
-4.57176720e-01
0.00000000e+00
-1.06450425e+00
-1.84661157e-01
-2.46222152e-01
-3.64836225e-02
0.00000000e+00
8.91962191e-02
-4.39448315e-01
2.01328627e-01
-2.30085370e-01
1.27717797e-01
3.43830804e-02
-3.27859795e-01
-2.60401533e-02
1.58868582e-01
0.00000000e+00
1.36104636e+00
-4.62057017e-02
4.03829505e-01
-4.67065127e-01
0.00000000e+00
4.95424213e-01
-7.58417057e-02
1.03755498e-01
-7.68596304e-02
0.00000000e+00
1.57651677e+00
-2.25142020e-01
4.32295543e-01
-9.11857642e-02
0.00000000e+00
4.76862852e-01
-1.50476533e-01
1.53502562e-01
-2.91079012e-02
-2.30679511e-02
-2.49031523e-01
-7.99588005e-01
0.00000000e+00
0.00000000e+00
0.00000000e+00
7.45555756e-01
-2.58695326e+00
3.33246562e-01
-1.21869327e-01
-1.24863444e+00
6.93773379e-01
3.31237578e-01
9.50049107e-01
-1.42132407e-01
0.00000000e+00
9.03047681e-01
-8.67148796e-01
-1.44812638e+00
3.23525942e-01
8.78646152e-01
8.39659867e-01
6.72140312e-01
-1.35730544e+00
-2.41057171e-01
5.42756878e-01
-9.85750116e-01
0.00000000e+00
0.00000000e+00
0.00000000e+00
2.12292223e-01
-2.40376687e+00
6.37942962e-02
7.84083311e-01
-7.70685555e-01
7.03732973e-01
8.24648464e-01
1.72704335e-01
7.19206289e-02
0.00000000e+00
8.03964215e-01
-9.09061170e-01
-1.23450656e+00
7.25284205e-01
-2.89365609e-01
3.55351715e-01
3.76159753e-01
-9.06790602e-01
1.57124682e-01
2.77365451e-01
20 1
-8.1895e-01 4.9441e-01
8 1
0 5 3 17 1 12 2 21 
217
-5.17398080e-01
-9.40045559e-03
3.92001495e-01
-3.91520348e-01
-4.81506408e-01
4.12336629e-01
-2.56910639e-01
8.11200157e-02
-2.03580770e-01
8.10294635e-01
5.05186047e-01
-9.85374289e-02
0.00000000e+00
0.00000000e+00
-2.44362713e-01
7.73563364e-04
8.10834603e-01
-2.73035368e-01
4.09882843e-04
8.82817807e-01
0.00000000e+00
0.00000000e+00
0.00000000e+00
0.00000000e+00
0.00000000e+00
0.00000000e+00
0.00000000e+00
0.00000000e+00
2.78086024e-02
-2.06763994e-01
0.00000000e+00
0.00000000e+00
0.00000000e+00
0.00000000e+00
0.00000000e+00
0.00000000e+00
0.00000000e+00
-4.57807957e-01
-3.81487369e-01
1.62763439e-01
-2.25702384e-02
-5.47491273e-02
3.42422873e-01
-1.05969701e-01
-1.03689647e-01
3.75494155e-01
7.49521390e-02
6.38571520e-02
3.43131457e-02
-2.91028051e-01
5.02109269e-01
-5.07345697e-01
0.00000000e+00
1.47484122e-01
-5.37070911e-01
-9.30926810e-02
0.00000000e+00
1.16281278e-01
2.24543392e-01
2.31574045e-01
-6.14256912e-01
3.83395612e-01
-2.86536781e-01
0.00000000e+00
-5.60622403e-01
-3.67322333e-01
-2.01463030e-02
9.11836371e-01
6.33706255e-02
2.56705062e-01
0.00000000e+00
-4.76924788e-01
-2.06760576e-01
1.69751455e-01
-1.07832372e-01
-2.10224747e-01
8.67586405e-02
0.00000000e+00
-4.63922161e-01
-3.10693604e-01
-1.80405407e-02
-4.60952900e-01
-3.54353787e-02
-8.08029350e-02
0.00000000e+00
1.48662465e-01
2.21189074e-01
-4.95675174e-01
2.06802297e-01
-1.70385371e-01
6.97199236e-01
0.00000000e+00
-5.92676703e-01
-4.31019909e-01
1.49284852e-01
-8.91963921e-01
-7.40062292e-02
2.46359019e-01
0.00000000e+00
-2.18176420e-01
-4.39388403e-01
-3.13274974e-01
-1.07514886e-01
1.40533136e-02
1.03077807e-01
0.00000000e+00
-3.43363354e-01
5.86601398e-01
7.28509914e-02
-4.64914477e-01
-2.46885718e-01
-2.25177670e-01
0.00000000e+00
-4.45420321e-01
4.10550263e-02
-1.32991285e-01
-3.11951576e-01
6.10135261e-02
5.89610894e-01
-7.44390401e-02
-3.80757060e-01
-1.17479239e+00
0.00000000e+00
0.00000000e+00
0.00000000e+00
1.47843265e+00
-6.03609726e-01
1.27418949e+00
5.50373039e-01
-8.08132357e-01
1.77582946e+00
8.13534314e-01
2.26231944e+00
1.25525053e+00
0.00000000e+00
1.52514146e+00
1.00041786e+00
2.16892797e-01
1.15985556e+00
1.93865739e+00
1.32306369e+00
1.44050234e+00
-7.54115679e-01
2.35423280e-02
1.18183567e+00
-1.28921026e+00
0.00000000e+00
0.00000000e+00
0.00000000e+00
9.61830942e-01
-4.63014115e-01
1.11089024e+00
1.30898435e+00
1.18090614e+00
7.99135891e-01
1.42731100e+00
4.20578400e-01
5.25895012e-01
0.00000000e+00
1.19472381e+00
-2.41044161e-01
2.29500310e-01
9.50405203e-01
6.68769492e-01
1.13188715e+00
8.97345450e-01
1.21871346e+00
1.10747603e+00
1.11619901e+00
-1.28769645e+00
0.00000000e+00
0.00000000e+00
0.00000000e+00
2.99169543e-01
-5.73027686e-02
5.68219080e-01
9.39701194e-01
-6.40065112e-01
7.77849193e-01
1.17159769e+00
8.46021583e-01
1.25650213e+00
0.00000000e+00
1.20560866e+00
-4.56203874e-01
-7.36899956e-01
4.03004179e-01
3.16946316e-01
1.19640974e+00
8.34475622e-01
-3.99886346e-01
3.90742038e-01
6.62891682e-01
-7.19498834e-01
0.00000000e+00
0.00000000e+00
0.00000000e+00
8.51109138e-01
-5.44550605e-02
5.34179918e-01
7.52064594e-01
4.17086251e-01
5.63877246e-01
6.08651637e-01
4.54432440e-01
-2.49765427e-02
0.00000000e+00
5.25208439e-01
4.16967780e-01
3.87364449e-01
1.22401953e+00
3.63778279e-01
1.52558157e-01
4.46859667e-01
4.07650718e-01
8.30758180e-01
6.57503411e-01
136
6.30898086e-01
2.85635629e-01
2.02986768e-03
3.45262457e-01
1.63826987e-03
0.00000000e+00
0.00000000e+00
0.00000000e+00
0.00000000e+00
0.00000000e+00
0.00000000e+00
1.06701684e-01
1.54391790e-01
3.69804612e-01
0.00000000e+00
0.00000000e+00
0.00000000e+00
0.00000000e+00
0.00000000e+00
3.80108461e-01
-7.49684053e-01
-2.65005094e-01
4.57230550e-02
1.80665214e-01
2.14473944e-01
4.57067144e-01
3.67549415e-01
-8.72001780e-01
2.97906451e-01
-2.38670010e-01
6.23551387e-01
-7.44027421e-01
-1.43660989e-01
-1.36836866e-01
2.95413307e-01
-6.43522697e-01
3.47388011e-01
-4.12621489e-01
9.08752112e-01
2.36073128e-01
2.03165002e-01
-2.31924940e-01
1.14191488e+00
0.00000000e+00
0.00000000e+00
0.00000000e+00
0.00000000e+00
-3.04353207e+00
1.49539459e-01
-8.28503790e-01
-4.15193836e-01
0.00000000e+00
-1.31868030e+00
-2.93248140e-01
-3.19573238e-01
-6.61135713e-02
0.00000000e+00
1.07819851e-02
-4.42427234e-01
1.61861714e-01
-2.50822262e-01
1.82659675e-01
1.03196315e-01
-3.26744620e-01
-3.49525670e-02
1.82346314e-01
0.00000000e+00
1.76090109e+00
7.75300329e-02
4.50262710e-01
-2.97940149e-01
0.00000000e+00
5.27164765e-01
-1.02521887e-01
1.17014651e-01
-4.95919304e-02
0.00000000e+00
1.09426251e+00
-1.99324725e-01
3.01412354e-01
-9.09862900e-02
0.00000000e+00
5.88990640e-01
-1.17769131e-01
1.64324230e-01
-1.43531001e-02
-2.67758108e-02
-3.61447883e-01
-8.16222213e-01
0.00000000e+00
0.00000000e+00
0.00000000e+00
7.65045236e-01
-2.62426140e+00
3.00647351e-01
-7.33741322e-02
-1.29061823e+00
6.16987341e-01
3.80892692e-01
9.31462732e-01
-1.22888087e-02
0.00000000e+00
8.94037752e-01
-8.48304214e-01
-1.45272084e+00
3.52315850e-01
7.89644594e-01
8.20747454e-01
7.08070600e-01
-1.48637847e+00
-2.09918143e-01
6.21790425e-01
-1.06543335e+00
0.00000000e+00
0.00000000e+00
0.00000000e+00
2.12527493e-01
-2.45542449e+00
5.91467808e-02
7.53307192e-01
-8.24224529e-01
7.39118535e-01
8.45077767e-01
2.20084696e-01
2.75933476e-02
0.00000000e+00
7.65516487e-01
-8.76114712e-01
-1.26144615e+00
6.16748659e-01
-1.91632583e-01
3.75880050e-01
4.51590186e-01
-9.56737702e-01
1.08745527e-01
3.24810099e-01
