1 4 -999999999 -1 -1
1 2 0 -1 -1
-0.1075 0.2777
356
-5.83069719e-01
-1.04279489e+00
4.59725172e-01
1.89857704e+00
-6.51192714e-01
-3.57964415e-01
3.56391349e-01
0.00000000e+00
0.00000000e+00
-9.18996082e-01
8.81286708e-01
0.00000000e+00
0.00000000e+00
1.15671729e+00
1.05439860e+00
-3.12538855e-01
0.00000000e+00
0.00000000e+00
0.00000000e+00
0.00000000e+00
0.00000000e+00
0.00000000e+00
0.00000000e+00
0.00000000e+00
0.00000000e+00
0.00000000e+00
0.00000000e+00
0.00000000e+00
0.00000000e+00
0.00000000e+00
0.00000000e+00
0.00000000e+00
0.00000000e+00
0.00000000e+00
0.00000000e+00
0.00000000e+00
0.00000000e+00
0.00000000e+00
0.00000000e+00
0.00000000e+00
0.00000000e+00
0.00000000e+00
0.00000000e+00
0.00000000e+00
0.00000000e+00
0.00000000e+00
0.00000000e+00
0.00000000e+00
0.00000000e+00
0.00000000e+00
0.00000000e+00
-6.69358865e-02
7.33890295e-01
-1.15029319e+00
0.00000000e+00
0.00000000e+00
0.00000000e+00
0.00000000e+00
-5.20321662e-01
3.56897970e-01
-1.00352658e-01
2.19898554e-01
1.34916531e-01
-2.66004615e-01
-2.03180780e-01
2.74190454e-01
1.05868850e-01
2.59609448e-01
1.53132585e-01
5.25559632e-03
5.68628045e-01
5.92475623e-01
-6.43320345e-03
1.31195449e-01
-2.56595770e-02
-7.95535083e-03
1.39437740e-02
-1.30301835e+00
1.17191371e-03
1.14238006e-01
-4.54119591e-02
-1.81030031e-01
-3.56627729e-01
0.00000000e+00
0.00000000e+00
0.00000000e+00
0.00000000e+00
0.00000000e+00
0.00000000e+00
0.00000000e+00
-2.41700698e-01
-1.48635227e-01
-6.36595205e-01
-1.65911542e-01
-2.77360637e-01
-3.70570042e-01
-1.26528700e-01
1.09219469e-01
-7.19031892e-02
1.42092702e-01
8.15783770e-04
-4.79633971e-03
0.00000000e+00
0.00000000e+00
3.20368615e+00
1.20013581e+00
0.00000000e+00
5.43797349e-02
0.00000000e+00
3.02974168e-01
2.80812832e-01
-8.86890592e-01
4.71509429e-01
1.36805800e-01
-4.75747123e-02
-6.37781514e-01
-1.09858328e+00
-2.36240773e+00
0.00000000e+00
0.00000000e+00
0.00000000e+00
0.00000000e+00
0.00000000e+00
0.00000000e+00
1.00594426e+00
-3.12943627e-02
-1.87797525e-01
-4.29715942e-01
-9.29168267e-01
-1.21117369e+00
4.30502369e+00
4.21572101e+00
4.37476114e+00
4.26227686e+00
4.25594871e+00
4.28818488e+00
6.22858583e-02
3.31008402e-02
-2.19339882e-01
-4.79687949e-02
-8.48827513e-02
-3.31352301e-01
3.93703250e-01
1.50041577e-01
-5.57042135e-02
-6.05559554e-02
-2.69764309e-02
-2.76351754e-01
-2.48723857e-01
0.00000000e+00
0.00000000e+00
0.00000000e+00
0.00000000e+00
0.00000000e+00
0.00000000e+00
0.00000000e+00
-3.34345861e-01
8.89598359e-02
-3.07422833e+00
0.00000000e+00
-4.60348701e-01
-9.57706718e-01
-2.52178834e-01
-8.25498809e-01
-7.12527535e-01
0.00000000e+00
0.00000000e+00
0.00000000e+00
7.83125619e-02
1.30445570e-01
-2.43246288e-01
1.40952813e-02
-1.25923346e+00
5.08821141e-01
5.31281597e-02
2.35417846e-01
2.13975795e-01
0.00000000e+00
3.37265109e-01
3.35006770e-01
-7.97731394e-01
3.55373176e-01
1.36343570e-02
1.52103872e-01
5.63253195e-02
-9.60015272e-01
-1.15329614e-01
1.79123530e-01
7.31773164e-03
0.00000000e+00
0.00000000e+00
0.00000000e+00
1.20721477e-01
-2.97500384e-01
2.25558630e-01
4.93223791e-02
-5.64847737e-01
1.47513715e-01
6.06569471e-02
-2.05694066e-01
-1.15307019e-01
0.00000000e+00
7.63866117e-02
2.64525637e-01
1.60346081e-01
-1.06665651e-02
-3.62700062e-01
-1.37113331e-01
1.45974221e-01
2.30154337e-01
1.04075040e-01
1.15911821e-01
-5.72857336e-01
-3.68836058e-01
-1.25959257e+00
-4.73267060e-01
-3.14587442e-01
-3.48441312e-03
-6.58193600e-02
-2.99532285e-01
-1.51929533e-01
0.00000000e+00
0.00000000e+00
0.00000000e+00
1.28807693e-01
3.21631287e-01
-2.39656787e-01
7.08183859e-01
8.62519648e-03
-3.10156231e-02
5.10373002e-01
-5.19525983e-01
2.32130033e-01
0.00000000e+00
5.20042761e-01
-3.09944280e-01
-3.41613840e-01
7.72437761e-02
-1.22450604e+00
-6.91182647e-01
-1.35682693e-01
6.01384669e-02
1.11990742e-01
6.62031538e-01
-2.04021278e-01
-9.94718043e-01
-4.43430448e-01
-2.49625975e-01
-1.39670198e-01
-9.15126427e-02
-1.48966522e+00
-4.00723203e-01
1.41978099e-01
3.13240476e-01
8.41739178e-02
-4.88927037e-01
-4.81575557e-02
-7.89103731e-01
-6.62724159e-02
1.44476558e-01
-1.78320553e+00
0.00000000e+00
0.00000000e+00
0.00000000e+00
-8.11232682e-01
-4.49299757e-01
7.72759297e-02
2.73679895e-01
-8.77897535e-01
9.37226146e-01
5.24178906e-01
-3.85700695e-01
-2.15793658e-01
0.00000000e+00
-3.09427696e-01
4.73318573e-01
-6.00417870e-01
9.37317975e-01
-8.22475451e-01
-1.55367612e-01
2.18853823e-01
-2.70022106e-01
-1.19230223e-01
-2.08191488e-01
9.56893784e-02
0.00000000e+00
0.00000000e+00
0.00000000e+00
2.30710844e-02
-1.55481280e-01
-6.76646670e-02
-9.76012955e-02
-2.72897734e-01
3.26312800e-02
-1.53946839e-01
1.58882156e-01
-7.83182971e-02
0.00000000e+00
-9.56272741e-02
1.09715854e-01
1.27609207e-01
-1.31844739e-01
4.43834164e-01
-1.53521712e-02
-3.93884199e-02
-4.08772810e-02
2.27771176e-01
1.21174454e-01
-8.81826877e-01
-4.71906626e-01
0.00000000e+00
-4.11624453e-01
-2.80222914e-01
2.42096567e-03
-5.42932283e-02
-4.20034363e-01
-7.44994514e-02
0.00000000e+00
0.00000000e+00
0.00000000e+00
-8.80299408e-02
-1.82288006e-01
4.03406889e-01
-8.24184612e-01
2.88435252e-01
-5.70401164e-02
-4.07405393e-01
5.23193179e-01
-5.53631807e-01
0.00000000e+00
-4.09821468e-01
3.51947495e-01
-1.39938891e-01
4.98216119e-02
6.90778460e-01
8.45135346e-01
3.20050837e-01
2.29649192e-01
-3.73039144e-01
-7.41538334e-01
-4.09920252e-01
0.00000000e+00
-1.84934328e-02
-6.42619901e-02
-9.01378649e-01
-4.85800093e-01
0.00000000e+00
0.00000000e+00
-4.68765706e-01
1.56950358e-01
-6.78441680e-02
-5.74906283e-01
-4.15578557e-01
0.00000000e+00
0.00000000e+00
1.20694658e-01
247
-4.40003494e-01
-3.82497706e-01
0.00000000e+00
1.27639717e+00
-1.65889487e+00
0.00000000e+00
-5.44149048e-01
1.56750714e+00
0.00000000e+00
0.00000000e+00
-1.91907228e-02
5.25881527e-01
1.58245437e-01
-2.07970498e-01
0.00000000e+00
0.00000000e+00
0.00000000e+00
0.00000000e+00
0.00000000e+00
0.00000000e+00
0.00000000e+00
0.00000000e+00
0.00000000e+00
0.00000000e+00
0.00000000e+00
0.00000000e+00
0.00000000e+00
0.00000000e+00
0.00000000e+00
0.00000000e+00
0.00000000e+00
0.00000000e+00
0.00000000e+00
0.00000000e+00
0.00000000e+00
0.00000000e+00
0.00000000e+00
0.00000000e+00
0.00000000e+00
0.00000000e+00
0.00000000e+00
-5.04234285e-02
1.57680702e-02
3.44664437e-01
5.87567519e-05
3.87095144e-01
-1.09347081e-02
-1.12133965e+00
9.52688482e-05
2.16815185e-01
-3.15825317e-01
-3.40993362e-01
0.00000000e+00
0.00000000e+00
0.00000000e+00
0.00000000e+00
0.00000000e+00
0.00000000e+00
0.00000000e+00
3.75522546e+00
1.68046351e+00
0.00000000e+00
0.00000000e+00
0.00000000e+00
0.00000000e+00
0.00000000e+00
-6.10952418e-01
5.74590990e-01
2.10916829e-01
-1.60216566e-01
-5.68842405e-01
-1.21164133e+00
-2.22439124e+00
0.00000000e+00
0.00000000e+00
0.00000000e+00
0.00000000e+00
0.00000000e+00
0.00000000e+00
1.01856473e+00
-9.43636273e-02
-2.27607616e-01
-5.04224226e-01
-9.03155113e-01
-1.40968115e+00
5.44536083e+00
5.54887640e+00
5.58457474e+00
5.63712730e+00
5.60974712e+00
5.59593196e+00
-5.49368954e-01
-2.82623611e-01
-2.48101071e-01
-4.02321263e-01
-4.32682669e-01
-6.71100249e-01
1.90105823e-01
-2.04846475e-01
-3.56428504e-01
-3.81862096e-01
-4.98774386e-01
-6.50755393e-01
-8.15645233e-01
0.00000000e+00
0.00000000e+00
0.00000000e+00
3.75641739e-01
-2.51991411e-01
-3.33999943e+00
0.00000000e+00
-1.31855054e+00
4.63321013e-01
-1.58547145e+00
-4.76418917e-01
-8.55229528e-01
0.00000000e+00
0.00000000e+00
0.00000000e+00
2.07315462e-01
-1.26360650e+00
-2.19436975e-01
2.54547896e-01
-1.23394600e+00
4.28195460e-01
-2.39836919e-02
-1.43093282e-01
3.97764207e-01
0.00000000e+00
2.91038066e-01
5.89024370e-01
-6.85884701e-01
6.43533158e-01
-8.45717271e-01
1.20838714e-01
5.64495059e-01
-4.24512691e-01
1.71667173e-01
3.16532019e-01
-7.07104613e-01
-4.44414998e-01
-1.24846714e+00
-7.44979369e-01
-3.46065211e-01
-1.51138645e-01
0.00000000e+00
0.00000000e+00
0.00000000e+00
8.69301439e-02
0.00000000e+00
3.18674910e-01
-1.50862368e-01
0.00000000e+00
2.53873379e-01
4.18725113e-02
1.43444880e-01
-5.96069122e-01
0.00000000e+00
2.83233271e-01
6.27490150e-01
-1.96223343e-01
-1.01168454e-02
6.62609941e-01
-1.79755009e-01
1.94578277e-01
1.03893627e-01
-5.37276719e-01
-6.41581576e-02
-2.62689615e-01
-1.42923231e+00
-8.16254888e-01
-2.91244378e-01
-1.48124915e-01
-8.74135543e-01
-1.17822230e+00
-8.20294166e-03
3.12805132e-01
7.26010628e-01
-2.42794155e+00
-1.49323244e+00
-9.08258638e-01
-2.06189036e+00
0.00000000e+00
0.00000000e+00
0.00000000e+00
-3.57802411e-01
-1.82800249e+00
-3.04787632e-01
1.43484531e-01
-1.20491371e+00
-4.85931809e-02
3.96442027e-01
2.40112889e-01
-3.34708428e-02
0.00000000e+00
-2.40284547e-01
-1.37131959e-02
-3.72906386e-01
9.93129724e-01
-3.06831389e-01
5.18917006e-02
5.05938005e-01
-2.03474741e-01
6.12649504e-01
-9.07582170e-02
-9.92942445e-01
-7.97891394e-01
0.00000000e+00
3.11048639e-01
-6.31412924e-02
-4.93356167e-03
0.00000000e+00
0.00000000e+00
0.00000000e+00
-7.91244106e-03
3.03560447e-01
-7.92315274e-02
2.12791397e-01
-1.69850111e-01
3.53388672e-01
2.71971846e-02
-2.73592569e-01
3.41395422e-01
0.00000000e+00
2.13301155e-01
4.49447010e-02
-2.54151863e-01
-1.08681752e-02
-4.59888723e-01
-1.07655881e-01
-2.88644822e-01
-5.57238166e-02
-2.01894613e-01
4.07901999e-01
-1.95051051e-01
0.00000000e+00
-4.06039493e-02
2.55037966e-01
-1.06894792e+00
-7.87580051e-01
0.00000000e+00
0.00000000e+00
-2.23362664e-01
-2.81367866e-01
0.00000000e+00
0.00000000e+00
-9.18518610e-02
4 -999999999 6 1 -1
2 0 2 1 -1
-3.2028e-01 8.2253e-01
356
2.48071814e-01
0.00000000e+00
0.00000000e+00
0.00000000e+00
0.00000000e+00
0.00000000e+00
0.00000000e+00
0.00000000e+00
0.00000000e+00
0.00000000e+00
0.00000000e+00
0.00000000e+00
0.00000000e+00
0.00000000e+00
0.00000000e+00
0.00000000e+00
2.21640325e-01
2.64314884e-02
3.93531223e-02
1.74041555e-01
0.00000000e+00
0.00000000e+00
0.00000000e+00
0.00000000e+00
0.00000000e+00
0.00000000e+00
0.00000000e+00
0.00000000e+00
-5.49277538e-02
2.46139688e-01
-1.51858812e-01
-5.75776744e-02
3.05649488e-01
2.37084928e-01
-1.08109875e+00
-7.97267611e-01
-5.73731650e-01
-3.59128675e-01
-7.69033362e-01
6.44660728e-02
-9.03682973e-01
0.00000000e+00
0.00000000e+00
0.00000000e+00
0.00000000e+00
0.00000000e+00
0.00000000e+00
0.00000000e+00
0.00000000e+00
0.00000000e+00
0.00000000e+00
-2.28062343e-01
-3.55507874e-02
-1.17580852e+00
0.00000000e+00
0.00000000e+00
0.00000000e+00
0.00000000e+00
-1.69314173e-01
8.45607144e-02
6.99406415e-02
5.02078451e-01
5.40974509e-01
-2.99900238e-01
1.64208379e-01
-4.97178932e-01
-3.57737543e-01
-5.88367612e-01
-2.24364480e-01
2.01193496e-02
-2.70828209e-01
3.35513576e-02
8.75893276e-04
-3.53087447e-02
4.75043130e-01
-3.87823227e-03
-1.76526709e-01
-3.61581933e-02
-6.83626932e-04
-1.02579328e-01
-1.60607731e-01
1.08541279e-01
3.00138266e-01
0.00000000e+00
0.00000000e+00
0.00000000e+00
0.00000000e+00
0.00000000e+00
0.00000000e+00
0.00000000e+00
-1.15628981e+00
-9.55820607e-01
-1.35357552e+00
-8.51511686e-01
-1.48092072e-01
2.00846388e-02
-2.28056493e-01
-1.84031496e-01
-1.56420592e-01
-2.60408311e-02
5.16917196e-01
1.60455873e-01
0.00000000e+00
0.00000000e+00
3.74789193e+00
1.89243937e+00
1.24571634e+00
4.71815216e-01
1.87728507e-01
1.89579048e-01
-3.99469665e-02
-1.04540474e+00
2.17405124e-01
4.81294105e-02
-1.53143567e-01
-8.90262802e-01
-1.28111948e+00
-2.45031621e+00
0.00000000e+00
0.00000000e+00
0.00000000e+00
0.00000000e+00
0.00000000e+00
0.00000000e+00
8.73404777e-01
-1.36567997e-02
-2.18508229e-01
-4.48497740e-01
-7.19932451e-01
-1.11717712e+00
4.71468193e+00
4.71333173e+00
4.70350399e+00
4.72203825e+00
4.66248244e+00
4.81448292e+00
1.87162735e-01
-7.27790757e-02
-1.84030484e-01
-1.85695552e-01
-1.26497151e-01
-7.74595055e-01
3.63946774e-02
-1.32540058e-01
-4.32225312e-01
-3.53532610e-01
-2.04046435e-01
-7.48473993e-01
1.00948740e+00
0.00000000e+00
0.00000000e+00
0.00000000e+00
0.00000000e+00
0.00000000e+00
0.00000000e+00
0.00000000e+00
-7.61415587e-01
2.42172028e-01
-2.54763537e+00
0.00000000e+00
-4.59925614e-01
-4.25994586e-01
-4.92259130e-01
-1.21837297e+00
-9.52184744e-01
0.00000000e+00
0.00000000e+00
0.00000000e+00
1.95192093e-01
-4.35438345e-01
-3.00703503e-01
5.38600150e-01
-1.63749886e+00
6.57049926e-01
1.95519929e-01
-8.36343617e-01
4.65272736e-01
0.00000000e+00
7.98967394e-01
9.41410119e-01
-3.45986681e-01
3.70369562e-01
-6.13518912e-01
-6.80215891e-01
-4.88262999e-02
-8.82640484e-01
4.61331345e-02
6.20472809e-01
1.56059426e-01
0.00000000e+00
0.00000000e+00
0.00000000e+00
1.87449458e-01
0.00000000e+00
1.61673338e-01
-4.97264802e-03
4.90105226e-01
7.49077623e-02
7.59533132e-02
3.15157673e-01
2.55104833e-01
0.00000000e+00
-1.09054492e-01
-1.40418652e-01
2.59969030e-01
3.13346307e-01
-1.59370249e-01
4.96671795e-01
3.23083792e-01
3.62916117e-01
3.74434883e-01
-4.55803872e-02
-5.16088917e-01
-2.07786773e-01
-7.00392615e-01
-1.71619048e-01
-8.04628340e-02
-1.52281511e-01
-3.40647707e-02
-2.14404911e-02
-1.79427041e-01
0.00000000e+00
0.00000000e+00
0.00000000e+00
1.12740042e-01
0.00000000e+00
-1.76802318e-01
1.66107792e-01
7.87956171e-02
3.08777702e-01
1.16653293e-01
-1.25317865e+00
-1.93009624e-01
0.00000000e+00
7.65901793e-01
6.67295185e-01
3.02181713e-01
-7.79208568e-02
-1.05223265e+00
-8.07285832e-01
-1.55633840e-01
2.53015023e-01
3.89307312e-02
7.86825171e-01
-3.08302144e-01
-6.02349752e-01
-2.53988881e-01
-1.37617406e-01
-4.36095828e-01
-2.52138842e-01
-8.11868179e-01
1.06248409e-01
-2.29005372e-02
4.51446400e-02
-2.12007989e-01
-8.52754931e-02
-1.83956986e-01
-9.18396417e-01
-5.70867393e-01
-3.13827767e-01
-1.64436756e+00
0.00000000e+00
0.00000000e+00
0.00000000e+00
-4.69098909e-01
-8.40632141e-01
8.29445866e-02
1.47013628e-01
-1.39059440e+00
4.94089650e-01
3.20975533e-01
3.29924765e-01
-1.33875056e-01
0.00000000e+00
-2.69229468e-01
1.33503791e-01
-8.60302668e-01
7.06448974e-01
4.17788234e-01
1.67598525e-01
1.90387828e-01
-5.05726987e-01
-1.15592423e-01
-4.99910241e-02
1.81697001e-01
0.00000000e+00
0.00000000e+00
0.00000000e+00
-6.98014400e-03
-3.88060859e-01
-1.04093200e-01
-8.83653872e-03
2.17510930e-01
-7.52049324e-02
-1.13443711e-01
-5.69864249e-02
1.91282176e-01
0.00000000e+00
-1.15859071e-01
2.18068140e-02
1.20976318e-01
1.11857650e-01
-4.70638112e-02
5.08634439e-02
1.16749820e-01
7.38621883e-02
2.16264755e-01
-2.29484018e-02
-7.66107466e-01
-3.27830602e-01
0.00000000e+00
-2.28890959e-02
-2.09546935e-01
-1.03056081e-01
-1.40347440e-01
-8.44270817e-02
-4.37215709e-01
0.00000000e+00
0.00000000e+00
0.00000000e+00
-2.95625090e-01
5.00324616e-01
5.85709388e-01
5.96699262e-02
-3.75215585e-02
-8.21250523e-01
-1.42466667e-01
1.03890164e+00
-8.10107483e-04
0.00000000e+00
-7.06492145e-01
-4.78053702e-01
-3.59876436e-01
-2.12606725e-01
7.82701017e-01
5.46977177e-01
3.03308308e-01
-1.64785848e-01
-1.14952741e-01
-9.20366238e-01
-4.38276864e-01
0.00000000e+00
1.04891448e-01
-1.85752900e-01
-8.78260094e-01
-9.81639841e-02
0.00000000e+00
-3.46521667e-01
4.14943243e-02
9.77137365e-02
-1.56641506e-01
-3.92362151e-02
-7.80096110e-01
0.00000000e+00
3.88525718e-01
5.33129134e-01
247
-7.47957834e-01
0.00000000e+00
0.00000000e+00
0.00000000e+00
0.00000000e+00
0.00000000e+00
0.00000000e+00
0.00000000e+00
0.00000000e+00
0.00000000e+00
0.00000000e+00
0.00000000e+00
0.00000000e+00
0.00000000e+00
-2.33720694e-01
-5.14237140e-01
-1.14295952e-01
-1.19424742e-01
3.42815267e-02
0.00000000e+00
0.00000000e+00
0.00000000e+00
0.00000000e+00
0.00000000e+00
0.00000000e+00
0.00000000e+00
0.00000000e+00
-7.47957834e-01
0.00000000e+00
-9.55656206e-01
2.07698372e-01
0.00000000e+00
5.28473166e-01
6.92583089e-01
0.00000000e+00
0.00000000e+00
0.00000000e+00
0.00000000e+00
0.00000000e+00
0.00000000e+00
0.00000000e+00
-1.39173378e-01
-4.79167126e-04
-2.53877815e-01
2.26968690e-03
-2.11330715e-01
2.83677218e-03
-1.43575926e-01
-7.51731653e-05
-3.25766890e-01
-2.84603213e-01
-1.37587731e-01
0.00000000e+00
0.00000000e+00
0.00000000e+00
0.00000000e+00
0.00000000e+00
0.00000000e+00
0.00000000e+00
2.42286002e+00
7.41045384e-01
0.00000000e+00
0.00000000e+00
0.00000000e+00
0.00000000e+00
1.66500971e-01
-4.43178261e-01
1.70048958e-01
6.83465109e-02
1.54462317e-03
-4.14328220e-01
-8.60512452e-01
-1.95297278e+00
0.00000000e+00
0.00000000e+00
0.00000000e+00
0.00000000e+00
0.00000000e+00
0.00000000e+00
1.13336511e+00
8.04365693e-02
-2.10978165e-01
-5.63180810e-01
-8.73160173e-01
-1.05548575e+00
3.62841692e+00
3.59042337e+00
3.56100881e+00
3.53029220e+00
3.42500482e+00
3.39286860e+00
2.78481266e-01
3.17053962e-01
2.34062386e-01
2.00624474e-01
1.38876582e-01
-1.87658680e-01
2.92652745e-01
5.91410946e-02
5.36133027e-02
1.03175936e-01
1.58772166e-01
-2.99173838e-01
-1.82944496e-01
0.00000000e+00
0.00000000e+00
0.00000000e+00
-5.65013338e-01
2.87195873e-01
-2.09300778e+00
0.00000000e+00
-6.16660385e-01
-4.61149692e-01
-4.69344466e-01
-1.01965875e+00
-1.07781008e+00
0.00000000e+00
0.00000000e+00
0.00000000e+00
2.09790804e-01
-1.62459124e-02
-2.48333586e-01
3.34148575e-01
-8.90156744e-01
5.87526239e-01
5.14078487e-01
-2.73599032e-01
1.50729816e-01
0.00000000e+00
6.05317059e-01
4.05472118e-01
-1.05492315e+00
5.75881620e-01
-1.41978166e+00
-3.01465031e-01
-1.21836703e-01
-4.43251078e-01
1.72789120e-02
2.91559196e-01
-5.50747634e-01
-1.74699117e-01
-3.75391911e-01
-2.11625095e-01
-1.41226546e-01
1.96851380e-01
0.00000000e+00
0.00000000e+00
0.00000000e+00
5.52419780e-03
-1.26750181e-01
5.45160057e-02
-6.46142309e-02
-2.15401732e-01
-1.03669281e-01
-5.90588168e-02
2.37006719e-01
-1.68407272e-01
0.00000000e+00
-2.54524636e-02
-2.03254878e-01
1.31414810e-01
-1.52805110e-02
5.97212298e-01
1.25403441e-01
6.75696110e-02
1.49078399e-01
-8.08001290e-02
-1.08184606e-01
-3.76048517e-01
7.34594231e-02
3.13596657e-02
-1.93816766e-01
-5.27062443e-01
-4.41961268e-01
-5.55647830e-01
-5.58900037e-02
-1.80898476e-01
-8.51011751e-02
-5.34808584e-02
2.29713500e-01
3.57731510e-02
-1.48900322e+00
0.00000000e+00
0.00000000e+00
0.00000000e+00
-6.76705350e-01
-6.24279342e-01
2.31302467e-02
-8.64810545e-03
-1.05781953e+00
7.93771792e-01
2.55361253e-01
-1.53738576e-01
-8.81983811e-02
0.00000000e+00
-4.57028188e-01
6.87557171e-01
-6.77994173e-01
7.79729751e-01
-1.37625518e-01
-2.18865773e-01
1.18529410e-01
-2.75999082e-01
3.03290889e-01
-7.34717113e-02
-6.91139886e-01
-2.72484336e-01
0.00000000e+00
-1.81686134e-01
-5.88539779e-02
8.33273014e-02
0.00000000e+00
0.00000000e+00
0.00000000e+00
9.87887726e-02
-2.99354036e-01
-2.20710242e-02
2.97819497e-01
-3.33257039e-01
1.65321299e-01
1.97214624e-02
-1.81747536e-01
9.96235673e-02
0.00000000e+00
2.37144971e-01
1.66780563e-01
-4.68099732e-03
-8.87374059e-03
-5.10542181e-01
-6.64922185e-02
8.80760182e-02
5.16090315e-02
-1.64701682e-02
3.01931058e-01
-4.18655550e-01
0.00000000e+00
2.15147463e-01
2.24381737e-01
-7.97863332e-01
-1.96860131e-01
0.00000000e+00
-4.08273621e-02
3.72316063e-02
-6.01003201e-01
0.00000000e+00
-5.40538850e-02
1.92205750e-01
2 1
7.1527e-03 2.5427e-01
2 1
1 4 
217
9.85116262e-02
-1.84169823e-01
-2.91462370e-01
-5.03665882e-01
-7.42802951e-02
5.58235826e-01
3.84823241e-01
3.83676918e-01
5.78369244e-01
-5.68750112e-01
-5.55579790e-01
-1.16444123e-01
-2.34820773e-01
2.31970283e-02
1.04019771e-01
-2.65087709e-03
8.65900111e-02
-1.57652807e-01
-1.78117666e-03
-2.45683949e-01
-2.36508842e-01
5.62330529e-03
-3.08759720e-01
3.88653504e-01
1.29002432e-03
-3.16691539e-01
-1.40767615e-01
1.46583396e-01
9.26958454e-02
0.00000000e+00
0.00000000e+00
0.00000000e+00
0.00000000e+00
0.00000000e+00
0.00000000e+00
0.00000000e+00
0.00000000e+00
-7.51400452e-02
1.82657942e-01
0.00000000e+00
0.00000000e+00
0.00000000e+00
0.00000000e+00
0.00000000e+00
0.00000000e+00
1.43407714e-01
-2.18547759e-01
1.82657942e-01
0.00000000e+00
0.00000000e+00
0.00000000e+00
0.00000000e+00
0.00000000e+00
0.00000000e+00
0.00000000e+00
0.00000000e+00
0.00000000e+00
0.00000000e+00
0.00000000e+00
0.00000000e+00
1.82657942e-01
1.43407714e-01
-2.18547759e-01
0.00000000e+00
-2.27554029e-01
-1.71647419e+00
3.45273780e-01
-1.35800654e+00
-1.92081250e-02
9.77356475e-02
3.88956036e-01
-2.54554593e-01
-1.41444764e+00
2.02465168e-01
6.71145733e-01
-2.38354985e-01
4.77916469e-01
0.00000000e+00
0.00000000e+00
0.00000000e+00
0.00000000e+00
0.00000000e+00
0.00000000e+00
0.00000000e+00
0.00000000e+00
0.00000000e+00
0.00000000e+00
0.00000000e+00
0.00000000e+00
0.00000000e+00
0.00000000e+00
0.00000000e+00
0.00000000e+00
0.00000000e+00
0.00000000e+00
0.00000000e+00
0.00000000e+00
0.00000000e+00
0.00000000e+00
0.00000000e+00
0.00000000e+00
0.00000000e+00
0.00000000e+00
0.00000000e+00
0.00000000e+00
0.00000000e+00
0.00000000e+00
0.00000000e+00
0.00000000e+00
0.00000000e+00
0.00000000e+00
0.00000000e+00
0.00000000e+00
0.00000000e+00
0.00000000e+00
0.00000000e+00
0.00000000e+00
0.00000000e+00
0.00000000e+00
5.19391040e-01
6.66273731e-02
-1.31221073e+00
0.00000000e+00
0.00000000e+00
0.00000000e+00
1.73517382e-02
-1.37192964e+00
-1.62263165e-01
4.94139379e-01
-1.02772944e+00
4.61493243e-01
2.69126419e-01
1.70757101e-01
-4.30372718e-01
0.00000000e+00
4.46661587e-01
2.18780802e-01
-8.18038539e-01
1.89504996e-01
1.52080955e-01
4.05640597e-01
3.56442892e-01
-6.70038141e-01
1.11067611e-01
-1.24886406e-01
1.89543341e-01
0.00000000e+00
0.00000000e+00
0.00000000e+00
7.36525735e-01
-1.54284348e+00
8.30560229e-03
3.27215675e-01
-1.08796237e+00
6.33024216e-02
2.05408325e-01
3.43263600e-01
-5.21563597e-02
0.00000000e+00
6.26811165e-01
-4.06978356e-01
-1.27612252e-01
3.38521211e-01
-2.18381487e-01
3.03168268e-01
3.54626300e-01
-4.75971253e-01
-1.04459628e-01
8.98760219e-01
-5.83784821e-01
0.00000000e+00
0.00000000e+00
0.00000000e+00
3.43007354e-01
-1.16854728e+00
-2.67941230e-01
7.84385446e-01
-8.72294413e-01
6.98430617e-01
4.17754347e-01
-4.82966675e-02
-1.99437883e-02
0.00000000e+00
9.18247458e-01
2.07743411e-02
-1.08553599e+00
4.95669893e-01
-7.25852605e-01
-1.31252034e-01
4.78292930e-01
-8.47040482e-01
1.55763496e-02
4.10780934e-01
-3.17159343e-01
0.00000000e+00
0.00000000e+00
0.00000000e+00
6.24970913e-02
-1.04596618e+00
9.04828477e-02
-1.91035296e-01
-8.15315906e-01
1.81023219e-02
1.15568449e-01
1.11427908e-01
-4.11947841e-01
0.00000000e+00
5.30075427e-02
1.64529141e-01
1.91481226e-01
2.92579459e-01
6.38407710e-01
2.83031381e-01
-1.44077911e-01
-4.19782163e-02
1.66323091e-01
1.45723836e-01
136
-1.79656658e-01
2.78297330e-01
-7.12505644e-03
-1.88980171e-01
-1.20167918e-03
-3.29180940e-01
3.96588240e-03
6.02071232e-02
1.15688699e-03
1.33742549e-01
-1.19962507e-01
-1.93436699e-01
0.00000000e+00
0.00000000e+00
0.00000000e+00
0.00000000e+00
0.00000000e+00
0.00000000e+00
0.00000000e+00
0.00000000e+00
-3.07992178e-01
-1.06347862e-01
0.00000000e+00
0.00000000e+00
0.00000000e+00
0.00000000e+00
0.00000000e+00
0.00000000e+00
-5.38664154e-01
2.30671976e-01
-1.06347862e-01
0.00000000e+00
0.00000000e+00
0.00000000e+00
0.00000000e+00
0.00000000e+00
0.00000000e+00
0.00000000e+00
0.00000000e+00
0.00000000e+00
0.00000000e+00
0.00000000e+00
0.00000000e+00
0.00000000e+00
0.00000000e+00
0.00000000e+00
0.00000000e+00
8.10233075e-01
1.10736325e-01
4.73762295e-01
-9.46962983e-01
1.78681179e-01
-4.82661949e-01
1.15988435e-01
-6.23925018e-02
-1.22444928e+00
0.00000000e+00
0.00000000e+00
0.00000000e+00
0.00000000e+00
-1.06347862e-01
-5.38664154e-01
2.30671976e-01
0.00000000e+00
0.00000000e+00
0.00000000e+00
0.00000000e+00
0.00000000e+00
0.00000000e+00
0.00000000e+00
0.00000000e+00
0.00000000e+00
0.00000000e+00
0.00000000e+00
0.00000000e+00
0.00000000e+00
0.00000000e+00
0.00000000e+00
0.00000000e+00
0.00000000e+00
0.00000000e+00
0.00000000e+00
0.00000000e+00
0.00000000e+00
0.00000000e+00
0.00000000e+00
8.56583061e-01
3.47936264e-01
-1.03766823e+00
0.00000000e+00
0.00000000e+00
0.00000000e+00
7.23472577e-01
-1.98469723e+00
1.87378005e-01
5.66054351e-01
-2.20723271e+00
6.04906585e-01
5.58006337e-01
6.10525872e-01
-4.03811748e-01
0.00000000e+00
1.00675280e+00
-8.79939537e-02
-1.03495754e+00
6.03939550e-01
4.73417661e-01
4.21835456e-01
2.33117103e-01
-1.39717357e+00
-3.89482346e-01
4.78274572e-01
-1.07342936e+00
0.00000000e+00
0.00000000e+00
0.00000000e+00
5.17445478e-01
-1.86272999e+00
-9.22025435e-02
7.92829806e-01
-2.20820085e+00
8.07515065e-01
7.35155505e-01
1.16718352e-01
-3.59079918e-01
0.00000000e+00
1.02817082e+00
-5.06947040e-02
-8.98075849e-01
7.58102359e-01
-3.24197899e-01
2.16144952e-01
3.13899831e-01
-1.13870872e+00
5.38371985e-02
5.20641742e-01
7 1
-2.4069e-01 3.4212e-01
3 1
1 4 2 
217
1.43851220e-01
-1.91041953e-01
-4.54093504e-02
1.48558047e-01
1.63988101e-01
-1.49046586e-01
7.64850394e-02
-7.83496365e-02
4.00504486e-02
-2.89002716e-01
-6.82237216e-02
-1.97575930e-01
0.00000000e+00
0.00000000e+00
-1.12512137e-01
1.02703406e-02
-2.02989189e-01
8.30492938e-02
-4.85322842e-03
-3.60040812e-01
-2.06878971e-01
3.65434685e-03
-2.29811962e-01
3.80193033e-01
7.92792011e-04
-3.04856825e-01
5.78453463e-01
-2.45043456e-01
-1.89558787e-01
0.00000000e+00
0.00000000e+00
0.00000000e+00
0.00000000e+00
0.00000000e+00
0.00000000e+00
0.00000000e+00
0.00000000e+00
-2.17729559e-01
-2.50980726e-01
3.91689096e-01
0.00000000e+00
0.00000000e+00
0.00000000e+00
0.00000000e+00
0.00000000e+00
-6.02990247e-02
-1.57225123e-01
2.46985439e-01
0.00000000e+00
5.35330629e-02
-5.51499228e-01
3.91689096e-01
0.00000000e+00
0.00000000e+00
0.00000000e+00
0.00000000e+00
0.00000000e+00
0.00000000e+00
0.00000000e+00
0.00000000e+00
8.71753079e-02
-6.97137220e-03
-1.57225123e-01
0.00000000e+00
-4.88057354e-01
-1.46853621e+00
5.04819450e-01
-9.57847578e-01
1.27089124e-01
4.68058345e-01
5.11373804e-01
-2.97472769e-01
-1.10757888e+00
1.31842705e-01
3.89861883e-01
-2.01892521e-01
2.13264517e-01
2.77443666e-01
-2.71099668e-02
-2.83207815e-01
4.10902190e-02
-6.24272596e-02
-1.47572698e-01
-6.07145140e-01
0.00000000e+00
0.00000000e+00
0.00000000e+00
0.00000000e+00
0.00000000e+00
0.00000000e+00
0.00000000e+00
0.00000000e+00
0.00000000e+00
0.00000000e+00
0.00000000e+00
0.00000000e+00
0.00000000e+00
0.00000000e+00
0.00000000e+00
0.00000000e+00
0.00000000e+00
0.00000000e+00
0.00000000e+00
0.00000000e+00
0.00000000e+00
0.00000000e+00
0.00000000e+00
0.00000000e+00
0.00000000e+00
0.00000000e+00
0.00000000e+00
0.00000000e+00
0.00000000e+00
0.00000000e+00
0.00000000e+00
0.00000000e+00
0.00000000e+00
0.00000000e+00
0.00000000e+00
5.34107532e-01
2.31426697e-01
-1.22490080e+00
0.00000000e+00
0.00000000e+00
0.00000000e+00
2.23645668e-01
-1.01370300e+00
-2.17588368e-01
2.74692684e-01
-1.03406710e+00
8.26462400e-01
1.14041474e-01
6.44847353e-03
-2.35980988e-01
0.00000000e+00
4.82979954e-01
-1.17154664e-01
-1.20514220e+00
6.82232996e-01
2.26544421e-01
-5.12623839e-02
3.00379746e-01
-7.92386504e-01
1.34785993e-01
1.70170595e-01
9.29347978e-02
0.00000000e+00
0.00000000e+00
0.00000000e+00
6.34649713e-01
-1.44421486e+00
4.55974487e-01
2.74193904e-01
-7.36154023e-01
-1.75104329e-01
2.42476471e-01
4.92004079e-01
-1.52666033e-01
0.00000000e+00
5.93773827e-01
-6.68100571e-01
-1.82510363e-02
-1.12200327e-01
-1.67123757e-01
3.52029001e-01
1.93293676e-01
-1.56244293e-01
-7.68180365e-02
5.61416907e-01
-7.36347700e-01
0.00000000e+00
0.00000000e+00
0.00000000e+00
7.89123112e-02
-1.42298998e+00
-1.91978440e-01
3.79291698e-01
-9.96606505e-01
4.14239822e-01
6.22043006e-02
3.78937629e-01
-2.02450941e-01
0.00000000e+00
9.41712985e-01
-1.82706859e-01
-1.30057121e+00
7.46801346e-01
-2.15289019e-01
1.65695724e-01
3.97307374e-01
-8.03011757e-01
3.70476590e-01
6.43677231e-01
-2.65152102e-01
0.00000000e+00
0.00000000e+00
0.00000000e+00
2.89566758e-01
-8.46651672e-01
-1.26673310e-01
6.99681622e-02
-7.40602798e-01
4.73914446e-01
3.37840220e-01
-1.19449416e-01
-4.94610382e-01
0.00000000e+00
6.11640531e-02
4.25414354e-02
5.21386468e-01
8.98759777e-02
3.53924915e-01
7.24922017e-02
-9.70168583e-02
3.91598996e-02
-2.33464224e-01
4.14820220e-02
136
-1.22271671e-01
1.94149845e-01
-2.09526459e-03
-1.53725556e-01
-6.52029352e-04
-2.22902986e-01
2.67649200e-03
6.02070263e-02
1.38400255e-03
-6.11181517e-02
6.14832407e-03
-6.73018438e-02
0.00000000e+00
0.00000000e+00
0.00000000e+00
0.00000000e+00
0.00000000e+00
0.00000000e+00
0.00000000e+00
0.00000000e+00
-3.00844314e-01
-1.76283773e-01
2.28978339e-01
0.00000000e+00
0.00000000e+00
0.00000000e+00
0.00000000e+00
0.00000000e+00
-3.51308826e-01
3.26100275e-02
-1.49292627e-01
0.00000000e+00
-4.74209173e-01
4.47218027e-01
2.28978339e-01
0.00000000e+00
0.00000000e+00
0.00000000e+00
0.00000000e+00
0.00000000e+00
0.00000000e+00
0.00000000e+00
0.00000000e+00
0.00000000e+00
0.00000000e+00
0.00000000e+00
0.00000000e+00
8.75081158e-01
7.34076517e-02
4.99839501e-01
-7.99646725e-01
-4.09125389e-02
-6.40872900e-01
1.96630408e-01
-7.23009896e-02
-1.13518878e+00
-2.63685819e-01
-7.84275305e-02
2.04987024e-01
-2.37180558e-02
-5.62220898e-01
-8.07663514e-01
3.26100275e-02
0.00000000e+00
0.00000000e+00
0.00000000e+00
0.00000000e+00
0.00000000e+00
0.00000000e+00
0.00000000e+00
0.00000000e+00
0.00000000e+00
0.00000000e+00
0.00000000e+00
0.00000000e+00
0.00000000e+00
0.00000000e+00
0.00000000e+00
0.00000000e+00
0.00000000e+00
0.00000000e+00
0.00000000e+00
0.00000000e+00
0.00000000e+00
0.00000000e+00
0.00000000e+00
8.08860371e-01
3.10871607e-01
-1.07635653e+00
0.00000000e+00
0.00000000e+00
0.00000000e+00
7.26239096e-01
-2.18686623e+00
-8.40268403e-02
6.22921359e-01
-2.34197950e+00
5.09437739e-01
5.87218778e-01
6.88745890e-01
-4.20002186e-01
0.00000000e+00
9.86256195e-01
2.73562337e-02
-9.67135574e-01
5.33631417e-01
5.26563953e-01
5.57619772e-01
4.24340641e-01
-1.46568330e+00
-3.33887471e-01
5.32893502e-01
-1.04777359e+00
0.00000000e+00
0.00000000e+00
0.00000000e+00
4.77301589e-01
-1.85952993e+00
-6.27578962e-02
7.68556018e-01
-2.15657337e+00
7.40021412e-01
7.49025266e-01
6.81890123e-02
-3.26572019e-01
0.00000000e+00
1.00716808e+00
3.45980848e-02
-8.59267935e-01
6.81165370e-01
-3.80878770e-01
2.28515168e-01
3.73693730e-01
-1.09152566e+00
5.20057061e-02
5.09092561e-01
15 2
-6.2260e-01 4.1091e-01
4 4
1 4 2 7 
217
3.36751566e-02
2.38565127e-01
-9.72976023e-02
-4.31903653e-01
-1.08165401e-01
2.90712249e-02
-4.34592245e-02
3.30422027e-01
4.32307439e-01
1.16343027e-01
3.94241135e-01
-4.16596861e-01
-6.41248792e-01
-3.64734744e-01
-2.50388196e-02
-1.80054497e-02
1.95645908e-02
-2.09072416e-01
2.45046516e-03
-2.22729063e-01
-4.83590426e-02
2.48172876e-04
-2.32494582e-01
3.16145435e-01
-2.55985540e-04
-4.30952381e-01
2.09419867e-01
-1.75648268e-01
-9.64423438e-05
0.00000000e+00
0.00000000e+00
0.00000000e+00
0.00000000e+00
0.00000000e+00
0.00000000e+00
0.00000000e+00
0.00000000e+00
-3.40008581e-01
-3.31051049e-01
1.47594236e-01
5.41888059e-01
0.00000000e+00
0.00000000e+00
0.00000000e+00
0.00000000e+00
-4.98106291e-01
1.42402269e-01
-1.61260046e-01
0.00000000e+00
-1.02791029e-01
8.99344738e-02
3.69199944e-01
0.00000000e+00
1.27631586e-01
-2.84566035e-01
1.18764422e-01
0.00000000e+00
2.27898394e-01
-5.68268523e-01
5.41888059e-01
1.05692295e-01
-2.29671899e-01
1.42402269e-01
-5.98186450e-02
-5.29731237e-01
-1.46842849e+00
-9.12344689e-03
-1.17192540e+00
6.32348485e-01
4.48391440e-02
6.69401268e-02
-2.81359534e-01
-8.95875440e-01
1.67135798e-01
1.96616049e-01
8.09587656e-02
-1.47730029e-01
-1.36349840e-01
-3.87836322e-01
-3.92571828e-01
2.20794952e-01
-4.70764789e-01
3.37066366e-01
6.08599164e-01
-2.13921244e-01
6.85530561e-02
1.57943907e-01
2.17865817e-02
-3.04234620e-01
1.57256763e-01
2.94812490e-01
0.00000000e+00
0.00000000e+00
0.00000000e+00
0.00000000e+00
0.00000000e+00
0.00000000e+00
0.00000000e+00
0.00000000e+00
0.00000000e+00
0.00000000e+00
0.00000000e+00
0.00000000e+00
0.00000000e+00
0.00000000e+00
0.00000000e+00
0.00000000e+00
0.00000000e+00
0.00000000e+00
0.00000000e+00
0.00000000e+00
0.00000000e+00
0.00000000e+00
0.00000000e+00
0.00000000e+00
0.00000000e+00
0.00000000e+00
0.00000000e+00
0.00000000e+00
7.89435225e-01
3.53096959e-01
-8.39280082e-01
0.00000000e+00
0.00000000e+00
0.00000000e+00
2.13147287e-01
-3.51570075e-01
-4.19192142e-02
1.20863763e-01
-4.72257716e-01
-9.40511574e-02
4.27750413e-02
-7.10759352e-02
-1.92362141e-01
0.00000000e+00
6.28069151e-01
-4.60237702e-01
-3.71966320e-01
2.05720063e-01
9.01467209e-02
-1.14558698e-01
1.07491932e-01
-3.05674887e-01
-1.32639414e-01
3.60819219e-01
-5.04407864e-02
0.00000000e+00
0.00000000e+00
0.00000000e+00
2.06984079e-01
-6.53635625e-01
-8.15264769e-02
2.01483673e-01
-8.46663241e-01
2.67186799e-01
1.51285860e-01
5.81282488e-02
1.58940148e-01
0.00000000e+00
2.42434371e-01
4.45376467e-01
-1.16026613e-01
1.83209288e-01
-3.33870379e-01
1.14526122e-01
4.30933754e-02
-3.59736627e-01
1.25397506e-02
2.55829992e-01
-5.54007145e-01
0.00000000e+00
0.00000000e+00
0.00000000e+00
1.39752779e-01
-4.45738744e-01
-2.64705256e-01
5.39812712e-01
-3.06547942e-01
-4.14306640e-01
3.71281027e-01
1.85243253e-02
-1.55600373e-01
0.00000000e+00
5.29286584e-01
-1.08417152e-01
-1.87190769e-01
3.72594418e-01
-3.76342013e-01
3.65267196e-02
-2.21251851e-02
-3.31932863e-01
-7.04317871e-03
5.81644051e-02
-2.06413758e-01
0.00000000e+00
0.00000000e+00
0.00000000e+00
2.85818439e-02
-7.85001618e-01
3.16315417e-02
4.70773985e-04
-5.23541521e-01
7.79155796e-01
2.04518079e-01
1.45460068e-01
-1.45343843e-02
0.00000000e+00
1.81900965e-02
-1.19489313e-01
-4.13934414e-01
2.59801304e-02
4.56168459e-01
7.94850518e-02
1.77950005e-01
-3.06276212e-01
-3.10217098e-02
3.97935669e-02
136
-7.96498685e-02
-8.44412871e-03
-3.23094095e-03
6.11684858e-02
-2.05450086e-03
-8.26576247e-02
3.20502238e-04
-4.97166008e-02
-2.02093771e-04
-2.24791351e-02
-1.81007197e-01
1.23836464e-01
0.00000000e+00
0.00000000e+00
0.00000000e+00
0.00000000e+00
0.00000000e+00
0.00000000e+00
0.00000000e+00
0.00000000e+00
1.19345206e-02
-2.10732807e-01
-1.37271236e-01
1.84933596e-01
0.00000000e+00
0.00000000e+00
0.00000000e+00
0.00000000e+00
-1.80328410e-01
1.63480800e-01
-2.20333745e-01
0.00000000e+00
-2.96417084e-01
2.71100023e-01
1.49884617e-01
0.00000000e+00
-8.21914805e-02
1.17300008e-01
3.66841039e-02
0.00000000e+00
3.86769137e-02
-3.62516871e-01
1.84933596e-01
0.00000000e+00
0.00000000e+00
0.00000000e+00
3.94657297e-01
-1.05215677e-01
2.93801250e-02
3.05750187e-01
-6.40583234e-01
1.92222132e-02
-4.39404614e-01
3.76935489e-01
8.07398197e-02
-1.03404076e+00
7.86036792e-02
-1.49519254e-01
1.29360470e-01
4.55978094e-02
-3.45009681e-01
-2.83628609e-01
-7.98917498e-02
-1.46049632e-01
5.32161445e-02
-2.97697012e-02
0.00000000e+00
0.00000000e+00
0.00000000e+00
0.00000000e+00
0.00000000e+00
0.00000000e+00
0.00000000e+00
0.00000000e+00
0.00000000e+00
0.00000000e+00
0.00000000e+00
0.00000000e+00
0.00000000e+00
0.00000000e+00
0.00000000e+00
0.00000000e+00
0.00000000e+00
0.00000000e+00
0.00000000e+00
0.00000000e+00
8.50273463e-01
2.91605277e-01
-9.54750199e-01
0.00000000e+00
0.00000000e+00
0.00000000e+00
6.55053794e-01
-1.65916988e+00
9.05557293e-02
5.02027376e-01
-2.04547797e+00
3.56437003e-01
4.68950448e-01
5.62620609e-01
-3.02576031e-01
0.00000000e+00
1.06822033e+00
-1.61417225e-01
-1.01430089e+00
5.39870361e-01
4.41071701e-01
4.34318531e-01
4.12480131e-01
-1.50841784e+00
-2.88802517e-01
4.93806132e-01
-1.07918508e+00
0.00000000e+00
0.00000000e+00
0.00000000e+00
5.58609889e-01
-1.81775874e+00
-9.97358126e-02
7.69212083e-01
-1.90239790e+00
4.50925310e-01
6.84639212e-01
3.04283630e-02
-4.80858913e-01
0.00000000e+00
1.12192936e+00
3.51448079e-02
-8.22803942e-01
7.83400263e-01
-4.95693896e-01
2.64786878e-01
4.09953579e-01
-1.19454313e+00
6.46319576e-03
6.19114305e-01
8 1
-7.8703e-01 4.2401e-01
5 1
1 4 2 7 15 
217
-2.24046374e-01
-4.58512655e-01
2.54428545e-01
1.83151532e-02
-4.08302211e-01
7.72119977e-01
3.32508527e-01
1.28747876e-01
3.28434658e-03
3.57443680e-02
2.70067535e-01
2.10555383e-01
0.00000000e+00
0.00000000e+00
4.89618101e-01
-1.66112861e-02
3.86166620e-02
-2.20483313e-01
-3.94664410e-03
3.13596886e-01
-3.05507607e-01
4.66274422e-03
1.18487754e-02
-1.87673555e-01
1.88646038e-03
1.20047379e-01
0.00000000e+00
-7.28672053e-02
-2.90705356e-01
0.00000000e+00
0.00000000e+00
0.00000000e+00
0.00000000e+00
0.00000000e+00
0.00000000e+00
0.00000000e+00
0.00000000e+00
-2.03258374e-01
-4.69803302e-01
-1.96786437e-01
9.79351862e-02
5.47866552e-01
0.00000000e+00
0.00000000e+00
0.00000000e+00
-3.85343480e-01
-1.20400177e-02
3.09050826e-02
0.00000000e+00
-1.66673095e-01
9.63225989e-02
4.17498614e-01
0.00000000e+00
3.43181781e-02
-3.51305498e-01
4.55598665e-01
0.00000000e+00
8.74299057e-03
-8.29952594e-01
4.77882182e-01
-7.07340542e-03
-2.04932951e-01
-1.20400177e-02
0.00000000e+00
-1.09697551e+00
-1.60372801e+00
7.68753794e-01
-3.61637040e-01
1.04175342e-01
2.16730590e-01
-6.63870505e-02
-4.42568356e-01
-1.21910410e+00
8.32255247e-02
5.45921672e-01
2.01683508e-01
-3.08623173e-01
0.00000000e+00
-2.27867071e-01
-2.58987884e-01
2.34329181e-01
-2.84531011e-03
-2.30508485e-01
4.11471047e-01
0.00000000e+00
-1.93302981e-02
1.96700217e-01
-9.45578068e-02
1.37908783e-01
-1.10158270e-01
8.60307142e-02
-6.82857254e-02
-5.96667076e-01
-3.78310610e-01
5.57429577e-01
-8.11463230e-01
-1.16523150e-01
-6.55719940e-03
0.00000000e+00
0.00000000e+00
0.00000000e+00
0.00000000e+00
0.00000000e+00
0.00000000e+00
0.00000000e+00
0.00000000e+00
0.00000000e+00
0.00000000e+00
0.00000000e+00
0.00000000e+00
0.00000000e+00
0.00000000e+00
0.00000000e+00
0.00000000e+00
0.00000000e+00
0.00000000e+00
0.00000000e+00
0.00000000e+00
0.00000000e+00
4.57163957e-01
1.88771743e-01
-1.32813226e+00
0.00000000e+00
0.00000000e+00
0.00000000e+00
6.39100007e-01
-1.51466340e+00
2.00124104e-01
8.31786819e-02
-9.61637177e-01
-2.72449705e-01
-3.98382863e-01
4.74475212e-01
3.47016469e-01
0.00000000e+00
8.20563156e-01
-5.62950593e-01
-7.74170096e-01
5.17337425e-02
5.05267375e-01
1.88001583e-01
-4.58438335e-01
-7.65827657e-01
1.56920776e-03
1.06935803e+00
1.33778327e-01
0.00000000e+00
0.00000000e+00
0.00000000e+00
1.42849516e-01
-1.15862261e+00
-3.98911215e-01
3.84768389e-02
-9.64470841e-01
3.40845674e-01
7.22954675e-01
-1.89727811e-01
1.41633439e-01
0.00000000e+00
4.80916334e-01
-3.65884110e-01
1.06990471e-01
8.09096621e-01
-5.62389596e-01
3.04057739e-01
5.33209412e-01
1.83978916e-01
3.80594214e-02
-6.92845487e-02
-6.63403291e-01
0.00000000e+00
0.00000000e+00
0.00000000e+00
2.30846395e-01
-1.36271748e+00
-7.48767232e-02
9.61565356e-01
-1.11874027e+00
8.04524237e-02
2.71876938e-01
4.00708765e-01
5.63476241e-01
0.00000000e+00
5.94886891e-01
1.57113604e-01
-1.17281150e+00
3.95530010e-01
-2.93092515e-01
2.37539982e-01
3.26965688e-01
-3.88287446e-01
-6.52044606e-01
1.78204958e-01
-3.18754011e-01
0.00000000e+00
0.00000000e+00
0.00000000e+00
9.40576250e-02
-1.50620337e+00
2.19243872e-01
-2.75303783e-01
-8.68478337e-01
7.00937597e-01
1.64245071e-01
-1.62114870e-01
-7.18604216e-01
0.00000000e+00
3.78689197e-01
1.19870822e-01
3.57078793e-01
3.08144820e-01
5.45644144e-01
-1.10739557e-01
-1.33156224e-02
-6.40880074e-01
7.72380806e-01
3.16593069e-01
136
-1.51745814e-01
2.84414441e-01
-1.07376724e-02
-2.29325038e-01
-5.59674398e-04
-2.70511243e-01
3.53256083e-03
6.36760263e-02
1.46969983e-03
-1.72741263e-01
4.82780046e-03
1.61676480e-02
0.00000000e+00
0.00000000e+00
0.00000000e+00
0.00000000e+00
0.00000000e+00
0.00000000e+00
0.00000000e+00
1.40120837e-01
-2.52995468e-02
-3.16514120e-01
-2.56854131e-01
5.00154925e-02
2.56785654e-01
0.00000000e+00
0.00000000e+00
1.57326881e-01
-3.50647035e-01
-5.11329140e-02
-2.15068734e-01
0.00000000e+00
-3.77370092e-01
4.72230595e-01
2.29754402e-01
0.00000000e+00
-1.12422071e-01
1.92900975e-01
2.44573442e-02
0.00000000e+00
-1.25175920e-01
-2.62473015e-01
1.84593340e-01
0.00000000e+00
0.00000000e+00
0.00000000e+00
0.00000000e+00
6.82044917e-01
1.89274270e-05
5.11771667e-01
-8.86621576e-01
-4.08826169e-02
-6.86125191e-01
2.14672004e-01
-3.40388900e-02
-1.01682729e+00
0.00000000e+00
-1.32699703e-01
1.60884048e-01
3.56719627e-02
-5.00247304e-01
-8.26981220e-01
-6.35320610e-03
-1.03485851e-01
6.22245193e-02
1.72201767e-02
-1.13396218e-01
-1.63045671e-01
-4.50001637e-01
2.83625687e-01
-2.28512377e-01
0.00000000e+00
0.00000000e+00
0.00000000e+00
0.00000000e+00
0.00000000e+00
0.00000000e+00
0.00000000e+00
0.00000000e+00
0.00000000e+00
0.00000000e+00
0.00000000e+00
0.00000000e+00
0.00000000e+00
0.00000000e+00
0.00000000e+00
7.96957798e-01
4.07016190e-01
-1.08399385e+00
0.00000000e+00
0.00000000e+00
0.00000000e+00
8.26361411e-01
-2.29703965e+00
1.32982134e-01
7.15918153e-01
-2.27118763e+00
6.15150387e-01
5.89209833e-01
7.24648340e-01
-6.66495953e-01
0.00000000e+00
9.54617393e-01
7.55035588e-03
-1.05210561e+00
5.36587264e-01
4.79491330e-01
5.81691702e-01
5.37420572e-01
-1.60312550e+00
-3.87147131e-01
4.91478758e-01
-1.02288296e+00
0.00000000e+00
0.00000000e+00
0.00000000e+00
5.16253847e-01
-1.91319328e+00
-9.12270995e-02
7.58416312e-01
-2.13435217e+00
8.04808909e-01
7.23399527e-01
4.25998138e-02
-3.65284327e-01
0.00000000e+00
9.90105076e-01
-1.04571690e-01
-8.91638979e-01
8.12632233e-01
-3.81661461e-01
1.90160358e-01
3.80712971e-01
-1.04474755e+00
5.94631397e-02
6.25241406e-01
11 1
-9.0049e-01 4.4367e-01
6 1
1 4 2 7 15 8 
217
3.67758404e-01
-3.00207401e-01
-2.91054861e-02
-7.30200227e-02
2.85434404e-01
-7.96660684e-02
9.32650881e-02
-5.06309535e-01
-4.11728818e-01
2.85504691e-01
2.28755485e-01
5.60046254e-01
0.00000000e+00
0.00000000e+00
-6.28147533e-02
-5.58659201e-04
6.00022421e-01
2.34881700e-01
-1.41242634e-03
-6.76327652e-02
1.31651476e-01
4.88005102e-03
1.41498305e-02
6.40399815e-02
1.06113913e-03
3.69242398e-01
0.00000000e+00
2.07447839e-01
1.60310565e-01
0.00000000e+00
0.00000000e+00
0.00000000e+00
0.00000000e+00
0.00000000e+00
0.00000000e+00
0.00000000e+00
0.00000000e+00
4.88099667e-02
-4.67117658e-01
-3.43785034e-01
-3.74268933e-01
2.01368909e-01
1.12271243e+00
0.00000000e+00
0.00000000e+00
-1.88755019e-01
-4.19216250e-01
1.02859584e-01
0.00000000e+00
-8.29948692e-02
2.77019654e-02
3.43899661e-01
0.00000000e+00
9.84669673e-02
-3.50136244e-01
4.07295835e-01
0.00000000e+00
1.10037657e-01
-3.41333650e-01
4.79894037e-01
5.44192223e-02
-4.53345709e-01
5.86646163e-01
0.00000000e+00
-9.02945451e-01
-1.75844471e+00
8.35176695e-01
-5.02096105e-01
4.35527160e-01
2.65976059e-02
7.03006859e-01
-5.86213395e-01
-1.28569622e+00
5.90721991e-02
4.16100647e-01
1.91892740e-01
9.79307734e-01
0.00000000e+00
-1.69446398e-01
-2.91612461e-01
5.32000983e-01
2.44502547e-01
5.20381948e-03
1.72321534e-01
0.00000000e+00
-3.64661992e-02
-2.10692897e-01
4.07299474e-01
-3.35264766e-01
-3.07487077e-03
2.60203300e-01
-3.37527891e-01
-2.46410619e-01
-3.05771505e-01
1.10966938e+00
-7.87541419e-01
-1.57972470e-01
2.20244629e-01
0.00000000e+00
-5.46709399e-01
-1.17326460e-01
6.41314917e-01
-3.49098968e-01
2.73152886e-01
-2.19206374e-02
0.00000000e+00
0.00000000e+00
0.00000000e+00
0.00000000e+00
0.00000000e+00
0.00000000e+00
0.00000000e+00
0.00000000e+00
0.00000000e+00
0.00000000e+00
0.00000000e+00
0.00000000e+00
0.00000000e+00
0.00000000e+00
3.38368112e-01
1.88442067e-01
-2.50441882e+00
0.00000000e+00
0.00000000e+00
0.00000000e+00
1.48823799e+00
-1.96832115e-01
5.82797173e-01
1.22996269e+00
-1.07751759e-01
7.07229323e-01
5.30014118e-01
5.91941040e-01
4.82625209e-01
0.00000000e+00
2.29220581e+00
2.54446524e-01
-8.29127052e-01
1.86940662e+00
8.92645465e-01
7.63461875e-01
1.36726065e-01
2.65383547e-01
1.38979595e+00
1.27865086e+00
-4.53690084e-01
0.00000000e+00
0.00000000e+00
0.00000000e+00
1.07483849e+00
-2.09598414e-01
1.11043699e+00
1.00652307e+00
-1.00072260e-01
1.18503469e+00
1.56730966e+00
1.44851121e+00
1.02739453e+00
0.00000000e+00
6.45690134e-01
4.74567173e-01
1.30918518e+00
7.52857123e-01
6.69829361e-01
1.06821517e+00
1.53556416e+00
6.49845767e-01
3.06107477e-01
1.13347897e+00
-1.19707020e+00
0.00000000e+00
0.00000000e+00
0.00000000e+00
8.63956286e-01
-1.27772109e-01
7.08656210e-01
9.40576288e-01
-1.02666211e+00
9.20588518e-01
1.31826811e+00
5.35509579e-01
-3.28886971e-01
0.00000000e+00
1.04339022e+00
5.57453936e-01
-8.53564338e-01
1.13317900e+00
5.54528851e-01
1.03609041e+00
8.85369543e-01
-1.07630710e+00
3.59848940e-01
1.09649270e+00
-9.08966004e-01
0.00000000e+00
0.00000000e+00
0.00000000e+00
7.31419504e-01
-6.63671717e-02
-1.80697351e-01
4.14910692e-01
-7.62286225e-01
5.10662583e-01
7.95770273e-02
5.51147331e-01
6.87949215e-01
0.00000000e+00
9.57384471e-01
6.78997762e-01
9.23982542e-01
7.83977919e-01
4.34432996e-01
2.47215099e-01
1.85821158e-01
6.44437667e-01
8.97106112e-01
2.71718720e-01
136
-2.66872417e-01
6.27281791e-02
-3.94764413e-03
-3.14471534e-01
1.22397640e-03
-1.60260607e-01
2.39411488e-03
1.45131545e-01
9.37804805e-04
0.00000000e+00
-1.11445194e-01
-1.01625395e-01
0.00000000e+00
0.00000000e+00
0.00000000e+00
0.00000000e+00
0.00000000e+00
0.00000000e+00
0.00000000e+00
0.00000000e+00
1.62659232e-01
-3.09532893e-01
-3.94706282e-01
-1.96448948e-01
-6.14489696e-02
3.76273571e-01
0.00000000e+00
0.00000000e+00
-3.97601108e-01
1.34545458e-02
-2.29492894e-01
0.00000000e+00
-3.79956321e-01
4.44741235e-01
1.64925005e-01
0.00000000e+00
-1.77911958e-01
2.60300484e-01
-2.26333177e-02
0.00000000e+00
-9.90124668e-02
-2.87136313e-01
1.47787511e-01
0.00000000e+00
0.00000000e+00
0.00000000e+00
0.00000000e+00
7.67684695e-01
1.32860159e-01
5.37160984e-01
-8.94845144e-01
-1.26546937e-01
-6.32271736e-01
2.32805022e-01
-3.61937688e-03
-9.69533808e-01
0.00000000e+00
-2.21117597e-01
1.27215989e-01
4.75468209e-02
-3.83479786e-01
-7.68593952e-01
1.03076178e-02
-7.02129764e-02
7.66976605e-02
3.27205587e-02
-1.42360682e-01
-2.22924581e-01
-4.44658941e-01
3.01491467e-01
-2.66278792e-01
0.00000000e+00
-2.27804439e-01
-5.99202227e-03
1.54197354e-01
-2.61751263e-01
0.00000000e+00
0.00000000e+00
0.00000000e+00
0.00000000e+00
0.00000000e+00
0.00000000e+00
0.00000000e+00
0.00000000e+00
0.00000000e+00
0.00000000e+00
7.67001522e-01
4.11556436e-01
-1.05886806e+00
0.00000000e+00
0.00000000e+00
0.00000000e+00
8.05628600e-01
-2.41368850e+00
6.28192636e-02
7.23960703e-01
-2.25764464e+00
6.11892774e-01
6.03365175e-01
7.37497726e-01
-5.00207871e-01
0.00000000e+00
9.36501925e-01
7.46640691e-03
-9.79931923e-01
4.92674103e-01
4.56644911e-01
6.09079719e-01
5.27790387e-01
-1.69109264e+00
-3.90262621e-01
5.98638441e-01
-1.00911141e+00
0.00000000e+00
0.00000000e+00
0.00000000e+00
5.09977485e-01
-1.76623636e+00
-8.11586757e-02
7.28662161e-01
-2.08706225e+00
7.95113507e-01
6.60692716e-01
9.71395679e-02
-2.90284410e-01
0.00000000e+00
9.09959210e-01
-1.34851340e-01
-8.60099277e-01
6.97104565e-01
-3.20898797e-01
2.42566682e-01
3.77653737e-01
-1.07895683e+00
2.31708277e-02
5.68396075e-01
10 1
-9.1994e-01 4.4667e-01
7 1
1 4 2 7 15 8 11 
217
3.43004098e-01
-2.31981077e-01
9.34019901e-02
2.49283924e-02
1.54248850e-01
3.64377131e-01
2.90123782e-01
-4.10262776e-01
-1.44801340e-01
-3.56953002e-01
-2.66136039e-01
-4.75108102e-01
0.00000000e+00
0.00000000e+00
5.36807461e-01
-1.64545948e-02
-4.90655796e-02
-3.80730013e-01
2.51803309e-03
-4.28887335e-02
2.37739821e-02
2.43408849e-03
-2.54308878e-01
1.63152668e-01
1.52111267e-03
-9.47393060e-03
0.00000000e+00
1.71851025e-01
1.71848670e-01
0.00000000e+00
0.00000000e+00
0.00000000e+00
0.00000000e+00
0.00000000e+00
0.00000000e+00
0.00000000e+00
0.00000000e+00
2.80890881e-01
-4.36083912e-01
-6.01130503e-01
-5.66160982e-01
-1.75570368e-01
2.04746946e-01
0.00000000e+00
0.00000000e+00
-4.11050126e-01
-1.43783238e-01
-2.11031918e-01
0.00000000e+00
-1.69719937e-01
-1.43224056e-02
7.21190511e-01
0.00000000e+00
1.17106687e-01
-2.11756365e-01
3.43962102e-01
0.00000000e+00
2.40800204e-01
-7.12103214e-01
6.33563989e-01
1.07731141e-01
-2.09794801e-01
2.73460744e-01
0.00000000e+00
-9.21817412e-01
-2.34661720e+00
8.67439041e-01
-1.00794216e+00
3.97382469e-01
3.12941664e-01
2.99998870e-01
-3.62714233e-01
-1.01573199e+00
3.70305309e-01
4.37836834e-01
3.54141521e-02
4.73410666e-02
0.00000000e+00
-3.55715840e-01
-8.89855859e-01
4.82636065e-01
-3.72487393e-01
2.16083873e-01
4.39916351e-02
0.00000000e+00
-5.71101009e-02
3.03706446e-01
2.58316624e-01
-5.74416745e-01
1.41797575e-01
1.34883456e-01
-3.62264270e-01
-5.83372618e-01
-2.68147241e-01
5.90880570e-01
-5.76085602e-01
6.97760417e-01
-6.34713763e-01
0.00000000e+00
-8.55408799e-01
-1.62900101e-01
8.35765568e-01
-6.43178659e-01
3.62647329e-01
2.90540934e-01
-1.53966892e-01
-1.90852630e-01
4.19742088e-02
2.85793755e-01
3.65268478e-01
4.02029865e-01
6.42241884e-01
0.00000000e+00
0.00000000e+00
0.00000000e+00
0.00000000e+00
0.00000000e+00
0.00000000e+00
0.00000000e+00
5.75032605e-01
4.78224499e-01
-1.54452836e+00
0.00000000e+00
0.00000000e+00
0.00000000e+00
1.57764847e-01
-1.02436211e+00
1.70770216e-01
3.93005805e-01
-1.01984826e+00
9.19980955e-01
4.21317191e-01
2.12761778e-01
-6.92568935e-01
0.00000000e+00
7.13282056e-01
-4.60542352e-01
-1.46277418e+00
4.37232858e-01
4.39519474e-01
4.61501997e-01
3.03545125e-01
-7.30949548e-01
-1.75588973e-01
-6.08576306e-01
3.33979204e-01
0.00000000e+00
0.00000000e+00
0.00000000e+00
5.83848293e-01
-8.19912285e-01
7.84413211e-02
3.35055943e-01
-1.07440897e+00
-6.45660781e-02
7.58649084e-02
3.62787414e-01
-2.87731367e-01
0.00000000e+00
3.07484922e-01
6.11673768e-03
-5.46070200e-02
9.67901181e-02
-6.28388109e-01
5.46581638e-01
6.48614175e-01
-5.96376929e-01
-1.32032513e-01
9.50417003e-01
-7.81391790e-01
0.00000000e+00
0.00000000e+00
0.00000000e+00
6.45213167e-01
-7.30249665e-01
-3.24774934e-01
3.79309469e-01
-1.78572618e+00
1.17827369e+00
6.28661382e-01
-2.18036048e-02
-4.57949906e-01
0.00000000e+00
9.61580148e-01
-8.03013924e-02
-1.40360878e+00
2.25249292e-01
-4.62780043e-01
4.85372842e-01
7.82068406e-01
-4.37390726e-01
-4.45206218e-01
8.26712592e-02
-2.34934074e-01
0.00000000e+00
0.00000000e+00
0.00000000e+00
-2.95905362e-01
-9.53234207e-01
-1.76529123e-01
1.74014970e-01
-3.64020043e-01
-3.56852594e-01
-1.82450471e-01
3.21286171e-01
-3.36573998e-01
0.00000000e+00
-5.00001812e-02
-9.72766843e-02
5.58738766e-01
5.97086134e-01
5.12550191e-01
-1.52611192e-01
-3.33267211e-01
-1.20740806e-01
4.70612757e-01
5.50238809e-01
136
-1.55705366e-01
4.03999596e-02
7.60725129e-06
-1.67974030e-01
-2.96843383e-04
-1.74950400e-01
2.96778314e-03
1.46819105e-01
1.19601029e-03
0.00000000e+00
-9.06886682e-03
-4.92696723e-02
0.00000000e+00
0.00000000e+00
0.00000000e+00
0.00000000e+00
0.00000000e+00
0.00000000e+00
0.00000000e+00
0.00000000e+00
2.54589267e-01
-2.66947995e-01
-3.96905287e-01
-2.65980888e-01
-3.98285153e-02
3.01435131e-01
1.72156560e-01
0.00000000e+00
-3.98509308e-01
-1.06684124e-02
-1.44395996e-01
0.00000000e+00
-3.04148722e-01
3.27075709e-01
2.77301228e-01
0.00000000e+00
-1.16003200e-01
1.91512057e-01
1.17179443e-01
0.00000000e+00
-1.08361326e-01
-2.63582638e-01
1.02606686e-01
0.00000000e+00
0.00000000e+00
0.00000000e+00
0.00000000e+00
4.94127186e-01
6.95468612e-02
4.52675696e-01
-9.26784718e-01
-1.39079458e-01
-6.13653984e-01
2.48674256e-01
-4.86385953e-03
-9.28322637e-01
0.00000000e+00
-1.09417803e-01
1.35634632e-01
7.11629033e-02
-3.31397910e-01
-6.65067984e-01
-8.58601215e-02
-1.90381400e-02
4.05785364e-02
3.05216745e-02
-8.67939574e-02
-1.95402781e-01
-3.94829317e-01
2.99219141e-01
-2.50587171e-01
0.00000000e+00
-1.04377890e-01
1.48257483e-01
1.33616100e-01
-3.60820939e-01
-6.53953135e-03
-2.23668804e-01
3.51089198e-02
7.14930433e-02
-6.46604478e-02
0.00000000e+00
0.00000000e+00
0.00000000e+00
0.00000000e+00
0.00000000e+00
8.37197757e-01
3.79240869e-01
-1.05610871e+00
0.00000000e+00
0.00000000e+00
0.00000000e+00
7.72891429e-01
-2.28735862e+00
4.51915381e-02
6.58423183e-01
-2.24717290e+00
5.58735678e-01
6.32196769e-01
6.81755236e-01
-4.32721069e-01
0.00000000e+00
9.65275471e-01
-7.70834968e-03
-9.63542087e-01
4.35278166e-01
5.03912935e-01
5.21663231e-01
4.36405435e-01
-1.57545119e+00
-3.00442807e-01
5.46559227e-01
-1.01418427e+00
0.00000000e+00
0.00000000e+00
0.00000000e+00
4.88007985e-01
-1.89052288e+00
-9.47182660e-02
7.32015392e-01
-2.14758626e+00
7.42641447e-01
7.00583362e-01
1.00856028e-01
-3.35745015e-01
0.00000000e+00
9.51950887e-01
2.63563007e-03
-8.45505196e-01
7.64739949e-01
-3.21566358e-01
2.46997278e-01
3.32425233e-01
-1.10725594e+00
8.15056496e-02
5.84356805e-01
9 1
-9.8074e-01 4.5134e-01
8 1
1 4 2 7 15 8 11 10 
217
5.63716735e-01
-3.72469478e-01
-2.71847637e-01
-1.52007555e-01
6.29292651e-01
-5.96298789e-01
2.80980223e-01
-2.84615888e-01
-1.65232718e-01
-1.16616410e-01
-1.77245729e-01
4.88903170e-01
0.00000000e+00
0.00000000e+00
1.77296293e-01
-9.54298219e-04
-1.90645716e-01
-2.43240993e-01
1.63596364e-03
-2.38508788e-01
2.06851023e-01
3.44012693e-03
-3.79532379e-01
4.22810412e-01
1.28099663e-03
-2.97390500e-01
0.00000000e+00
2.97506751e-01
2.66209984e-01
0.00000000e+00
0.00000000e+00
0.00000000e+00
0.00000000e+00
0.00000000e+00
0.00000000e+00
0.00000000e+00
0.00000000e+00
1.26685081e-01
-2.44291492e-01
-3.08275014e-01
-2.16762981e-01
-9.14470484e-02
3.76410679e-01
7.67540939e-01
0.00000000e+00
-2.45107281e-01
-2.69974921e-01
-9.95052552e-02
0.00000000e+00
-1.24423058e-01
5.59784710e-02
5.22057928e-01
0.00000000e+00
-1.86349940e-02
-1.71989649e-01
2.46881928e-01
0.00000000e+00
2.21613660e-01
-7.41750223e-01
7.28032354e-01
1.08246780e-01
-3.09519450e-01
6.11132834e-01
0.00000000e+00
-6.67198546e-01
-1.83614380e+00
8.96017021e-01
-1.12984404e+00
3.34898261e-01
1.67867069e-01
4.23512640e-01
-1.29526537e-01
-1.26616784e+00
6.45672890e-02
6.35874135e-01
2.05163343e-01
8.25851702e-01
0.00000000e+00
-9.77923966e-02
-8.48288388e-01
6.24734523e-01
-4.15224232e-01
3.67746095e-02
4.71906722e-03
0.00000000e+00
2.99563660e-01
1.64548880e-01
3.34047337e-01
-7.25408239e-02
-6.98942615e-02
-6.96594651e-01
2.54401840e-01
-3.34891543e-01
-4.62050375e-01
7.26201909e-01
-5.91097228e-01
-8.19954702e-02
-5.68270837e-01
0.00000000e+00
-3.79264684e-01
-2.82160073e-01
8.31843274e-01
-7.60685621e-01
1.11138146e-01
-4.25295859e-01
-1.78304090e-01
-1.41129541e-01
4.67319674e-01
6.28599553e-01
-4.50748419e-01
2.54550814e-01
7.74253324e-01
0.00000000e+00
9.92293814e-02
-3.27182282e-02
3.16816597e-01
-4.52465278e-03
1.47670757e-01
-1.25026355e-01
6.21206139e-01
5.93234897e-01
-2.00080225e+00
0.00000000e+00
0.00000000e+00
0.00000000e+00
4.10826010e-01
-2.55028997e-01
4.15932210e-01
1.36236339e+00
-2.33155030e-01
4.62786240e-01
6.13088947e-01
1.18215869e+00
1.77022730e-01
0.00000000e+00
8.23229113e-01
-2.77039409e-02
-2.21457641e-01
1.62323357e+00
9.86344151e-01
1.26918041e+00
1.35779404e+00
-3.83799022e-01
1.06865574e+00
8.16383377e-01
-5.48089449e-01
0.00000000e+00
0.00000000e+00
0.00000000e+00
1.51414691e+00
-3.21754128e-01
6.41851301e-01
6.65115301e-01
-2.03560560e-01
1.32765905e+00
1.37951790e+00
7.27411265e-01
3.56480141e-01
0.00000000e+00
1.43308596e+00
5.02115658e-01
3.32813573e-01
3.24981342e-01
5.85278103e-01
1.13940362e+00
1.03101564e+00
4.20591520e-01
-1.82693880e-01
1.33844193e+00
-1.02229057e+00
0.00000000e+00
0.00000000e+00
0.00000000e+00
5.13929879e-01
-8.52491340e-01
2.54273626e-01
1.16369097e+00
-2.33034376e-01
1.18866863e+00
1.00322269e+00
-8.86442046e-02
1.41668235e-01
0.00000000e+00
1.28129232e+00
2.70561184e-01
-7.00578462e-01
7.47132030e-01
7.09664321e-01
4.92931736e-01
7.09837004e-01
-5.99358101e-01
3.63550782e-01
6.34237719e-01
-8.62995019e-01
0.00000000e+00
0.00000000e+00
0.00000000e+00
8.67836490e-01
-7.59057571e-01
1.06342957e-01
2.17752497e-01
-1.65713934e-01
5.74484671e-01
5.92240791e-01
9.52497288e-01
6.06383884e-01
0.00000000e+00
5.74728120e-01
5.62073197e-01
7.47127709e-01
8.88361465e-01
1.20738384e-01
5.70026991e-01
5.62388206e-01
-3.22667463e-02
6.52446181e-01
1.01260041e+00
136
-9.12844511e-02
3.02873776e-02
-3.38033420e-04
-1.54786842e-01
-3.92654121e-05
-1.11886243e-01
2.41990520e-03
1.45101256e-01
1.28969460e-03
0.00000000e+00
1.44714491e-02
-1.01896066e-03
0.00000000e+00
0.00000000e+00
0.00000000e+00
0.00000000e+00
0.00000000e+00
0.00000000e+00
0.00000000e+00
0.00000000e+00
2.79881396e-01
-2.23195213e-01
-4.06450712e-01
-2.75815723e-01
-1.30879848e-01
1.88455529e-01
3.66489077e-01
0.00000000e+00
-4.41831286e-01
1.68787356e-01
-2.23951342e-01
0.00000000e+00
-3.24993506e-01
3.63518147e-01
2.53996130e-01
0.00000000e+00
-1.38617905e-01
9.83698577e-02
6.17345005e-02
0.00000000e+00
-8.40449320e-02
-2.74674217e-01
2.43556963e-01
0.00000000e+00
0.00000000e+00
0.00000000e+00
0.00000000e+00
6.24783498e-01
1.38802522e-01
4.80144870e-01
-8.94129255e-01
-8.29099426e-02
-6.99711903e-01
2.31456780e-01
-5.23504783e-03
-1.02177971e+00
0.00000000e+00
-1.92942646e-01
1.21055357e-01
4.33922453e-02
-3.26113846e-01
-6.24338325e-01
-2.46893758e-01
-9.03595589e-02
3.28543865e-02
-1.49792872e-02
-1.44443268e-01
-9.68459223e-02
-3.41147212e-01
2.85350630e-01
-2.36050047e-01
0.00000000e+00
-9.63776219e-02
1.04190742e-01
1.47000443e-01
-1.94298238e-01
-3.78074505e-02
-2.47038910e-01
5.08781946e-02
5.39224252e-02
4.55327123e-02
0.00000000e+00
-5.37721551e-02
-5.21703372e-02
7.06520370e-02
1.12206900e-02
7.94232955e-01
4.10653301e-01
-1.08731686e+00
0.00000000e+00
0.00000000e+00
0.00000000e+00
8.20733027e-01
-2.36488436e+00
1.16541941e-01
6.47252862e-01
-2.12181636e+00
6.19452674e-01
5.79036498e-01
6.87086863e-01
-4.54004605e-01
0.00000000e+00
9.91607810e-01
-6.69566351e-02
-1.05684500e+00
5.50392304e-01
4.52001583e-01
5.24758611e-01
4.22435265e-01
-1.62187610e+00
-3.63045646e-01
5.50812405e-01
-1.02457261e+00
0.00000000e+00
0.00000000e+00
0.00000000e+00
5.24410618e-01
-1.96150722e+00
-8.99289626e-02
7.54277185e-01
-2.05771202e+00
7.60419261e-01
6.53416350e-01
9.72452728e-02
-3.50170626e-01
0.00000000e+00
9.47913879e-01
-4.41844235e-02
-8.76966217e-01
7.43130228e-01
-2.89592370e-01
2.17229836e-01
3.36960539e-01
-1.04086168e+00
6.20367627e-02
5.89310975e-01
16 1
-1.1806e+00 4.7686e-01
8 1
1 4 2 7 15 8 11 10 
217
-3.67009026e-01
-3.99658735e-01
6.01756067e-01
-2.17396155e-01
9.05597476e-02
-3.77856371e-01
-4.32718073e-01
-2.18903608e-01
-7.42173008e-01
7.46904970e-01
5.55115645e-02
2.91693438e-01
0.00000000e+00
0.00000000e+00
1.65280029e-01
-2.05342281e-03
2.10788744e-01
-2.93102413e-01
6.01352477e-03
2.60575042e-01
-1.00182251e-01
3.48169275e-03
4.86976291e-01
-1.39004392e-01
2.28458845e-03
6.60553251e-01
0.00000000e+00
-2.08657854e-01
-1.58351172e-01
0.00000000e+00
0.00000000e+00
0.00000000e+00
0.00000000e+00
0.00000000e+00
0.00000000e+00
0.00000000e+00
0.00000000e+00
2.50033389e-01
-3.65475959e-01
-5.43001417e-01
-4.04250612e-01
-2.53485973e-01
-6.05448641e-02
1.00971641e+00
0.00000000e+00
-2.48061234e-01
-4.12143530e-01
-2.23439804e-01
0.00000000e+00
-4.00852424e-02
1.36859459e-01
5.99280267e-01
0.00000000e+00
6.29155191e-03
1.40467114e-01
3.77873070e-01
0.00000000e+00
1.74767274e-02
-1.02258486e+00
3.01925537e-01
3.91837902e-02
-5.19624719e-01
1.13431903e-01
0.00000000e+00
-1.15826990e+00
-1.68961308e+00
5.86552931e-01
-5.14658381e-01
2.04707941e-01
1.24849210e-01
4.52908489e-01
-7.18154772e-01
-1.53913942e+00
-1.23356172e-01
5.06188323e-01
2.15934289e-02
-1.95909008e-01
0.00000000e+00
-3.59880919e-01
-5.31111554e-01
2.82041358e-01
9.77947453e-02
-2.89169465e-01
-1.55882403e-01
0.00000000e+00
-1.88458171e-01
3.15177296e-01
3.81089590e-03
-1.02999744e-01
-1.82361751e-01
8.81254862e-03
-1.00119661e+00
-2.10574682e-01
-3.47745564e-01
1.18500804e+00
-7.03065851e-01
-3.40245780e-01
-1.32809285e+00
0.00000000e+00
-5.39752473e-01
2.74908790e-03
1.21050074e-02
4.49639444e-03
1.60638440e-01
2.51013967e-02
0.00000000e+00
-6.26056105e-01
7.89157397e-02
1.75350204e-01
-2.74929516e-01
8.36968752e-02
4.46834334e-01
0.00000000e+00
-3.52438447e-01
-2.13135375e-01
9.91825230e-02
-9.69224466e-01
-1.13753102e-01
-4.87982890e-01
1.07993762e+00
3.09688398e-01
-1.63961389e+00
0.00000000e+00
0.00000000e+00
0.00000000e+00
6.81427288e-01
-3.86636449e-01
-5.65733293e-02
8.91095113e-01
-5.26758824e-01
1.19966600e+00
5.25815409e-01
9.35867209e-01
-9.71343817e-02
0.00000000e+00
1.18671698e+00
2.69477503e-01
-5.83658747e-01
1.32053464e+00
6.60768074e-01
1.15242555e+00
6.37244302e-01
-4.64316947e-01
2.74266985e-01
1.27980041e+00
-6.05081228e-01
0.00000000e+00
0.00000000e+00
0.00000000e+00
1.07557300e+00
-4.60274625e-01
1.03022514e+00
9.37026189e-01
-8.62585248e-01
4.08201086e-01
9.81423789e-01
8.40027332e-01
1.18664264e+00
0.00000000e+00
1.27366231e+00
3.45410923e-01
1.16879985e-01
4.99560728e-01
4.76066219e-01
4.44053615e-01
9.77611015e-01
4.02475664e-01
6.38540867e-01
6.28411750e-01
-1.23668551e+00
0.00000000e+00
0.00000000e+00
0.00000000e+00
9.71430293e-01
-1.80125346e-01
5.86861920e-01
1.02609815e+00
-8.45482628e-02
2.87109018e-01
6.14914806e-01
3.36377776e-01
-5.62585553e-02
0.00000000e+00
1.29207177e+00
-1.31563015e-01
-1.11108902e+00
1.46199083e+00
4.36013401e-01
6.06486508e-01
1.22853421e+00
-3.09477413e-01
-5.14574363e-02
6.17662421e-01
-7.49011991e-01
0.00000000e+00
0.00000000e+00
0.00000000e+00
5.69098520e-01
-3.20418430e-01
2.69763644e-01
2.56819811e-01
-1.00299461e-01
1.02193632e+00
8.08796741e-01
6.38284114e-01
2.27211064e-01
0.00000000e+00
5.46327171e-01
5.46916967e-01
6.90495137e-01
1.91439298e-01
3.22227054e-01
4.39833416e-01
4.09971500e-02
1.14458235e-02
1.00743953e+00
6.38564210e-01
136
-1.01792299e-01
7.23286536e-02
-3.40147542e-03
-2.57757119e-01
1.64064116e-03
-9.76230224e-02
2.39002755e-03
1.81259189e-01
8.93978044e-04
0.00000000e+00
-3.46243643e-02
-2.91552497e-02
0.00000000e+00
0.00000000e+00
0.00000000e+00
0.00000000e+00
0.00000000e+00
0.00000000e+00
0.00000000e+00
0.00000000e+00
2.85492073e-01
-1.87672719e-01
-3.99219077e-01
-3.49900433e-01
-1.57420064e-01
2.40538818e-01
3.38942716e-01
1.55374530e-01
-4.49472335e-01
1.93513662e-01
-1.72114227e-01
0.00000000e+00
-3.70942359e-01
3.01494459e-01
2.80880991e-01
0.00000000e+00
-1.59004840e-01
8.13463049e-02
6.45222286e-02
0.00000000e+00
-4.33799292e-02
-2.82268915e-01
2.07496149e-01
0.00000000e+00
0.00000000e+00
0.00000000e+00
0.00000000e+00
5.79504469e-01
8.85699270e-02
4.80151197e-01
-7.58232661e-01
-1.41653881e-01
-6.35009072e-01
2.54947720e-01
-6.33305810e-03
-9.56529128e-01
0.00000000e+00
-1.61028918e-01
1.20764807e-01
6.18421142e-02
-3.02273483e-01
-5.70021970e-01
-2.74190538e-01
-1.30794723e-01
3.96090171e-02
2.41634786e-02
-3.49383757e-02
-1.90119733e-01
-3.49373480e-01
2.81055929e-01
-2.05215602e-01
0.00000000e+00
-1.25460475e-01
1.62805343e-01
1.25864583e-01
-1.97276263e-01
0.00000000e+00
-1.54646503e-01
7.73335944e-02
7.53439572e-02
-7.71505091e-02
0.00000000e+00
-6.15744542e-02
-5.52129652e-02
6.43999026e-02
5.95024840e-02
7.84045563e-01
3.97057401e-01
-1.06559064e+00
0.00000000e+00
0.00000000e+00
0.00000000e+00
8.03027172e-01
-2.41490094e+00
1.08886096e-01
7.07655856e-01
-2.15309776e+00
5.83639015e-01
5.80531135e-01
7.09408623e-01
-4.92352155e-01
0.00000000e+00
9.47179552e-01
-7.35000836e-02
-1.02062427e+00
4.92506562e-01
5.02975391e-01
6.11015123e-01
4.94257071e-01
-1.63444122e+00
-3.66887056e-01
5.49131255e-01
-1.03204527e+00
0.00000000e+00
0.00000000e+00
0.00000000e+00
4.98195775e-01
-1.93559745e+00
-8.58164766e-02
7.56469656e-01
-2.09567323e+00
7.99292094e-01
7.15102220e-01
1.44531606e-01
-2.81341537e-01
0.00000000e+00
9.17197843e-01
-7.17186082e-02
-8.74492083e-01
6.88196997e-01
-3.30447716e-01
2.27258278e-01
4.07167519e-01
-1.11855013e+00
2.09842253e-02
5.87195752e-01
14 2
-1.2341e+00 4.1719e-01
8 -1
1 4 2 7 15 8 11 10 
217
4.41050789e-01
2.55258446e-02
2.70083497e-01
-6.46949311e-01
-6.02511771e-01
-1.55008066e-01
2.33739640e-01
-1.61317848e+00
0.00000000e+00
0.00000000e+00
0.00000000e+00
0.00000000e+00
0.00000000e+00
0.00000000e+00
-7.64286637e-02
3.34343972e-04
4.40793001e-01
5.17479453e-01
3.68438595e-02
-2.32530271e-01
0.00000000e+00
0.00000000e+00
0.00000000e+00
0.00000000e+00
0.00000000e+00
0.00000000e+00
0.00000000e+00
2.47759963e-01
1.93290826e-01
0.00000000e+00
0.00000000e+00
0.00000000e+00
0.00000000e+00
0.00000000e+00
0.00000000e+00
0.00000000e+00
0.00000000e+00
3.53516133e-02
-4.63939931e-01
-6.75304186e-01
-5.18340377e-01
-5.26380572e-01
5.11550683e-02
0.00000000e+00
0.00000000e+00
-1.92843091e+00
-1.49223102e-01
8.70083642e-02
0.00000000e+00
-7.37810021e-01
6.66468480e-01
2.04642832e+00
0.00000000e+00
-1.23785245e+00
7.19274133e-02
7.61673709e-01
0.00000000e+00
-4.51893397e-01
0.00000000e+00
2.09995889e+00
2.95979314e-01
1.70914986e-01
-2.58435115e-02
0.00000000e+00
-1.98031729e-01
-2.02673816e-01
1.01311583e+00
-3.27458091e-01
-3.74033308e-01
4.90205923e-01
0.00000000e+00
1.97654251e+00
0.00000000e+00
1.65592981e+00
1.41581161e-02
0.00000000e+00
0.00000000e+00
0.00000000e+00
7.90540850e-01
-6.73349229e-01
-2.30727169e-01
3.62860204e-01
-1.18762892e-01
-1.84129786e+00
0.00000000e+00
-1.55588616e-02
1.05106960e-01
3.51390513e-01
-5.65514282e-01
1.05219137e-01
-7.26557205e-02
0.00000000e+00
-7.99727812e-01
-9.09778937e-01
1.53775046e+00
-8.24193383e-01
0.00000000e+00
0.00000000e+00
0.00000000e+00
-1.47735680e+00
-2.92726427e-01
4.58516992e-02
-5.01499452e-01
0.00000000e+00
0.00000000e+00
0.00000000e+00
4.97867737e-03
-2.09381091e-01
-9.91073956e-02
5.47463967e-01
0.00000000e+00
0.00000000e+00
0.00000000e+00
-1.18844149e+00
5.12115808e-01
-6.95697727e-01
-4.66383524e-03
0.00000000e+00
0.00000000e+00
-8.01716128e-02
3.73076835e-01
-3.40987138e+00
0.00000000e+00
0.00000000e+00
0.00000000e+00
3.01597073e+00
-1.03151020e+00
2.77307134e+00
3.50086372e+00
-3.32888911e-01
3.06137234e+00
1.98605661e+00
8.34714063e-01
2.00932060e+00
0.00000000e+00
3.31581659e+00
2.54404342e+00
1.11754255e+00
3.04152706e+00
1.16495320e+00
2.91612275e+00
2.81038832e+00
3.25117638e-01
1.92139430e+00
3.31073828e+00
-1.05227391e+00
0.00000000e+00
0.00000000e+00
0.00000000e+00
-2.22879022e-01
-4.99493902e-01
6.94206565e-01
-9.56053520e-01
-1.75991894e-01
-8.43452261e-01
1.91410620e+00
3.02395867e+00
2.52480735e-01
0.00000000e+00
3.92858552e-02
-5.21175706e-01
7.75698064e-01
3.30713028e-01
1.83479272e+00
4.45572415e-01
9.78950229e-02
2.03988788e+00
4.91714346e-01
9.58126672e-02
-2.66322935e+00
0.00000000e+00
0.00000000e+00
0.00000000e+00
1.82045972e+00
-2.96966133e-02
6.39050717e-01
2.51519915e+00
-4.47402239e-02
2.31138493e+00
1.63763627e+00
2.24058800e+00
8.65697723e-01
0.00000000e+00
1.15504390e+00
-2.34104181e-02
3.21236382e-02
3.28165180e+00
1.41886756e+00
1.11418920e+00
-1.57009342e-02
-8.49807748e-02
1.93048009e+00
2.24500496e+00
-1.22768824e+00
0.00000000e+00
0.00000000e+00
0.00000000e+00
3.63173624e-01
-1.24507468e-02
1.23870559e+00
2.16372272e-01
-2.84331864e-02
4.61926875e-01
5.50537934e-01
-9.72291825e-02
1.08592626e+00
0.00000000e+00
2.88655486e+00
-6.11732107e-03
2.60168143e+00
-1.56704998e+00
3.20793274e-01
2.10597382e-01
2.68720525e+00
-3.61153398e-02
7.33660334e-01
7.84422884e-01
136
8.03913056e-03
-2.91382937e-02
8.65121538e-04
3.71774243e-02
5.73870791e-03
0.00000000e+00
0.00000000e+00
0.00000000e+00
0.00000000e+00
0.00000000e+00
-4.03170596e-02
4.83561902e-02
0.00000000e+00
0.00000000e+00
0.00000000e+00
0.00000000e+00
0.00000000e+00
0.00000000e+00
0.00000000e+00
0.00000000e+00
-4.37795357e-01
-6.79309838e-01
-6.70780883e-01
-7.17881835e-01
-3.26957793e-01
4.37103333e-01
8.24017604e-01
0.00000000e+00
-1.62908987e+00
5.68204902e-02
-4.55834543e-02
0.00000000e+00
-1.42535666e+00
2.80246248e-01
5.88179557e-01
0.00000000e+00
-9.61140828e-01
1.17026554e-01
5.35601393e-01
0.00000000e+00
-8.90371592e-01
-1.37239701e-01
9.32068975e-01
0.00000000e+00
0.00000000e+00
0.00000000e+00
0.00000000e+00
2.90373161e+00
5.61996735e-01
9.09798585e-01
-1.22987623e+00
-9.50694707e-01
-1.36838623e+00
-1.20623341e-01
-2.48682560e-01
-1.14678014e+00
0.00000000e+00
4.26281796e-01
2.07541574e-01
1.52871803e-01
-5.90506449e-01
-7.05973015e-01
-4.73706623e-01
-2.04143506e-01
-2.16037843e-02
-4.91311593e-02
-1.57549603e-01
-6.51879731e-01
-5.36790953e-01
2.46784005e-01
-3.99168184e-01
0.00000000e+00
7.53840428e-01
1.86928160e-01
3.06580781e-01
-3.16808033e-01
0.00000000e+00
-9.89103194e-01
-1.02071506e-01
-1.04051123e-01
-1.19021523e-01
0.00000000e+00
1.63783451e-01
-6.87151362e-02
1.05653586e-01
7.64251753e-02
4.10213436e-01
5.40908032e-01
-9.14872226e-01
0.00000000e+00
0.00000000e+00
0.00000000e+00
1.03828583e+00
-2.83093810e+00
2.24779076e-01
7.44809441e-01
-2.59218028e+00
6.26847355e-01
5.76715922e-01
1.01414551e+00
-3.98581016e-01
0.00000000e+00
9.80462247e-01
2.57609660e-02
-1.13151616e+00
4.47624718e-01
7.75461552e-01
8.63748518e-01
6.38527228e-01
-2.04990118e+00
-4.08602952e-01
5.39679089e-01
-1.09974515e+00
0.00000000e+00
0.00000000e+00
0.00000000e+00
5.36526841e-01
-1.58264886e+00
-2.50063726e-01
8.88923860e-01
-1.95361916e+00
7.27821834e-01
6.54003455e-01
-6.11750504e-02
-1.88193285e-01
0.00000000e+00
1.00809781e+00
-1.31177337e-01
-7.07963474e-01
7.44361690e-01
-4.68889130e-01
7.91165466e-02
2.26575869e-01
-1.14763704e+00
-4.26905397e-02
5.68884543e-01
6 2
-1.1828e+00 4.3336e-01
8 -1
1 4 2 7 15 8 11 10 
217
1.09125793e-01
-2.79879966e-02
1.18814629e+00
1.70461900e-01
4.75090185e-01
1.77281118e-01
2.33985692e-01
2.08625983e+00
0.00000000e+00
0.00000000e+00
0.00000000e+00
0.00000000e+00
0.00000000e+00
0.00000000e+00
1.59193938e-02
-6.67542089e-03
4.45046504e-01
9.32063987e-02
-4.46770338e-02
5.71964593e-01
0.00000000e+00
0.00000000e+00
0.00000000e+00
0.00000000e+00
0.00000000e+00
0.00000000e+00
0.00000000e+00
-1.55337334e-01
2.64463126e-01
0.00000000e+00
0.00000000e+00
0.00000000e+00
0.00000000e+00
0.00000000e+00
0.00000000e+00
0.00000000e+00
0.00000000e+00
-6.56083682e-01
-1.05751413e+00
-1.43884763e+00
-1.30829647e+00
-1.72272224e+00
0.00000000e+00
0.00000000e+00
0.00000000e+00
-3.13200588e+00
-2.68082501e+00
-5.14947454e-02
0.00000000e+00
-6.87268027e-01
6.43979522e-01
1.91209495e+00
0.00000000e+00
-1.53456549e+00
-6.42718254e-01
7.13238942e-01
0.00000000e+00
5.68834285e-02
0.00000000e+00
3.11196738e+00
-1.48777344e+00
-1.40898010e+00
-2.77406936e-01
0.00000000e+00
-2.79724763e-01
-3.01282178e-01
4.84443006e-01
-4.83537073e-01
-9.55924508e-02
5.27967555e-01
0.00000000e+00
-5.51490970e-02
0.00000000e+00
-1.13941282e+00
2.00498857e-01
0.00000000e+00
0.00000000e+00
0.00000000e+00
9.64329423e-01
-6.01182749e-01
-5.05527744e-01
2.57869423e-01
-3.49675886e-01
-5.84683777e-01
0.00000000e+00
4.76978665e-01
-1.87787585e-01
4.99274125e-01
-4.85676759e-01
0.00000000e+00
0.00000000e+00
0.00000000e+00
-1.75721447e+00
4.06346960e-02
2.04002650e-01
-8.63730237e-01
0.00000000e+00
0.00000000e+00
0.00000000e+00
-2.25909290e+00
-2.07579751e+00
-7.52061433e-01
-1.44296378e-02
0.00000000e+00
0.00000000e+00
0.00000000e+00
-2.16069714e-01
0.00000000e+00
7.12545252e-01
-1.06684985e-01
0.00000000e+00
0.00000000e+00
0.00000000e+00
-7.11627778e-01
-3.01080420e-01
4.86240025e-01
-2.16645474e-01
0.00000000e+00
0.00000000e+00
6.88267147e-01
1.11387198e+00
-2.18203194e+00
0.00000000e+00
0.00000000e+00
0.00000000e+00
2.17385353e+00
-1.07118877e+00
2.24096181e+00
2.11376097e+00
-8.82209373e-01
3.24503979e-02
1.67089339e+00
3.29625843e+00
6.82890966e-01
0.00000000e+00
2.08144919e+00
6.11083656e-01
3.99288324e-01
2.97629377e+00
-5.86453186e-01
1.74713226e+00
1.92264302e+00
-1.53531092e-01
1.76719198e+00
1.92281545e+00
-8.10131812e-01
0.00000000e+00
0.00000000e+00
0.00000000e+00
7.94450612e-01
-5.30204729e-01
5.65005940e-02
8.69619460e-01
-4.94893485e-01
2.86780958e+00
1.31435979e+00
-4.08797662e-01
1.43289683e+00
0.00000000e+00
1.48033183e+00
1.24662045e+00
3.00091523e-01
-1.42244241e+00
3.12344360e+00
1.55622302e+00
1.34671480e+00
8.71425794e-02
-6.83568517e-01
9.06035674e-01
-1.70478747e+00
0.00000000e+00
0.00000000e+00
0.00000000e+00
1.42918038e+00
-3.53807653e-01
1.34917466e+00
8.34975728e-01
-4.14493563e-02
1.05321765e+00
1.36893204e+00
1.33683658e+00
9.84511438e-01
0.00000000e+00
1.89066572e+00
9.32226523e-01
8.43145061e-01
2.88708052e+00
3.78537219e-02
1.40352102e+00
1.12600659e+00
-6.84604135e-02
1.46375493e+00
1.81912467e+00
-1.31066052e+00
0.00000000e+00
0.00000000e+00
0.00000000e+00
8.00107291e-01
-1.76841449e-01
5.25553981e-01
1.71276342e+00
-3.47078767e-02
2.26560049e+00
1.71776161e+00
1.27238319e+00
5.39510048e-01
0.00000000e+00
1.01334271e+00
1.14222626e+00
-1.45614978e+00
-1.67475087e-01
1.36802711e+00
3.57442078e-01
5.31711695e-01
-4.81389703e-02
9.33813283e-01
1.11342661e+00
136
5.64635452e-02
-7.16368532e-03
1.59976082e-03
6.36272305e-02
3.74716380e-03
0.00000000e+00
0.00000000e+00
0.00000000e+00
0.00000000e+00
0.00000000e+00
1.84858219e-02
3.79777233e-02
0.00000000e+00
0.00000000e+00
0.00000000e+00
0.00000000e+00
0.00000000e+00
0.00000000e+00
0.00000000e+00
0.00000000e+00
2.13341866e-01
-1.50357755e-01
-3.56554709e-01
-4.15173172e-01
-3.00734098e-01
5.12399350e-01
5.53542063e-01
0.00000000e+00
-7.41173252e-01
6.35301544e-01
-1.41293254e-01
0.00000000e+00
-7.82853676e-01
5.95730542e-01
5.17077882e-01
0.00000000e+00
-6.10397280e-01
3.61832488e-01
3.58895883e-02
0.00000000e+00
-6.20458960e-01
3.31851444e-01
4.74956479e-01
0.00000000e+00
0.00000000e+00
0.00000000e+00
0.00000000e+00
1.92471602e+00
5.43896282e-01
8.38421160e-01
-1.03051674e+00
-7.24467306e-01
-2.03041586e+00
-5.79581555e-02
-2.47687072e-01
-1.04255547e+00
0.00000000e+00
-4.59840166e-01
2.72704889e-02
6.90574181e-02
-5.46870251e-01
-7.98960121e-01
-4.06321412e-01
-9.16875276e-02
8.87240666e-02
-1.21037406e-01
-6.18777302e-01
-2.68491941e-01
-4.35397772e-01
3.24558077e-01
-3.10632631e-01
0.00000000e+00
1.15549305e+00
1.37453229e-01
4.41229744e-01
-2.24800249e-01
0.00000000e+00
-9.54193721e-01
-3.66659986e-02
-6.40215835e-02
-2.48930999e-01
0.00000000e+00
-3.97645706e-01
-2.82161047e-01
8.41814982e-02
-1.30584591e-01
5.23978622e-01
3.95358918e-01
-8.66998028e-01
0.00000000e+00
0.00000000e+00
0.00000000e+00
1.05860742e+00
-2.88862407e+00
2.44886697e-01
7.48687709e-01
-2.53904097e+00
6.19986778e-01
6.46805845e-01
9.23900239e-01
-3.72612795e-01
0.00000000e+00
9.70696119e-01
1.41388017e-02
-9.97690868e-01
4.04463077e-01
7.62534721e-01
7.53109901e-01
5.29724842e-01
-1.85016236e+00
-4.75077486e-01
5.78668368e-01
-1.13721828e+00
0.00000000e+00
0.00000000e+00
0.00000000e+00
4.88949253e-01
-1.34396479e+00
-2.73648142e-01
8.89319612e-01
-2.13928851e+00
7.18841181e-01
5.84462877e-01
-1.90158249e-02
-2.68880542e-01
0.00000000e+00
9.63276371e-01
-1.03582634e-01
-7.57477967e-01
7.33497467e-01
-4.26881965e-01
9.22284491e-02
2.46121026e-01
-9.55948923e-01
-8.75279702e-02
5.22302756e-01
20 1
-1.1207e+00 4.7828e-01
8 1
1 4 2 7 15 8 11 10 
217
7.81099559e-03
-1.47368149e-01
2.70985840e-01
-1.23608121e-01
-1.12016189e-02
-6.05969555e-01
-3.25359931e-01
-3.93664425e-01
-1.76187970e-01
4.52949617e-01
2.55959222e-01
-7.47386687e-02
0.00000000e+00
0.00000000e+00
7.24562078e-02
-8.67564614e-03
1.91188761e-01
-4.12737610e-01
9.28593045e-04
3.48116189e-01
1.47774568e-01
2.98335275e-03
-4.25834781e-02
2.00317830e-01
1.21533926e-03
6.96323705e-02
0.00000000e+00
2.27047476e-03
5.54052083e-03
0.00000000e+00
0.00000000e+00
0.00000000e+00
0.00000000e+00
0.00000000e+00
0.00000000e+00
0.00000000e+00
0.00000000e+00
3.17132755e-01
-3.74059269e-01
-6.26175493e-01
-6.46181366e-01
1.64823387e-01
7.23272313e-02
9.37555237e-01
0.00000000e+00
-3.79907218e-01
-7.00953054e-02
-2.05593624e-01
0.00000000e+00
-1.42910334e-01
-4.42765524e-02
3.58499495e-01
0.00000000e+00
2.07184728e-01
-3.69994636e-01
2.78039451e-01
0.00000000e+00
4.46372489e-01
-6.69744056e-01
3.63246517e-01
2.24041510e-01
-4.74534828e-01
9.59158005e-02
0.00000000e+00
-9.17120510e-01
-1.52909970e+00
7.81253106e-01
-6.77409735e-01
1.43678400e-01
3.37536871e-01
7.54599557e-01
-3.86869852e-01
-1.20701937e+00
-1.39180521e-01
3.56536413e-01
-2.20738189e-01
7.22407297e-02
0.00000000e+00
-3.02256550e-01
-8.58437886e-01
3.09399892e-01
1.81514180e-01
6.67653518e-04
-6.49645070e-01
0.00000000e+00
-2.46173485e-01
-1.56146042e-01
2.63860634e-01
-4.70096829e-01
-9.87615325e-03
-1.52891262e-01
-2.10524044e-01
-3.69099560e-01
-9.19097055e-02
4.21031812e-01
-4.23331895e-01
1.66402788e-01
1.02379714e-01
0.00000000e+00
-6.83357052e-01
-3.01601612e-01
5.08518934e-01
-1.76004493e-01
1.82649114e-01
6.28036469e-01
-2.58659478e-01
-2.08090163e-01
-4.19011139e-01
-1.98764312e-01
1.00568347e+00
6.73324948e-01
5.62519806e-01
-3.78270497e-01
-7.21149271e-02
-1.88777907e-01
2.74486409e-01
-2.81050046e-01
1.83710011e-01
1.68839204e-01
9.95449715e-01
7.12848547e-01
-1.51584917e+00
0.00000000e+00
0.00000000e+00
0.00000000e+00
4.12526356e-01
-2.93362543e-01
7.10203341e-01
1.02411466e+00
-5.77690373e-01
1.56091838e+00
5.72196254e-01
8.94148560e-01
-1.26940472e-01
0.00000000e+00
8.00411179e-01
-3.78966664e-01
-1.21097949e+00
1.34025441e+00
8.33740381e-01
6.58130313e-01
1.06466602e+00
-3.26207328e-01
4.38120718e-01
1.70884483e-01
-4.03797218e-01
0.00000000e+00
0.00000000e+00
0.00000000e+00
1.29111488e+00
-3.81126986e-01
7.91027692e-01
4.92915923e-01
-7.09548410e-01
1.25168994e-01
7.85599951e-01
6.72465738e-01
7.53429399e-01
0.00000000e+00
9.66590789e-01
9.06554651e-01
8.95446238e-01
6.31569432e-02
2.62961066e-01
7.32417418e-01
5.80751889e-01
1.03073870e-01
1.34535835e-01
1.21456063e+00
-9.15600420e-01
0.00000000e+00
0.00000000e+00
0.00000000e+00
4.48910730e-01
-1.03541468e+00
-6.35394408e-01
3.82420823e-01
-6.97481728e-01
1.34103663e+00
5.86838669e-01
-2.57599283e-01
-4.38829384e-01
0.00000000e+00
5.37882338e-01
-5.42410533e-01
-9.50151316e-01
1.79710070e-01
-4.12075897e-01
-1.36676751e-01
8.00769234e-01
-9.50705346e-01
4.57273959e-02
8.17843017e-01
-7.91184067e-02
0.00000000e+00
0.00000000e+00
0.00000000e+00
2.20822995e-02
-4.50950312e-01
3.21726029e-01
6.38992051e-02
-7.62611806e-01
-6.04838068e-01
6.31979030e-02
2.94147966e-01
-2.23374244e-01
0.00000000e+00
2.50679548e-01
3.00117696e-01
2.58269542e-01
5.08883470e-01
2.07114857e-01
1.71394529e-01
-3.29569271e-01
-9.02224045e-02
-5.37940517e-03
-7.36859412e-02
136
-5.11178573e-02
3.85822200e-02
1.30896082e-03
-1.15248397e-01
2.07254471e-05
-1.02916206e-01
2.36893705e-03
1.28464525e-01
1.29698315e-03
0.00000000e+00
9.52152460e-03
1.10507448e-03
0.00000000e+00
0.00000000e+00
0.00000000e+00
0.00000000e+00
0.00000000e+00
0.00000000e+00
0.00000000e+00
0.00000000e+00
2.22391633e-01
-1.76076758e-01
-3.48169180e-01
-2.86244149e-01
-8.76578143e-02
2.37003621e-01
2.91329431e-01
1.30550631e-01
-3.74227556e-01
1.13601087e-01
-2.38627318e-01
0.00000000e+00
-3.36286231e-01
2.86423476e-01
3.18248295e-01
0.00000000e+00
-8.44260914e-02
1.53032770e-01
9.07329692e-02
0.00000000e+00
-3.76843856e-02
-3.64256202e-01
2.30125460e-01
0.00000000e+00
0.00000000e+00
0.00000000e+00
0.00000000e+00
4.25264923e-01
5.86080940e-02
4.39395377e-01
-7.66070613e-01
-1.44501442e-01
-4.95896952e-01
2.93690202e-01
1.91450135e-02
-9.24648045e-01
0.00000000e+00
-1.01380593e-01
1.01266023e-01
6.00544039e-02
-3.10573233e-01
-5.49855048e-01
-2.50207237e-01
-3.95847006e-02
-6.25137353e-03
1.07183441e-01
-2.53811404e-02
-2.46532943e-01
-3.37570032e-01
2.51245516e-01
-2.71811604e-01
0.00000000e+00
-6.90391303e-02
1.15609848e-01
1.34541914e-01
-2.41352673e-01
1.52434220e-02
-1.98579643e-01
4.43495690e-02
6.91132940e-02
-1.39677644e-01
1.61703201e-02
-1.04992264e-01
-1.42129672e-02
3.56801356e-02
5.51428701e-02
7.60459497e-01
3.89477779e-01
-1.09349758e+00
0.00000000e+00
0.00000000e+00
0.00000000e+00
7.63446371e-01
-2.33422356e+00
-2.03270860e-02
6.56950489e-01
-2.18823501e+00
5.95739109e-01
5.88373103e-01
6.90791963e-01
-4.67727089e-01
0.00000000e+00
9.66460284e-01
-7.16438905e-02
-1.07614972e+00
5.87063431e-01
3.68878003e-01
5.87606500e-01
4.78406479e-01
-1.48553167e+00
-3.36961060e-01
6.03585775e-01
-1.04033482e+00
0.00000000e+00
0.00000000e+00
0.00000000e+00
5.33787387e-01
-1.91724265e+00
-1.29257815e-01
7.32628994e-01
-2.11149956e+00
7.78993578e-01
6.87418282e-01
1.48316988e-01
-2.92706343e-01
0.00000000e+00
9.43213583e-01
-1.12982253e-01
-8.99389141e-01
6.79253306e-01
-2.52701958e-01
2.54633123e-01
3.75338441e-01
-1.08189857e+00
4.33179313e-02
5.80441856e-01
19 2
-1.2342e+00 4.1830e-01
8 -1
1 4 2 7 15 8 11 10 
217
5.71353535e-01
-1.05179658e-01
-9.01764805e-03
3.35747400e-01
4.36885719e-01
-9.86763809e-01
-5.37736113e-01
1.19372934e+00
4.99105657e-01
2.34731756e+00
0.00000000e+00
0.00000000e+00
0.00000000e+00
0.00000000e+00
4.62643869e-01
9.77942856e-03
2.12829434e+00
1.08709666e-01
9.86763486e-02
1.45107211e+00
0.00000000e+00
0.00000000e+00
0.00000000e+00
0.00000000e+00
0.00000000e+00
0.00000000e+00
0.00000000e+00
4.61108290e-01
1.10245245e-01
0.00000000e+00
0.00000000e+00
0.00000000e+00
0.00000000e+00
0.00000000e+00
0.00000000e+00
0.00000000e+00
0.00000000e+00
-9.89808667e-02
-5.78403752e-01
-2.80596586e-01
-1.88556440e-02
-3.41054556e-02
2.94442299e-02
0.00000000e+00
0.00000000e+00
-1.09842854e+00
-8.95014569e-01
7.43484833e-01
0.00000000e+00
-4.18572121e-01
-3.70554280e-01
1.83297528e+00
0.00000000e+00
-1.27062842e+00
-5.95134984e-01
5.46192824e-01
0.00000000e+00
-1.30731354e+00
-1.04282645e+00
1.30444996e+00
2.02995383e-01
-5.38977789e-01
9.07335941e-01
0.00000000e+00
2.39193268e-01
0.00000000e+00
9.77370975e-01
-3.24925743e-01
-6.45210708e-01
-1.08929243e+00
-7.88285109e-01
-1.63933974e-01
-1.14672529e+00
-7.20660049e-01
1.56834115e-01
0.00000000e+00
0.00000000e+00
0.00000000e+00
5.73194685e-01
0.00000000e+00
5.12067497e-01
4.88264882e-01
0.00000000e+00
0.00000000e+00
0.00000000e+00
-2.06109402e-01
-1.59472602e-01
1.37104115e+00
-6.18908040e-01
0.00000000e+00
0.00000000e+00
-5.99293724e-01
-2.33555244e+00
-9.40249395e-01
2.57559147e-01
-1.19641602e+00
0.00000000e+00
0.00000000e+00
0.00000000e+00
-7.73806016e-01
-4.67949179e-01
-2.11195307e-01
5.41188374e-02
0.00000000e+00
0.00000000e+00
0.00000000e+00
3.20498919e-02
4.40345145e-01
6.19211001e-01
3.84341030e-01
0.00000000e+00
0.00000000e+00
0.00000000e+00
-1.09727558e-01
3.73641031e-01
3.65947310e-01
-2.14382393e-01
0.00000000e+00
0.00000000e+00
4.57753362e-01
6.21270552e-01
-2.46984331e+00
0.00000000e+00
0.00000000e+00
0.00000000e+00
2.68333397e+00
-5.18461933e-01
2.52432583e+00
2.58078140e+00
-4.58074159e-01
1.23915855e+00
2.53114947e+00
2.00423509e+00
1.40797589e+00
0.00000000e+00
3.27878047e+00
6.16398809e-01
4.29903774e-01
1.87118440e+00
2.17155950e+00
1.48824299e+00
2.05722462e+00
8.45952663e-01
1.53295470e+00
1.18604603e+00
-1.39829331e+00
0.00000000e+00
0.00000000e+00
0.00000000e+00
1.59550637e+00
-2.37447361e-01
-1.74300718e+00
7.96857406e-01
-1.44219413e-01
2.14276534e+00
8.67643817e-01
1.62428366e+00
9.42005579e-02
0.00000000e+00
-3.45162918e-01
2.79744004e+00
5.35345120e-01
1.70055774e+00
9.13456342e-01
2.18872470e+00
3.94730289e-01
3.85964330e-01
-1.75675060e-01
1.89331734e+00
-1.77910374e+00
0.00000000e+00
0.00000000e+00
0.00000000e+00
1.53688886e+00
-1.50231164e-02
7.48059137e-01
2.22663034e+00
-3.12990043e-01
2.05564876e+00
2.26260255e+00
1.40396396e+00
6.46380970e-01
0.00000000e+00
1.95677454e+00
1.00987935e+00
-4.42593776e-01
2.17823641e+00
-5.08165341e-01
1.23846581e+00
1.15179071e+00
-6.48098219e-01
1.85999718e+00
1.25434079e+00
-1.90197940e+00
0.00000000e+00
0.00000000e+00
0.00000000e+00
9.20234584e-01
-1.28490409e-02
3.24079182e-01
6.61963834e-01
-1.25298982e-01
1.19253278e-01
-7.07222764e-01
9.45803207e-01
1.02740627e+00
0.00000000e+00
1.40925372e+00
1.89959297e+00
6.22764788e-01
4.68807356e-01
2.63777131e+00
1.21893022e+00
1.17080071e+00
-1.89689284e-01
-1.32185443e-01
1.47051236e+00
136
1.61866040e-01
-3.51741670e-02
1.99053967e-03
1.97040207e-01
-1.07513304e-02
0.00000000e+00
0.00000000e+00
0.00000000e+00
0.00000000e+00
0.00000000e+00
6.68009614e-02
9.50650789e-02
0.00000000e+00
0.00000000e+00
0.00000000e+00
0.00000000e+00
0.00000000e+00
0.00000000e+00
0.00000000e+00
0.00000000e+00
-2.79040927e-01
-5.38337883e-01
-6.50261179e-01
-6.05524407e-01
-3.45048992e-01
7.17066324e-01
6.53983951e-01
1.67817173e+00
-1.78906133e+00
-2.35826062e-01
-3.11665590e-01
0.00000000e+00
-1.23062454e+00
1.68236374e-01
6.51037736e-01
0.00000000e+00
-8.60267489e-01
-1.95355963e-02
3.24205628e-01
0.00000000e+00
-5.17776223e-01
3.78797683e-02
1.01209220e+00
0.00000000e+00
0.00000000e+00
0.00000000e+00
0.00000000e+00
2.88392565e+00
5.86694463e-01
9.00246992e-01
-8.99674435e-01
-5.17213792e-01
-9.47344622e-01
-1.36442257e-02
-1.88897998e-01
-1.19265507e+00
0.00000000e+00
-1.87388086e-01
5.95232166e-04
2.15015223e-02
-4.89747160e-01
-6.82662157e-01
-3.98363101e-01
-2.34249556e-01
-3.07415558e-02
3.43193408e-02
8.27299353e-02
-6.34109359e-01
-5.33305871e-01
2.49684566e-01
-2.56638114e-01
0.00000000e+00
7.50160258e-01
5.00676729e-02
3.50311658e-01
-1.31228378e-01
0.00000000e+00
-9.75536525e-01
-7.13367143e-02
-9.60582321e-02
-8.88290978e-02
0.00000000e+00
8.26049309e-02
-2.76086307e-02
8.60232876e-02
-9.86385309e-02
4.58932122e-01
4.76528227e-01
-9.65092333e-01
0.00000000e+00
0.00000000e+00
0.00000000e+00
1.04227271e+00
-2.83549785e+00
3.13333696e-01
6.42387802e-01
-3.13088084e+00
8.22723973e-01
6.12642545e-01
1.07182296e+00
-3.98582106e-01
0.00000000e+00
9.61561655e-01
-2.50890392e-02
-9.87047064e-01
3.91221995e-01
7.75425353e-01
8.68185679e-01
5.68285986e-01
-1.88906026e+00
-3.82880651e-01
6.14081107e-01
-1.18148662e+00
0.00000000e+00
0.00000000e+00
0.00000000e+00
5.51592922e-01
-1.58478021e+00
-2.58297655e-01
8.99386336e-01
-2.03195418e+00
6.88573124e-01
6.96627897e-01
-3.78966421e-02
-3.15210252e-01
0.00000000e+00
1.04621173e+00
-1.73151800e-02
-7.28590595e-01
6.77084240e-01
-4.16016507e-01
1.34311106e-01
2.04927573e-01
-1.18930487e+00
-6.67355921e-02
5.65900126e-01
18 2
-1.2070e+00 4.7844e-01
8 4
1 4 2 7 15 8 11 10 
217
-9.27738008e-03
5.79984462e-02
1.11989058e-01
-2.56464568e-01
-9.54714663e-02
-1.02768216e-01
-1.36743601e-01
2.07126121e-01
1.01782036e-01
5.55211715e-02
1.54907087e-01
-4.61887341e-01
-3.37514360e-02
-4.02232797e-02
-1.98102992e-01
1.29424359e-02
-8.16368763e-02
7.19318942e-02
-9.10956921e-03
2.63867290e-01
8.73442145e-02
4.58139929e-04
-8.32265433e-02
2.95495034e-02
-2.03927889e-05
-4.46994254e-02
-1.04135026e-01
3.19293855e-02
6.29282606e-02
0.00000000e+00
0.00000000e+00
0.00000000e+00
0.00000000e+00
0.00000000e+00
0.00000000e+00
0.00000000e+00
0.00000000e+00
-2.29020518e-01
-3.12819331e-01
-3.09859032e-01
-2.25214614e-01
2.39324553e-01
1.45165449e-01
6.83146113e-01
0.00000000e+00
-1.69301742e-01
-2.44559619e-01
-1.37141344e-01
0.00000000e+00
-6.66383155e-01
4.04023733e-01
5.31422242e-01
0.00000000e+00
-2.60844006e-01
-3.80909522e-01
4.06907342e-01
0.00000000e+00
1.93384230e-01
-5.62624323e-01
8.47954767e-01
-2.53356898e-01
2.27598065e-01
1.64814527e-02
-5.88175347e-02
-6.96458179e-01
-6.16519136e-01
2.46671512e-02
-1.08320750e+00
7.21331182e-01
1.69599274e-01
-2.44499490e-02
-8.49900706e-01
-1.28173801e+00
4.71840355e-01
1.98785944e-01
3.93232920e-01
1.99151829e-01
-2.03696324e-01
-5.53358549e-01
-4.89442695e-01
5.02676851e-01
-1.92405994e-01
2.45100642e-01
4.56813555e-01
-2.50230114e-01
-3.17097714e-02
6.51862631e-04
-8.73889674e-02
-2.02647942e-01
3.60051473e-01
3.82415234e-01
0.00000000e+00
6.48538050e-02
-9.10790164e-02
-4.54110100e-02
-2.26341568e-01
-2.87201751e-02
1.01864853e-01
-1.67167928e-01
-6.58619039e-01
-5.66046879e-01
-1.83087314e-02
1.11243908e-01
8.34818318e-01
5.17812552e-01
-9.50120737e-02
-4.34077610e-01
-3.70780085e-02
6.16209765e-02
-2.68407764e-02
4.58191327e-01
2.31478393e-01
-3.21208816e-01
-7.04936763e-02
-5.44173725e-02
-1.02154752e-01
-9.91974238e-02
4.84579864e-01
2.85455412e-01
1.05550452e+00
8.22962984e-01
-4.67946965e-01
0.00000000e+00
0.00000000e+00
0.00000000e+00
2.74226077e-01
-3.95341464e-01
-8.77881701e-02
-1.05318329e-01
-5.11497927e-01
-1.26571090e-01
2.32851875e-01
-1.41157098e-01
-2.84223076e-01
0.00000000e+00
9.21312806e-01
-4.80885610e-01
-3.85296079e-01
2.00691554e-01
3.31902462e-03
-5.75294858e-02
2.06538667e-01
-3.65616063e-01
2.89785286e-01
3.44552137e-01
-1.98231530e-01
0.00000000e+00
0.00000000e+00
0.00000000e+00
2.39041474e-01
-6.50453985e-01
-3.64788308e-02
3.44869088e-01
-8.66727662e-01
2.22117448e-01
1.93515123e-02
4.94090472e-02
1.68886533e-01
0.00000000e+00
1.70367922e-01
3.84205357e-01
-2.24332187e-01
2.57327524e-01
-3.11013669e-01
1.38897802e-01
1.71714674e-01
-3.90288423e-01
-1.27090941e-01
2.41965786e-01
-5.51738732e-01
0.00000000e+00
0.00000000e+00
0.00000000e+00
2.54647810e-01
-1.91885947e-02
4.94643010e-02
2.91660252e-01
-2.73395827e-01
3.48961537e-01
6.63780482e-01
1.38430987e-03
-1.06654194e-01
0.00000000e+00
1.63665303e-01
-1.32132356e-01
-2.83550016e-01
3.55236547e-01
-1.08653788e-01
5.48049142e-01
1.79352269e-02
-3.54482275e-01
3.42378770e-01
-8.87070767e-03
-4.87543670e-01
0.00000000e+00
0.00000000e+00
0.00000000e+00
2.83731040e-01
-4.34817490e-02
1.26261244e-01
3.41215277e-01
-4.16820606e-01
5.50248358e-01
4.29189985e-01
3.75790948e-01
1.61596753e-01
0.00000000e+00
4.18126586e-01
-1.70414510e-02
-6.21429365e-02
3.99808395e-01
6.12686640e-01
2.47914069e-01
4.27479931e-01
-1.46611988e-01
1.11167425e-01
3.92589516e-01
136
-2.54577103e-02
6.28342839e-02
-1.75881663e-03
-6.55009332e-02
1.35375103e-03
1.31766327e-03
-5.67540645e-04
-2.41087243e-02
-1.70216204e-04
4.57064035e-02
-1.38171248e-01
6.70071344e-02
0.00000000e+00
0.00000000e+00
0.00000000e+00
0.00000000e+00
0.00000000e+00
0.00000000e+00
0.00000000e+00
0.00000000e+00
2.65675730e-01
-1.23423512e-01
-2.97177731e-01
-2.94328337e-01
-7.35801756e-02
3.01671847e-01
1.27637765e-01
0.00000000e+00
-2.20022525e-01
1.63842799e-01
-2.73199259e-01
0.00000000e+00
-2.28678524e-01
2.03878974e-01
1.98729577e-01
0.00000000e+00
-4.56938964e-02
1.69002058e-01
4.54493546e-02
0.00000000e+00
1.17261885e-02
-3.20197605e-01
1.55777337e-01
0.00000000e+00
0.00000000e+00
0.00000000e+00
4.47742553e-01
-1.17288515e-01
1.01197146e-01
3.27153773e-01
-5.89675759e-01
5.85808450e-02
-4.27321790e-01
3.52419484e-01
2.67766308e-02
-8.54645509e-01
1.48061864e-01
-1.99159020e-01
8.70861923e-02
6.16473331e-02
-2.30580308e-01
-5.27603308e-01
-4.05784196e-02
-3.81269536e-02
6.04261176e-02
5.37443160e-02
3.62241691e-02
-2.17506201e-01
-2.58307192e-01
2.14993943e-01
-2.55769182e-01
-5.17829189e-02
-2.94837107e-02
6.70977127e-02
1.27217610e-01
-1.58628475e-01
5.43156013e-02
-1.45256991e-01
4.36288135e-02
6.63411792e-02
-1.63591600e-01
7.16802398e-02
-8.14783768e-02
-5.40547944e-02
5.25773743e-02
4.37373782e-02
8.95195814e-01
3.77958570e-01
-9.54788981e-01
0.00000000e+00
0.00000000e+00
0.00000000e+00
6.72525021e-01
-1.61161821e+00
5.56059234e-02
5.37556417e-01
-2.10524535e+00
3.77195533e-01
4.68988956e-01
5.53359042e-01
-3.41174181e-01
0.00000000e+00
1.05161704e+00
4.64482021e-03
-9.85102597e-01
5.05129937e-01
3.95232925e-01
4.02916742e-01
4.12718572e-01
-1.50741344e+00
-3.46612461e-01
5.04886337e-01
-1.05083024e+00
0.00000000e+00
0.00000000e+00
0.00000000e+00
5.27245084e-01
-1.81820962e+00
-7.59613892e-02
7.76724726e-01
-1.89590821e+00
7.21818093e-01
6.47846208e-01
8.18988798e-02
-3.99582517e-01
0.00000000e+00
1.03713562e+00
-7.80394040e-02
-8.97678170e-01
7.35749466e-01
-4.35046601e-01
2.60645321e-01
3.79282089e-01
-1.25616001e+00
-1.94554526e-02
6.56865639e-01
