0 6 -999999999 -1 -1
1 2 0 -1 -1
0.3798 -0.3086
356
4.68568921e-01
2.52561941e-01
2.16006980e-01
-1.17665701e-02
-6.10592875e-02
-3.10160389e-03
-9.63981940e-03
0.00000000e+00
0.00000000e+00
-4.00650319e-02
-3.10690204e-03
0.00000000e+00
0.00000000e+00
-4.59981267e-02
-1.49339405e-02
4.91654971e-02
0.00000000e+00
0.00000000e+00
0.00000000e+00
0.00000000e+00
0.00000000e+00
0.00000000e+00
0.00000000e+00
0.00000000e+00
0.00000000e+00
0.00000000e+00
0.00000000e+00
0.00000000e+00
0.00000000e+00
0.00000000e+00
0.00000000e+00
0.00000000e+00
0.00000000e+00
0.00000000e+00
0.00000000e+00
0.00000000e+00
0.00000000e+00
0.00000000e+00
0.00000000e+00
0.00000000e+00
0.00000000e+00
0.00000000e+00
0.00000000e+00
0.00000000e+00
0.00000000e+00
0.00000000e+00
0.00000000e+00
0.00000000e+00
0.00000000e+00
0.00000000e+00
0.00000000e+00
-7.36529087e-01
-3.13460436e-01
8.13913563e-01
0.00000000e+00
0.00000000e+00
0.00000000e+00
0.00000000e+00
8.97372060e-03
4.85157546e-02
3.03830731e-02
4.51132228e-01
4.52427110e-01
2.55717825e-02
3.75508930e-01
-6.73097104e-01
-3.98723913e-01
-5.90732082e-01
0.00000000e+00
0.00000000e+00
0.00000000e+00
-4.65778367e-03
-5.68461189e-03
1.51032989e-02
-1.87928037e-01
6.66517895e-03
-8.63659640e-02
6.60623490e-01
-2.06547200e-03
-2.01270098e-01
0.00000000e+00
0.00000000e+00
6.12733376e-01
6.61137525e-01
1.14186070e+00
-8.39334183e-01
-5.66263413e-01
-5.41565084e-01
0.00000000e+00
0.00000000e+00
-4.33216211e-01
-2.29438245e-01
-1.21736483e+00
-7.40860594e-01
-1.44638788e-01
-4.13032417e-01
1.29858629e-02
-3.11282617e-02
1.31985026e-01
1.45377619e-02
3.00699197e-01
8.24556867e-02
0.00000000e+00
0.00000000e+00
1.41011558e+00
1.57239255e+00
0.00000000e+00
0.00000000e+00
0.00000000e+00
0.00000000e+00
0.00000000e+00
0.00000000e+00
9.20399567e-01
7.72622706e-01
5.82790286e-01
-1.13068104e-01
-7.86389484e-01
-2.31790163e+00
0.00000000e+00
0.00000000e+00
0.00000000e+00
0.00000000e+00
0.00000000e+00
0.00000000e+00
8.06436683e-01
-6.05819874e-02
1.52408247e-01
-2.63890347e-01
-6.24407238e-01
-1.11378069e+00
1.66659006e+00
1.83620128e+00
1.78442709e+00
1.86899678e+00
1.85878185e+00
1.91684176e+00
2.19619110e-01
5.31621275e-01
3.71418803e-01
5.12945602e-01
2.64892974e-01
-2.92133916e-01
2.91893340e-01
4.25864279e-01
2.29082647e-01
2.96445059e-01
1.86317052e-01
-1.00304033e-01
0.00000000e+00
0.00000000e+00
0.00000000e+00
0.00000000e+00
0.00000000e+00
0.00000000e+00
0.00000000e+00
0.00000000e+00
4.68577218e-01
-2.16694224e-01
0.00000000e+00
-2.20864858e-01
-2.92761992e-01
-3.56826658e-01
-6.45504632e-01
-5.26132117e-01
-9.38266624e-01
0.00000000e+00
0.00000000e+00
0.00000000e+00
2.28698769e-01
-4.89766084e-02
6.67269273e-02
-1.72250008e-02
-3.75096104e-01
4.95010851e-01
1.83767893e-01
2.84679301e-01
-2.85985097e-01
0.00000000e+00
7.54464644e-01
-1.67523992e-01
-8.85392316e-01
-1.52901474e-01
-4.91757020e-01
2.37859218e-01
1.78343947e-01
-6.69963736e-01
-3.82616919e-01
1.09620092e-01
3.93479504e-01
0.00000000e+00
0.00000000e+00
0.00000000e+00
4.14705233e-02
-9.47804060e-04
6.73340019e-03
1.60542748e-01
9.66405881e-02
2.10317121e-02
6.53489651e-02
-2.41302851e-01
2.43753553e-01
0.00000000e+00
-2.32976654e-01
2.09449879e-01
7.05910625e-02
1.63521831e-01
-5.92325018e-01
7.35210005e-02
6.41767678e-02
3.72067506e-02
2.15880757e-01
-8.83770745e-03
-5.40676443e-01
-2.76609442e-01
0.00000000e+00
-2.15427322e-02
-7.83084072e-02
4.64185039e-01
2.20673934e-02
-7.62861874e-01
-4.07791412e-01
0.00000000e+00
0.00000000e+00
0.00000000e+00
7.70986480e-03
2.15420521e-02
-2.83090155e-01
5.01518123e-01
-8.60347235e-02
4.51054132e-01
4.56966244e-01
-1.68688362e+00
6.81054095e-03
0.00000000e+00
9.15747133e-01
4.28553270e-01
3.97883016e-01
1.95094587e-01
-1.94652480e+00
-9.32285226e-01
-2.23659785e-01
2.43193981e-01
1.98369012e-01
9.26244936e-01
-2.64067001e-01
0.00000000e+00
-9.54178580e-03
-1.28315484e-01
-3.97590181e-01
-1.61525501e-02
-6.52937105e-02
-2.53092711e-01
-2.78322602e-01
6.84059282e-01
2.58537897e-01
-9.58749729e-01
-3.81437631e-01
0.00000000e+00
-1.72409648e-02
-5.07733734e-02
-8.82958775e-01
0.00000000e+00
0.00000000e+00
0.00000000e+00
-5.82373797e-01
-3.14993890e-01
8.65656142e-02
1.13917512e-02
-1.53354727e-01
4.47083339e-01
5.42617695e-01
2.58225879e-01
5.23121117e-02
0.00000000e+00
-9.07490363e-02
-2.33265951e-01
-4.86861526e-01
3.12659865e-01
-5.00833633e-01
2.41819434e-01
-8.87120541e-02
-2.56597004e-01
1.73889525e-01
-3.01782369e-01
3.77262752e-01
0.00000000e+00
0.00000000e+00
0.00000000e+00
1.09488162e-02
-2.80473124e-01
-1.83771392e-02
1.97824968e-01
-3.81754375e-02
6.62179231e-02
9.49559024e-02
-1.74382597e-01
9.95869545e-02
0.00000000e+00
-8.21188119e-02
-1.56420561e-03
-1.05959912e-01
1.64103817e-01
1.98730460e-01
4.51137011e-02
6.56576621e-02
-1.16336285e-02
7.82396574e-02
6.85677459e-02
-3.24976257e-01
1.12027696e-02
2.43064781e-01
1.85920088e-01
2.72916856e-01
5.60680429e-01
1.21114147e-01
-6.70591807e-01
-6.19745521e-01
0.00000000e+00
0.00000000e+00
0.00000000e+00
-3.31704369e-01
1.98981189e-01
4.23900108e-01
-7.01928429e-01
3.73872456e-01
-3.31404870e-01
-6.54807194e-01
1.20433845e+00
6.32549345e-02
0.00000000e+00
-7.28425025e-01
-2.69909330e-01
-1.90832581e-01
-9.59777641e-02
7.50887887e-01
6.29919330e-01
3.16852744e-01
1.36305722e-01
-4.51553262e-02
-1.36791345e+00
-3.36179027e-01
2.20029720e-01
4.80459041e-01
4.62634913e-01
-5.57982518e-01
-3.68029428e-01
-9.09589937e-02
9.21493261e-02
-7.13936845e-02
5.59764431e-01
1.48419650e-01
-1.07621351e+00
-1.89953090e-01
4.08127022e-01
1.35512704e-01
-3.97874485e-02
247
-1.90790292e-01
-3.12936353e-02
-1.59496657e-01
5.37497766e-03
-3.66686130e-02
-2.06746126e-01
-1.50807348e-01
4.00915997e-02
0.00000000e+00
0.00000000e+00
-4.03302467e-02
2.39156185e-02
0.00000000e+00
0.00000000e+00
0.00000000e+00
0.00000000e+00
0.00000000e+00
0.00000000e+00
0.00000000e+00
0.00000000e+00
0.00000000e+00
0.00000000e+00
0.00000000e+00
0.00000000e+00
0.00000000e+00
0.00000000e+00
0.00000000e+00
0.00000000e+00
0.00000000e+00
0.00000000e+00
0.00000000e+00
0.00000000e+00
0.00000000e+00
0.00000000e+00
0.00000000e+00
0.00000000e+00
0.00000000e+00
0.00000000e+00
0.00000000e+00
0.00000000e+00
0.00000000e+00
0.00000000e+00
0.00000000e+00
2.32276852e-03
2.23146740e-03
-2.81808851e-01
4.46899642e-03
8.86957902e-02
-6.15335342e-04
0.00000000e+00
0.00000000e+00
1.03421278e-01
2.80883430e-01
5.02879295e-02
-3.72053175e-01
-2.24579636e-01
-2.87501188e-02
0.00000000e+00
0.00000000e+00
1.42289089e+00
2.17332727e+00
0.00000000e+00
0.00000000e+00
0.00000000e+00
0.00000000e+00
0.00000000e+00
0.00000000e+00
7.61363112e-01
4.96416449e-01
2.65879104e-01
-1.07610577e-01
-7.40497559e-01
-2.28923171e+00
0.00000000e+00
0.00000000e+00
0.00000000e+00
0.00000000e+00
0.00000000e+00
0.00000000e+00
9.24032360e-01
-1.25935277e-01
-3.06373625e-01
-5.66265837e-01
-8.70620640e-01
-1.41895454e+00
3.91594222e+00
3.91024616e+00
3.80171744e+00
3.86671862e+00
3.68475631e+00
3.93406264e+00
2.67041510e-01
4.06423740e-01
3.30287078e-01
4.52051317e-01
5.19883987e-01
7.42862729e-03
1.72355149e-01
2.64902546e-02
-5.04404131e-02
-8.22953977e-02
7.00057835e-02
-3.82117595e-01
0.00000000e+00
0.00000000e+00
0.00000000e+00
0.00000000e+00
-1.90790292e-01
-3.41732460e-01
0.00000000e+00
-1.29014400e+00
-8.02498172e-01
-8.01770308e-01
-6.18852989e-01
-4.55120573e-01
-1.60426848e+00
0.00000000e+00
0.00000000e+00
0.00000000e+00
3.31662919e-01
-3.79713182e-01
1.53009880e-01
1.08526606e-01
-1.05373506e+00
6.90155012e-01
1.11031738e-01
2.07201776e-01
-2.76203388e-01
0.00000000e+00
4.61842321e-01
3.80224750e-02
-6.50117012e-01
2.86034719e-01
-1.18696954e+00
2.97098703e-01
2.82055271e-01
-1.06338573e+00
-2.75299066e-01
3.14513078e-01
-1.08743320e+00
-8.46449152e-01
0.00000000e+00
0.00000000e+00
2.44480212e-01
3.35299486e-01
0.00000000e+00
0.00000000e+00
0.00000000e+00
-9.05809702e-02
2.94438217e-01
3.13417597e-02
-2.09213678e-01
1.67228970e-01
-9.80908401e-02
-1.07931876e-01
3.64008350e-01
1.14052626e-02
0.00000000e+00
-1.17044054e-01
-7.89589531e-03
-2.66044056e-01
-4.81418466e-02
6.85335422e-01
1.03050186e-01
-8.15211233e-02
-3.25262246e-02
-4.74236504e-02
-2.15094468e-01
-2.40984050e-01
0.00000000e+00
0.00000000e+00
-1.80444570e-01
-5.16835278e-01
4.39509796e-02
0.00000000e+00
-4.83772804e-01
-5.27706403e-01
-5.60786258e-01
0.00000000e+00
0.00000000e+00
-3.49667130e-01
-1.07397356e+00
0.00000000e+00
0.00000000e+00
0.00000000e+00
-8.19658239e-01
-6.81028117e-01
1.61503759e-01
1.46437866e-01
-4.08883760e-01
8.27968949e-01
2.96459372e-01
-1.46673418e-02
-4.27148442e-01
0.00000000e+00
-4.45250483e-01
-3.96852632e-01
-5.07913924e-01
8.13555700e-01
7.49303315e-02
1.65775548e-01
1.91584877e-01
-2.99127361e-01
4.09534540e-01
-1.61194202e-01
-6.63901633e-01
-6.64208141e-01
5.23217589e-01
5.15373810e-01
5.52535412e-01
5.20236898e-01
0.00000000e+00
0.00000000e+00
0.00000000e+00
-6.73440149e-02
1.94745460e-01
1.21557461e-03
2.99406231e-01
-1.26907888e-01
2.16902924e-01
2.37445066e-01
-2.05230084e-01
4.87089089e-02
0.00000000e+00
2.57021197e-01
2.16840718e-01
-1.25300505e-01
-6.30734647e-02
-6.65667631e-01
-7.19927565e-02
6.07406006e-02
8.38165489e-03
-3.32603504e-02
3.37605258e-01
3.06508149e-04
-1.84512501e-02
-5.10891391e-02
5.70165262e-01
-4.10071928e-01
4.53551525e-02
-8.40135978e-02
1.98891372e-01
-7.26834975e-02
-4.55427081e-01
5.20325950e-01
2.60318195e-01
2.77568434e-01
1 -999999999 4 0 -1
1 0 2 1 -1
2.5507e-02 4.7960e-01
356
1.38421325e-01
0.00000000e+00
0.00000000e+00
0.00000000e+00
0.00000000e+00
0.00000000e+00
0.00000000e+00
0.00000000e+00
0.00000000e+00
0.00000000e+00
0.00000000e+00
0.00000000e+00
0.00000000e+00
0.00000000e+00
0.00000000e+00
0.00000000e+00
-3.56715836e-02
1.74092909e-01
2.64896730e-01
-3.95196075e-01
-8.50867035e-02
2.99638067e-02
0.00000000e+00
0.00000000e+00
6.16137591e-01
1.11549077e-01
0.00000000e+00
0.00000000e+00
8.07154277e-02
7.29376058e-02
1.11243697e-01
1.38421325e-01
0.00000000e+00
-1.52411813e+00
-1.48059086e+00
0.00000000e+00
2.42840946e-01
1.14499409e+00
9.44552621e-01
5.17545365e-01
1.56987709e+00
0.00000000e+00
0.00000000e+00
0.00000000e+00
0.00000000e+00
0.00000000e+00
0.00000000e+00
0.00000000e+00
0.00000000e+00
0.00000000e+00
0.00000000e+00
1.52907903e-02
-2.76439582e-01
-7.98839246e-01
0.00000000e+00
0.00000000e+00
0.00000000e+00
0.00000000e+00
-1.82605065e-01
4.53291480e-02
-1.83654237e-02
4.75033489e-01
4.84187260e-01
-2.85015879e-01
1.07896475e-01
-4.31660668e-01
-2.52691921e-01
-5.53131509e-01
0.00000000e+00
0.00000000e+00
0.00000000e+00
0.00000000e+00
0.00000000e+00
0.00000000e+00
7.19465388e-01
-1.30540282e-03
-4.80656371e-01
-5.80786461e-01
6.34839232e-04
-5.64558385e-03
0.00000000e+00
0.00000000e+00
-4.93930592e-02
-2.70035155e-01
-1.84432544e-02
4.31808400e-02
9.71860952e-02
3.35925858e-01
0.00000000e+00
0.00000000e+00
-5.89179720e-02
-8.00121779e-02
-4.33671456e-01
-3.52758942e-01
-1.11859934e-01
1.49899165e-02
5.79723624e-02
8.16928987e-02
-4.87078551e-03
4.90696167e-02
-6.91661586e-02
-8.33204199e-02
0.00000000e+00
0.00000000e+00
3.10588436e+00
1.50639376e+00
0.00000000e+00
0.00000000e+00
0.00000000e+00
0.00000000e+00
0.00000000e+00
0.00000000e+00
-4.97098143e-02
1.92374775e-01
6.63430471e-02
-2.78391302e-01
-7.13050810e-01
-2.18502893e+00
0.00000000e+00
0.00000000e+00
0.00000000e+00
0.00000000e+00
0.00000000e+00
0.00000000e+00
1.38534347e+00
-2.15216746e-01
-2.54520939e-01
-4.04963701e-01
-7.29376946e-01
-1.14912984e+00
4.49130698e+00
4.42928138e+00
4.38883788e+00
4.33913046e+00
4.38661125e+00
4.39574650e+00
3.49845200e-01
3.68879034e-01
1.57253192e-01
2.22333018e-01
1.61158555e-01
-4.26325436e-01
3.22494769e-01
2.89380490e-01
9.63941646e-02
1.52804057e-01
1.15230478e-01
-2.45546617e-01
0.00000000e+00
0.00000000e+00
0.00000000e+00
0.00000000e+00
0.00000000e+00
0.00000000e+00
0.00000000e+00
0.00000000e+00
1.38529061e-01
-2.63116393e-01
-2.48519347e+00
0.00000000e+00
-1.08783060e-02
-3.58652122e-01
-4.71391257e-01
-9.98400456e-01
-4.82269563e-01
0.00000000e+00
0.00000000e+00
0.00000000e+00
4.69226788e-01
4.09840423e-01
1.33374380e-02
4.25409255e-01
-5.76425217e-01
5.48539519e-01
3.67477905e-01
1.58118816e-02
5.82264580e-01
0.00000000e+00
5.62974542e-01
-4.49994677e-01
-9.42727522e-01
2.76825470e-01
-1.58997962e+00
2.08700015e-01
4.32455852e-02
-8.62068679e-01
-4.01734123e-02
5.54461585e-02
-1.56894649e-01
0.00000000e+00
0.00000000e+00
0.00000000e+00
-6.90478541e-02
2.55847784e-02
-6.81565643e-02
-1.27448742e-01
4.66913527e-02
-9.14091715e-02
-1.29093412e-01
2.68134642e-03
-2.09660926e-01
0.00000000e+00
-1.09660173e-01
1.18302669e-01
3.82393197e-02
3.36246431e-02
3.76878712e-01
-9.34059304e-02
-4.24558566e-02
1.38796257e-01
3.68766076e-02
-3.42317051e-02
-3.00194378e-01
2.66212543e-02
-2.23290109e+00
-1.27486525e+00
-5.23918609e-01
1.46686077e-01
7.20311156e-02
-1.92095939e-01
1.88686935e-01
0.00000000e+00
0.00000000e+00
0.00000000e+00
3.38989764e-01
2.70244497e-01
-2.84934171e-01
8.31541530e-01
-3.20862881e-01
2.04997729e-01
5.46077010e-01
-1.19222171e+00
2.53779179e-01
0.00000000e+00
8.86443556e-01
-1.13928606e-02
7.30717100e-02
5.98817477e-02
-1.60164939e+00
-7.20561705e-01
-1.50263164e-01
1.54717407e-01
5.60976220e-02
7.94731064e-01
-3.26815632e-01
-8.35455554e-01
-6.42056405e-01
-4.79052790e-02
-1.82075185e-01
-3.74995603e-02
-1.74394495e+00
-8.47181404e-01
-5.81486049e-01
3.61533706e-01
8.04050368e-02
-4.79438303e-01
-1.44575625e-01
-8.74387732e-01
-4.54061996e-01
-4.15351275e-01
-1.35705258e+00
0.00000000e+00
0.00000000e+00
0.00000000e+00
-1.15767157e+00
-1.50588664e+00
5.80704393e-01
1.45070619e-01
-1.15228030e-01
1.02511522e+00
5.27044535e-01
6.07267620e-01
-7.12384311e-01
0.00000000e+00
-1.05862014e+00
-3.54620060e-02
-1.24741721e+00
5.42306940e-01
5.31533714e-01
8.63726393e-01
7.31545656e-01
-9.43576454e-01
-3.71052955e-03
-1.31410779e-01
-8.22913478e-02
0.00000000e+00
0.00000000e+00
0.00000000e+00
-3.90932826e-02
1.84815608e-01
-2.57563709e-01
1.22549607e-02
-1.41651987e-01
-2.72821027e-02
-9.06520499e-03
-2.46631917e-01
2.42560612e-01
0.00000000e+00
4.98623107e-02
2.23722375e-02
2.29582379e-01
4.42446020e-02
-5.35968528e-03
-3.11382358e-01
-2.62236092e-01
1.79904511e-01
9.41798035e-02
1.58197966e-01
-4.87145105e-01
-1.03406266e-01
0.00000000e+00
4.62580898e-01
1.77360452e-01
9.96293502e-02
4.58195393e-02
-2.48855156e-01
-6.00422517e-03
0.00000000e+00
0.00000000e+00
0.00000000e+00
-1.38881739e-01
-1.35628207e-01
5.35977986e-01
-8.18966642e-01
4.06817963e-01
-1.82329193e-02
-4.39721429e-01
1.19666885e+00
-1.96809079e-01
0.00000000e+00
-8.23590776e-01
1.86849895e-02
-1.62246066e-01
-1.91179525e-02
4.44621909e-01
9.32905034e-01
3.99325200e-01
-1.45468456e-01
-7.09130781e-02
-9.71429812e-01
-3.83738838e-01
0.00000000e+00
-8.37850403e-04
-5.29754918e-01
-8.69907473e-01
-2.55245855e-01
1.93269930e-01
8.80724159e-01
4.72567705e-01
1.95963447e-01
-3.87174504e-03
-4.47337557e-01
-6.14661618e-01
2.45250103e-01
3.34289618e-01
-3.78258138e-01
247
-1.27703189e-01
0.00000000e+00
0.00000000e+00
0.00000000e+00
0.00000000e+00
0.00000000e+00
0.00000000e+00
0.00000000e+00
0.00000000e+00
9.58542212e-02
0.00000000e+00
0.00000000e+00
0.00000000e+00
0.00000000e+00
-3.58900523e-02
-9.18131369e-02
1.49898970e-01
-1.85789022e-01
-5.84429403e-01
-5.30698423e-01
0.00000000e+00
0.00000000e+00
0.00000000e+00
3.80324728e-01
6.50678290e-02
0.00000000e+00
0.00000000e+00
-1.27703189e-01
0.00000000e+00
-1.27703189e-01
0.00000000e+00
0.00000000e+00
2.20776165e-01
-4.25151137e-01
0.00000000e+00
0.00000000e+00
0.00000000e+00
0.00000000e+00
0.00000000e+00
0.00000000e+00
0.00000000e+00
0.00000000e+00
0.00000000e+00
0.00000000e+00
0.00000000e+00
3.21706753e-01
-4.51622016e-03
-4.48646060e-01
8.09235589e-04
0.00000000e+00
0.00000000e+00
8.01491371e-01
2.78359418e-01
3.91241360e-01
-9.86226735e-01
-3.40019011e-01
-2.72549592e-01
0.00000000e+00
0.00000000e+00
3.04691730e+00
1.31974172e+00
0.00000000e+00
0.00000000e+00
0.00000000e+00
0.00000000e+00
0.00000000e+00
0.00000000e+00
-3.54392162e-02
3.90973748e-01
1.18862477e-01
-1.44595276e-01
-9.92226296e-01
-2.51219593e+00
0.00000000e+00
0.00000000e+00
0.00000000e+00
0.00000000e+00
0.00000000e+00
0.00000000e+00
1.51233455e+00
5.84598559e-03
-3.07527368e-01
-5.89078150e-01
-8.60152442e-01
-1.20886749e+00
5.03449875e+00
5.09641252e+00
5.04475012e+00
5.02269616e+00
4.92365582e+00
4.95379506e+00
8.52704899e-02
2.01014929e-01
7.29782780e-02
4.59422145e-02
8.47131831e-02
-3.24350767e-01
3.59264809e-01
1.80746309e-01
7.08817012e-02
1.00908672e-01
3.10376082e-01
3.72997813e-02
0.00000000e+00
0.00000000e+00
0.00000000e+00
0.00000000e+00
-1.27703189e-01
-5.82707354e-01
-2.64321059e+00
0.00000000e+00
-2.02742205e-01
-3.28667701e-01
-5.32653762e-01
-9.07678701e-01
-5.31409905e-01
0.00000000e+00
0.00000000e+00
0.00000000e+00
4.45098611e-01
-6.32112065e-01
2.50159326e-01
6.37476989e-03
6.03971282e-02
5.23572587e-01
1.64965900e-01
1.42385983e-01
-4.20249885e-01
0.00000000e+00
3.70845143e-01
1.77093695e-01
-9.51715196e-01
4.45277849e-01
-1.07666439e+00
4.67154800e-01
5.75536106e-01
-6.30989816e-01
-1.14561086e-01
-3.33979363e-01
-1.59365065e-01
2.27767924e-01
-2.20319164e+00
-1.46484489e+00
-5.72137016e-01
-3.12473724e-01
0.00000000e+00
0.00000000e+00
0.00000000e+00
-1.26995023e-01
9.88747073e-02
3.84648849e-02
-1.85582253e-01
-1.11721937e-01
-7.78383240e-02
-2.15715800e-01
2.55231817e-01
-3.58188390e-01
0.00000000e+00
1.70409910e-02
1.89635288e-01
-2.49095198e-01
-1.72350584e-01
8.53634825e-01
8.50924498e-02
-3.59315965e-02
1.02432350e-02
-1.56439209e-01
-1.70833607e-01
-3.87132988e-01
-1.36144625e+00
-8.26306686e-01
-2.73349607e-01
-3.72044841e-01
-4.30510128e-01
-1.64652734e+00
-6.78472527e-01
-2.26078340e-01
5.84652874e-02
-9.38137605e-01
-2.11664262e-01
-2.34563416e-01
-1.44033246e+00
0.00000000e+00
0.00000000e+00
0.00000000e+00
-1.04024984e+00
-1.82995829e+00
5.67226730e-01
1.51904828e-01
-1.38866609e-01
7.48075590e-01
4.73115437e-01
3.92422555e-01
1.45261118e-01
0.00000000e+00
-1.17528751e+00
-2.64243712e-01
-7.66173723e-01
8.15737623e-01
-1.01762399e-01
5.41766270e-01
7.05406697e-01
-6.54779978e-01
3.40615887e-01
-3.50543140e-01
-2.35727921e-01
2.67707603e-01
0.00000000e+00
3.12454113e-02
-9.58539997e-02
-4.23167903e-01
0.00000000e+00
0.00000000e+00
0.00000000e+00
3.02164796e-02
4.74396583e-01
-2.54429036e-01
2.29102119e-01
-3.15492316e-01
7.79708730e-02
1.11800761e-01
-4.46531445e-01
3.58604453e-01
0.00000000e+00
3.91872473e-01
2.63182619e-02
2.06361708e-02
-1.85648780e-02
-9.70772391e-01
-3.12448380e-01
-3.17385004e-01
4.86204396e-02
1.96368246e-02
4.23280110e-01
-5.03435524e-01
0.00000000e+00
-1.25137117e-01
-2.42452488e-01
-1.20460454e+00
-8.00361365e-01
-6.51819566e-03
5.25623139e-01
6.91800641e-01
-4.04243177e-01
3.67058803e-02
2.47272818e-01
-1.41693613e-02
2 1
-2.0267e-01 1.6881e-01
2 1
0 1 
217
1.63941103e-01
1.10697251e-01
-2.82662216e-01
-5.50468893e-01
-1.08296025e-01
2.32887641e-02
-1.84625913e-02
3.93937235e-01
3.63982016e-01
7.10737225e-02
1.83367122e-01
-1.96924214e-01
-2.56649418e-01
-1.78619196e-01
0.00000000e+00
0.00000000e+00
0.00000000e+00
7.81775235e-04
1.45005982e-03
-1.06654802e-03
-1.96413456e-02
-2.88346161e-04
2.23038467e-01
1.82800674e-01
4.47116098e-04
1.23789528e-01
0.00000000e+00
0.00000000e+00
-4.18212963e-02
4.05354364e-02
2.68419312e-01
-3.33130417e-01
-7.26915255e-02
3.02629594e-01
0.00000000e+00
0.00000000e+00
0.00000000e+00
-1.82837533e-01
3.46778636e-01
0.00000000e+00
0.00000000e+00
0.00000000e+00
0.00000000e+00
0.00000000e+00
0.00000000e+00
-3.34772479e-02
-1.49360285e-01
3.46778636e-01
0.00000000e+00
0.00000000e+00
0.00000000e+00
0.00000000e+00
0.00000000e+00
0.00000000e+00
0.00000000e+00
0.00000000e+00
0.00000000e+00
0.00000000e+00
0.00000000e+00
0.00000000e+00
3.46778636e-01
-1.49360285e-01
-3.34772479e-02
0.00000000e+00
-1.49360285e-01
-1.35142202e+00
4.09020654e-01
1.23797669e+00
-9.57192654e-02
1.72953703e+00
0.00000000e+00
-3.34772479e-02
-8.69653938e-01
1.85933419e-01
-1.54728282e+00
1.14849322e-02
-3.68343580e-01
0.00000000e+00
0.00000000e+00
0.00000000e+00
0.00000000e+00
0.00000000e+00
0.00000000e+00
0.00000000e+00
0.00000000e+00
0.00000000e+00
0.00000000e+00
0.00000000e+00
0.00000000e+00
0.00000000e+00
0.00000000e+00
0.00000000e+00
0.00000000e+00
0.00000000e+00
0.00000000e+00
0.00000000e+00
0.00000000e+00
0.00000000e+00
0.00000000e+00
0.00000000e+00
0.00000000e+00
0.00000000e+00
0.00000000e+00
0.00000000e+00
0.00000000e+00
0.00000000e+00
0.00000000e+00
0.00000000e+00
0.00000000e+00
0.00000000e+00
0.00000000e+00
0.00000000e+00
0.00000000e+00
0.00000000e+00
0.00000000e+00
0.00000000e+00
0.00000000e+00
0.00000000e+00
0.00000000e+00
-5.47158505e-01
-1.02272457e+00
-6.81667172e-01
0.00000000e+00
0.00000000e+00
0.00000000e+00
3.08113593e-01
-7.71976868e-01
2.93812426e-02
2.85653033e-01
-4.88605631e-01
1.72095967e-01
2.55781390e-01
4.05161923e-01
-1.42521252e-01
0.00000000e+00
1.18632774e-01
-3.24291915e-01
-7.00023614e-01
5.18117938e-02
2.97901870e-01
5.32743410e-01
3.05890993e-01
-6.28063432e-01
-3.40466315e-01
-4.88861359e-02
-2.08936490e-01
0.00000000e+00
0.00000000e+00
0.00000000e+00
3.00857441e-01
-1.17921819e+00
9.69059104e-03
2.10115948e-01
-5.30326586e-01
1.62969991e-01
1.84099327e-01
2.53926469e-01
-8.82371616e-03
0.00000000e+00
4.41856154e-01
-4.64768887e-01
-3.52714113e-01
1.67697978e-01
1.07537273e-02
2.22423191e-01
2.71146724e-01
-4.05979792e-01
9.62803879e-02
4.01076864e-01
-9.91534398e-01
0.00000000e+00
0.00000000e+00
0.00000000e+00
-1.03315572e-01
-6.06525893e-01
-2.14797624e-02
7.92540736e-02
-2.99101680e-01
3.54035610e-01
2.86590443e-01
5.45571892e-02
-1.16159096e-01
0.00000000e+00
3.97323295e-01
-1.95877183e-01
-5.36599857e-01
1.52425149e-01
-3.39102145e-01
1.71819001e-01
7.51906161e-02
-3.68245305e-01
-2.69290593e-02
5.06057787e-02
-1.40937002e-01
0.00000000e+00
0.00000000e+00
0.00000000e+00
1.70696875e-01
-9.74445472e-01
9.21964179e-02
1.14474329e-01
-3.03801136e-01
1.89380032e-01
1.38781495e-01
1.45534276e-01
-1.55020075e-01
0.00000000e+00
1.88509430e-01
-1.51895116e-01
-2.71893334e-01
2.40752360e-01
3.74502231e-01
1.71685495e-01
1.33077630e-01
-3.76283669e-01
8.12686867e-03
1.24684360e-01
136
5.10102701e-01
0.00000000e+00
0.00000000e+00
-1.18186345e-02
3.46471060e-03
3.64819061e-01
-1.23358961e-03
1.57102275e-01
1.22662996e-03
0.00000000e+00
0.00000000e+00
2.18796377e-01
1.40452867e-01
3.31043185e-01
-5.19531650e-01
1.12985764e-02
3.28043346e-01
0.00000000e+00
0.00000000e+00
0.00000000e+00
6.62006312e-03
5.03910690e-01
0.00000000e+00
0.00000000e+00
0.00000000e+00
0.00000000e+00
0.00000000e+00
0.00000000e+00
5.82167583e-01
-5.75547520e-01
5.03910690e-01
0.00000000e+00
0.00000000e+00
0.00000000e+00
0.00000000e+00
0.00000000e+00
0.00000000e+00
0.00000000e+00
0.00000000e+00
0.00000000e+00
0.00000000e+00
0.00000000e+00
0.00000000e+00
0.00000000e+00
0.00000000e+00
0.00000000e+00
0.00000000e+00
-5.75975572e-01
2.07629125e-01
-4.67482850e-01
-1.36055763e+00
0.00000000e+00
5.81739532e-01
-1.89949125e-01
4.58550487e-01
-8.11818717e-01
0.00000000e+00
0.00000000e+00
0.00000000e+00
0.00000000e+00
5.03910690e-01
-5.75547520e-01
5.82167583e-01
0.00000000e+00
0.00000000e+00
0.00000000e+00
0.00000000e+00
0.00000000e+00
0.00000000e+00
0.00000000e+00
0.00000000e+00
0.00000000e+00
0.00000000e+00
0.00000000e+00
0.00000000e+00
0.00000000e+00
0.00000000e+00
0.00000000e+00
0.00000000e+00
0.00000000e+00
0.00000000e+00
0.00000000e+00
0.00000000e+00
0.00000000e+00
0.00000000e+00
0.00000000e+00
-4.98638438e-01
-9.91273517e-01
-9.97241734e-01
0.00000000e+00
0.00000000e+00
0.00000000e+00
5.42147837e-01
-2.34808735e+00
4.99020125e-01
5.47405903e-01
-1.25684341e+00
6.05514880e-01
5.34001398e-01
1.02754857e+00
-4.11230412e-01
0.00000000e+00
6.04207798e-01
-5.70852298e-01
-1.31146893e+00
2.94801306e-01
1.14178251e+00
8.90190412e-01
4.86932228e-01
-1.87071564e+00
-5.86868642e-01
1.85271976e-01
-1.27571103e+00
0.00000000e+00
0.00000000e+00
0.00000000e+00
2.95788216e-01
-2.11425055e+00
2.04787474e-01
6.69060967e-01
-1.10223218e+00
8.39780497e-01
8.63644785e-01
1.01082860e-01
-2.14821922e-01
0.00000000e+00
9.60619429e-01
-5.71832456e-01
-1.16112415e+00
5.80945281e-01
-3.68322116e-01
3.31411566e-01
3.40760658e-01
-1.27043747e+00
-9.51294709e-02
4.34557555e-01
7 1
-3.4113e-01 2.2792e-01
3 1
0 1 2 
217
1.15081010e-01
2.35153346e-01
-3.38818832e-01
-5.92066657e-02
-1.14878447e-01
4.06621176e-02
-1.15899265e-02
2.87219543e-01
2.86251411e-01
-3.50525085e-02
8.07650106e-02
-1.50224538e-01
-1.25467039e-01
-7.38031873e-02
0.00000000e+00
0.00000000e+00
0.00000000e+00
-6.54299014e-03
1.87523623e-03
3.10974790e-02
-9.54913930e-02
-4.45734271e-04
2.76762699e-01
2.17115393e-01
1.84397030e-04
6.22810213e-02
0.00000000e+00
0.00000000e+00
-2.23671446e-01
1.12714906e-03
3.37509909e-01
-2.76780632e-01
-4.56650398e-02
3.22561069e-01
0.00000000e+00
0.00000000e+00
0.00000000e+00
-1.80599714e-01
-1.61447399e-01
4.57128123e-01
0.00000000e+00
0.00000000e+00
0.00000000e+00
0.00000000e+00
0.00000000e+00
-3.03347421e-02
-1.50264972e-01
2.93226658e-01
0.00000000e+00
-3.92327159e-01
-6.23468976e-02
4.57128123e-01
0.00000000e+00
0.00000000e+00
0.00000000e+00
0.00000000e+00
0.00000000e+00
0.00000000e+00
0.00000000e+00
0.00000000e+00
3.58027621e-01
-2.12611870e-01
-3.03347421e-02
0.00000000e+00
-2.12611870e-01
-1.73849958e+00
4.34613237e-01
1.35077615e+00
-1.06920357e-01
1.22201575e+00
0.00000000e+00
-4.22661901e-01
-7.62072829e-01
4.46053332e-01
-1.51411453e+00
9.16895789e-02
-1.99207574e-01
0.00000000e+00
1.12626944e-01
-2.40908217e-01
7.57207018e-02
-8.69174414e-01
-7.32666362e-02
-2.94317266e-01
0.00000000e+00
0.00000000e+00
0.00000000e+00
0.00000000e+00
0.00000000e+00
0.00000000e+00
0.00000000e+00
0.00000000e+00
0.00000000e+00
0.00000000e+00
0.00000000e+00
0.00000000e+00
0.00000000e+00
0.00000000e+00
0.00000000e+00
0.00000000e+00
0.00000000e+00
0.00000000e+00
0.00000000e+00
0.00000000e+00
0.00000000e+00
0.00000000e+00
0.00000000e+00
0.00000000e+00
0.00000000e+00
0.00000000e+00
0.00000000e+00
0.00000000e+00
0.00000000e+00
0.00000000e+00
0.00000000e+00
0.00000000e+00
0.00000000e+00
0.00000000e+00
0.00000000e+00
-4.12471479e-01
-8.65019291e-01
-6.23670814e-01
0.00000000e+00
0.00000000e+00
0.00000000e+00
3.02413048e-01
-7.13414673e-01
1.88195256e-01
1.36384508e-01
-4.67786993e-01
3.28867918e-01
2.88089628e-01
3.77770410e-01
-1.26784929e-01
0.00000000e+00
1.78373106e-01
-3.61564540e-01
-7.01041829e-01
4.21099722e-02
1.75423240e-01
3.71513492e-01
3.15466463e-01
-6.49491279e-01
-2.87154182e-01
-2.10394306e-02
-2.03518500e-01
0.00000000e+00
0.00000000e+00
0.00000000e+00
2.83152734e-01
-1.07372881e+00
1.44383076e-01
2.58228987e-01
-5.65994896e-01
6.14677620e-02
1.61371107e-01
2.18863263e-01
-3.94608677e-02
0.00000000e+00
4.27472483e-01
-5.42642079e-01
-2.98276036e-01
2.32230611e-01
5.67931580e-02
1.92729991e-01
1.91319147e-01
-3.71429163e-01
5.64184363e-02
4.03582599e-01
-8.80781747e-01
0.00000000e+00
0.00000000e+00
0.00000000e+00
-7.92356225e-02
-6.19474452e-01
-1.81695003e-02
3.91962621e-02
-3.25321013e-01
4.09253977e-01
2.92225903e-01
-3.77275335e-03
-1.27069866e-01
0.00000000e+00
5.09809212e-01
-1.83230831e-01
-5.34949405e-01
1.57862061e-01
-2.25595296e-01
1.83509840e-01
4.62370114e-02
-4.22192759e-01
-2.77132938e-02
4.78487774e-02
-1.56623914e-01
0.00000000e+00
0.00000000e+00
0.00000000e+00
1.55077792e-01
-9.38707536e-01
5.42744818e-02
1.28349298e-01
-2.99368341e-01
1.99718775e-01
1.21467670e-01
1.65824873e-01
-2.00794023e-01
0.00000000e+00
1.31832291e-01
-1.35433840e-01
-2.83948524e-01
2.46984616e-01
3.36953372e-01
1.53085128e-01
1.35307924e-01
-3.39184686e-01
6.33507310e-02
1.48586084e-01
136
4.83648534e-01
0.00000000e+00
0.00000000e+00
-3.97840910e-03
3.16723214e-03
3.21190135e-01
-6.26233475e-04
1.66436808e-01
1.34679614e-03
0.00000000e+00
0.00000000e+00
2.78076940e-01
1.72991426e-01
3.38489507e-01
-5.69837433e-01
-2.25609903e-02
2.86489084e-01
0.00000000e+00
0.00000000e+00
0.00000000e+00
-1.21198224e-01
1.52133083e-01
4.52713676e-01
0.00000000e+00
0.00000000e+00
0.00000000e+00
0.00000000e+00
0.00000000e+00
7.16551635e-02
-1.92853388e-01
5.02337602e-01
0.00000000e+00
3.74408504e-01
-7.24613023e-01
4.52713676e-01
0.00000000e+00
0.00000000e+00
0.00000000e+00
0.00000000e+00
0.00000000e+00
0.00000000e+00
0.00000000e+00
0.00000000e+00
0.00000000e+00
0.00000000e+00
0.00000000e+00
0.00000000e+00
-9.17466410e-01
3.51864447e-01
-3.35652974e-01
-1.18662394e+00
0.00000000e+00
4.46063667e-01
-2.06160760e-01
4.49644492e-01
-8.00133431e-01
0.00000000e+00
3.81139377e-01
7.36240733e-02
1.97953548e-01
-4.25411912e-01
-9.17466410e-01
7.16551635e-02
0.00000000e+00
0.00000000e+00
0.00000000e+00
0.00000000e+00
0.00000000e+00
0.00000000e+00
0.00000000e+00
0.00000000e+00
0.00000000e+00
0.00000000e+00
0.00000000e+00
0.00000000e+00
0.00000000e+00
0.00000000e+00
0.00000000e+00
0.00000000e+00
0.00000000e+00
0.00000000e+00
0.00000000e+00
0.00000000e+00
0.00000000e+00
0.00000000e+00
0.00000000e+00
-4.83135747e-01
-9.70460200e-01
-9.94490142e-01
0.00000000e+00
0.00000000e+00
0.00000000e+00
5.69772941e-01
-2.40844521e+00
3.74521099e-01
5.89061585e-01
-1.26412443e+00
5.85733050e-01
5.37086688e-01
1.07314344e+00
-3.92683297e-01
0.00000000e+00
6.11707419e-01
-5.62940086e-01
-1.35655896e+00
2.50167189e-01
1.16565149e+00
9.55641224e-01
5.49463974e-01
-1.86628382e+00
-6.03353355e-01
1.97948920e-01
-1.27674366e+00
0.00000000e+00
0.00000000e+00
0.00000000e+00
3.04920019e-01
-2.12396689e+00
1.93638077e-01
6.97974159e-01
-1.09121292e+00
8.02821281e-01
8.70988318e-01
1.17317046e-01
-2.07008926e-01
0.00000000e+00
9.38160105e-01
-5.72358820e-01
-1.16999096e+00
5.59649908e-01
-3.80212649e-01
3.48860561e-01
3.47656644e-01
-1.23853634e+00
-1.09697356e-01
4.34255081e-01
3 1
-5.3893e-01 3.0079e-01
4 0
0 1 2 7 
217
-1.94183943e-01
-4.94183451e-01
4.69953303e-01
5.94547927e-03
-3.44740746e-02
7.25522810e-03
-5.27719972e-02
-7.99020059e-02
-1.46320071e-01
-3.44200283e-02
-3.77926712e-02
-7.93584539e-03
7.71748710e-02
7.87850625e-02
0.00000000e+00
0.00000000e+00
0.00000000e+00
1.56265338e-02
-7.22622249e-05
1.74289677e-02
6.10912326e-02
1.00050170e-03
-2.07541524e-01
-2.70901709e-01
1.77693057e-04
3.80429894e-03
0.00000000e+00
0.00000000e+00
-3.75866715e-01
-2.92411878e-02
3.28255551e-01
-4.30184528e-02
-2.94123181e-02
-4.49008195e-02
0.00000000e+00
0.00000000e+00
0.00000000e+00
-3.65465513e-01
-2.14992590e-01
-5.89203093e-02
4.45194469e-01
0.00000000e+00
0.00000000e+00
0.00000000e+00
0.00000000e+00
-9.05263913e-02
-2.74939122e-01
-1.25306788e-01
0.00000000e+00
2.29562810e-01
-1.07354013e-01
2.73947737e-01
0.00000000e+00
-2.01631038e-01
-1.02635612e-02
4.22631218e-01
0.00000000e+00
-7.45191878e-01
-1.03073863e-02
4.45194469e-01
2.99206530e-01
-4.02864082e-01
-9.05263913e-02
0.00000000e+00
-4.02864082e-01
-1.25101934e+00
2.40504033e-01
1.38263017e+00
-3.18238942e-02
3.75728577e-01
0.00000000e+00
-8.07786498e-01
-6.21402534e-01
3.15486735e-01
-1.30214643e+00
2.98115819e-01
1.58220876e-01
0.00000000e+00
-2.80035683e-01
-4.62852498e-01
1.80616994e-01
-3.73194892e-01
-9.47652547e-02
3.52053119e-01
0.00000000e+00
-9.46157661e-02
-9.68253279e-02
4.48002473e-02
-5.43091312e-01
-1.44368424e-01
2.23033587e-01
0.00000000e+00
0.00000000e+00
0.00000000e+00
0.00000000e+00
0.00000000e+00
0.00000000e+00
0.00000000e+00
0.00000000e+00
0.00000000e+00
0.00000000e+00
0.00000000e+00
0.00000000e+00
0.00000000e+00
0.00000000e+00
0.00000000e+00
0.00000000e+00
0.00000000e+00
0.00000000e+00
0.00000000e+00
0.00000000e+00
0.00000000e+00
0.00000000e+00
0.00000000e+00
0.00000000e+00
0.00000000e+00
0.00000000e+00
0.00000000e+00
0.00000000e+00
-3.70645734e-01
-8.30929340e-01
-6.92328516e-01
0.00000000e+00
0.00000000e+00
0.00000000e+00
3.48616080e-01
-5.18653730e-01
6.76584900e-02
3.23015958e-02
-4.70423834e-01
1.91870676e-01
1.71139453e-01
2.34203828e-01
-7.36235743e-02
0.00000000e+00
1.62915745e-01
-3.60312125e-01
-5.78963903e-01
7.99016208e-02
3.25314912e-01
2.46890737e-01
9.70936804e-02
-5.33657320e-01
-2.34389829e-01
1.19788982e-01
-1.01680040e-01
0.00000000e+00
0.00000000e+00
0.00000000e+00
1.55718682e-01
-6.90288062e-01
5.50524426e-02
4.12592642e-01
-5.31163190e-01
1.52976114e-01
1.78353060e-01
1.62755474e-01
-2.52384099e-03
0.00000000e+00
3.05641871e-01
1.38690944e-01
-4.23447259e-01
1.52861328e-01
-1.01450280e-01
1.90900891e-01
1.32283176e-01
-5.79711868e-01
-7.99940393e-02
2.69071875e-01
-8.65150834e-01
0.00000000e+00
0.00000000e+00
0.00000000e+00
-5.74734753e-02
-5.18944328e-01
-1.50086096e-01
1.81937816e-01
-3.48291453e-01
5.58154801e-01
6.24639503e-01
-9.40132480e-02
-1.18568672e-01
0.00000000e+00
1.99015860e-01
-1.32226922e-01
-4.85670867e-01
7.84346526e-02
6.01597216e-02
1.93996963e-01
-1.33863558e-02
-4.58771622e-01
-9.74498502e-02
-2.86607262e-01
-1.62350617e-01
0.00000000e+00
0.00000000e+00
0.00000000e+00
1.04641269e-01
-6.14234362e-01
9.06845777e-02
9.70064958e-02
-4.05987204e-01
3.49588784e-01
2.06836004e-01
2.39046561e-01
1.22120523e-01
0.00000000e+00
1.18421191e-01
-3.17256786e-02
-5.95246893e-01
9.22978653e-02
3.35612384e-01
1.41520451e-01
1.30611297e-01
-5.41684685e-01
-9.47405698e-02
9.28813730e-02
136
4.63934963e-01
0.00000000e+00
0.00000000e+00
2.28643488e-02
3.49788498e-03
2.09652336e-01
3.26022532e-05
2.33339277e-01
-1.32409306e-03
0.00000000e+00
0.00000000e+00
-7.56470583e-03
1.59205116e-01
6.73342334e-01
-2.04034096e-01
-5.18298780e-02
-1.05183806e-01
0.00000000e+00
0.00000000e+00
0.00000000e+00
-8.60726160e-02
1.02883218e-01
8.09793136e-02
3.66163103e-01
0.00000000e+00
0.00000000e+00
0.00000000e+00
0.00000000e+00
-9.77661478e-02
1.16935318e-02
2.15647179e-01
0.00000000e+00
3.50019358e-01
-4.47480470e-01
3.99114268e-01
0.00000000e+00
2.59314139e-01
-2.74616988e-01
3.11702324e-01
0.00000000e+00
-3.60873489e-01
-2.68963789e-01
3.66163103e-01
0.00000000e+00
0.00000000e+00
0.00000000e+00
0.00000000e+00
-9.79385772e-01
4.74917421e-01
-3.16985354e-01
-1.26116084e+00
0.00000000e+00
1.50675804e-01
-4.42096311e-02
3.87649265e-01
-8.70079841e-01
0.00000000e+00
4.25955981e-01
-6.19289592e-02
2.74732250e-01
-2.83669467e-01
-9.79367715e-01
3.33443515e-01
-1.49623457e-01
2.73820919e-01
-2.21657558e-01
0.00000000e+00
0.00000000e+00
0.00000000e+00
0.00000000e+00
0.00000000e+00
0.00000000e+00
0.00000000e+00
0.00000000e+00
0.00000000e+00
0.00000000e+00
0.00000000e+00
0.00000000e+00
0.00000000e+00
0.00000000e+00
0.00000000e+00
0.00000000e+00
0.00000000e+00
0.00000000e+00
0.00000000e+00
0.00000000e+00
-4.25977451e-01
-9.19623721e-01
-1.01544742e+00
0.00000000e+00
0.00000000e+00
0.00000000e+00
6.51579658e-01
-2.60463189e+00
4.24019964e-01
5.04400046e-01
-1.26790610e+00
5.99985925e-01
5.35051159e-01
1.12568553e+00
-4.51016763e-01
0.00000000e+00
6.99290383e-01
-8.81556683e-01
-1.35770485e+00
2.80823138e-01
1.22870649e+00
1.01808546e+00
6.17484165e-01
-1.80100055e+00
-5.55235995e-01
2.18493482e-01
-1.28253063e+00
0.00000000e+00
0.00000000e+00
0.00000000e+00
3.36338822e-01
-2.22934925e+00
2.01871486e-01
7.13314503e-01
-1.04753664e+00
6.92956919e-01
7.59322646e-01
7.56139493e-02
-3.12209313e-01
0.00000000e+00
9.86086392e-01
-6.70403253e-01
-1.04372432e+00
6.65290850e-01
-4.18273545e-01
3.78214992e-01
3.69555159e-01
-1.18974216e+00
-6.15767337e-02
5.11718869e-01
5 1
-6.1916e-01 3.1287e-01
5 0
0 1 2 7 3 
217
-8.00362466e-02
-5.99169631e-01
4.84935446e-01
-1.84564496e-01
1.42166364e-02
4.09966558e-02
3.05149112e-02
-1.12653003e-01
-9.85822914e-02
-1.70447557e-02
-6.70693878e-02
2.89538425e-03
4.08838851e-02
7.83062111e-02
0.00000000e+00
0.00000000e+00
0.00000000e+00
-6.11795050e-03
-1.55298108e-04
-5.23803189e-02
1.13513257e-01
1.87138637e-03
-2.09117037e-01
-1.87431553e-01
3.17226496e-04
4.96755538e-02
0.00000000e+00
0.00000000e+00
-2.04700527e-01
4.62725804e-02
3.67119945e-01
-1.26086184e-01
-5.75154679e-02
-1.05126593e-01
0.00000000e+00
0.00000000e+00
0.00000000e+00
-2.92136168e-01
-2.68258604e-01
-9.30755437e-02
9.20471939e-02
4.81386875e-01
0.00000000e+00
0.00000000e+00
0.00000000e+00
-2.51231954e-01
-5.71461931e-01
1.88338654e-01
0.00000000e+00
4.19233138e-01
-3.05909035e-01
3.78321712e-01
0.00000000e+00
-1.06886943e-01
-1.37222336e-01
5.59893799e-01
0.00000000e+00
-7.46988830e-01
-6.64798456e-02
5.60357324e-01
-3.08081703e-01
4.79277410e-01
-2.51231954e-01
0.00000000e+00
-1.08107315e+00
-1.21411891e+00
5.65940184e-01
1.42049608e+00
4.35096716e-01
6.14778666e-01
0.00000000e+00
-6.85874589e-01
-6.11273130e-01
2.98883512e-01
-1.27818340e+00
3.06954830e-01
9.58625845e-02
0.00000000e+00
-3.18570711e-01
-4.13304091e-01
2.09435580e-01
-4.16101098e-01
2.90988847e-02
3.14329687e-01
0.00000000e+00
-1.42709415e-01
-3.20835508e-02
1.52165026e-01
-4.82925676e-01
-8.94918579e-02
2.20483995e-01
0.00000000e+00
1.60803486e-01
-1.08249178e-01
-6.95844245e-02
-5.72137663e-01
-1.71255308e-01
-2.42543904e-01
0.00000000e+00
0.00000000e+00
0.00000000e+00
0.00000000e+00
0.00000000e+00
0.00000000e+00
0.00000000e+00
0.00000000e+00
0.00000000e+00
0.00000000e+00
0.00000000e+00
0.00000000e+00
0.00000000e+00
0.00000000e+00
0.00000000e+00
0.00000000e+00
0.00000000e+00
0.00000000e+00
0.00000000e+00
0.00000000e+00
0.00000000e+00
-4.63789868e-01
-8.50870898e-01
-7.62342246e-01
0.00000000e+00
0.00000000e+00
0.00000000e+00
3.68888287e-01
-5.86810574e-01
6.07654894e-02
2.76234360e-02
-4.99289623e-01
1.26501498e-01
1.48679820e-01
2.21079237e-01
-1.29202822e-01
0.00000000e+00
2.92382605e-01
-2.97690834e-01
-6.56401880e-01
7.36782983e-02
3.88488157e-01
3.33030575e-01
-5.06757229e-03
-5.25556198e-01
-2.62600292e-01
1.59160148e-01
-1.18050646e-01
0.00000000e+00
0.00000000e+00
0.00000000e+00
2.04828962e-01
-7.78431717e-01
1.37052518e-02
3.85283602e-01
-5.73684403e-01
2.52111975e-01
2.46655160e-01
1.68654662e-01
4.34895232e-03
0.00000000e+00
2.94099593e-01
4.64264772e-02
-4.22679877e-01
1.68878891e-01
-1.51662355e-01
1.52456117e-01
1.92494186e-01
-5.55873581e-01
-5.32856365e-02
2.87623093e-01
-7.82515419e-01
0.00000000e+00
0.00000000e+00
0.00000000e+00
-1.44193169e-01
-5.49975060e-01
2.42148374e-01
2.60453559e-01
-2.81987015e-01
4.16911124e-01
4.28817611e-01
-7.31290914e-02
-8.64288475e-02
0.00000000e+00
8.48685484e-02
-1.62213303e-01
-5.33873912e-01
1.26223730e-01
1.21516499e-01
1.35383966e-01
-1.81998774e-02
-4.53307435e-01
-8.80190914e-02
-2.07512029e-01
-2.02094793e-01
0.00000000e+00
0.00000000e+00
0.00000000e+00
1.19503751e-01
-5.05376283e-01
1.30119780e-01
6.33668032e-02
-2.10251325e-01
5.94149062e-01
1.59559548e-01
1.49522342e-01
-1.01205850e-02
0.00000000e+00
1.48303963e-01
-2.23368284e-01
-5.85101950e-01
7.22592017e-02
2.08925609e-01
1.27639011e-01
1.53449997e-01
-5.41941987e-01
-1.23521616e-01
7.07881703e-02
136
2.99558658e-01
0.00000000e+00
0.00000000e+00
3.00438027e-02
2.30271426e-03
1.22967601e-01
-4.76329807e-05
1.47474934e-01
-1.20360712e-03
0.00000000e+00
0.00000000e+00
-5.14118647e-02
1.16624651e-01
6.19950622e-01
-2.30744960e-01
-5.11494440e-02
-1.03710346e-01
0.00000000e+00
0.00000000e+00
0.00000000e+00
-1.16504201e-01
5.73131738e-02
7.68828109e-02
1.01301032e-01
1.80565843e-01
0.00000000e+00
0.00000000e+00
0.00000000e+00
-9.63326895e-02
3.00825021e-03
1.79903218e-01
0.00000000e+00
3.14792446e-01
-4.06443101e-01
3.13069127e-01
0.00000000e+00
2.28798286e-01
-2.77792259e-01
2.48751502e-01
0.00000000e+00
-3.93371890e-01
-3.37962833e-01
5.23138602e-01
0.00000000e+00
0.00000000e+00
0.00000000e+00
0.00000000e+00
-1.01918994e+00
5.49625217e-01
-2.58590560e-01
-1.21203366e+00
0.00000000e+00
5.38861525e-02
-6.27333714e-02
3.82336823e-01
-8.16160177e-01
0.00000000e+00
2.86336307e-01
-5.30225991e-02
2.40365307e-01
-3.38934862e-01
-7.23186047e-01
2.11664561e-01
-1.49238823e-01
2.36235086e-01
-2.27463678e-01
0.00000000e+00
3.31959602e-01
-3.39648530e-01
1.14105476e-01
-9.98314428e-02
0.00000000e+00
0.00000000e+00
0.00000000e+00
0.00000000e+00
0.00000000e+00
0.00000000e+00
0.00000000e+00
0.00000000e+00
0.00000000e+00
0.00000000e+00
0.00000000e+00
0.00000000e+00
0.00000000e+00
0.00000000e+00
0.00000000e+00
-3.83426000e-01
-8.99529406e-01
-9.90649692e-01
0.00000000e+00
0.00000000e+00
0.00000000e+00
6.35060474e-01
-2.48950552e+00
4.21735059e-01
5.20529128e-01
-1.27086764e+00
5.57064711e-01
5.00741619e-01
1.12584377e+00
-4.33032625e-01
0.00000000e+00
6.77636083e-01
-8.11800079e-01
-1.37392907e+00
2.67984654e-01
1.23171451e+00
1.00332552e+00
6.11892277e-01
-1.81976378e+00
-5.59765946e-01
2.14487160e-01
-1.27800937e+00
0.00000000e+00
0.00000000e+00
0.00000000e+00
3.58171273e-01
-2.22448043e+00
7.44011846e-02
7.08815862e-01
-1.14574388e+00
4.59892903e-01
8.80778767e-01
1.25900763e-01
-2.61906478e-01
0.00000000e+00
9.79736800e-01
-5.95255089e-01
-1.04398633e+00
6.53184533e-01
-3.45937128e-01
4.06561568e-01
3.83166993e-01
-1.15367861e+00
-4.05392315e-02
5.02907163e-01
4 2
-8.0640e-01 3.6958e-01
6 -1
0 1 2 7 3 5 
217
2.96515684e-01
4.79551736e-02
-3.88030538e-01
-4.15406391e-01
-1.01159257e-01
1.14633164e-01
-3.70273941e-02
3.00485301e-01
3.37117540e-01
-1.58111909e-02
1.65448194e-01
-3.11485119e-02
-6.78633992e-02
1.86828900e-02
2.78371245e-01
8.17791838e-03
1.88688944e-01
3.51017456e-01
-1.82986682e-03
3.00818925e-01
3.19849662e-02
-4.62988025e-03
4.32959804e-01
-3.64857983e-01
1.60333158e-03
3.26472651e-01
0.00000000e+00
0.00000000e+00
4.74374268e-01
3.47919859e-01
5.36874203e-01
-5.58319401e-01
-3.17974391e-01
-1.86358854e-01
0.00000000e+00
0.00000000e+00
0.00000000e+00
-2.86977147e-01
-6.40197689e-02
6.56050718e-02
1.07240885e-01
1.41363080e-01
3.33565699e-01
0.00000000e+00
0.00000000e+00
-3.56815849e-02
-1.88838828e-01
-6.70473011e-04
0.00000000e+00
1.64092871e-01
-4.08780165e-01
4.55692795e-01
0.00000000e+00
-1.86604307e-01
-1.51425692e-01
3.31513565e-01
0.00000000e+00
-3.98131161e-01
3.99512608e-02
6.75659541e-01
1.37834764e-02
3.18675928e-01
-3.56815849e-02
0.00000000e+00
-7.09355560e-01
-1.53203957e+00
5.58415636e-01
7.76402072e-01
4.47455609e-01
4.12880041e-01
0.00000000e+00
-4.56586318e-01
-7.17291912e-01
5.35528119e-01
-5.06644152e-01
2.17573883e-01
-2.35173539e-01
0.00000000e+00
-2.31969456e-01
-4.54182535e-01
3.93688413e-01
-3.74806944e-01
1.34796727e-01
-1.88494537e-02
0.00000000e+00
-1.44475216e-02
-1.42068074e-01
3.58134841e-01
-2.12916759e-01
-4.71716353e-02
7.88865590e-02
0.00000000e+00
2.53387578e-01
-2.86025167e-01
6.47017918e-02
-3.75910170e-01
-2.15736853e-02
-1.85339131e-01
0.00000000e+00
1.90937202e-02
-8.60833350e-02
1.64708233e-01
-3.61113333e-01
1.12713731e-01
-2.00551725e-01
0.00000000e+00
0.00000000e+00
0.00000000e+00
0.00000000e+00
0.00000000e+00
0.00000000e+00
0.00000000e+00
0.00000000e+00
0.00000000e+00
0.00000000e+00
0.00000000e+00
0.00000000e+00
0.00000000e+00
0.00000000e+00
-4.98693454e-01
-1.11720346e+00
-1.76721929e-01
0.00000000e+00
0.00000000e+00
0.00000000e+00
5.57626544e-01
-1.03733870e+00
1.92859485e-01
-1.25627602e-01
-8.75664005e-01
3.04874193e-01
1.77451972e-01
5.78911825e-01
5.14601684e-02
0.00000000e+00
6.83268554e-01
-1.20033999e-01
-1.06878155e+00
1.24978783e-01
6.45109670e-01
5.32884124e-01
3.98947131e-01
-1.04251872e+00
-4.22425124e-01
2.67295315e-01
-4.84803755e-01
0.00000000e+00
0.00000000e+00
0.00000000e+00
5.38095037e-02
-1.22223278e+00
2.95867208e-02
5.43989002e-01
-3.22025426e-01
8.20102398e-02
3.01123019e-01
1.60066999e-01
-2.87652596e-01
0.00000000e+00
1.01512544e-01
-2.42941553e-01
-1.37085110e-01
1.70020922e-01
1.63467846e-01
1.99634113e-01
8.09572474e-02
-3.89298014e-01
6.44186616e-02
1.65834905e-01
-1.15101358e+00
0.00000000e+00
0.00000000e+00
0.00000000e+00
9.68619135e-02
-9.81272779e-01
-8.02367969e-03
3.93983319e-01
-7.49475085e-01
4.48619641e-01
7.65728862e-01
-4.57917419e-02
-1.14889004e-01
0.00000000e+00
5.49819209e-01
-4.98623461e-01
-8.21675006e-01
2.32271838e-01
-4.65198640e-01
2.08643220e-01
2.72084429e-01
-6.93410132e-01
-4.57261450e-02
3.05059663e-01
-7.85999926e-02
0.00000000e+00
0.00000000e+00
0.00000000e+00
2.58054200e-02
-2.77321652e-01
-4.03367078e-03
-3.07455945e-02
-1.20530575e-01
3.99276479e-03
-1.88380126e-01
1.64252304e-01
3.18866717e-01
0.00000000e+00
7.38584220e-04
2.13335167e-01
-2.27795959e-01
1.39474878e-01
5.11317601e-01
7.98850502e-02
-1.44099976e-02
-3.78074659e-01
-1.11622340e-01
-1.83353905e-01
136
3.49097576e-01
3.76931429e-01
3.49541014e-03
4.70591765e-01
-2.39196438e-03
3.57614252e-01
-1.16052574e-02
-8.56039871e-01
-1.05469920e-03
0.00000000e+00
0.00000000e+00
6.52487994e-01
6.84322640e-01
8.97623656e-01
-7.09990653e-01
-6.25158462e-01
-5.50187598e-01
0.00000000e+00
0.00000000e+00
0.00000000e+00
-1.79586828e-01
6.19121465e-02
1.06652443e-01
1.10947075e-01
9.10399807e-02
1.58132758e-01
0.00000000e+00
0.00000000e+00
-6.09669506e-02
-1.28217333e-01
3.49937041e-01
0.00000000e+00
4.38806009e-01
-5.94071196e-01
3.83001647e-01
0.00000000e+00
3.42640993e-01
-4.70710188e-01
4.00784818e-01
0.00000000e+00
-3.85890853e-01
-5.40344750e-01
6.14128339e-01
0.00000000e+00
0.00000000e+00
0.00000000e+00
0.00000000e+00
-1.73334347e+00
4.52597538e-01
-3.87612615e-01
-1.10312072e+00
0.00000000e+00
3.34589198e-01
-1.46938457e-01
4.67392022e-01
-7.52281209e-01
0.00000000e+00
4.33468380e-01
1.23629155e-02
2.68058291e-01
-3.67838308e-01
-2.73650988e-01
3.27522266e-01
-8.34618359e-02
2.38728039e-01
-1.87792514e-01
0.00000000e+00
3.10078544e-01
-3.20037257e-01
1.39682518e-01
-7.99969202e-02
0.00000000e+00
2.49324033e-01
-2.82109250e-01
1.67090280e-01
-1.29279353e-01
0.00000000e+00
0.00000000e+00
0.00000000e+00
0.00000000e+00
0.00000000e+00
0.00000000e+00
0.00000000e+00
0.00000000e+00
0.00000000e+00
0.00000000e+00
-4.25935581e-01
-9.51325726e-01
-1.02256567e+00
0.00000000e+00
0.00000000e+00
0.00000000e+00
6.07588686e-01
-2.46236670e+00
4.16177219e-01
5.48520810e-01
-1.30053447e+00
5.87683150e-01
5.11700841e-01
1.04607902e+00
-3.93921213e-01
0.00000000e+00
7.10430570e-01
-6.68479766e-01
-1.40817869e+00
2.28683424e-01
1.09790605e+00
9.29666850e-01
6.06109227e-01
-1.79400514e+00
-5.92561741e-01
3.06936208e-01
-1.34895025e+00
0.00000000e+00
0.00000000e+00
0.00000000e+00
3.39024693e-01
-2.27666552e+00
1.97119194e-01
6.74885477e-01
-1.11049842e+00
8.72290505e-01
8.48781057e-01
1.49948309e-01
-4.04187041e-01
0.00000000e+00
9.26820531e-01
-6.36307545e-01
-1.18027572e+00
5.45721310e-01
-1.86597407e-01
4.27499561e-01
3.87108416e-01
-1.26973956e+00
-1.36152516e-01
4.82274434e-01
10 1
-1.1586e+00 4.0900e-01
7 1
0 1 2 7 3 5 4 
217
3.22147623e-02
-6.63313752e-02
-5.78417294e-02
-6.14908026e-02
-1.33152433e-01
-2.80852336e-02
-5.18823007e-02
2.22131047e-01
1.98783935e-01
-9.11857436e-02
3.34614330e-02
5.17697858e-02
-1.49958720e-02
5.79622153e-02
0.00000000e+00
0.00000000e+00
0.00000000e+00
-3.84175083e-02
1.82807171e-03
1.06867421e-01
-6.32950067e-02
-1.01256635e-03
3.38210354e-01
1.33927277e-01
1.30540581e-03
1.53600678e-01
0.00000000e+00
0.00000000e+00
2.23280086e-01
3.43732615e-01
5.01093873e-01
-8.44627021e-01
-1.66133902e-01
-2.51308884e-02
0.00000000e+00
0.00000000e+00
0.00000000e+00
-9.65637888e-02
-1.43505882e-01
-1.39249415e-01
-1.17538343e-01
2.96629638e-03
3.07037213e-01
2.19068682e-01
0.00000000e+00
3.86651533e-02
-2.86564005e-01
7.79806446e-02
0.00000000e+00
-6.63829894e-03
-3.00882744e-01
2.91903570e-01
0.00000000e+00
-2.65396081e-01
-1.03918004e-01
2.23089053e-01
0.00000000e+00
-5.20567922e-01
2.64445309e-02
8.58098866e-01
2.23106814e-01
-2.29557205e-01
3.86651533e-02
0.00000000e+00
-6.64920223e-01
-1.47264141e+00
4.82447059e-01
1.25342122e+00
2.14687926e-01
5.92793691e-01
0.00000000e+00
-7.53937149e-01
-8.40602918e-01
5.50655253e-01
-1.00823088e+00
2.35496658e-01
-2.86276994e-01
0.00000000e+00
-3.16143239e-01
-2.66674963e-01
2.92305238e-01
-5.93485021e-01
5.60527625e-02
-1.34584389e-01
0.00000000e+00
-1.85535681e-01
-1.52414859e-01
2.94839295e-01
-7.02939101e-01
-7.70888521e-02
-2.64896935e-01
0.00000000e+00
5.54236734e-02
-3.03711890e-02
1.55996010e-03
-5.24710276e-01
-2.47688712e-02
-6.87189139e-02
0.00000000e+00
-2.30581074e-02
-1.40653323e-01
3.75622230e-02
-3.71566975e-01
1.77106467e-02
-1.74429451e-02
9.30884373e-02
-9.84727397e-02
-1.92450122e-01
1.23146138e-01
1.86341294e-01
-8.55470732e-02
-3.06294939e-02
0.00000000e+00
0.00000000e+00
0.00000000e+00
0.00000000e+00
0.00000000e+00
0.00000000e+00
0.00000000e+00
-4.97468901e-01
-9.58011181e-01
-7.39975491e-01
0.00000000e+00
0.00000000e+00
0.00000000e+00
2.62885941e-01
-7.42863374e-01
1.50034521e-01
1.21699057e-02
-4.64327976e-01
2.06857784e-01
1.68244908e-01
4.37187920e-01
-3.72733903e-01
0.00000000e+00
2.28760495e-01
-4.06274830e-01
-7.80394043e-01
-1.29497664e-01
3.98048733e-01
5.69970334e-01
5.01790768e-01
-5.77533940e-01
-3.20966897e-01
1.18665828e-01
-1.59983195e-01
0.00000000e+00
0.00000000e+00
0.00000000e+00
2.38587014e-01
-9.65293243e-01
1.67857492e-01
2.61256422e-01
-4.92353204e-01
1.86595520e-01
2.17588872e-01
2.84305823e-01
-1.19488264e-01
0.00000000e+00
3.28667879e-01
-2.70832464e-01
-3.83269560e-01
1.26211496e-01
2.22272595e-01
2.31158159e-01
1.93917555e-01
-5.13772834e-01
-1.05367019e-01
2.31974567e-01
-9.94449941e-01
0.00000000e+00
0.00000000e+00
0.00000000e+00
-1.42332118e-02
-6.30723243e-01
-7.42436493e-02
-2.36783740e-02
-3.44068584e-01
3.96248798e-01
1.40232941e-01
-1.09703638e-02
-2.03815079e-01
0.00000000e+00
3.90219794e-01
-3.33935028e-01
-5.01117977e-01
2.76977756e-01
-5.38109014e-02
2.40135811e-01
8.97533355e-02
-3.53778053e-01
-2.29080328e-03
1.86468910e-02
-1.65048216e-01
0.00000000e+00
0.00000000e+00
0.00000000e+00
1.50469524e-01
-9.20633995e-01
1.09122198e-01
2.76007930e-01
-3.42265540e-01
1.28389594e-01
2.40968095e-01
1.29798949e-01
-3.81430224e-02
0.00000000e+00
2.19689687e-01
-1.66807595e-01
-3.05932929e-01
1.69685646e-01
1.05997970e-01
1.16679632e-01
1.59447561e-01
-3.98218474e-01
1.40825158e-02
1.86614039e-01
136
2.18493830e-01
0.00000000e+00
0.00000000e+00
8.34117269e-03
1.54913359e-03
1.35377631e-01
-4.00882010e-04
7.47750256e-02
1.12242023e-03
0.00000000e+00
0.00000000e+00
2.11776594e-01
1.51597785e-01
3.44121894e-01
-5.07370820e-01
-7.86908871e-02
9.70592644e-02
0.00000000e+00
0.00000000e+00
0.00000000e+00
-1.28308709e-01
-1.65208266e-03
1.12531235e-02
3.25190712e-02
4.10893010e-02
1.17157741e-01
1.46435384e-01
0.00000000e+00
-1.26847412e-01
-1.80029064e-01
2.56259231e-01
0.00000000e+00
3.56588867e-01
-4.86869749e-01
4.25555402e-01
0.00000000e+00
2.89714692e-01
-3.62844218e-01
3.81838819e-01
0.00000000e+00
-3.73645984e-01
-4.83340777e-01
5.22114022e-01
0.00000000e+00
0.00000000e+00
0.00000000e+00
0.00000000e+00
-1.51308381e+00
5.12071578e-01
-3.21472701e-01
-1.06415195e+00
0.00000000e+00
1.45810163e-01
-1.60675631e-01
4.20204795e-01
-7.45723106e-01
0.00000000e+00
2.58092047e-01
-2.84482580e-02
2.14293982e-01
-3.96798380e-01
-3.57288526e-01
1.17809863e-01
-1.19515027e-01
1.90339760e-01
-1.55526584e-01
0.00000000e+00
2.05603730e-01
-3.27879508e-01
1.19496364e-01
-6.73850951e-02
0.00000000e+00
1.31651497e-01
-2.82323017e-01
1.38941303e-01
-1.28855719e-01
1.04576714e-01
-1.74238272e-02
2.25410722e-01
-4.11746307e-02
-4.14031411e-01
0.00000000e+00
0.00000000e+00
0.00000000e+00
0.00000000e+00
0.00000000e+00
-3.96009350e-01
-9.07119019e-01
-9.79702336e-01
0.00000000e+00
0.00000000e+00
0.00000000e+00
6.18909561e-01
-2.43342006e+00
3.70782203e-01
5.57727705e-01
-1.30994364e+00
5.58009421e-01
5.12433046e-01
1.01959519e+00
-3.51797808e-01
0.00000000e+00
6.61621657e-01
-6.31539700e-01
-1.34752990e+00
3.04727765e-01
1.07292148e+00
9.08834136e-01
5.48998665e-01
-1.78578573e+00
-5.32854988e-01
2.78608666e-01
-1.25964741e+00
0.00000000e+00
0.00000000e+00
0.00000000e+00
2.95102816e-01
-2.17883504e+00
1.56401140e-01
6.52571602e-01
-1.08143849e+00
8.29299577e-01
8.38958321e-01
1.24193948e-01
-2.31412975e-01
0.00000000e+00
8.86910335e-01
-5.72419430e-01
-1.15462777e+00
5.68364319e-01
-2.07375867e-01
3.77975117e-01
3.50793409e-01
-1.24047627e+00
-9.79416951e-02
4.24309546e-01
8 1
-1.1270e+00 4.1224e-01
8 1
0 1 2 7 3 5 4 10 
217
3.36935257e-01
-1.48959504e-01
-2.56342271e-01
-7.67686867e-02
1.28021016e-01
1.22953862e-01
8.82823826e-02
-4.39757683e-02
-5.52033300e-02
-2.16782385e-02
3.21435947e-02
1.25577948e-02
1.43691593e-01
5.03955288e-02
0.00000000e+00
0.00000000e+00
0.00000000e+00
-1.32868483e-02
1.75353273e-03
3.14270896e-01
1.80837993e-01
-1.61933521e-03
3.18174553e-01
1.69384112e-01
9.36987093e-04
1.36880609e-01
0.00000000e+00
0.00000000e+00
3.60305791e-01
3.38131326e-01
2.61408316e-01
-6.06603135e-01
-1.00421305e-01
8.41142634e-02
0.00000000e+00
0.00000000e+00
0.00000000e+00
-1.70290557e-01
-1.49814417e-01
-4.86707874e-02
-2.93379928e-02
6.02660805e-03
2.51823163e-01
4.77199239e-01
0.00000000e+00
-3.78466121e-01
-3.98080866e-01
2.02494223e-01
0.00000000e+00
1.73947211e-01
-2.12299788e-01
4.97651997e-01
0.00000000e+00
1.92567608e-02
-8.68528065e-02
5.05396593e-01
0.00000000e+00
-4.74753687e-01
-9.10073107e-02
5.79649050e-01
3.26274427e-02
-4.81772858e-02
3.52485100e-01
0.00000000e+00
-7.88240770e-01
-1.24458721e+00
6.28372916e-01
9.00647413e-01
4.96803111e-01
9.90806552e-01
0.00000000e+00
-6.60015836e-01
-1.05179685e+00
6.71823375e-01
-5.40884469e-01
3.25127717e-01
-4.36665908e-02
0.00000000e+00
-1.36252217e-01
-3.43905002e-01
3.64707209e-01
-3.83204639e-01
1.08480264e-01
-1.27886381e-01
0.00000000e+00
-1.14753344e-01
-6.47165370e-03
3.16081867e-01
-4.92907520e-01
1.35606733e-01
-1.12722322e-01
0.00000000e+00
1.34734196e-01
-7.75895027e-02
1.04974536e-01
-5.89446543e-01
9.72265247e-02
-1.21421821e-01
0.00000000e+00
-8.91744605e-02
-7.42545827e-02
1.99280613e-01
-5.71413029e-01
2.26829104e-01
1.40548251e-01
1.65909940e-02
-5.10904118e-02
-4.03505649e-01
4.07898926e-01
6.47984503e-02
-3.64642521e-02
-5.42947331e-02
0.00000000e+00
1.39383257e-01
-4.22335181e-02
9.05790206e-02
-4.33023974e-01
1.06972979e-01
-1.95607491e-01
-5.79905037e-01
-8.89628412e-01
-8.70808405e-01
0.00000000e+00
0.00000000e+00
0.00000000e+00
3.06969362e-01
-7.30406181e-01
-1.46806080e-01
-3.58386103e-01
-5.58618605e-01
-3.86896785e-02
8.29715560e-02
2.15503852e-01
2.49069461e-01
0.00000000e+00
7.82909365e-01
-4.98183010e-01
-7.23119283e-01
2.80514207e-01
5.01199653e-01
1.45920445e-01
-8.19076801e-02
-4.97062876e-01
-1.54278528e-01
3.51591719e-01
-7.44684623e-02
0.00000000e+00
0.00000000e+00
0.00000000e+00
2.14983627e-01
-1.03854010e+00
1.49727918e-01
3.11729864e-01
-4.59524057e-01
2.49269971e-01
1.86752933e-01
3.24059389e-01
-7.31523965e-04
0.00000000e+00
9.90489937e-02
-1.51453115e-01
-2.99568654e-01
1.12991026e-01
4.70989277e-02
3.19681956e-01
2.36569099e-01
-4.20146170e-01
-3.95004085e-02
8.30818644e-02
-9.80780157e-01
0.00000000e+00
0.00000000e+00
0.00000000e+00
9.50718677e-02
-6.13679295e-01
-4.95680151e-02
8.09590917e-02
-3.65698711e-01
4.07188198e-01
1.62740206e-01
-2.61185573e-02
-1.16910222e-01
0.00000000e+00
4.20608598e-01
-1.75944347e-01
-6.26357838e-01
1.44652261e-01
5.63061907e-02
1.76378451e-01
-5.06278878e-02
-4.18678614e-01
-1.07276413e-01
2.61748777e-02
-1.28378645e-01
0.00000000e+00
0.00000000e+00
0.00000000e+00
1.02883396e-01
-1.03827226e+00
1.10856043e-01
2.62770308e-01
-3.27064141e-01
1.98527583e-01
2.71069584e-01
1.47801760e-01
-8.38498001e-02
0.00000000e+00
2.43939411e-01
-9.01356921e-02
-2.54858274e-01
2.11981735e-01
1.23959796e-01
6.45668077e-02
9.47426870e-02
-3.75322233e-01
5.35413616e-02
1.54483285e-01
136
1.21291060e-01
0.00000000e+00
0.00000000e+00
-1.49445464e-02
1.28091287e-03
8.78852066e-02
-2.04120403e-04
4.83503995e-02
1.29966980e-03
0.00000000e+00
0.00000000e+00
1.95350912e-01
1.42400897e-01
3.78683518e-01
-6.01064724e-01
-8.80762601e-02
9.39967167e-02
0.00000000e+00
0.00000000e+00
0.00000000e+00
-7.83553245e-02
4.61218448e-02
9.77643467e-03
-4.96971226e-02
-7.27173089e-02
-7.85040999e-02
3.44666636e-01
0.00000000e+00
-3.38855849e-02
-1.47673894e-01
2.14420074e-01
0.00000000e+00
3.09428671e-01
-5.03383987e-01
3.56052579e-01
0.00000000e+00
1.92705064e-01
-3.48367002e-01
3.16923567e-01
0.00000000e+00
-3.88493968e-01
-4.28383551e-01
5.81949091e-01
0.00000000e+00
0.00000000e+00
0.00000000e+00
0.00000000e+00
-1.42780843e+00
5.49497085e-01
-2.99725249e-01
-1.07829012e+00
0.00000000e+00
7.97541828e-02
-1.94809219e-01
4.22090838e-01
-7.43190846e-01
0.00000000e+00
1.94122224e-01
-3.04863632e-02
2.04853789e-01
-3.31315820e-01
-2.84069007e-01
4.63918099e-02
-1.18400913e-01
1.82089380e-01
-1.87040082e-01
0.00000000e+00
1.42336217e-01
-3.09459617e-01
1.07442643e-01
-6.20611311e-02
0.00000000e+00
7.27985791e-02
-2.75412617e-01
1.33403571e-01
-1.55872024e-01
6.18270671e-02
-6.14951112e-02
1.94208403e-01
-4.04381214e-02
-3.46406462e-01
0.00000000e+00
2.20912497e-01
-1.67504460e-01
1.42906266e-01
-1.06615426e-01
-3.69525614e-01
-8.80108021e-01
-9.84610823e-01
0.00000000e+00
0.00000000e+00
0.00000000e+00
6.25150450e-01
-2.41564229e+00
4.02156825e-01
5.82751190e-01
-1.29021265e+00
5.93281462e-01
5.40785159e-01
1.03093808e+00
-4.96380107e-01
0.00000000e+00
6.53237790e-01
-6.27430390e-01
-1.36158870e+00
2.49865716e-01
1.06651391e+00
9.48210259e-01
6.08401426e-01
-1.81317450e+00
-5.61550074e-01
2.80075624e-01
-1.25606113e+00
0.00000000e+00
0.00000000e+00
0.00000000e+00
2.99891168e-01
-2.13180026e+00
1.57480125e-01
6.56168089e-01
-1.05476791e+00
7.98451566e-01
8.29449349e-01
1.28233800e-01
-2.35654802e-01
0.00000000e+00
8.61603565e-01
-6.14975870e-01
-1.12858149e+00
5.50578306e-01
-2.30198701e-01
3.91683615e-01
3.68582547e-01
-1.22987172e+00
-9.80449159e-02
4.25712409e-01
9 1
-1.2031e+00 4.2172e-01
8 1
0 1 2 7 3 5 4 10 
217
1.26486621e-01
-1.22456527e-01
-1.16327133e-01
-1.11711068e-01
-1.56538198e-01
-1.54184730e-02
-2.30137410e-02
2.79631448e-01
2.62596800e-01
-1.20103751e-01
8.75336106e-02
-1.30168291e-01
-4.40918516e-02
-6.26887940e-02
0.00000000e+00
0.00000000e+00
0.00000000e+00
5.17921130e-03
4.48692816e-04
1.27581023e-01
-5.84235941e-02
2.94206188e-04
2.43634487e-01
1.79731003e-01
1.17986155e-03
1.68449914e-01
0.00000000e+00
0.00000000e+00
3.36372048e-01
2.90453000e-01
4.01870765e-01
-8.93903098e-01
-1.55640232e-01
1.47334137e-01
0.00000000e+00
0.00000000e+00
0.00000000e+00
-1.22501117e-01
-1.10763961e-01
-4.68773539e-02
-8.68451353e-02
-3.83380046e-02
1.02720004e-01
4.29092188e-01
0.00000000e+00
-1.95085371e-01
-3.62222272e-01
7.55126251e-02
0.00000000e+00
1.06558066e-01
-2.20356907e-01
4.38400928e-01
0.00000000e+00
5.79450177e-02
-1.47720203e-01
3.25878824e-01
0.00000000e+00
-7.29035612e-01
-1.53311889e-02
7.91942714e-01
1.15000039e-01
-2.38885399e-01
2.50371981e-01
0.00000000e+00
-7.45630570e-01
-1.31392284e+00
5.85359911e-01
1.20041589e+00
2.86757280e-01
6.54284381e-01
0.00000000e+00
-7.59617900e-01
-7.91364069e-01
5.64566594e-01
-1.00089667e+00
3.21537927e-01
-2.42508905e-01
0.00000000e+00
-2.45691379e-01
-4.62258745e-01
3.61297679e-01
-7.00012175e-01
1.08803212e-02
-6.68821999e-02
0.00000000e+00
-1.57192931e-01
-9.28677544e-02
2.25405588e-01
-4.05833841e-01
5.82739638e-02
-9.29327475e-02
0.00000000e+00
1.20856388e-01
-5.07407521e-02
-4.55504475e-02
-5.51285185e-01
5.11806803e-02
-4.89776296e-02
0.00000000e+00
1.72288099e-02
-1.08373816e-01
9.20788628e-02
-3.31328045e-01
1.71789479e-02
-4.44620856e-02
-1.37790537e-02
-3.82444382e-02
-3.50612432e-01
1.46019603e-01
2.68694075e-01
3.24905095e-02
3.92606826e-02
0.00000000e+00
7.57203544e-02
-7.03948511e-02
4.05607028e-02
-5.92975427e-01
1.02055633e-02
-1.74934410e-01
-5.93806667e-01
-9.79571175e-01
-8.45880889e-01
0.00000000e+00
0.00000000e+00
0.00000000e+00
4.07685353e-01
-8.47976675e-01
-1.36304107e-01
7.87036698e-02
-5.93510763e-01
1.20941454e-01
3.26986134e-01
4.00965837e-01
-2.91304605e-01
0.00000000e+00
1.53425500e-01
-4.62881385e-01
-8.54935450e-01
-1.14180835e-01
4.01013480e-01
7.94841145e-01
7.44788165e-01
-6.13745647e-01
-3.96060356e-01
3.56681956e-02
-1.56922208e-01
0.00000000e+00
0.00000000e+00
0.00000000e+00
1.70630675e-01
-1.09259077e+00
1.94750974e-01
2.04603160e-01
-4.31134891e-01
2.12686919e-01
1.79893981e-01
2.95711793e-01
-1.14617623e-01
0.00000000e+00
3.66743000e-01
-1.44415294e-01
-3.84087188e-01
1.35431241e-01
1.78498857e-01
2.12333486e-01
1.58458019e-01
-4.96080944e-01
-6.17403342e-02
2.58002731e-01
-9.15254586e-01
0.00000000e+00
0.00000000e+00
0.00000000e+00
-1.27791242e-01
-6.12103714e-01
-1.83760950e-02
1.10278522e-01
-2.98085078e-01
3.77399256e-01
4.24764809e-01
-2.85528808e-02
-2.25291269e-01
0.00000000e+00
3.72865786e-01
-3.02868274e-01
-5.39245504e-01
9.67083171e-02
-1.28724095e-01
3.02154878e-01
1.14804126e-01
-4.45872071e-01
-6.98430555e-02
8.25229980e-02
-2.03081300e-01
0.00000000e+00
0.00000000e+00
0.00000000e+00
1.98124291e-01
-1.01270946e+00
9.09005913e-02
2.42129026e-01
-3.14413223e-01
1.05319648e-01
1.37861497e-01
1.27124408e-01
-4.32525443e-02
0.00000000e+00
2.14448965e-01
-1.38392500e-01
-2.55417245e-01
2.16039604e-01
1.16572919e-01
1.06997668e-01
1.94712981e-01
-3.29697411e-01
-1.55116550e-03
1.42120654e-01
136
1.89177505e-01
0.00000000e+00
0.00000000e+00
-6.29733856e-03
1.56503872e-03
1.30383810e-01
-2.88562685e-04
6.50910330e-02
1.19856510e-03
0.00000000e+00
0.00000000e+00
2.23033665e-01
1.73374154e-01
3.47488201e-01
-5.46974386e-01
-8.67171986e-02
7.89730691e-02
0.00000000e+00
0.00000000e+00
0.00000000e+00
-8.56751528e-02
4.63846115e-02
1.17373023e-02
-1.55542835e-02
-1.90650216e-02
2.73445818e-03
2.48615591e-01
0.00000000e+00
8.43780470e-02
-1.62730304e-01
1.95436907e-01
0.00000000e+00
2.42702073e-01
-4.74799267e-01
3.72253214e-01
0.00000000e+00
1.32054757e-01
-3.66792675e-01
3.55240178e-01
0.00000000e+00
-3.34445807e-01
-3.96225945e-01
5.42106325e-01
0.00000000e+00
0.00000000e+00
0.00000000e+00
0.00000000e+00
-1.40054819e+00
5.37653420e-01
-3.02304207e-01
-9.77298922e-01
0.00000000e+00
1.24689071e-01
-1.62296710e-01
4.02653919e-01
-7.85286311e-01
0.00000000e+00
2.37586910e-01
-1.08070895e-02
1.94741614e-01
-3.29418098e-01
-3.30152022e-01
-1.64877822e-01
-1.72913150e-01
1.42603555e-01
-1.71497481e-01
0.00000000e+00
1.78753317e-01
-3.07957917e-01
1.16928922e-01
-6.65888658e-02
0.00000000e+00
1.10134907e-01
-2.57847917e-01
1.32194266e-01
-1.31482269e-01
9.40261127e-02
-3.13747999e-02
2.17304640e-01
-4.14340390e-02
-3.64519797e-01
0.00000000e+00
2.41720780e-01
-1.10313717e-01
1.18364450e-01
-1.68426837e-01
-3.69015378e-01
-8.67681516e-01
-9.72699409e-01
0.00000000e+00
0.00000000e+00
0.00000000e+00
6.14617529e-01
-2.36073802e+00
3.78234838e-01
5.52883194e-01
-1.28509480e+00
5.60531999e-01
5.14922401e-01
1.01899812e+00
-3.62212261e-01
0.00000000e+00
6.67643624e-01
-6.42807103e-01
-1.34517751e+00
2.87605035e-01
1.06071300e+00
9.00940624e-01
5.13411444e-01
-1.79087216e+00
-5.46919052e-01
2.90619693e-01
-1.25182494e+00
0.00000000e+00
0.00000000e+00
0.00000000e+00
3.00959888e-01
-2.09058141e+00
1.45321850e-01
6.51254077e-01
-1.08462362e+00
8.12297871e-01
8.31092192e-01
1.25038914e-01
-2.27489237e-01
0.00000000e+00
8.68812245e-01
-5.87091039e-01
-1.14555263e+00
5.63082400e-01
-2.01398669e-01
3.76809678e-01
3.34487663e-01
-1.24648511e+00
-9.76662678e-02
4.19906270e-01
17 1
-1.0851e+00 4.1902e-01
8 0
0 1 2 7 3 5 4 10 
217
-7.69298940e-02
-5.46206289e-01
3.99514942e-01
-8.53769466e-02
1.04937387e-02
1.56064253e-02
-8.65297925e-02
-1.49498220e-01
-1.35766402e-01
-7.50142258e-02
5.90173363e-02
4.56676797e-02
7.58552254e-02
7.01831513e-02
0.00000000e+00
0.00000000e+00
0.00000000e+00
5.75490039e-04
-2.57190527e-04
3.59651068e-03
1.92339348e-02
2.21264475e-03
-1.02415733e-01
-9.67393188e-02
1.96559653e-04
1.28174347e-01
0.00000000e+00
0.00000000e+00
-1.78885610e-01
7.13006647e-02
3.52906967e-01
-5.65069358e-02
-1.00285277e-01
-1.65459702e-01
0.00000000e+00
0.00000000e+00
0.00000000e+00
-1.13376259e-01
-1.58366188e-01
-1.36418139e-01
-9.10124938e-02
-4.48161048e-02
6.68756724e-02
4.00183618e-01
0.00000000e+00
-3.15970397e-01
-3.89623281e-01
1.63319786e-01
0.00000000e+00
2.78360008e-01
-3.94710382e-01
4.45562417e-01
0.00000000e+00
-4.38222386e-02
-1.32317487e-01
4.51373670e-01
0.00000000e+00
-5.93308453e-01
-7.76598800e-02
5.31866345e-01
-2.58888504e-02
-1.81456641e-01
1.30415597e-01
0.00000000e+00
-9.94311030e-01
-9.40397504e-01
5.61335770e-01
1.25152689e+00
3.56045366e-01
7.79333117e-01
0.00000000e+00
-6.74741081e-01
-5.51194386e-01
4.52732540e-01
-1.16660079e+00
1.45078647e-01
-1.27795362e-01
0.00000000e+00
-2.67039948e-01
-3.67275180e-01
2.27683660e-01
-3.02580581e-01
-3.75736064e-02
4.23377723e-02
0.00000000e+00
-2.13061849e-01
-6.02475955e-02
1.87399845e-01
-2.85703390e-01
-5.12678901e-02
-9.27379223e-02
0.00000000e+00
3.65124881e-02
-1.61983193e-01
-7.81570841e-02
-2.91398596e-01
-3.52852980e-02
-2.27393105e-02
0.00000000e+00
-6.72461494e-02
-2.41866902e-01
1.94235919e-02
-3.64782065e-01
-2.91073365e-02
1.96171775e-02
-1.67622138e-01
-1.74498417e-01
-4.03481628e-01
2.26623729e-01
1.69889754e-01
3.85669316e-02
3.31963022e-02
0.00000000e+00
-2.94066377e-02
-5.30892147e-03
-2.82919008e-02
-3.03918536e-01
-1.92313555e-02
1.50338830e-02
-3.10258866e-01
-7.61436383e-01
-6.41351364e-01
0.00000000e+00
0.00000000e+00
0.00000000e+00
2.13215346e-01
-5.48036629e-01
-5.86966458e-02
1.64516211e-01
-4.30391810e-01
9.14529728e-02
2.44700311e-01
2.05928221e-01
-6.93259671e-02
0.00000000e+00
2.34251075e-01
-1.88789940e-01
-6.23442628e-01
2.49930735e-02
2.91225350e-01
3.22524596e-01
6.50459009e-02
-5.41374757e-01
-2.14989325e-01
1.75843279e-01
-1.18133124e-01
0.00000000e+00
0.00000000e+00
0.00000000e+00
2.47557067e-01
-9.07372501e-01
1.08153086e-01
2.46741370e-01
-4.95474378e-01
2.88903059e-01
2.36100012e-01
2.44853120e-01
-1.74079254e-02
0.00000000e+00
2.79659612e-01
-7.65055428e-02
-4.25325080e-01
2.28369745e-01
-9.97872120e-02
2.53298516e-01
2.30579459e-01
-5.65362425e-01
-5.63407523e-02
1.61227646e-01
-6.84388152e-01
0.00000000e+00
0.00000000e+00
0.00000000e+00
-2.49822416e-01
-4.54236355e-01
2.11292749e-01
6.46305135e-02
-1.95220524e-01
8.31381735e-01
3.83144732e-01
-8.20418536e-02
-1.40272440e-01
0.00000000e+00
-1.28752790e-02
-2.32079133e-01
-5.25322730e-01
1.13156676e-01
1.47518724e-01
3.58327865e-02
5.24982998e-02
-4.06567202e-01
-7.91597625e-02
-1.46246671e-01
-2.11560290e-01
0.00000000e+00
0.00000000e+00
0.00000000e+00
2.44535702e-01
-5.68034499e-01
5.84642437e-02
1.54956953e-01
-2.65045661e-01
3.24899166e-01
-6.78119004e-03
1.68727414e-01
-3.22608386e-02
0.00000000e+00
2.91801858e-01
-2.33732140e-01
-4.82704547e-01
1.67632274e-01
6.67639392e-02
1.46173828e-01
1.64381488e-01
-4.99029761e-01
-9.18838833e-02
1.79575365e-01
136
2.65777363e-01
0.00000000e+00
0.00000000e+00
3.54282312e-02
3.09461342e-03
1.06195649e-01
3.62418068e-04
1.24512886e-01
-9.98413013e-04
0.00000000e+00
0.00000000e+00
-5.19698576e-02
1.15031834e-01
6.16944924e-01
-2.83002442e-01
-3.91341202e-02
-9.20929755e-02
0.00000000e+00
0.00000000e+00
0.00000000e+00
-6.36494665e-02
6.10963830e-02
4.30395491e-02
-2.72443281e-02
-4.60300676e-02
-3.63339763e-02
3.34899270e-01
0.00000000e+00
1.04506732e-02
-1.72135555e-01
2.57280294e-01
0.00000000e+00
2.78190524e-01
-4.95907365e-01
4.24712191e-01
0.00000000e+00
2.13218103e-01
-4.00537490e-01
3.69187461e-01
0.00000000e+00
-3.53604114e-01
-4.61352546e-01
5.96275186e-01
0.00000000e+00
0.00000000e+00
0.00000000e+00
0.00000000e+00
-1.52993296e+00
4.79007146e-01
-3.48692271e-01
-9.90656691e-01
0.00000000e+00
1.48255187e-01
-1.10745771e-01
4.04663516e-01
-8.21763577e-01
0.00000000e+00
2.77463487e-01
-1.12770459e-02
2.17344359e-01
-3.06120237e-01
-4.17573900e-01
5.09023688e-02
-1.15145531e-01
1.72924298e-01
-1.54192785e-01
0.00000000e+00
2.46854062e-01
-2.96619573e-01
1.17605954e-01
-2.52445329e-02
0.00000000e+00
1.58484001e-01
-1.77748316e-01
1.12662357e-01
-1.06340168e-01
8.11936681e-02
5.51784079e-02
1.83171888e-01
-1.72934930e-02
-3.39233295e-01
0.00000000e+00
3.57106499e-01
-1.44391113e-01
1.65292915e-01
-1.29419665e-01
-4.01005991e-01
-8.71088057e-01
-1.01208335e+00
0.00000000e+00
0.00000000e+00
0.00000000e+00
6.07403750e-01
-2.44852748e+00
3.71999920e-01
5.33484934e-01
-1.30862250e+00
5.48735215e-01
5.12748726e-01
1.00758735e+00
-3.73136256e-01
0.00000000e+00
6.79980100e-01
-7.00526817e-01
-1.33569031e+00
2.68535279e-01
1.10662196e+00
9.37711746e-01
5.85148492e-01
-1.76581233e+00
-5.31855989e-01
2.92130850e-01
-1.27121325e+00
0.00000000e+00
0.00000000e+00
0.00000000e+00
3.09767197e-01
-2.24546320e+00
1.30772020e-01
6.89101193e-01
-1.13365159e+00
6.31053242e-01
8.66096597e-01
1.43337380e-01
-1.99882584e-01
0.00000000e+00
9.24243646e-01
-5.71776435e-01
-1.09377159e+00
5.75957835e-01
-2.10213981e-01
4.00557323e-01
3.56124096e-01
-1.23500048e+00
-5.99075031e-02
4.51443587e-01
6 2
-1.1048e+00 4.2229e-01
8 -1
0 1 2 7 3 5 4 10 
217
1.42844346e-01
-2.24555372e-02
-1.31345540e-01
-1.04295307e-02
-1.46054299e-01
4.95960865e-02
-2.15716091e-03
-1.78947044e-02
5.10301791e-02
-1.79792785e-01
-4.22328368e-02
2.39850855e-02
2.82258463e-01
8.76518213e-02
-6.66272680e-02
-1.21160353e-02
3.89071514e-01
-3.67796684e-01
5.59974805e-04
2.24845580e-01
-4.18913620e-01
9.74836637e-03
3.55771999e-01
9.96181918e-01
9.08352848e-04
9.60949509e-02
0.00000000e+00
0.00000000e+00
3.04562150e-01
7.45791463e-01
9.06025112e-01
-6.92068697e-01
-4.69776956e-01
-6.51688727e-01
0.00000000e+00
0.00000000e+00
0.00000000e+00
-1.76594203e-01
-2.06182108e-02
-5.03747971e-02
-1.52696360e-04
-5.18978543e-02
-2.97560316e-02
4.72238139e-01
0.00000000e+00
-4.93857822e-01
-8.18915546e-02
1.40396622e-01
0.00000000e+00
9.57086400e-02
-3.31578278e-01
4.57483939e-01
0.00000000e+00
-3.71504653e-02
-1.77880268e-01
4.61642718e-01
0.00000000e+00
-3.74945458e-01
-1.29249390e-01
6.14165664e-01
-9.15029111e-02
-7.12285983e-02
3.05575855e-01
0.00000000e+00
-7.20599491e-01
-9.14970400e-01
4.56751356e-01
8.17874493e-01
4.06692481e-01
8.39029336e-01
0.00000000e+00
-8.10245105e-01
-7.28357656e-01
5.55604373e-01
-7.95748420e-01
3.97485078e-01
-7.07312375e-02
0.00000000e+00
-1.88740771e-01
-3.89638782e-01
2.41448096e-01
-6.51219051e-02
9.01370214e-02
1.89158786e-01
0.00000000e+00
-2.13738454e-01
-2.09897738e-01
2.73308934e-01
-2.66769087e-01
8.32738656e-02
1.48768837e-01
0.00000000e+00
2.28886886e-01
1.33341490e-02
-3.05872862e-02
-2.23956917e-01
-5.54328850e-02
-2.49827415e-02
0.00000000e+00
6.37415169e-02
-5.88633494e-02
4.97237031e-02
-7.27202847e-02
2.94014950e-02
5.27852013e-02
8.04673227e-02
6.40691016e-02
-3.64956916e-01
-1.34445393e-01
4.46380033e-01
1.32753314e-01
1.77062268e-01
0.00000000e+00
-3.91955746e-02
-6.19862210e-02
1.85621085e-01
-1.94383353e-01
-3.58116477e-03
1.73725207e-04
-5.93263100e-01
-9.83414622e-01
-9.73464047e-01
0.00000000e+00
0.00000000e+00
0.00000000e+00
2.87102856e-01
-1.15939402e+00
2.38190684e-01
4.76235407e-01
-1.04772192e+00
1.67832657e-01
2.21755160e-01
8.23323759e-01
-2.57316263e-01
0.00000000e+00
6.87699151e-01
-6.00441139e-01
-1.20462620e+00
1.16412041e-01
1.04394344e+00
6.47302300e-01
2.11655338e-01
-1.25239060e+00
-4.98208385e-01
1.25181685e-01
-2.90319022e-02
0.00000000e+00
0.00000000e+00
0.00000000e+00
2.62689845e-01
-5.88261460e-01
1.50654787e-02
5.33707991e-02
-2.08018861e-01
2.59691726e-01
1.82114906e-01
-5.56944045e-02
9.76071720e-02
0.00000000e+00
6.99305850e-02
-6.41240908e-02
3.59945620e-02
1.74269625e-01
-3.31119861e-01
1.23683399e-02
1.52139666e-01
-2.95689783e-01
-7.32423351e-03
2.05958088e-01
-1.09137743e+00
0.00000000e+00
0.00000000e+00
0.00000000e+00
6.22853000e-02
-9.18532858e-01
-6.77751292e-02
5.51080936e-01
-8.48571749e-01
3.02092702e-01
7.13400247e-01
-2.87621811e-02
-1.17535012e-01
0.00000000e+00
7.27166981e-01
-3.40470652e-01
-1.09353174e+00
2.76981150e-01
-9.62220068e-02
3.87666483e-01
2.01711298e-01
-8.26933523e-01
-3.70487231e-01
3.95059554e-01
-8.05044205e-02
0.00000000e+00
0.00000000e+00
0.00000000e+00
1.83635448e-01
-8.07793372e-01
5.35122680e-02
-1.02604275e-01
-7.30047075e-02
2.96845184e-01
-7.47647585e-03
1.03834738e-01
-1.71071508e-01
0.00000000e+00
6.87817665e-02
-6.31978312e-02
2.04797834e-02
1.33286837e-01
1.00470643e-01
5.29446445e-02
7.30702010e-02
-2.17803983e-01
2.50038808e-01
2.55474120e-02
136
2.72577149e-01
-2.59271608e-01
-2.19996891e-03
-3.51873295e-01
2.98589037e-03
-3.58495368e-02
9.98105293e-03
9.19571589e-01
1.65620814e-03
0.00000000e+00
0.00000000e+00
6.09535067e-01
7.42409358e-01
8.22582016e-01
-7.39346399e-01
-5.73664346e-01
-5.88938546e-01
0.00000000e+00
0.00000000e+00
0.00000000e+00
-4.84629992e-02
5.49445726e-02
2.01263544e-02
-7.34436398e-02
-1.14078068e-01
-4.86942866e-02
4.82185215e-01
0.00000000e+00
2.03501393e-02
-2.49931976e-01
3.58133565e-01
0.00000000e+00
2.87919357e-01
-6.43602528e-01
5.55894360e-01
0.00000000e+00
2.30160901e-01
-4.97496338e-01
4.71062746e-01
0.00000000e+00
-3.77038607e-01
-5.95555167e-01
7.12706494e-01
0.00000000e+00
0.00000000e+00
0.00000000e+00
0.00000000e+00
-1.98661181e+00
4.20838338e-01
-4.38629010e-01
-9.48722680e-01
0.00000000e+00
1.61365992e-01
-1.66518213e-01
4.33906309e-01
-8.57544059e-01
0.00000000e+00
3.32253240e-01
1.88969799e-02
2.26543326e-01
-3.80299646e-01
-3.20364042e-01
-6.84065385e-02
-1.62460798e-01
1.78769756e-01
-1.65878245e-01
0.00000000e+00
1.94358875e-01
-2.69353029e-01
1.18117567e-01
-1.37249123e-02
0.00000000e+00
1.30455004e-01
-2.29433473e-01
1.35022307e-01
-1.14798554e-01
5.93098696e-02
6.91233206e-02
1.38763456e-01
8.29437807e-04
-1.71343475e-01
0.00000000e+00
3.79391930e-01
-1.16149008e-01
1.72939903e-01
-1.35755477e-01
-3.92917419e-01
-8.68090268e-01
-1.02290455e+00
0.00000000e+00
0.00000000e+00
0.00000000e+00
5.64921520e-01
-2.40005138e+00
3.86074455e-01
5.43102448e-01
-1.26832710e+00
5.82624530e-01
5.14583338e-01
9.61026437e-01
-3.79255640e-01
0.00000000e+00
6.27706081e-01
-6.36917088e-01
-1.37899380e+00
2.92068742e-01
1.03873370e+00
9.23859352e-01
5.97326711e-01
-1.73994546e+00
-5.13718428e-01
2.62277032e-01
-1.24774955e+00
0.00000000e+00
0.00000000e+00
0.00000000e+00
2.94316880e-01
-2.17734037e+00
1.66178318e-01
6.92166914e-01
-1.09756028e+00
8.30974895e-01
8.39975709e-01
9.21530085e-02
-2.17363707e-01
0.00000000e+00
8.77664018e-01
-5.82775562e-01
-1.15929774e+00
5.70088580e-01
-1.71370559e-01
3.71402635e-01
3.59552564e-01
-1.25811989e+00
-1.12733616e-01
4.34338646e-01
