1 0 -999999999 -1 -1
1 1 0 -1 -1
0.2291 -0.1832
356
1.09335418e-01
4.72919738e-02
6.20434441e-02
4.07969186e-01
-1.40913274e-01
-2.91032022e-01
-7.62907287e-02
0.00000000e+00
0.00000000e+00
-1.44990268e+00
-2.89466361e-01
0.00000000e+00
0.00000000e+00
6.29156856e-03
1.67753713e-01
2.33923904e-01
0.00000000e+00
0.00000000e+00
0.00000000e+00
0.00000000e+00
0.00000000e+00
0.00000000e+00
0.00000000e+00
0.00000000e+00
0.00000000e+00
0.00000000e+00
0.00000000e+00
0.00000000e+00
0.00000000e+00
0.00000000e+00
0.00000000e+00
0.00000000e+00
0.00000000e+00
0.00000000e+00
0.00000000e+00
0.00000000e+00
0.00000000e+00
0.00000000e+00
0.00000000e+00
0.00000000e+00
0.00000000e+00
0.00000000e+00
0.00000000e+00
0.00000000e+00
0.00000000e+00
0.00000000e+00
0.00000000e+00
0.00000000e+00
0.00000000e+00
0.00000000e+00
0.00000000e+00
-5.54365127e-01
4.16184658e-01
-2.82144511e-01
0.00000000e+00
0.00000000e+00
0.00000000e+00
0.00000000e+00
-6.09240003e-01
7.42374544e-01
9.50497936e-02
2.74144040e-01
3.35763375e-01
7.06360520e-02
3.86327940e-01
-1.78657337e-01
-9.85656877e-02
-1.52077531e+00
-7.58729605e-01
7.69341357e-03
3.92478907e-01
-7.31104357e-01
7.85520705e-03
5.91459966e-01
8.51410047e-01
-1.06900658e-02
1.05967063e-01
7.47759334e-01
-3.66640696e-02
-1.70886332e-01
2.92607625e-01
-2.23589431e-01
4.82817891e-02
0.00000000e+00
0.00000000e+00
0.00000000e+00
0.00000000e+00
0.00000000e+00
0.00000000e+00
0.00000000e+00
-6.77506279e-01
-3.49211112e-01
-8.72581221e-01
-2.18440224e-01
-1.37264716e+00
-7.96070820e-01
-1.04707878e-01
2.70391277e-03
-2.29092013e-01
-2.12574521e-01
3.06547398e-01
1.48598014e-01
0.00000000e+00
0.00000000e+00
3.51870425e+00
2.04415367e+00
1.12659346e+00
3.82348332e-01
3.84902731e-01
-5.78814961e-02
-7.65534786e-02
-9.86572581e-01
7.66307589e-01
3.76640223e-01
3.54441522e-02
-7.50397538e-01
-1.93011604e+00
-2.68008419e+00
0.00000000e+00
0.00000000e+00
0.00000000e+00
0.00000000e+00
0.00000000e+00
0.00000000e+00
5.63722150e-01
-1.06615820e-01
-4.14853736e-01
-4.68384944e-01
-4.12359508e-01
-1.09632639e+00
5.75803958e+00
5.81998656e+00
5.77856079e+00
5.79614284e+00
5.80948395e+00
5.84756737e+00
2.96133251e-02
-6.48335295e-02
-1.31396261e-01
-2.45733481e-01
-3.23026263e-01
-7.78225400e-01
-6.05161623e-02
-6.29470465e-02
-2.43409423e-02
-1.40986556e-01
-3.88677087e-02
-2.43122221e-01
7.72836970e-01
0.00000000e+00
0.00000000e+00
0.00000000e+00
0.00000000e+00
0.00000000e+00
0.00000000e+00
0.00000000e+00
-6.63501552e-01
1.00733802e+00
-1.93696443e+00
0.00000000e+00
-6.49728014e-01
-9.55631105e-01
-8.22676390e-01
-9.79187148e-01
-1.47240440e+00
0.00000000e+00
0.00000000e+00
0.00000000e+00
-6.43855638e-02
2.56318489e-01
-8.77376371e-02
7.40637645e-02
-9.36340997e-01
9.55158555e-02
-2.78530741e-02
2.98388625e-02
4.08864776e-01
0.00000000e+00
3.85289698e-01
1.02044520e-01
-3.43457174e-01
4.23617311e-01
-1.02448386e-01
-1.37146676e+00
2.90989121e-01
-1.09237731e+00
3.53595254e-01
1.33524845e-01
8.63696171e-02
0.00000000e+00
0.00000000e+00
0.00000000e+00
5.77388086e-02
-4.59925980e-01
2.66106225e-02
-1.90792258e-03
3.35082953e-01
3.03161011e-01
1.20279007e-01
-2.43975148e-01
-3.61810588e-01
0.00000000e+00
-6.16968735e-02
-3.81762960e-01
-1.47248634e-01
2.87393856e-02
-3.53833028e-01
4.94938082e-01
-4.80384078e-02
5.64361863e-01
1.22086948e-01
9.35704778e-02
-4.56514297e-01
-3.63180005e-01
1.27059349e-01
1.18060006e-01
-6.08299360e-01
-8.82853946e-03
-9.68405432e-02
-2.57510922e-01
-6.63270070e-01
0.00000000e+00
0.00000000e+00
0.00000000e+00
-1.81990635e-01
7.50068783e-01
-4.99836953e-01
2.11851152e-01
5.01468470e-03
-2.77140452e-01
4.72162750e-02
-4.77693861e-01
1.08801017e+00
0.00000000e+00
-6.37423038e-02
3.23258559e-01
1.12076318e-01
-3.65865181e-01
-1.90051378e-01
-8.52469605e-01
-2.72312785e-01
3.10495590e-01
-4.08699962e-01
7.85415175e-02
-9.33342916e-02
-4.62769075e-02
-2.40248348e-01
1.93190964e-01
-1.01589011e+00
-2.86548009e-01
-3.30988083e-01
4.44400738e-02
0.00000000e+00
4.41120541e-01
2.09879669e-01
-9.37548219e-01
-7.29342098e-01
1.09189379e+00
0.00000000e+00
0.00000000e+00
-1.93481825e+00
0.00000000e+00
0.00000000e+00
0.00000000e+00
-6.80324231e-01
-4.46297876e-01
3.31250997e-01
1.75060672e-01
-1.87992249e+00
9.31785913e-01
2.93068751e-01
-1.67574484e-01
2.31384284e-01
0.00000000e+00
-6.75490880e-02
9.40393292e-01
-7.73286320e-01
5.40122008e-01
-1.51348991e-01
-3.42725693e-01
1.54444341e-01
-7.33656517e-01
-8.64190656e-02
-2.03223760e-01
-1.45462994e-03
0.00000000e+00
0.00000000e+00
0.00000000e+00
1.15222685e-01
-3.15860326e-02
-1.75754751e-01
8.98752320e-02
2.04144531e-01
-9.96790589e-02
8.11461863e-02
-8.62225325e-02
-2.34382178e-01
0.00000000e+00
2.57877148e-02
-4.33038978e-01
7.49440951e-02
1.53435510e-01
-4.58431575e-02
-5.89966379e-02
-2.46018388e-02
-2.03733635e-05
1.56682972e-01
2.87431981e-01
-1.00682075e+00
-2.41888301e-01
0.00000000e+00
-7.08976613e-02
-1.43116188e-01
1.37588488e-01
-2.53799665e-02
-3.54096823e-01
1.27026600e-01
0.00000000e+00
0.00000000e+00
0.00000000e+00
-1.82787672e-01
-2.76934468e-01
3.81920199e-01
-3.17083536e-01
1.71124135e-01
1.50176191e-02
-1.58306392e-01
4.89170643e-01
-3.77979730e-01
0.00000000e+00
-2.06786352e-01
1.09618579e-01
-7.23423611e-02
4.02820584e-02
3.33319096e-01
3.80615875e-01
-5.11981519e-02
1.64636632e-01
2.18452399e-01
-5.33711970e-01
-7.64932452e-01
0.00000000e+00
7.40288644e-01
5.02440415e-01
-9.27997500e-01
-7.13742803e-01
0.00000000e+00
0.00000000e+00
-3.44620103e-01
1.61744888e-01
-1.20406537e-01
-7.55081155e-01
-2.14254697e-01
0.00000000e+00
0.00000000e+00
-8.01588313e-01
247
-1.08225674e-01
-1.80592464e-01
7.23667908e-02
-4.40892512e-01
2.60300048e-01
7.95598356e-01
-2.29848116e-01
1.26871815e+00
0.00000000e+00
0.00000000e+00
-3.78506875e-01
-7.61885859e-01
0.00000000e+00
0.00000000e+00
0.00000000e+00
0.00000000e+00
0.00000000e+00
0.00000000e+00
0.00000000e+00
0.00000000e+00
0.00000000e+00
0.00000000e+00
0.00000000e+00
0.00000000e+00
0.00000000e+00
0.00000000e+00
0.00000000e+00
0.00000000e+00
0.00000000e+00
0.00000000e+00
0.00000000e+00
0.00000000e+00
0.00000000e+00
0.00000000e+00
0.00000000e+00
0.00000000e+00
0.00000000e+00
0.00000000e+00
0.00000000e+00
0.00000000e+00
0.00000000e+00
-6.41651768e-01
2.54017384e-02
-1.79596611e-01
1.21249965e-02
8.27922600e-01
-5.04647567e-03
-1.14899895e-01
4.81776957e-03
-6.17377605e-03
-1.30546118e-01
1.46278654e-01
0.00000000e+00
0.00000000e+00
0.00000000e+00
0.00000000e+00
0.00000000e+00
0.00000000e+00
0.00000000e+00
4.94399737e+00
2.74305324e+00
1.68233812e+00
6.74446665e-01
4.08496170e-01
5.08992580e-02
-9.42004041e-01
-1.23030149e+00
3.39573065e-01
1.66644726e-01
-4.53424034e-01
-1.04258667e+00
-1.91883508e+00
-2.78746973e+00
0.00000000e+00
0.00000000e+00
0.00000000e+00
0.00000000e+00
0.00000000e+00
0.00000000e+00
1.97924687e-01
-2.43113141e-01
-5.23807076e-01
-5.93371290e-01
-5.53663658e-01
-1.13524843e+00
7.46775150e+00
7.47607618e+00
7.56579030e+00
7.66808624e+00
7.64278137e+00
7.68576967e+00
-1.67360547e-01
-2.20469327e-01
-1.29766974e-01
-3.61134451e-01
-1.85961466e-01
-3.51849711e-01
4.06753371e-01
1.63561508e-01
-3.34621068e-02
-1.98802235e-01
-5.95374666e-02
-1.89964999e-01
6.43874681e-01
0.00000000e+00
0.00000000e+00
0.00000000e+00
-7.52100354e-01
3.42018746e-01
-3.23068443e+00
0.00000000e+00
-1.34010330e+00
-4.81435320e-01
-1.52332344e+00
-1.07056635e+00
-1.82153861e+00
0.00000000e+00
0.00000000e+00
0.00000000e+00
6.54418799e-01
1.27732935e+00
3.70922453e-01
7.69784363e-01
0.00000000e+00
1.39569970e+00
6.10030075e-01
7.19845567e-01
1.35518080e+00
0.00000000e+00
1.13543852e+00
1.25163472e+00
6.58479296e-01
1.50697606e+00
2.17272174e-01
3.67175787e-01
8.73807220e-01
6.34562490e-01
1.11912086e+00
6.38911774e-01
-8.55875592e-01
-8.71124576e-01
-1.55929115e-01
-3.48852358e-01
-3.66343103e-01
-4.51444470e-01
0.00000000e+00
0.00000000e+00
0.00000000e+00
1.08578815e+00
0.00000000e+00
1.31014462e+00
8.03250328e-01
0.00000000e+00
8.03973082e-01
8.67894536e-01
1.06246906e+00
4.63528793e-01
0.00000000e+00
1.23018234e+00
7.06711665e-01
4.60853464e-01
5.77429881e-01
1.42062001e+00
1.25335918e+00
1.19771519e+00
0.00000000e+00
3.41123768e-01
1.14627386e+00
1.52489839e-02
-7.17147770e-02
-5.01548717e-02
1.37118633e-01
-9.65663023e-01
-4.68978719e-01
-3.01860757e-01
-1.67117962e-01
0.00000000e+00
-4.96684303e-01
-6.70560192e-01
1.73875889e-01
0.00000000e+00
-2.59388979e+00
0.00000000e+00
0.00000000e+00
0.00000000e+00
-2.95690766e-01
-9.30734703e-01
-9.30609752e-02
5.14075144e-01
-2.36860317e+00
2.37055714e-01
7.86441684e-01
-2.45211847e-01
4.51266542e-01
0.00000000e+00
2.67698795e-01
4.54600816e-01
-4.14040442e-01
4.84622122e-01
-3.48969093e-01
-1.14537839e-01
2.12163715e-01
-1.11889635e+00
3.34322997e-02
-1.05501427e-01
-1.21790541e+00
-4.93979686e-01
0.00000000e+00
2.68304610e-01
7.48434726e-02
-6.12637877e-02
0.00000000e+00
0.00000000e+00
0.00000000e+00
1.02904624e-01
1.25346683e-01
-6.37377675e-02
1.71993757e-04
2.30628467e-01
1.19872145e-01
-1.27378616e-01
9.00506281e-03
1.34941209e-01
0.00000000e+00
2.46795446e-01
-1.04222916e-01
-1.47228300e-01
-4.49905649e-02
-4.59050671e-01
-1.89710916e-01
-8.59727983e-02
2.13905495e-02
-9.55508224e-02
2.65523404e-01
-7.23925728e-01
0.00000000e+00
1.31957272e+00
8.07577333e-01
-1.37598437e+00
-1.02934376e+00
0.00000000e+00
0.00000000e+00
-7.15652598e-01
-3.46640618e-01
0.00000000e+00
0.00000000e+00
1.74226744e-03
4 -999999999 6 1 -1
2 0 2 1 -1
-1.9244e-01 5.6412e-01
356
-2.27258634e-01
0.00000000e+00
0.00000000e+00
0.00000000e+00
0.00000000e+00
0.00000000e+00
0.00000000e+00
0.00000000e+00
0.00000000e+00
0.00000000e+00
0.00000000e+00
0.00000000e+00
0.00000000e+00
0.00000000e+00
0.00000000e+00
0.00000000e+00
9.14545413e-02
-3.18713176e-01
-6.75787957e-02
3.58959301e-02
0.00000000e+00
0.00000000e+00
0.00000000e+00
0.00000000e+00
0.00000000e+00
0.00000000e+00
0.00000000e+00
0.00000000e+00
-3.36696450e-02
-5.12484063e-02
1.73392556e-02
-5.20810273e-01
2.93551639e-01
-2.75115823e-01
-1.14977284e+00
2.71627880e-01
2.91487175e-01
-5.19783514e-01
-3.84316907e-01
2.74089064e-01
-4.96912839e-01
0.00000000e+00
0.00000000e+00
0.00000000e+00
0.00000000e+00
0.00000000e+00
0.00000000e+00
0.00000000e+00
0.00000000e+00
0.00000000e+00
0.00000000e+00
-7.08804765e-01
9.60276448e-01
-1.40797264e+00
0.00000000e+00
0.00000000e+00
0.00000000e+00
0.00000000e+00
1.24347799e-01
1.19684149e-01
-6.39517883e-01
6.77387108e-01
-5.03197075e-03
4.09294896e-02
7.19767627e-02
1.49973954e-01
2.20966658e-01
-1.67188409e-02
0.00000000e+00
0.00000000e+00
0.00000000e+00
0.00000000e+00
0.00000000e+00
0.00000000e+00
-1.26593877e-01
-5.54021776e-03
6.27764719e-01
-1.34617643e-01
2.30359341e-04
4.74542006e-01
-6.07916408e-01
1.24900528e-01
2.58948050e-01
0.00000000e+00
0.00000000e+00
0.00000000e+00
0.00000000e+00
0.00000000e+00
0.00000000e+00
0.00000000e+00
-1.02234386e+00
-6.22149144e-01
-1.36778612e+00
-6.25592304e-01
-3.48443500e-01
-9.30663432e-02
4.78115873e-02
-9.40287972e-02
-3.10688396e-01
-2.06332555e-01
4.47927454e-01
8.48335499e-02
-7.49597085e-01
-2.28612383e-02
1.69102307e+00
1.65830781e+00
1.49124207e+00
5.67153080e-01
2.72103658e-01
1.35008243e-01
-3.99845406e-01
-1.06541463e+00
7.52948576e-01
5.07637246e-01
1.32598796e-01
-7.81846643e-01
-1.48061368e+00
-2.04925301e+00
0.00000000e+00
0.00000000e+00
0.00000000e+00
0.00000000e+00
0.00000000e+00
0.00000000e+00
2.66768986e-01
-2.32517923e-01
-5.42956927e-01
-5.56602051e-01
-2.08963912e-01
-6.11294617e-01
4.72721426e+00
4.76705615e+00
4.71176355e+00
4.65915244e+00
4.58735933e+00
4.58112052e+00
2.36520186e-01
3.56110641e-01
2.97095687e-01
1.42899952e-01
2.03998852e-01
-4.59359647e-01
3.56229490e-01
-4.87173155e-02
-1.47545245e-01
-2.49088164e-01
-2.75427707e-01
-5.28603234e-01
1.00024701e+00
0.00000000e+00
0.00000000e+00
0.00000000e+00
0.00000000e+00
0.00000000e+00
0.00000000e+00
0.00000000e+00
-1.22750565e+00
7.00728531e-01
0.00000000e+00
0.00000000e+00
-5.61968729e-01
-9.17549017e-01
-1.35631297e+00
-9.68017428e-01
-1.91828170e+00
0.00000000e+00
0.00000000e+00
0.00000000e+00
-1.90137122e-01
4.23239962e-01
-3.44004996e-01
-1.01153624e-01
-1.38971384e+00
-2.16710291e-01
6.20951476e-02
-8.41031140e-01
1.22093657e+00
0.00000000e+00
3.66631396e-01
2.77488570e-01
-1.69520979e-01
7.58200796e-01
-2.06069376e-01
-1.73895708e+00
8.69821645e-02
-6.34445951e-01
4.48369159e-01
2.69518942e-01
2.05762781e-01
0.00000000e+00
0.00000000e+00
0.00000000e+00
-1.42111979e-01
-4.26543836e-01
-2.23949363e-02
2.04539152e-02
4.81480728e-01
1.36815369e-01
-7.95324943e-02
-4.62033941e-02
8.80547252e-02
0.00000000e+00
-2.53784094e-01
3.25815786e-03
4.00745604e-02
-7.65070285e-02
-7.28349905e-02
3.05219060e-01
-1.21901226e-01
3.60687520e-01
1.05154615e-01
-9.36218902e-02
-8.07663467e-01
-1.45559624e-01
0.00000000e+00
0.00000000e+00
1.62975251e-01
-1.01262407e-01
-1.02514569e-01
5.82173519e-02
-3.78549128e-01
0.00000000e+00
0.00000000e+00
0.00000000e+00
-1.20063265e-01
3.03323215e-01
-1.74578308e-01
-3.28761358e-01
2.88635190e-01
2.41612085e-01
-4.84247561e-03
-7.61022353e-01
4.55086762e-01
0.00000000e+00
3.01410840e-01
-1.13412322e-02
5.36776114e-02
8.33950628e-03
-4.30061137e-01
-5.76798448e-01
-2.10300453e-01
2.99223505e-01
-5.63111872e-02
3.44222373e-01
-6.62103844e-01
0.00000000e+00
0.00000000e+00
4.76486301e-02
-1.11061823e+00
-4.16409105e-01
0.00000000e+00
0.00000000e+00
0.00000000e+00
-1.73823095e-01
-3.55369184e-01
1.12783174e-01
-6.94209128e-01
0.00000000e+00
1.56193582e-01
1.69338432e-01
-1.88556645e+00
0.00000000e+00
0.00000000e+00
0.00000000e+00
-2.21391327e-01
-3.68681929e-01
8.89812681e-02
4.15281564e-01
-2.38275460e+00
6.03943185e-01
2.18994003e-01
-1.92075345e-02
3.45340612e-01
0.00000000e+00
1.37318149e-01
8.60218726e-01
-8.27329438e-01
6.25522939e-01
2.29633122e-01
-3.44471773e-01
3.49977720e-01
-1.37190743e+00
-9.34611381e-02
-1.31572572e-01
4.98020452e-01
0.00000000e+00
0.00000000e+00
0.00000000e+00
-4.36939869e-02
-2.63759220e-01
-5.07025067e-02
-4.66775234e-02
3.42806281e-01
6.47141159e-03
6.53456128e-04
-2.72347581e-02
2.75131617e-01
0.00000000e+00
-1.08517022e-01
-1.71683110e-01
9.66913702e-02
1.01074179e-01
-1.04466838e-01
1.00261595e-01
-4.99838366e-02
1.70431071e-01
1.90782818e-01
8.04354537e-02
-8.65100092e-01
-3.79808711e-01
0.00000000e+00
0.00000000e+00
0.00000000e+00
-5.31525956e-02
-1.37212401e-01
-1.89443715e-01
-4.42168045e-01
0.00000000e+00
0.00000000e+00
0.00000000e+00
2.19879388e-02
4.05546214e-01
1.13549523e-01
1.82266470e-01
-2.60944807e-01
-3.45601231e-01
-8.61090011e-02
8.28746562e-01
-1.78689030e-01
0.00000000e+00
-3.08183019e-01
-2.93954073e-01
-1.16255250e-01
-1.82874030e-01
1.92770884e-01
1.60708056e-01
1.64068031e-01
-1.96397882e-01
-1.13247588e-01
-4.29555811e-01
-4.85291381e-01
0.00000000e+00
0.00000000e+00
0.00000000e+00
-1.02046635e+00
-5.37740306e-01
0.00000000e+00
0.00000000e+00
-1.77357654e-01
3.13270884e-02
-3.85629179e-01
-1.83438215e-01
-4.82726047e-01
0.00000000e+00
0.00000000e+00
3.66448661e-01
247
-3.38602063e-01
0.00000000e+00
0.00000000e+00
0.00000000e+00
0.00000000e+00
0.00000000e+00
0.00000000e+00
0.00000000e+00
0.00000000e+00
0.00000000e+00
0.00000000e+00
0.00000000e+00
0.00000000e+00
0.00000000e+00
-1.27912908e-01
-2.10689155e-01
-1.30593754e-01
2.68084633e-03
5.03182402e-01
0.00000000e+00
0.00000000e+00
0.00000000e+00
0.00000000e+00
0.00000000e+00
0.00000000e+00
0.00000000e+00
0.00000000e+00
-3.38602063e-01
0.00000000e+00
-3.48017554e+00
3.14157348e+00
0.00000000e+00
1.20555786e+00
1.37448802e+00
0.00000000e+00
0.00000000e+00
0.00000000e+00
0.00000000e+00
0.00000000e+00
0.00000000e+00
0.00000000e+00
0.00000000e+00
0.00000000e+00
0.00000000e+00
0.00000000e+00
-3.13892534e-03
-8.57046182e-03
-1.19033166e+00
8.91279086e-04
-3.46453295e-01
-7.80637099e-02
1.16703917e-01
0.00000000e+00
0.00000000e+00
0.00000000e+00
0.00000000e+00
0.00000000e+00
0.00000000e+00
0.00000000e+00
1.35421917e+00
1.36333653e+00
8.93129153e-01
4.06221485e-01
8.24683364e-02
-9.39674590e-02
-3.82576046e-02
-5.70391389e-01
5.08614091e-01
4.80691242e-01
1.41429745e-01
-5.44887934e-01
-1.38640525e+00
-1.57146565e+00
0.00000000e+00
0.00000000e+00
0.00000000e+00
0.00000000e+00
0.00000000e+00
0.00000000e+00
8.25413324e-01
8.15784518e-02
-6.04042308e-01
-5.11992355e-01
-5.66004690e-01
-9.26891011e-01
4.51006540e+00
4.56445834e+00
4.55069431e+00
4.39850848e+00
4.41446384e+00
4.22381821e+00
8.00653016e-02
2.03115774e-02
7.27394088e-02
6.06033346e-02
4.51442280e-02
-4.16466481e-01
-3.35684288e-02
-1.18452907e-01
-1.03400344e-01
4.78699072e-02
-1.22068724e-01
-1.39325841e-01
6.79202522e-01
0.00000000e+00
0.00000000e+00
0.00000000e+00
-1.01780458e+00
8.32808013e-01
0.00000000e+00
0.00000000e+00
-6.81782990e-01
-9.77360784e-01
-5.91606637e-01
-1.11033195e+00
-1.65914377e+00
0.00000000e+00
0.00000000e+00
0.00000000e+00
-2.36163036e-01
3.13183824e-01
4.74889400e-02
2.33292128e-01
-6.55543324e-01
2.99534308e-01
1.79276826e-01
-3.82782929e-01
4.24114746e-01
0.00000000e+00
2.90517324e-01
5.19624189e-01
-4.17530913e-01
2.31837218e-01
-4.56376298e-01
-1.04484855e+00
-2.58928520e-02
-8.49224783e-01
-1.06933462e-01
-2.27171262e-02
-7.96328472e-01
-4.26135955e-01
0.00000000e+00
0.00000000e+00
0.00000000e+00
2.71290188e-01
0.00000000e+00
0.00000000e+00
0.00000000e+00
3.52969401e-02
-3.68088200e-01
-5.18886343e-02
1.36727645e-02
0.00000000e+00
2.87622704e-03
-8.67953962e-02
1.11950464e-01
-1.29077543e-01
0.00000000e+00
-1.28895057e-02
-1.84558866e-01
-8.76879407e-02
-2.77089756e-02
6.17821192e-02
1.77994426e-01
-2.27728430e-02
0.00000000e+00
3.49919834e-02
-1.43596710e-01
-3.70192517e-01
0.00000000e+00
0.00000000e+00
-5.53304661e-01
-8.62815302e-01
-2.55647035e-01
0.00000000e+00
0.00000000e+00
0.00000000e+00
-6.07168267e-01
0.00000000e+00
0.00000000e+00
6.99990122e-02
-1.70193859e+00
0.00000000e+00
0.00000000e+00
0.00000000e+00
-5.48951181e-01
-7.01980881e-02
2.84359170e-01
2.34127951e-01
-1.40835859e+00
1.08282705e+00
4.48328981e-01
-2.79979960e-01
-3.09978094e-01
0.00000000e+00
-1.51431877e-01
7.76059470e-01
-5.91171418e-01
9.17261384e-01
-2.09131793e-01
-6.02927459e-01
3.46205448e-01
-1.58099743e+00
-3.16920040e-02
-6.29014384e-03
-7.63057793e-01
-2.80758396e-01
0.00000000e+00
0.00000000e+00
0.00000000e+00
-9.36187502e-02
0.00000000e+00
0.00000000e+00
0.00000000e+00
1.73158370e-01
7.22332702e-02
1.26321368e-01
1.16862621e-01
0.00000000e+00
2.94084580e-01
6.49577838e-02
-5.52091095e-02
4.29375489e-01
0.00000000e+00
2.66145760e-01
2.09049039e-01
1.04821312e-01
1.38388255e-01
-8.07688149e-02
3.85923926e-02
1.81580431e-01
3.96020199e-01
2.43842857e-01
2.49028398e-01
-4.82299397e-01
0.00000000e+00
0.00000000e+00
0.00000000e+00
-9.38880796e-01
-3.10848242e-01
0.00000000e+00
0.00000000e+00
0.00000000e+00
-6.28032554e-01
0.00000000e+00
0.00000000e+00
0.00000000e+00
8 1
-3.8614e-01 1.5212e-01
2 1
1 4 
217
-1.04968004e+00
-8.32325872e-01
7.27321452e-01
-4.56007360e-01
-5.03459227e-01
1.97925323e-01
-4.08357625e-01
6.85078298e-02
-4.70102442e-01
4.15311305e-01
3.39860463e-01
3.92086681e-01
-7.62121046e-03
6.73232594e-02
-6.25459576e-01
-1.04764394e-02
5.59071322e-01
-7.45921075e-01
3.79077069e-03
3.47313285e-01
3.21700609e-01
2.13346559e-04
-1.24696173e-01
0.00000000e+00
0.00000000e+00
0.00000000e+00
0.00000000e+00
-6.41869595e-01
-4.07810448e-01
0.00000000e+00
0.00000000e+00
0.00000000e+00
0.00000000e+00
0.00000000e+00
0.00000000e+00
0.00000000e+00
0.00000000e+00
-5.12149066e-01
7.00277654e-03
0.00000000e+00
0.00000000e+00
0.00000000e+00
0.00000000e+00
0.00000000e+00
0.00000000e+00
-2.33613108e-01
-2.78535958e-01
7.00277654e-03
0.00000000e+00
0.00000000e+00
0.00000000e+00
0.00000000e+00
0.00000000e+00
0.00000000e+00
0.00000000e+00
0.00000000e+00
0.00000000e+00
0.00000000e+00
0.00000000e+00
0.00000000e+00
7.00277654e-03
-2.33613108e-01
-2.78535958e-01
0.00000000e+00
-8.23069711e-01
-1.43926290e+00
2.10400551e-01
1.44536187e-01
-4.37010883e-01
7.35122490e-01
0.00000000e+00
-7.78146861e-01
-2.46336227e+00
-1.73174790e-02
7.11604988e-01
-2.54215703e-01
6.17876719e-01
0.00000000e+00
0.00000000e+00
0.00000000e+00
0.00000000e+00
0.00000000e+00
0.00000000e+00
0.00000000e+00
0.00000000e+00
0.00000000e+00
0.00000000e+00
0.00000000e+00
0.00000000e+00
0.00000000e+00
0.00000000e+00
0.00000000e+00
0.00000000e+00
0.00000000e+00
0.00000000e+00
0.00000000e+00
0.00000000e+00
0.00000000e+00
0.00000000e+00
0.00000000e+00
0.00000000e+00
0.00000000e+00
0.00000000e+00
0.00000000e+00
0.00000000e+00
0.00000000e+00
0.00000000e+00
0.00000000e+00
0.00000000e+00
0.00000000e+00
0.00000000e+00
0.00000000e+00
0.00000000e+00
0.00000000e+00
0.00000000e+00
0.00000000e+00
0.00000000e+00
0.00000000e+00
0.00000000e+00
1.10294816e+00
-5.61469497e-01
-4.90094599e-01
0.00000000e+00
0.00000000e+00
0.00000000e+00
3.23636879e-01
3.84185184e-01
-3.69738405e-01
1.66475355e-02
-8.31487218e-01
-1.15697547e-01
6.66781892e-01
8.70465305e-01
5.33191085e-01
0.00000000e+00
9.54078897e-01
4.06132344e-01
-1.41793438e+00
1.66874304e-01
-1.74690375e-01
-7.23457850e-01
8.80739290e-01
-1.58374912e+00
-6.19544849e-01
1.43472429e-01
1.23418491e-01
0.00000000e+00
0.00000000e+00
0.00000000e+00
2.74446338e-01
-7.35494754e-01
1.19074157e-01
3.47851012e-01
-2.66857157e-01
-3.26587143e-01
-1.45086505e-01
-5.11684603e-01
-7.10316270e-02
0.00000000e+00
2.22388303e-01
-9.27950828e-01
4.63051544e-01
5.55873413e-01
-2.98667028e-01
3.69309776e-01
-2.66773551e-01
1.66250843e-01
8.49520986e-01
3.05785315e-01
-1.32658563e+00
0.00000000e+00
0.00000000e+00
0.00000000e+00
5.33616993e-01
-1.17903022e+00
-2.55979674e-01
5.80527306e-01
-1.59157016e+00
5.44811228e-01
8.51270740e-01
-9.05309185e-02
1.47861041e-01
0.00000000e+00
9.72157856e-01
4.91856295e-01
-8.04235279e-01
3.74704437e-01
-5.02253591e-01
-4.09033440e-01
3.44234764e-01
-1.01325523e+00
-9.70943136e-01
6.49205362e-01
1.21768531e-01
0.00000000e+00
0.00000000e+00
0.00000000e+00
-1.96088371e-01
-7.28440400e-02
8.89311891e-02
5.82811764e-02
-1.26240801e-02
8.13835809e-02
-1.52016821e-01
4.08630325e-02
1.80833448e-01
0.00000000e+00
-1.01677444e-01
-3.23564044e-02
-4.63030422e-02
1.65788322e-01
4.19585653e-02
5.54532095e-02
-2.26208470e-01
-1.38348577e-01
4.55228461e-01
-6.84852041e-02
136
-1.90282037e+00
-1.20668875e+00
1.93529305e-02
-4.18782238e-01
2.67381067e-03
-2.76882227e-01
-1.77009038e-03
0.00000000e+00
0.00000000e+00
0.00000000e+00
1.59541414e+00
1.67259165e+00
0.00000000e+00
0.00000000e+00
0.00000000e+00
0.00000000e+00
0.00000000e+00
0.00000000e+00
0.00000000e+00
3.13318355e-02
-9.53334597e-01
-9.80817611e-01
0.00000000e+00
0.00000000e+00
0.00000000e+00
0.00000000e+00
0.00000000e+00
3.13318355e-02
-1.06878884e+00
1.15454243e-01
-9.80817611e-01
0.00000000e+00
0.00000000e+00
0.00000000e+00
0.00000000e+00
0.00000000e+00
0.00000000e+00
0.00000000e+00
0.00000000e+00
0.00000000e+00
0.00000000e+00
0.00000000e+00
0.00000000e+00
0.00000000e+00
0.00000000e+00
0.00000000e+00
0.00000000e+00
1.31202329e+00
4.50342746e-01
1.11243307e+00
-9.75528847e-01
0.00000000e+00
-1.03720552e+00
4.78948500e-01
-1.05225761e-01
-1.25819004e+00
0.00000000e+00
0.00000000e+00
0.00000000e+00
0.00000000e+00
-9.80817611e-01
-1.06878884e+00
1.15454243e-01
0.00000000e+00
0.00000000e+00
0.00000000e+00
0.00000000e+00
0.00000000e+00
0.00000000e+00
0.00000000e+00
0.00000000e+00
0.00000000e+00
0.00000000e+00
0.00000000e+00
0.00000000e+00
0.00000000e+00
0.00000000e+00
0.00000000e+00
0.00000000e+00
0.00000000e+00
0.00000000e+00
0.00000000e+00
0.00000000e+00
0.00000000e+00
0.00000000e+00
0.00000000e+00
-4.79433063e-01
5.94841160e-01
-9.50193817e-01
0.00000000e+00
0.00000000e+00
0.00000000e+00
4.56081109e-01
4.03822075e-01
1.20861914e-01
5.67324251e-01
-2.62045245e+00
1.46223763e-01
4.23738156e-01
3.29709592e-01
2.39978534e-01
0.00000000e+00
8.85024773e-01
8.75695717e-01
-9.62489738e-01
1.87661163e-01
-1.50793275e-01
-1.13018816e-01
2.31717759e-01
-1.81455972e+00
-4.60886852e-01
3.04168239e-01
-8.82598618e-01
0.00000000e+00
0.00000000e+00
0.00000000e+00
2.68800287e-01
-1.04123247e+00
-1.78741455e-01
6.60323449e-01
-2.29157591e+00
8.91768458e-01
7.93063468e-01
-2.41527916e-01
3.14388474e-01
0.00000000e+00
1.15827808e+00
1.87762468e-01
-9.17827271e-01
5.96199023e-01
-3.00821974e-01
-2.61432241e-01
1.05868191e-01
-1.17613359e+00
-3.17714587e-02
5.82013767e-01
2 1
-3.1099e-01 1.7732e-01
3 1
1 4 8 
217
7.46439577e-02
-3.65961887e-01
-2.30779357e-01
-9.23239587e-01
-4.91146077e-01
8.26363143e-01
4.70625875e-01
1.05453475e-01
7.88576733e-01
-6.59725754e-01
2.04728089e-02
1.61833211e-02
-7.13885383e-01
-7.97425146e-02
3.38751919e-01
3.04394012e-03
-8.09334295e-01
-4.94943364e-01
9.93331852e-03
-6.37933555e-02
3.28157955e-01
-1.89441168e-03
7.71219664e-02
-9.73225529e-02
1.00586601e-01
2.58193592e-01
0.00000000e+00
8.71360752e-02
-1.24921174e-02
0.00000000e+00
0.00000000e+00
0.00000000e+00
0.00000000e+00
0.00000000e+00
0.00000000e+00
0.00000000e+00
0.00000000e+00
-7.57631318e-02
-1.55697461e-01
5.89689549e-01
0.00000000e+00
0.00000000e+00
0.00000000e+00
0.00000000e+00
0.00000000e+00
-1.16593684e-01
4.39909043e-02
7.90897236e-02
0.00000000e+00
1.98887804e-01
-4.33674989e-01
5.89689549e-01
0.00000000e+00
0.00000000e+00
0.00000000e+00
0.00000000e+00
0.00000000e+00
0.00000000e+00
0.00000000e+00
0.00000000e+00
2.35104283e-01
7.91337683e-02
4.39909043e-02
0.00000000e+00
-6.76429435e-01
-7.96973222e-01
5.10015320e-01
-9.02826098e-01
2.41058073e-01
-3.59942027e-01
0.00000000e+00
-2.04451230e-01
-1.86923268e+00
1.61511813e-01
9.07769446e-01
1.17583375e-01
1.35733116e+00
-2.44987705e-01
-3.21103496e-02
-1.08172849e+00
3.39241729e-01
6.55904718e-01
1.25002833e-02
1.63341660e-01
0.00000000e+00
0.00000000e+00
0.00000000e+00
0.00000000e+00
0.00000000e+00
0.00000000e+00
0.00000000e+00
0.00000000e+00
0.00000000e+00
0.00000000e+00
0.00000000e+00
0.00000000e+00
0.00000000e+00
0.00000000e+00
0.00000000e+00
0.00000000e+00
0.00000000e+00
0.00000000e+00
0.00000000e+00
0.00000000e+00
0.00000000e+00
0.00000000e+00
0.00000000e+00
0.00000000e+00
0.00000000e+00
0.00000000e+00
0.00000000e+00
0.00000000e+00
0.00000000e+00
0.00000000e+00
0.00000000e+00
0.00000000e+00
0.00000000e+00
0.00000000e+00
0.00000000e+00
-3.59233272e-01
-1.93118396e-01
-5.26053259e-01
0.00000000e+00
0.00000000e+00
0.00000000e+00
6.66201867e-01
2.60642232e-01
9.62584526e-02
3.18470897e-01
-2.01895963e+00
-1.02162415e-01
8.11471985e-01
5.10246582e-01
5.68917300e-01
0.00000000e+00
2.65793110e-01
4.31805882e-01
-7.85565350e-01
3.09616237e-01
-5.80832194e-01
-2.03044116e-01
1.03775186e+00
-2.14011982e+00
-3.13760036e-01
3.41213896e-01
-2.98558275e-01
0.00000000e+00
0.00000000e+00
0.00000000e+00
6.83301287e-02
-8.42327313e-01
3.27423490e-02
1.83271967e-01
-9.61670137e-01
4.74718852e-01
-4.18127121e-02
-1.11299559e-01
1.22039377e-01
0.00000000e+00
5.06046055e-01
2.74871398e-01
-4.47652002e-01
-2.60139462e-01
9.58009755e-02
2.80655157e-01
-2.99118720e-01
4.55554129e-01
7.24028232e-02
9.90284193e-02
-1.04181358e+00
0.00000000e+00
0.00000000e+00
0.00000000e+00
2.96870729e-01
-1.10967198e+00
-3.10015900e-01
5.06064887e-01
-1.16911364e+00
6.79265738e-01
6.44949785e-01
5.99231476e-02
-6.52005992e-02
0.00000000e+00
8.62089645e-01
-3.52062520e-02
-9.60563959e-01
5.46815939e-01
-8.94671931e-01
8.86733143e-02
2.03909357e-01
-7.28931674e-01
1.22459158e-01
2.20540650e-01
1.62725813e-03
0.00000000e+00
0.00000000e+00
0.00000000e+00
1.14057241e-02
-6.63292588e-01
1.19310202e-01
-7.38876912e-03
-2.80692343e-01
4.39795416e-03
-1.26448111e-02
-8.86002906e-02
3.27962120e-02
0.00000000e+00
4.12257022e-02
3.73392118e-02
2.63944514e-01
1.91393363e-01
3.74757323e-01
-1.72582960e-01
-5.88952311e-02
-1.03267243e-01
1.25377007e-01
1.87044281e-01
136
-1.80628750e+00
-6.56040275e-01
3.07350271e-03
-5.85354737e-01
1.20543518e-03
-5.63161900e-01
-1.42476776e-03
-1.73059260e-03
-1.30868276e-01
0.00000000e+00
2.36360688e+00
2.40709233e+00
0.00000000e+00
0.00000000e+00
0.00000000e+00
0.00000000e+00
0.00000000e+00
0.00000000e+00
0.00000000e+00
-2.44674924e-01
-7.93005949e-01
-7.27809644e-01
-4.07969876e-02
0.00000000e+00
0.00000000e+00
0.00000000e+00
0.00000000e+00
-2.44674924e-01
-7.61159149e-01
-1.83443930e-01
-8.01996524e-01
0.00000000e+00
-3.84537289e-01
4.58724169e-01
-4.07969876e-02
0.00000000e+00
0.00000000e+00
0.00000000e+00
0.00000000e+00
0.00000000e+00
0.00000000e+00
0.00000000e+00
0.00000000e+00
0.00000000e+00
0.00000000e+00
0.00000000e+00
0.00000000e+00
1.97931723e+00
5.70689904e-01
8.98988344e-01
-1.37555696e+00
0.00000000e+00
-1.23217659e+00
3.50231514e-01
-1.67184260e-01
-1.33352279e+00
-1.08130592e+00
-9.09968610e-01
2.76021515e-01
-2.97840069e-01
-5.91018923e-01
-9.94099309e-01
-1.83443930e-01
0.00000000e+00
0.00000000e+00
0.00000000e+00
0.00000000e+00
0.00000000e+00
0.00000000e+00
0.00000000e+00
0.00000000e+00
0.00000000e+00
0.00000000e+00
0.00000000e+00
0.00000000e+00
0.00000000e+00
0.00000000e+00
0.00000000e+00
0.00000000e+00
0.00000000e+00
0.00000000e+00
0.00000000e+00
0.00000000e+00
0.00000000e+00
0.00000000e+00
0.00000000e+00
1.05049775e-01
5.05456861e-01
-6.95449582e-01
0.00000000e+00
0.00000000e+00
0.00000000e+00
4.36982754e-01
3.76366168e-01
-2.71860675e-02
4.11517559e-01
-2.17179202e+00
-2.95742801e-01
1.84839965e-01
3.56565224e-01
1.47584270e-01
0.00000000e+00
9.21999474e-01
6.06456454e-01
-7.31728675e-01
5.15425391e-01
-2.41066875e-01
-4.07717247e-01
-2.42616823e-02
-1.30097774e+00
1.33435497e-01
4.13850765e-01
-8.97054472e-01
0.00000000e+00
0.00000000e+00
0.00000000e+00
2.53210825e-01
-7.33551337e-01
-1.73511389e-01
6.84894495e-01
-2.15642390e+00
7.96255287e-01
7.86748803e-01
-2.33394528e-01
3.35642935e-01
0.00000000e+00
1.07957743e+00
3.24597235e-01
-1.00557265e+00
5.80631484e-01
-4.24825331e-01
-3.02614657e-01
8.28870482e-02
-1.19410626e+00
-1.41973767e-01
5.44473796e-01
7 1
-4.2889e-01 2.3532e-01
4 1
1 4 8 2 
217
-4.98945421e-01
-4.30485283e-01
2.07923543e-01
4.51528001e-01
-6.07951662e-01
4.32952905e-01
-8.38855852e-02
-3.28302854e-02
7.35931664e-03
2.51047426e-01
-1.47815030e-01
3.18600420e-02
3.33347539e-01
9.22892476e-02
-4.66024340e-01
-2.74790783e-03
6.90217199e-01
-4.10964126e-01
6.68755409e-03
3.73852945e-01
3.54733973e-01
-3.03470631e-03
3.31441120e-01
2.33090717e-02
1.80275300e-01
2.00586186e-01
0.00000000e+00
-2.09199403e-01
-2.86859713e-01
0.00000000e+00
0.00000000e+00
0.00000000e+00
0.00000000e+00
0.00000000e+00
0.00000000e+00
0.00000000e+00
2.21639217e-01
-5.02918315e-01
-5.15545086e-01
-1.23464464e-01
4.21343227e-01
0.00000000e+00
0.00000000e+00
0.00000000e+00
2.21639217e-01
-2.77562273e-01
-3.20510807e-01
1.00669729e-01
0.00000000e+00
-2.89463528e-01
-3.81033237e-01
5.93783284e-01
0.00000000e+00
3.12084246e-01
-2.57802295e-01
3.87305260e-02
0.00000000e+00
-1.73036671e-01
-5.82941602e-01
4.21343227e-01
-6.72503693e-02
-3.32823462e-01
-3.20510807e-01
0.00000000e+00
-1.22549396e+00
-8.54465792e-01
6.57767563e-01
-8.12292268e-01
6.87809757e-02
1.17433175e+00
0.00000000e+00
-1.11184245e-01
-1.37642070e+00
-3.81781511e-02
7.66849642e-01
-3.49583025e-01
1.67160281e-01
1.57799785e-01
-2.30252413e-01
-1.03989498e+00
-2.71218707e-01
1.60234399e+00
-1.55274085e-01
-2.35337666e-01
-2.05447198e-01
-1.62174682e-01
-6.77430261e-01
9.38842800e-02
-7.08817938e-01
-2.25207821e-01
2.99663293e-02
0.00000000e+00
0.00000000e+00
0.00000000e+00
0.00000000e+00
0.00000000e+00
0.00000000e+00
0.00000000e+00
0.00000000e+00
0.00000000e+00
0.00000000e+00
0.00000000e+00
0.00000000e+00
0.00000000e+00
0.00000000e+00
0.00000000e+00
0.00000000e+00
0.00000000e+00
0.00000000e+00
0.00000000e+00
0.00000000e+00
0.00000000e+00
0.00000000e+00
0.00000000e+00
0.00000000e+00
0.00000000e+00
0.00000000e+00
0.00000000e+00
0.00000000e+00
2.87478853e-01
1.34849419e-01
-5.13914306e-01
0.00000000e+00
0.00000000e+00
0.00000000e+00
4.86874431e-01
5.70691695e-01
3.61860714e-01
3.33861192e-01
-2.59148642e+00
-4.03026154e-01
8.32824634e-01
8.13262982e-01
5.47851993e-01
0.00000000e+00
8.58779363e-01
1.07519471e+00
-9.97388613e-01
2.73399943e-02
-3.61664230e-01
-5.22470175e-01
5.10119004e-01
-1.77717734e+00
-1.64382815e-01
-1.14979274e-01
1.49129241e-02
0.00000000e+00
0.00000000e+00
0.00000000e+00
-1.85329378e-01
-5.50623219e-02
-8.30128899e-02
-8.92186779e-02
3.88763609e-01
4.39183571e-01
-4.62061860e-01
-6.52823640e-01
1.18069148e-01
0.00000000e+00
5.55936589e-02
-3.71747285e-01
1.55777999e-02
1.75253288e-01
-8.53251910e-02
8.59270775e-02
-2.15516612e-01
5.89003872e-01
-2.95000539e-02
3.77138808e-01
-7.45183531e-01
0.00000000e+00
0.00000000e+00
0.00000000e+00
3.61502857e-01
-4.87902651e-01
-2.28062885e-01
7.11140746e-01
-1.45680453e+00
7.87949756e-01
4.52816845e-01
1.93911100e-02
2.45132572e-01
0.00000000e+00
1.10117218e+00
-1.89315389e-01
-6.61327047e-01
3.22582722e-01
-8.79605866e-01
-3.00188189e-01
5.15634677e-03
-9.32828554e-01
-2.86601094e-01
6.70607543e-01
-1.42813198e-01
0.00000000e+00
0.00000000e+00
0.00000000e+00
-3.80121517e-02
-3.62694243e-01
-7.20307477e-02
-9.76224761e-02
-4.15354611e-01
6.88182338e-02
5.80439194e-02
-3.52089122e-02
1.51901833e-01
0.00000000e+00
-1.29343326e-01
1.77133080e-01
-1.28218227e-01
1.69883452e-01
5.73310800e-01
3.84399763e-02
5.32930330e-02
-3.98535987e-01
3.11107283e-01
-6.77241268e-02
136
-1.16423757e+00
-4.37229816e-01
-2.16636271e-03
-4.46469076e-01
2.87922809e-03
-2.71314279e-01
-1.43579460e-03
-9.22440002e-03
-6.69973624e-02
0.00000000e+00
1.63155186e+00
1.67309050e+00
0.00000000e+00
0.00000000e+00
0.00000000e+00
0.00000000e+00
0.00000000e+00
0.00000000e+00
0.00000000e+00
-1.74689434e-01
-2.65899041e-01
-5.40015429e-01
-3.04029360e-01
1.20395694e-01
0.00000000e+00
0.00000000e+00
0.00000000e+00
-1.74689434e-01
-5.47356655e-01
-2.09672565e-01
-5.47688026e-01
0.00000000e+00
-3.10311450e-01
-6.52424698e-02
3.45038498e-01
0.00000000e+00
-6.71640445e-02
4.52344667e-01
-3.86319428e-01
0.00000000e+00
-1.41993796e-01
-1.20754634e-01
1.20395694e-01
0.00000000e+00
0.00000000e+00
0.00000000e+00
0.00000000e+00
1.84699091e+00
3.80901622e-01
8.49573912e-01
-1.11662310e+00
0.00000000e+00
-7.51864941e-01
4.13272792e-01
-9.88725592e-02
-1.47712830e+00
-6.39215674e-01
-5.43576572e-01
4.75231004e-01
-1.63865585e-01
-7.44515468e-01
-1.45297807e+00
-6.50889531e-01
-1.81454986e-01
-5.79200377e-02
-9.19158072e-01
0.00000000e+00
0.00000000e+00
0.00000000e+00
0.00000000e+00
0.00000000e+00
0.00000000e+00
0.00000000e+00
0.00000000e+00
0.00000000e+00
0.00000000e+00
0.00000000e+00
0.00000000e+00
0.00000000e+00
0.00000000e+00
0.00000000e+00
0.00000000e+00
0.00000000e+00
0.00000000e+00
0.00000000e+00
0.00000000e+00
-2.09087219e-02
4.41472612e-01
-8.64861851e-01
0.00000000e+00
0.00000000e+00
0.00000000e+00
5.82456049e-01
8.88617350e-03
-2.12089321e-01
5.32465856e-01
-2.66605118e+00
-2.75626753e-01
4.51604841e-01
4.86331683e-01
4.85349327e-02
0.00000000e+00
9.94153567e-01
5.81244117e-01
-8.67371989e-01
4.36949831e-01
-2.03189045e-01
-9.96172900e-02
3.08807612e-01
-1.60945796e+00
1.04462076e-01
5.32644944e-01
-9.13122250e-01
0.00000000e+00
0.00000000e+00
0.00000000e+00
2.95823511e-01
-1.07476894e+00
-8.29021425e-02
6.21321837e-01
-1.93239295e+00
6.74834790e-01
7.93349652e-01
-1.77744001e-01
2.67754352e-01
0.00000000e+00
1.09230519e+00
3.70324553e-01
-9.58971288e-01
5.98427010e-01
-4.99361780e-01
-2.95888530e-01
7.58271041e-02
-1.15057472e+00
-1.09484444e-01
5.78998554e-01
15 2
-6.3315e-01 2.8353e-01
5 4
1 4 8 2 7 
217
2.70893103e-01
-4.20741695e-01
2.80810350e-01
-6.17661499e-01
3.02047337e-02
3.20320487e-02
8.52963432e-03
8.88135049e-03
-7.56029907e-02
3.69563522e-01
2.78636436e-01
-3.02391287e-01
2.91252901e-02
-9.82170744e-01
0.00000000e+00
0.00000000e+00
0.00000000e+00
0.00000000e+00
0.00000000e+00
0.00000000e+00
-1.44829432e-02
-9.51755316e-03
7.33315746e-02
2.93718073e-01
-1.01928666e-04
-1.04990257e-01
1.14062307e-01
7.64777711e-02
8.05879238e-02
0.00000000e+00
0.00000000e+00
0.00000000e+00
0.00000000e+00
0.00000000e+00
0.00000000e+00
0.00000000e+00
0.00000000e+00
-7.31230762e-01
-3.90257643e-01
3.07099657e-01
6.27657221e-01
3.37054969e-01
0.00000000e+00
0.00000000e+00
0.00000000e+00
-2.99302389e-01
-4.15311593e-01
4.58857220e-02
0.00000000e+00
-5.55910333e-02
-1.61700934e-01
6.94053535e-01
0.00000000e+00
1.23978770e-02
-3.34742065e-02
-3.53292420e-01
0.00000000e+00
-7.72441822e-02
-3.34658306e-01
1.13009835e+00
-3.20963130e-02
-4.21276704e-01
6.03696460e-01
1.03242984e-01
-9.29355340e-01
-7.08243547e-01
1.67795423e-01
-8.16178032e-01
9.29210036e-01
4.26677688e-01
0.00000000e+00
-3.00707044e-01
-1.44504722e+00
5.00117862e-01
4.51206474e-01
7.14822851e-02
2.97369789e-01
-2.88972666e-01
-6.35091659e-01
-4.54331056e-01
5.71839694e-01
4.72598539e-01
6.23117734e-01
5.62131012e-01
5.30296736e-02
-1.24768308e-01
-6.80763435e-01
2.22508514e-01
-4.61843077e-01
1.20123223e-01
2.38494223e-01
7.31200529e-03
-1.35680785e-01
-2.78345698e-02
1.39105373e-01
-2.68840234e-01
2.60156510e-01
2.53414985e-01
0.00000000e+00
0.00000000e+00
0.00000000e+00
0.00000000e+00
0.00000000e+00
0.00000000e+00
0.00000000e+00
0.00000000e+00
0.00000000e+00
0.00000000e+00
0.00000000e+00
0.00000000e+00
0.00000000e+00
0.00000000e+00
0.00000000e+00
0.00000000e+00
0.00000000e+00
0.00000000e+00
0.00000000e+00
0.00000000e+00
0.00000000e+00
3.48624490e-01
-6.40242739e-01
-1.01377294e+00
0.00000000e+00
0.00000000e+00
0.00000000e+00
3.94306032e-01
-2.35308737e-01
-1.92424748e-01
2.05233742e-01
-5.85829566e-01
-6.92716279e-01
-2.50258699e-02
1.70428599e-01
2.95622907e-01
0.00000000e+00
1.01158820e+00
-1.94271134e-01
-5.79302399e-01
2.29618819e-01
-2.60299918e-01
-7.83300867e-01
1.28497927e-01
-6.06274209e-01
1.81326074e-01
5.24358485e-01
2.08762374e-01
0.00000000e+00
0.00000000e+00
0.00000000e+00
6.14558794e-02
-1.67245476e-01
1.53172928e-02
6.31787331e-02
-4.97591069e-01
-2.63382811e-03
1.96585664e-02
-2.45703773e-01
1.65731005e-01
0.00000000e+00
1.06250783e-01
2.93505100e-01
7.93271521e-03
2.77711502e-01
-1.14684783e-01
1.38002817e-01
1.39129865e-01
-3.72917795e-01
2.09274518e-01
1.12390321e-01
-1.07965380e+00
0.00000000e+00
0.00000000e+00
0.00000000e+00
7.32500878e-02
-3.79877225e-01
-1.35915319e-01
1.16000148e-01
-2.88107978e-01
-2.34719867e-01
-8.18206678e-02
-3.81877235e-02
-1.80136442e-01
0.00000000e+00
5.67462920e-01
-8.07783757e-03
-9.77374475e-02
1.86737874e-01
-1.03941923e-01
-3.82959849e-01
-8.33186255e-02
-2.24609828e-01
7.77884768e-02
1.38517425e-01
-6.17721096e-02
0.00000000e+00
0.00000000e+00
0.00000000e+00
7.40918680e-02
-2.90794215e-01
1.03081273e-01
1.27275835e-01
-4.66642587e-01
5.61290992e-01
2.51931154e-01
4.28136811e-02
1.98718416e-01
0.00000000e+00
2.17161528e-02
-7.34737828e-02
-4.14087849e-01
7.27064752e-02
-1.64237848e-02
1.05548194e-01
1.95098003e-02
-3.39518454e-01
-8.30672551e-02
4.35519747e-02
136
-3.60011468e-01
0.00000000e+00
0.00000000e+00
0.00000000e+00
0.00000000e+00
-3.71909686e-02
-3.19433151e-03
-5.00315727e-01
3.00956965e-04
-1.05247306e-01
-1.69942028e-01
-7.45183867e-02
0.00000000e+00
0.00000000e+00
0.00000000e+00
0.00000000e+00
0.00000000e+00
0.00000000e+00
0.00000000e+00
6.72411345e-01
-7.02217809e-02
-1.54253820e-01
-3.17898842e-01
-3.45204888e-01
-1.44843483e-01
0.00000000e+00
0.00000000e+00
1.20494820e+00
-6.75345706e-01
8.73409066e-02
-6.69710537e-01
0.00000000e+00
-7.55572968e-01
2.02595191e-01
3.19680267e-01
0.00000000e+00
-5.00325652e-01
5.60260771e-01
-4.47560777e-01
0.00000000e+00
-4.58664859e-01
6.88735749e-02
2.57988529e-01
0.00000000e+00
0.00000000e+00
0.00000000e+00
1.94747475e+00
6.22025483e-01
3.13939093e-01
7.15314272e-01
-6.49837462e-01
0.00000000e+00
-7.34357223e-01
6.40954641e-01
8.88006405e-02
-1.33757625e+00
-2.12354494e-01
2.84631576e-02
3.60374914e-01
3.09465542e-02
-7.75098026e-01
-2.16298855e-01
-2.27681711e-01
-1.31243668e-01
7.42064755e-02
-5.18491494e-01
8.58490378e-02
2.10616760e-03
-4.23839137e-02
1.23796616e-01
-1.94825799e-01
0.00000000e+00
0.00000000e+00
0.00000000e+00
0.00000000e+00
0.00000000e+00
0.00000000e+00
0.00000000e+00
0.00000000e+00
0.00000000e+00
0.00000000e+00
0.00000000e+00
0.00000000e+00
0.00000000e+00
0.00000000e+00
0.00000000e+00
-5.14996791e-01
6.56969117e-02
-1.05869193e+00
0.00000000e+00
0.00000000e+00
0.00000000e+00
4.74838902e-01
3.85133726e-01
-7.40508479e-02
3.54201591e-01
-2.46022846e+00
-3.50986447e-01
2.53167995e-01
3.90730073e-01
2.76880368e-01
0.00000000e+00
9.22975770e-01
5.70240411e-01
-9.68676891e-01
4.31855825e-01
-1.54555857e-01
-3.37714913e-01
2.51946394e-01
-1.46225078e+00
7.18492152e-03
4.30616291e-01
-1.12227491e+00
0.00000000e+00
0.00000000e+00
0.00000000e+00
3.33697363e-01
-1.20855997e+00
-1.79638015e-01
6.20983733e-01
-2.21534618e+00
3.90003431e-01
7.16827758e-01
-6.86342894e-02
2.91029302e-01
0.00000000e+00
1.16140248e+00
3.51927569e-01
-9.01884521e-01
6.08163544e-01
-4.00162545e-01
-2.21989955e-01
8.10118733e-02
-1.09466610e+00
2.20026070e-03
6.11359353e-01
11 1
-7.3324e-01 2.8344e-01
6 1
1 4 8 2 7 15 
217
2.38922733e-01
-7.10163705e-01
-1.69090509e-01
-3.35356411e-01
-4.19037839e-02
6.28274960e-01
4.34824455e-01
-4.91847534e-02
2.25173963e-01
-8.48089028e-01
-8.72630219e-01
1.49941623e-01
0.00000000e+00
0.00000000e+00
-7.61870629e-02
8.41969419e-03
-2.28658833e-01
-6.75771229e-02
-5.72711543e-04
3.45746521e-01
3.82686919e-01
-9.06257403e-03
6.62468346e-03
0.00000000e+00
0.00000000e+00
0.00000000e+00
0.00000000e+00
7.35100496e-03
2.31571728e-01
0.00000000e+00
0.00000000e+00
0.00000000e+00
0.00000000e+00
0.00000000e+00
0.00000000e+00
0.00000000e+00
0.00000000e+00
-1.08379257e-01
-3.21060677e-01
-5.62896456e-01
-9.74244619e-02
-1.80805562e-01
1.05993829e+00
0.00000000e+00
0.00000000e+00
2.68297141e-03
-9.93158181e-01
2.29430476e-01
0.00000000e+00
-2.18852663e-01
-6.95272250e-01
7.15167034e-01
0.00000000e+00
2.44502170e-01
-1.52296990e-01
-1.01644189e-02
0.00000000e+00
-4.38058288e-01
1.80179192e-01
7.34767232e-01
-4.24185824e-02
-9.39364004e-01
7.71154461e-01
0.00000000e+00
-1.02055178e+00
-1.51211082e+00
8.81371983e-01
-3.76013887e-01
3.78102530e-01
5.91311831e-01
0.00000000e+00
2.30270638e-01
-1.80903917e+00
5.51365537e-01
6.31758896e-01
-5.42713442e-01
-1.94265494e-01
0.00000000e+00
3.66820990e-03
-1.97220614e+00
3.38512255e-01
7.38077170e-01
-1.03257732e-01
-8.50598471e-01
0.00000000e+00
-2.45448170e-01
6.92091828e-01
7.47825153e-01
-3.42063221e-01
-2.63454250e-01
-3.73063189e-01
0.00000000e+00
5.93865140e-02
-4.49706427e-01
3.20526434e-01
7.22984719e-02
-1.40990215e-01
-5.58416845e-01
0.00000000e+00
-2.20503109e-01
-5.01972980e-01
8.94899058e-01
-4.25134499e-01
-4.35473215e-01
-5.49430476e-01
0.00000000e+00
0.00000000e+00
0.00000000e+00
0.00000000e+00
0.00000000e+00
0.00000000e+00
0.00000000e+00
0.00000000e+00
0.00000000e+00
0.00000000e+00
0.00000000e+00
0.00000000e+00
0.00000000e+00
0.00000000e+00
2.96440275e-02
2.76162683e-02
-6.19744504e-01
0.00000000e+00
0.00000000e+00
0.00000000e+00
7.47353302e-01
-1.05253950e-01
2.22777617e-01
4.75968913e-01
-2.09493424e+00
-1.33820688e-01
5.35119590e-01
5.92558759e-01
1.37573740e+00
0.00000000e+00
8.38243014e-01
4.74761907e-01
-1.55945093e+00
3.35941199e-01
-9.05370550e-01
-4.25689923e-01
3.93042017e-01
-1.76772209e+00
3.08754214e-01
7.22399435e-02
-2.38464831e-01
0.00000000e+00
0.00000000e+00
0.00000000e+00
-4.10406538e-02
-7.62001283e-01
7.55140285e-03
-4.17553122e-01
-7.08204760e-01
-2.78131128e-01
-2.00550113e-01
-7.25821877e-01
-7.23639529e-01
0.00000000e+00
3.14062552e-01
4.62441280e-01
4.01553111e-01
4.57209536e-01
1.10759690e-01
4.69154095e-02
-2.68932772e-01
1.08488375e+00
4.75044650e-01
5.26989029e-01
-7.96210032e-01
0.00000000e+00
0.00000000e+00
0.00000000e+00
2.29259055e-01
-1.26512409e+00
2.33710198e-01
6.13812791e-01
-1.12323139e+00
2.67706229e-01
9.54030253e-01
1.90822809e-01
3.80212872e-01
0.00000000e+00
7.26948395e-01
-6.22774384e-02
-1.33612604e+00
7.97531926e-01
-3.48345084e-01
2.38603888e-01
1.18481481e-01
-7.53474770e-01
-8.84767606e-01
2.26016493e-01
-2.28297466e-01
0.00000000e+00
0.00000000e+00
0.00000000e+00
5.54912142e-02
-4.21186481e-01
-2.81116637e-01
2.26970789e-01
-1.22085972e+00
3.45243575e-01
-3.71004511e-01
1.39774079e-02
5.44217271e-04
0.00000000e+00
1.08451566e-01
3.16281504e-01
4.21090021e-01
5.65571222e-02
2.52083907e-01
-1.82099283e-01
1.43016674e-02
-4.73082726e-01
6.01773617e-01
3.08285289e-01
136
-1.53122441e+00
-7.48528711e-01
8.73456025e-03
-2.59280013e-01
-2.89121916e-04
-5.23415690e-01
1.40960976e-03
0.00000000e+00
0.00000000e+00
0.00000000e+00
-1.69117067e-01
-2.41094969e-02
0.00000000e+00
0.00000000e+00
0.00000000e+00
0.00000000e+00
0.00000000e+00
0.00000000e+00
0.00000000e+00
-2.18574030e-01
-1.49929780e-01
-4.49312370e-01
-5.40820803e-01
-3.77389787e-01
-8.76683247e-02
2.92470681e-01
0.00000000e+00
4.72070597e-01
-8.57072752e-01
-5.31484577e-01
-9.57628931e-01
0.00000000e+00
-6.49262631e-01
-2.13577989e-01
5.97450843e-01
0.00000000e+00
-3.62249452e-01
2.88432327e-01
-5.30994412e-01
0.00000000e+00
-3.00307605e-01
3.74203775e-01
3.44299149e-01
0.00000000e+00
0.00000000e+00
0.00000000e+00
0.00000000e+00
1.60131347e+00
3.53352183e-01
8.61237069e-01
-8.33866030e-01
0.00000000e+00
-9.01924599e-01
3.67602326e-01
-4.27070375e-02
-1.17969125e+00
0.00000000e+00
2.11992498e+00
9.00675089e-01
3.29349344e-01
-7.54891872e-01
-1.23896289e+00
-4.95964007e-01
-2.06544158e-01
-2.19146412e-02
-5.43613264e-01
0.00000000e+00
7.06611903e-01
2.70697125e-01
2.14406117e-01
-8.73839891e-02
0.00000000e+00
-1.49076616e+00
-4.73009447e-01
8.90318018e-02
-5.07545367e-01
0.00000000e+00
0.00000000e+00
0.00000000e+00
0.00000000e+00
0.00000000e+00
0.00000000e+00
0.00000000e+00
0.00000000e+00
0.00000000e+00
0.00000000e+00
2.21472950e-02
7.04488423e-01
-7.89090847e-01
0.00000000e+00
0.00000000e+00
0.00000000e+00
4.29628243e-01
2.55148257e-01
-1.19046736e-01
5.60529920e-01
-2.15090352e+00
6.98393355e-02
4.24871794e-01
4.02780856e-01
2.55020811e-01
0.00000000e+00
7.52672969e-01
4.05516210e-01
-1.08245175e+00
2.86214834e-01
-1.04405079e-01
-4.14590991e-04
2.72850079e-01
-1.53796261e+00
-2.65511115e-01
3.56531247e-01
-8.12031850e-01
0.00000000e+00
0.00000000e+00
0.00000000e+00
2.14807966e-01
-9.12272132e-01
-1.79266947e-01
6.85489338e-01
-1.96611550e+00
7.69822490e-01
8.04475765e-01
-2.28183083e-01
3.45471150e-01
0.00000000e+00
1.10313662e+00
2.05991440e-01
-9.03879219e-01
5.57371711e-01
-4.74401908e-01
-3.25547338e-01
6.85623751e-02
-1.06196197e+00
-7.25073929e-02
5.56974776e-01
0 1
-7.2812e-01 3.3627e-01
7 -1
1 4 8 2 7 15 11 
217
1.36124295e+00
2.79133560e-01
-2.08358527e+00
-3.87194423e-01
1.42034245e+00
-5.09165973e-01
2.35486552e-01
-1.23726812e+00
0.00000000e+00
0.00000000e+00
0.00000000e+00
0.00000000e+00
0.00000000e+00
0.00000000e+00
3.27010152e-01
-1.72955022e-03
-5.46198262e-01
5.64934155e-01
2.78907255e-03
-9.58435226e-01
-4.47494533e-01
5.51733154e-03
2.94014366e-01
9.16793179e-01
-1.44115934e-03
-2.14630673e-02
0.00000000e+00
2.54806373e-01
5.05702644e-01
0.00000000e+00
0.00000000e+00
0.00000000e+00
0.00000000e+00
0.00000000e+00
0.00000000e+00
0.00000000e+00
7.22816581e-01
6.55450355e-01
-2.55180532e-01
-6.87612562e-01
-3.55380425e-01
3.80409019e-01
6.60525842e-01
0.00000000e+00
2.15941815e-01
-9.58212026e-01
-2.17874187e-03
4.99354255e-01
0.00000000e+00
1.23163661e+00
0.00000000e+00
1.18778141e+00
0.00000000e+00
-5.55062263e-01
2.26748796e-01
1.12111464e-01
0.00000000e+00
0.00000000e+00
0.00000000e+00
-4.73663030e-01
7.02641019e-01
-1.59028875e-01
9.48142281e-02
0.00000000e+00
-2.65296289e-02
0.00000000e+00
2.09119674e+00
-9.24479942e-01
0.00000000e+00
0.00000000e+00
0.00000000e+00
1.53631125e+00
0.00000000e+00
-3.03812803e-02
8.36969099e-01
0.00000000e+00
0.00000000e+00
0.00000000e+00
-2.01405653e-01
0.00000000e+00
-4.65484095e-01
6.46127304e-01
0.00000000e+00
0.00000000e+00
0.00000000e+00
-3.77855000e-01
0.00000000e+00
9.20252360e-01
-2.52115827e-01
0.00000000e+00
0.00000000e+00
0.00000000e+00
7.45826202e-01
5.02228424e-01
1.27128403e+00
-2.05773726e-01
0.00000000e+00
0.00000000e+00
0.00000000e+00
3.30853474e-01
-1.15975219e+00
1.12507561e+00
-9.45675215e-02
0.00000000e+00
0.00000000e+00
9.06964504e-01
3.77944416e-01
7.38444237e-01
1.23144620e+00
-3.60530098e-01
0.00000000e+00
0.00000000e+00
0.00000000e+00
0.00000000e+00
0.00000000e+00
0.00000000e+00
0.00000000e+00
0.00000000e+00
0.00000000e+00
-5.94371864e-01
2.51549929e+00
-1.96802648e+00
0.00000000e+00
0.00000000e+00
0.00000000e+00
1.61818343e+00
7.40794526e-01
4.45365658e-01
-1.36167048e+00
-1.31687337e-02
9.09171662e-01
-1.68261495e-01
6.78014044e-01
8.27679561e-01
0.00000000e+00
6.04159933e-01
7.28777581e-01
-7.06091887e-01
5.07271609e-01
2.44105800e+00
4.98423486e-02
4.00642110e-01
-2.41311294e-01
3.02283593e-01
1.46657796e+00
-7.14559810e-01
0.00000000e+00
0.00000000e+00
0.00000000e+00
-1.47875606e+00
-2.30308628e-01
-2.40394381e-01
2.15854722e+00
-4.43440782e-03
-1.98724153e-01
1.08366664e+00
1.16141698e+00
-8.76617043e-02
0.00000000e+00
8.48193330e-01
1.32348673e+00
-9.80080506e-01
9.07412607e-02
-1.68319082e+00
3.04826253e-01
1.15163070e+00
-6.38838652e-02
1.08010169e+00
-4.90999084e-01
-9.26133187e-01
0.00000000e+00
0.00000000e+00
0.00000000e+00
9.05918739e-01
-1.89647272e-02
1.09961960e+00
1.58467459e+00
-6.10069478e-01
6.39709088e-01
8.57767108e-01
1.21656037e+00
1.07041572e+00
0.00000000e+00
2.08522425e+00
5.90047155e-01
-1.83576993e-01
1.34818554e+00
4.21551124e-01
3.06479824e-01
1.26473865e+00
-7.47018171e-03
1.46864196e+00
1.25216894e+00
-1.56802984e-01
0.00000000e+00
0.00000000e+00
0.00000000e+00
1.50749702e+00
-3.17313998e-03
6.97378224e-02
3.51745389e-01
-1.34142594e-01
2.64864528e-01
9.98058799e-01
-3.52529747e-01
7.79001459e-01
0.00000000e+00
-5.12751765e-01
4.83888261e-01
-1.32915126e+00
7.89465352e-01
1.57532018e+00
1.20319196e+00
-7.58171545e-01
-3.99912464e-03
-1.94711411e-02
3.06121172e-01
136
-3.46278816e-01
-3.30456350e-01
1.56783937e-02
7.00240341e-02
-9.32245651e-04
3.82355389e-02
-2.18028128e-03
-1.24082039e-01
-2.07898299e-04
-1.39344198e-01
-1.41844861e-01
-6.50897576e-02
0.00000000e+00
0.00000000e+00
0.00000000e+00
0.00000000e+00
0.00000000e+00
0.00000000e+00
0.00000000e+00
0.00000000e+00
-5.78585008e-01
-4.08066188e-01
-3.73601935e-01
-2.30193519e-02
8.86554859e-02
-1.38794561e-01
0.00000000e+00
0.00000000e+00
-2.91149367e-01
-1.40120449e-02
-6.26699159e-01
0.00000000e+00
-7.53515673e-01
-1.62404121e-01
5.35533312e-01
0.00000000e+00
-1.18291091e-01
4.25133568e-01
-3.98577847e-01
0.00000000e+00
-5.57799769e-01
6.26289109e-02
4.86903211e-01
0.00000000e+00
0.00000000e+00
0.00000000e+00
1.20811360e+00
1.69203965e-01
2.50029436e-01
5.91234954e-01
-5.62973007e-01
0.00000000e+00
-6.54784647e-01
5.51593727e-01
-8.85940306e-03
-1.05316890e+00
-2.61953853e-02
-1.88386374e-01
3.11315724e-01
-3.73237192e-02
-5.56855792e-01
-7.64594174e-01
1.09061527e-01
1.36220028e-02
6.31028522e-02
-2.04051356e-01
5.92831513e-01
-4.45743862e-01
-8.97307471e-02
-1.69710591e-02
-2.52164735e-02
0.00000000e+00
-3.75869872e-01
-2.60765654e-01
2.45780545e-01
-6.98223203e-01
-4.01382949e-01
9.64236184e-02
-6.18017100e-02
1.59700379e-01
-1.14320465e+00
0.00000000e+00
0.00000000e+00
0.00000000e+00
0.00000000e+00
0.00000000e+00
-5.73272761e-02
8.74206407e-01
-1.62208766e+00
0.00000000e+00
0.00000000e+00
0.00000000e+00
1.22230220e+00
1.26579059e+00
4.02530846e-01
1.48874072e+00
-3.52860720e-01
6.05563254e-01
1.15637283e+00
1.12127493e+00
6.85045555e-01
0.00000000e+00
1.32069014e+00
1.43914290e+00
-2.29608870e-01
1.07126789e+00
1.16056063e-01
5.91884603e-01
1.02436011e+00
-9.53506628e-01
6.24093952e-01
1.19636645e+00
-1.05845832e+00
0.00000000e+00
0.00000000e+00
0.00000000e+00
6.56568040e-01
-4.93840897e-01
3.25275849e-01
1.27809481e+00
-1.56343091e-01
1.02890227e+00
1.28128001e+00
2.09351854e-01
6.75307560e-01
0.00000000e+00
1.40531270e+00
1.10621847e+00
-4.76673166e-01
8.75836425e-01
-3.19922123e-01
1.10202257e-01
5.57502097e-01
-6.82679093e-01
3.04008667e-01
9.76693222e-01
18 2
-8.0488e-01 3.2925e-01
8 4
1 4 8 2 7 15 11 0 
217
6.66214699e-02
-5.46562442e-01
5.20485007e-01
-5.14909306e-01
-1.90150479e-01
-1.29400744e-01
5.31341140e-03
-1.21103673e-01
-9.68874979e-02
1.76926891e-01
1.55981692e-01
-1.17397197e-01
1.92364343e-01
-7.84727590e-01
0.00000000e+00
0.00000000e+00
0.00000000e+00
0.00000000e+00
0.00000000e+00
0.00000000e+00
-3.94657375e-03
2.01616824e-02
1.45333714e-02
7.55729821e-02
-9.89938333e-04
7.96872997e-02
1.17371489e-01
-4.21122628e-02
-8.63775620e-03
0.00000000e+00
0.00000000e+00
0.00000000e+00
0.00000000e+00
0.00000000e+00
0.00000000e+00
0.00000000e+00
0.00000000e+00
-3.80610625e-01
-3.01274089e-01
-1.11943890e-01
1.67651134e-01
-5.32498304e-02
5.68573596e-01
0.00000000e+00
0.00000000e+00
-2.41390982e-01
-5.46630250e-01
-3.18067261e-02
0.00000000e+00
-4.26703616e-01
-3.34350235e-01
9.82384397e-01
0.00000000e+00
-1.48928730e-01
2.77240750e-02
-2.64806161e-02
0.00000000e+00
-1.93376980e-01
-9.22958132e-02
1.02888991e+00
-2.83895195e-01
6.89764492e-02
3.36246103e-01
1.61515926e-02
-8.92116782e-01
-1.81714830e-01
9.69743839e-02
-8.79140022e-01
8.45612275e-01
4.05691265e-01
0.00000000e+00
-9.40813274e-01
-1.13796938e+00
6.73829274e-01
4.80924862e-01
3.33605469e-01
3.52188240e-01
-2.74608617e-01
-6.23317578e-01
-1.26806350e-01
7.50190605e-01
4.80288658e-01
2.14357060e-01
2.32346287e-01
-2.57129716e-01
-2.71780662e-01
-3.30978579e-01
2.35793182e-01
-1.84271455e-01
3.59738665e-01
3.05557543e-01
-2.67621284e-01
-1.75271314e-01
3.16414335e-02
6.55053145e-02
5.97937668e-02
4.44008754e-01
2.43616714e-01
0.00000000e+00
-9.77371332e-02
-2.17131852e-01
2.17549368e-02
9.50562114e-02
1.42603666e-01
2.89682880e-01
3.60553666e-02
-4.13992124e-01
-4.53487315e-01
6.90750033e-02
3.89054801e-02
3.75483224e-01
2.23689672e-01
2.97347920e-01
2.75731442e-01
0.00000000e+00
0.00000000e+00
0.00000000e+00
-4.98573669e-01
-8.09131236e-02
2.49613236e-01
-3.95563920e-01
-1.09972620e+00
0.00000000e+00
0.00000000e+00
0.00000000e+00
6.76812716e-01
-2.31793987e-01
-2.68481499e-01
9.98079903e-03
-4.75157902e-01
-4.26000232e-01
-7.44357166e-03
2.89567160e-01
4.69885858e-01
0.00000000e+00
7.49624847e-01
2.44528519e-02
-4.80034944e-01
1.88795246e-01
-5.57070464e-01
-7.01121568e-01
-3.05930987e-02
-6.11184469e-01
2.03270168e-02
2.59709040e-01
1.64047674e-01
0.00000000e+00
0.00000000e+00
0.00000000e+00
-2.07357149e-02
-1.23429557e-01
1.26988617e-02
1.65368780e-01
-6.70111015e-01
-1.78941403e-02
2.06153888e-02
-2.42092042e-01
1.07159676e-01
0.00000000e+00
1.86424931e-01
1.23376985e-01
5.41497716e-02
2.72963269e-01
-9.73827362e-03
1.27958186e-01
1.84296200e-01
-3.43993552e-01
9.03944487e-02
2.46635470e-01
-1.11882508e+00
0.00000000e+00
0.00000000e+00
0.00000000e+00
9.41071745e-02
-4.21323864e-01
-4.31298837e-01
9.18553534e-02
-3.54478672e-01
-2.87586253e-01
3.22503283e-01
-1.48197676e-01
-8.88763231e-02
0.00000000e+00
7.46814434e-01
-9.88529186e-02
-2.60651382e-01
2.62014094e-01
-2.22920108e-01
-2.36418339e-01
-8.24686377e-02
-2.33188658e-01
1.73823109e-02
2.12759937e-01
-4.82516826e-02
0.00000000e+00
0.00000000e+00
0.00000000e+00
9.43781251e-02
-4.16170408e-01
3.49797129e-02
1.61710019e-01
-5.20273270e-01
3.63463709e-01
1.76107299e-01
8.63596707e-02
1.33101107e-01
0.00000000e+00
-2.43309920e-02
2.97445741e-02
-3.64081703e-01
8.04825822e-02
9.93344011e-02
1.03796652e-01
1.48876534e-01
-2.73444508e-01
-2.46060220e-02
6.23208342e-02
136
-3.81273758e-02
0.00000000e+00
0.00000000e+00
0.00000000e+00
0.00000000e+00
-2.28873883e-02
-1.70506017e-03
-2.62236040e-01
5.50716103e-04
-1.93924885e-02
-5.19921185e-02
4.61445143e-02
0.00000000e+00
0.00000000e+00
0.00000000e+00
0.00000000e+00
0.00000000e+00
0.00000000e+00
0.00000000e+00
2.01011727e-01
3.26900223e-01
2.82510534e-03
-1.52134519e-01
-2.56685461e-01
-2.96230739e-01
-1.60607430e-02
1.52247031e-01
1.23029022e+00
-7.19547270e-01
-1.73367449e-02
-4.59406970e-01
0.00000000e+00
-6.53453699e-01
8.29676624e-03
3.27081831e-01
0.00000000e+00
-3.76557591e-01
2.41459159e-01
-2.37225725e-01
0.00000000e+00
-2.19821312e-01
7.46570506e-02
2.48294681e-01
0.00000000e+00
0.00000000e+00
0.00000000e+00
1.66185202e+00
3.90656659e-01
2.84945752e-01
5.49048508e-01
-9.94639982e-01
0.00000000e+00
-2.21904346e-01
5.40881605e-01
-1.75613069e-03
-1.40776330e+00
-5.63872301e-02
-5.49280006e-02
4.13502913e-01
9.57710386e-05
-3.06556540e-01
-7.27554465e-01
-1.43634879e-01
-8.49969930e-02
7.33222708e-02
-4.38400035e-01
4.70582772e-01
-9.19736972e-02
-6.40915325e-02
1.17551936e-01
-1.82386654e-01
0.00000000e+00
-4.55814541e-01
-1.61421802e-01
2.81121258e-01
-4.76394387e-01
-1.62652084e-01
-5.73650486e-02
-1.64562747e-01
1.55404509e-01
-4.87893540e-01
-3.14400549e-03
-6.84189313e-02
-1.02713146e+00
3.55549664e-02
-1.89923599e-01
-3.48717994e-01
7.16286005e-02
-9.93367439e-01
0.00000000e+00
0.00000000e+00
0.00000000e+00
5.00065879e-01
2.94243337e-01
-8.95678764e-02
3.69588169e-01
-2.56712813e+00
-3.68623276e-01
3.14226230e-01
4.69097342e-01
3.69523923e-01
0.00000000e+00
9.20019025e-01
5.39351687e-01
-9.77135875e-01
4.14692682e-01
-1.07276653e-01
-3.27377541e-01
2.62960161e-01
-1.51555551e+00
3.20442201e-02
4.73484771e-01
-1.11288136e+00
0.00000000e+00
0.00000000e+00
0.00000000e+00
2.62617775e-01
-1.12340178e+00
-5.92414141e-02
5.83597043e-01
-1.99018492e+00
6.09928052e-01
5.67984459e-01
-8.18717819e-02
2.52287147e-01
0.00000000e+00
1.13768981e+00
3.67774560e-01
-8.75003989e-01
6.27072249e-01
-4.63356855e-01
-2.53050834e-01
-4.50335129e-02
-1.16917477e+00
-4.00179398e-02
5.78505346e-01
16 1
-1.1549e+00 3.5513e-01
8 1
1 4 8 2 7 15 11 0 
217
-3.88388428e-01
-1.37359637e-01
-1.07359842e-01
-2.38517033e-01
-3.13029967e-02
3.20335200e-01
2.03686676e-01
-2.93292733e-02
-2.15622986e-01
2.14844475e-01
-3.72481729e-01
6.21819394e-01
0.00000000e+00
0.00000000e+00
-1.64081444e-01
7.94037099e-03
-1.84374902e-01
-2.66799412e-02
4.37837226e-03
7.81594289e-02
-1.97627043e-01
1.07797853e-02
-3.44995618e-02
0.00000000e+00
0.00000000e+00
0.00000000e+00
0.00000000e+00
-3.51591928e-01
-3.67965000e-02
0.00000000e+00
0.00000000e+00
0.00000000e+00
0.00000000e+00
0.00000000e+00
0.00000000e+00
0.00000000e+00
0.00000000e+00
1.62543606e-02
-2.91475280e-01
-3.99252913e-01
-2.14575909e-01
-2.02920421e-01
-2.81432050e-01
5.34209420e-01
0.00000000e+00
-9.47895180e-01
-6.08992115e-01
-3.55842351e-01
0.00000000e+00
-5.20635168e-01
-8.22183909e-01
1.14986499e+00
0.00000000e+00
-2.16245732e-02
-5.41201935e-01
4.35534660e-01
0.00000000e+00
-3.38090287e-02
-1.00049542e+00
1.01922068e+00
-8.47168060e-02
-9.06504836e-01
1.52028849e-01
0.00000000e+00
-1.11320246e+00
0.00000000e+00
7.06561874e-01
-4.81436385e-01
1.82521592e-02
1.76064979e-01
0.00000000e+00
3.35706968e-01
-1.36837547e+00
-7.86008091e-02
8.46934532e-01
-6.45494586e-01
-6.02243317e-01
0.00000000e+00
-1.80350575e-01
-7.17271959e-01
-1.65247696e-01
5.28660729e-01
-4.27901561e-02
-2.37169246e-01
0.00000000e+00
-2.41838605e-01
-1.56495733e+00
-1.13882776e-01
-1.98561033e-02
-3.26670467e-02
2.13457389e-01
0.00000000e+00
-2.42318856e-01
2.23867195e-01
-1.24135876e-01
-6.31940021e-03
-2.19336955e-02
1.13334818e+00
0.00000000e+00
-5.24633825e-01
-5.65074031e-01
4.90989591e-01
-3.63030953e-01
-3.54744194e-01
-2.79713109e-01
0.00000000e+00
-3.63873936e-01
5.01195158e-01
8.24767530e-02
7.65162281e-02
-1.06991245e-01
3.46449282e-01
4.84577308e-01
3.10862925e-01
0.00000000e+00
0.00000000e+00
0.00000000e+00
-4.21653595e-01
-1.31550318e-02
1.35795299e+00
2.85877935e-01
-3.22222571e-01
0.00000000e+00
0.00000000e+00
0.00000000e+00
8.40104816e-01
-1.46506442e+00
-4.56565602e-01
9.27974334e-01
-2.22084053e+00
-7.14495056e-01
1.21129526e+00
1.44369291e-02
1.78170746e+00
0.00000000e+00
1.37048050e+00
9.99290157e-01
-1.27417898e+00
4.16531211e-01
-1.19215166e+00
2.54335165e-01
9.70976477e-01
-2.24099603e+00
1.69684021e-01
2.85253369e-01
-2.50423946e-02
0.00000000e+00
0.00000000e+00
0.00000000e+00
-2.27996777e-01
3.25754711e-01
1.30539433e-01
1.33334370e-01
-6.90872941e-01
7.81865890e-01
-5.19250082e-02
2.31091347e-01
-5.48119296e-01
0.00000000e+00
-5.89217900e-02
-1.17531511e+00
-1.91877503e-01
2.37498911e-01
5.49975632e-01
-9.33743002e-02
-3.27284419e-01
6.02215307e-01
1.82183175e-01
1.66185976e-01
-1.17954046e+00
0.00000000e+00
0.00000000e+00
0.00000000e+00
9.03692382e-01
-1.27901112e+00
-4.16730837e-01
5.18892966e-01
-1.69136620e+00
9.01628310e-01
1.03877495e+00
1.45714944e-01
-2.97697976e-01
0.00000000e+00
1.08194686e+00
-4.47123160e-01
-8.09061779e-01
2.83778931e-01
-3.84608484e-01
1.92848000e-02
-2.32647925e-01
-9.88039463e-01
-2.53416441e-01
7.26448776e-01
1.00219288e-01
0.00000000e+00
0.00000000e+00
0.00000000e+00
-2.25935442e-01
5.90119484e-01
2.45788808e-01
-4.14062507e-03
-9.49150202e-01
-9.38953434e-02
-1.95887670e-01
-2.09182923e-01
5.24251461e-01
0.00000000e+00
-1.47044687e-01
2.66120182e-01
5.01562664e-02
3.77653451e-01
-9.83979629e-02
-2.40479582e-01
1.99991855e-01
-3.59454198e-02
2.77110271e-01
-2.30912632e-01
136
-8.36198915e-01
-3.91761875e-01
9.40749348e-04
-5.66350368e-02
-1.47761870e-03
-3.87802004e-01
2.07963279e-03
0.00000000e+00
0.00000000e+00
0.00000000e+00
-1.12624240e-01
-2.67456832e-03
0.00000000e+00
0.00000000e+00
0.00000000e+00
0.00000000e+00
0.00000000e+00
0.00000000e+00
0.00000000e+00
-2.69909390e-01
-6.62769963e-02
-3.45373696e-01
-3.21724613e-01
-2.06068754e-01
9.57525970e-03
1.22269272e-01
2.41310002e-01
1.04545886e+00
-8.41511905e-01
-7.21294406e-01
-6.60054444e-01
0.00000000e+00
-7.62298594e-01
-4.89395587e-01
6.85873445e-01
0.00000000e+00
-3.45878955e-01
3.37898387e-01
-1.85177593e-01
0.00000000e+00
-3.27728080e-01
9.92304415e-02
5.89030002e-01
0.00000000e+00
0.00000000e+00
0.00000000e+00
0.00000000e+00
1.31693376e+00
2.80340317e-01
7.01243313e-01
-1.06745866e+00
0.00000000e+00
-4.92309161e-01
3.91525215e-01
-7.48115385e-02
-1.26001851e+00
0.00000000e+00
8.44062049e-01
6.45544713e-01
8.16497702e-02
-4.06029809e-01
-9.58237506e-01
-1.51670339e-01
-6.37282657e-02
-2.88614515e-02
-6.64009630e-01
0.00000000e+00
4.81814831e-01
1.67012171e-02
2.22927747e-01
-1.09358963e-01
0.00000000e+00
-1.26050370e+00
-4.08752573e-01
4.25113972e-02
-4.20336587e-01
-2.50614081e+00
5.04352736e-01
-6.78498930e-02
2.75270396e-01
0.00000000e+00
-4.69461056e-01
-4.88785297e-01
-1.27215212e+00
-1.10449976e-01
-1.17633668e-02
-7.56669698e-02
7.82948992e-01
-8.72123643e-01
0.00000000e+00
0.00000000e+00
0.00000000e+00
4.05756579e-01
2.48832258e-01
-9.07798066e-02
4.11560077e-01
-2.27782187e+00
1.91738764e-02
3.31599930e-01
3.09305759e-01
2.28807970e-01
0.00000000e+00
7.75535681e-01
5.70268426e-01
-9.53431106e-01
3.05127443e-01
-1.30666516e-01
-8.10922899e-02
1.47576410e-01
-1.35532782e+00
-1.53029188e-01
4.16480542e-01
-8.17341193e-01
0.00000000e+00
0.00000000e+00
0.00000000e+00
2.46216080e-01
-1.10807354e+00
-1.45511371e-01
6.94742849e-01
-1.94402511e+00
7.43023427e-01
7.37696018e-01
-1.75255020e-01
3.63422337e-01
0.00000000e+00
1.03069884e+00
2.97865532e-01
-9.16524516e-01
5.80961032e-01
-3.39080755e-01
-2.81269088e-01
6.66416500e-02
-1.12447293e+00
-9.62658134e-02
5.51869194e-01
6 2
-1.0174e+00 3.5888e-01
8 -1
1 4 8 2 7 15 11 0 
217
3.83324174e-01
-9.15087319e-02
1.60575148e-01
2.94874346e-01
6.29706635e-01
-1.22584057e+00
6.31533094e-03
-7.49286493e-01
-2.01713790e+00
3.03003730e+00
0.00000000e+00
0.00000000e+00
0.00000000e+00
0.00000000e+00
3.83324174e-01
-2.43687417e-02
1.88857513e+00
0.00000000e+00
0.00000000e+00
0.00000000e+00
0.00000000e+00
0.00000000e+00
0.00000000e+00
0.00000000e+00
0.00000000e+00
0.00000000e+00
0.00000000e+00
-6.55090690e-02
4.48833243e-01
0.00000000e+00
0.00000000e+00
0.00000000e+00
0.00000000e+00
0.00000000e+00
0.00000000e+00
0.00000000e+00
5.11625551e-01
7.14863133e-01
6.18931368e-02
-7.33052826e-01
-1.99056863e+00
-1.25049453e-01
-1.07553771e+00
0.00000000e+00
-1.57896818e+00
-2.88470387e+00
-4.28239885e-01
1.07831862e+00
0.00000000e+00
-2.74680831e+00
0.00000000e+00
4.13847000e+00
0.00000000e+00
-1.91592471e+00
1.98508688e-01
2.53599651e+00
0.00000000e+00
-1.49515591e+00
0.00000000e+00
2.86953254e+00
-8.57751154e-02
-7.94391375e-01
7.51865113e-01
0.00000000e+00
-1.19640070e+00
0.00000000e+00
1.29984718e+00
-8.04709710e-01
2.79877687e-01
-1.68998414e-01
0.00000000e+00
1.72945453e+00
0.00000000e+00
-4.29691323e-02
2.74510346e-01
0.00000000e+00
0.00000000e+00
0.00000000e+00
-2.73038586e-01
0.00000000e+00
6.79040713e-01
7.86052387e-02
-2.26779534e-02
8.90799295e-01
0.00000000e+00
-1.19084416e+00
0.00000000e+00
4.47554368e-01
-3.54179004e-01
1.12661397e+00
1.96943375e+00
0.00000000e+00
5.26728534e-01
-1.26787978e-01
7.13409661e-01
8.86725533e-01
-8.56814022e-01
-1.53999706e+00
0.00000000e+00
-2.28972737e+00
9.51012037e-02
-6.37076663e-01
-7.67865280e-01
0.00000000e+00
0.00000000e+00
0.00000000e+00
-1.07513665e+00
4.46729677e-01
-1.41995548e+00
1.07404558e+00
2.87841630e+00
-7.23852011e-02
-2.29525082e-01
-7.17434177e-03
0.00000000e+00
2.63529783e-01
-1.07448199e-01
3.56493815e-01
9.91600113e-01
-1.64689317e-01
2.04674586e+00
-2.46263404e+00
0.00000000e+00
0.00000000e+00
0.00000000e+00
1.84067219e+00
-2.18525448e-02
1.52529214e+00
2.73258941e+00
0.00000000e+00
2.37996642e+00
2.16204032e+00
1.57198074e+00
1.89694577e+00
0.00000000e+00
1.72875900e+00
1.86834706e+00
-1.23872800e+00
3.92784431e+00
2.52019826e+00
8.91317489e-01
6.98311847e-01
9.99421005e-01
-8.18125343e-01
2.09906565e+00
-1.49058388e+00
0.00000000e+00
0.00000000e+00
0.00000000e+00
1.18749062e+00
-1.09876543e-02
1.66413700e+00
3.97313009e-02
0.00000000e+00
7.57641289e-01
7.81289279e-01
1.95326954e+00
-2.64745756e-01
0.00000000e+00
9.68925439e-01
2.70343362e-01
9.17313508e-01
-2.97386423e+00
-1.07159786e+00
1.72090263e+00
1.20075913e+00
5.81467236e-02
1.90112805e+00
5.21510918e-01
-2.58616713e+00
0.00000000e+00
0.00000000e+00
0.00000000e+00
2.45646111e+00
-9.23121020e-02
1.55956375e+00
2.31263311e+00
-5.13667017e-02
1.41898198e+00
3.62435266e+00
2.03280597e+00
2.45099158e+00
0.00000000e+00
3.74601778e+00
2.89654781e+00
1.14879123e+00
2.85636535e+00
2.38794352e+00
2.23042364e+00
2.05692923e+00
-3.20477387e-02
1.50687616e+00
3.46325257e+00
-3.30074613e-01
0.00000000e+00
0.00000000e+00
0.00000000e+00
-3.33269212e-01
-5.86289127e-02
4.91533550e-01
1.07236235e+00
-4.91043782e-02
2.04929638e+00
-8.56075171e-02
-4.33925555e-01
-3.04676734e-02
0.00000000e+00
-4.94812004e-01
1.25281517e+00
-2.44798367e-01
1.19547750e+00
2.19499696e-02
-1.51233241e-01
9.42494327e-01
-2.31181323e-02
1.23327623e+00
-7.14114218e-01
136
-1.44704652e+00
-1.21266165e+00
-2.99068360e-03
0.00000000e+00
0.00000000e+00
0.00000000e+00
0.00000000e+00
0.00000000e+00
0.00000000e+00
0.00000000e+00
-1.08118526e-01
1.12348380e-01
0.00000000e+00
0.00000000e+00
0.00000000e+00
0.00000000e+00
0.00000000e+00
0.00000000e+00
0.00000000e+00
0.00000000e+00
-1.14553778e+00
-9.12938228e-01
-5.20196752e-01
-8.44233904e-02
3.97790300e-01
9.26040642e-01
-1.07781310e-01
6.84058208e-01
-1.52405067e+00
-8.81845395e-01
-1.30573135e+00
0.00000000e+00
-8.99278514e-01
-1.30806920e-01
4.24449062e-01
0.00000000e+00
-5.76365224e-01
2.97240076e-01
-3.01482842e-01
0.00000000e+00
-9.48455871e-02
3.90222902e-02
7.56299880e-01
0.00000000e+00
0.00000000e+00
0.00000000e+00
0.00000000e+00
2.32517249e+00
4.61695779e-01
1.00797856e+00
-1.20884016e+00
0.00000000e+00
-3.44191316e-01
4.06697667e-01
-5.79010277e-02
-1.22447496e+00
0.00000000e+00
1.44106925e+00
4.72863751e-01
8.52138664e-02
-3.06269982e-01
-8.52696729e-01
1.21057038e-01
-1.85167569e-01
-1.10978597e-02
-2.86338746e-01
0.00000000e+00
3.75853276e-01
1.73958937e-02
3.38018079e-02
-6.78715330e-03
0.00000000e+00
-1.04515232e+00
-5.41225709e-01
8.80647382e-02
-5.02583412e-01
0.00000000e+00
1.71143149e+00
2.50978478e-01
4.00720793e-01
-2.13322203e-01
-1.42298779e+00
-1.45065709e+00
-8.16681650e-01
-3.64218208e-01
-5.67074363e-01
-1.93580033e-01
1.35735322e+00
-1.27923529e+00
0.00000000e+00
0.00000000e+00
0.00000000e+00
4.25942316e-01
-5.35926398e-01
-1.80050603e-01
7.17379192e-01
-1.80660980e+00
2.92166168e-01
6.61928632e-01
4.35292353e-01
-5.46842692e-02
0.00000000e+00
6.38878815e-01
4.56706895e-02
-1.09070112e+00
5.53224643e-01
-1.22905232e-01
7.30909516e-02
3.26995465e-01
-1.93855140e+00
9.93252394e-02
1.80299067e-01
-5.00755638e-01
0.00000000e+00
0.00000000e+00
0.00000000e+00
3.86940942e-03
-9.37194148e-01
-2.66970030e-01
7.65465786e-01
-1.65374952e+00
8.59891385e-01
9.68274324e-01
-4.71975627e-01
4.55497075e-01
0.00000000e+00
1.12581245e+00
3.05651022e-01
-1.23782104e+00
7.20155073e-01
-4.70011031e-01
-3.45141939e-01
-1.12505057e-01
-9.66809829e-01
7.59596996e-02
6.80846364e-01
19 2
-1.2096e+00 3.7855e-01
8 -1
1 4 8 2 7 15 11 0 
217
-8.03618027e-01
9.29155249e-01
1.11111676e+00
6.88198357e-01
-1.46059993e+00
7.93426918e-01
-7.33130454e-01
7.29416858e-01
1.39011236e+00
-1.56400689e+00
0.00000000e+00
0.00000000e+00
0.00000000e+00
0.00000000e+00
-8.03618027e-01
-4.09932462e-02
2.00593114e+00
0.00000000e+00
0.00000000e+00
0.00000000e+00
0.00000000e+00
0.00000000e+00
0.00000000e+00
0.00000000e+00
0.00000000e+00
0.00000000e+00
0.00000000e+00
3.72902785e-02
-8.40908306e-01
0.00000000e+00
0.00000000e+00
0.00000000e+00
0.00000000e+00
0.00000000e+00
0.00000000e+00
0.00000000e+00
0.00000000e+00
-8.81738993e-01
8.06002250e-03
2.99295160e-01
-2.60399534e-01
-1.25169185e+00
0.00000000e+00
0.00000000e+00
0.00000000e+00
1.04978195e+00
-1.19716950e+00
-2.48207684e+00
0.00000000e+00
0.00000000e+00
0.00000000e+00
8.38476772e-01
0.00000000e+00
-3.54357354e+00
-5.27133623e+00
-4.48256049e+00
0.00000000e+00
0.00000000e+00
0.00000000e+00
0.00000000e+00
-7.93041946e-01
-4.41044496e-01
4.52561091e-01
0.00000000e+00
1.07947758e+00
0.00000000e+00
4.74468421e+00
-7.17393863e-01
0.00000000e+00
0.00000000e+00
0.00000000e+00
-3.29784639e+00
0.00000000e+00
2.10596165e-01
8.15260906e-01
0.00000000e+00
0.00000000e+00
0.00000000e+00
-1.61658071e+00
0.00000000e+00
-3.17321955e+00
1.33545442e+00
0.00000000e+00
0.00000000e+00
0.00000000e+00
-3.68412820e+00
0.00000000e+00
1.02716243e+00
7.15036226e-01
0.00000000e+00
0.00000000e+00
0.00000000e+00
-1.44940195e+00
-7.37571012e-01
-1.92231227e+00
3.13062304e-01
2.56809620e+00
7.62983407e+00
0.00000000e+00
-1.83003647e+00
0.00000000e+00
1.02641844e+00
-8.42440228e-01
0.00000000e+00
0.00000000e+00
0.00000000e+00
1.79241528e-01
0.00000000e+00
7.57028627e-02
1.29755589e+00
-1.05856242e+00
-4.82546841e+00
6.24098063e-01
7.00207245e-01
0.00000000e+00
7.81579425e-01
-4.08867689e+00
-2.90950276e+00
-3.91669251e+00
5.70680429e-01
2.78422382e+00
-4.63879804e+00
0.00000000e+00
0.00000000e+00
0.00000000e+00
3.64249674e+00
-1.60787880e+00
3.07296197e+00
3.65072198e+00
-6.89690435e-03
2.83180372e+00
5.78991086e+00
5.45645583e+00
3.64131072e+00
0.00000000e+00
5.04506891e+00
-9.89957659e-04
0.00000000e+00
3.79651229e+00
2.49354630e+00
2.54308025e+00
4.31724982e+00
0.00000000e+00
4.68816105e+00
3.28084007e+00
1.54280435e+00
0.00000000e+00
0.00000000e+00
0.00000000e+00
-1.38006078e-01
-6.11949432e-01
-3.36316602e+00
-8.87453148e-01
-3.66699494e-03
-6.04353271e-01
-5.30095674e+00
-4.61672498e+00
-1.22916239e+00
0.00000000e+00
-4.45046014e+00
-1.67559987e-03
0.00000000e+00
-1.58597798e+00
-2.07544556e+00
-2.63225290e+00
-3.38613232e+00
0.00000000e+00
-2.91485605e+00
-3.44491091e-01
-1.90596973e+00
0.00000000e+00
0.00000000e+00
0.00000000e+00
-2.82033990e-01
-4.00806980e-02
-1.00867328e-01
1.67668512e+00
-5.71675672e-01
6.25818742e-02
3.00974739e+00
7.65528222e-01
1.92250120e+00
0.00000000e+00
3.06547063e+00
3.76283000e+00
-5.23206698e-02
2.61923392e+00
2.09681678e+00
1.35089011e+00
2.13687323e+00
0.00000000e+00
-1.43315024e-02
2.27149230e+00
-8.20993215e-01
0.00000000e+00
0.00000000e+00
0.00000000e+00
2.82108441e+00
-5.39240955e-02
-3.88837058e-02
5.60340604e-01
-1.90842523e-01
3.24146701e+00
1.47521518e-01
-1.87741949e-01
1.98281240e+00
0.00000000e+00
7.13021147e-01
-3.01565475e+00
-5.78671296e-03
1.16901917e+00
-1.97135711e+00
4.05068526e-01
-2.24799267e-01
0.00000000e+00
-1.45915538e-02
1.02725351e+00
136
-7.20188348e-01
-7.14860523e-01
-5.45934525e-03
0.00000000e+00
0.00000000e+00
0.00000000e+00
0.00000000e+00
0.00000000e+00
0.00000000e+00
0.00000000e+00
6.13754918e-01
1.02680264e+00
0.00000000e+00
0.00000000e+00
0.00000000e+00
0.00000000e+00
0.00000000e+00
0.00000000e+00
0.00000000e+00
0.00000000e+00
2.93453387e-01
1.44665571e-01
4.00646888e-01
4.20122188e-01
7.48791542e-01
1.80104532e+00
0.00000000e+00
-1.52538405e+00
-2.89939552e+00
-2.51074355e+00
-1.54137961e+00
0.00000000e+00
-2.03613542e+00
-1.16913587e+00
3.37853111e-01
0.00000000e+00
-7.34135147e-02
4.13443285e-01
9.95558855e-01
0.00000000e+00
9.46024543e-01
1.47536958e-01
2.12166595e+00
0.00000000e+00
0.00000000e+00
0.00000000e+00
0.00000000e+00
1.89465578e+00
2.43014715e-01
7.41352181e-01
-3.13854580e-01
0.00000000e+00
4.85012527e-01
3.37035544e-01
1.97241590e-02
-1.60178437e+00
0.00000000e+00
1.03485018e+00
2.65013620e-01
7.38348097e-02
-3.49808063e-01
-9.36788991e-01
8.67115042e-02
-3.73766904e-01
-3.32679608e-01
-9.30877934e-01
0.00000000e+00
-8.49403171e-03
-1.36649593e-01
5.57114489e-02
-1.23673231e-02
0.00000000e+00
1.16156338e+00
-1.60238763e-01
5.73391184e-01
-3.02609651e-01
0.00000000e+00
4.54565506e-01
1.95640384e-01
1.98641236e-01
-8.16864053e-01
-3.05697221e+00
-3.18273698e+00
-1.50028615e+00
-6.63979669e-01
0.00000000e+00
-2.33909352e-01
1.47766867e+00
-1.37685084e+00
0.00000000e+00
0.00000000e+00
0.00000000e+00
3.91061941e-01
-8.55343049e-01
-1.03355186e-01
7.61356376e-01
-1.76144280e+00
2.78538976e-01
7.20587922e-01
7.33101014e-01
2.76977052e-02
0.00000000e+00
7.72133336e-01
-1.05902145e-01
-1.21997108e+00
3.05990819e-01
1.44497931e-01
3.08565595e-01
1.54934359e-01
-2.14215855e+00
-7.40716090e-03
2.20263147e-01
-5.10521217e-01
0.00000000e+00
0.00000000e+00
0.00000000e+00
9.81861177e-02
-1.04415095e+00
-2.41671343e-01
7.94896004e-01
-1.91441780e+00
1.02522629e+00
8.34150570e-01
-4.41598398e-01
6.02190770e-01
0.00000000e+00
1.13379014e+00
3.10040863e-01
-1.12121146e+00
5.00400087e-01
-4.03810435e-01
-3.49920343e-01
-2.04266981e-01
-7.36656213e-01
6.12682923e-02
5.87033567e-01
14 2
-1.2367e+00 3.8371e-01
8 -1
1 4 8 2 7 15 11 0 
217
-3.21741592e+00
-8.77629684e-01
2.06112775e+00
2.63563038e-01
1.14643275e+00
-7.40133940e-01
-3.67694182e-01
4.47318759e-02
-3.99615449e+00
1.03696097e+01
0.00000000e+00
0.00000000e+00
0.00000000e+00
0.00000000e+00
-3.21741592e+00
9.64207654e-03
1.31420445e+00
0.00000000e+00
0.00000000e+00
0.00000000e+00
0.00000000e+00
0.00000000e+00
0.00000000e+00
0.00000000e+00
0.00000000e+00
0.00000000e+00
0.00000000e+00
-1.49107591e+00
-1.72634001e+00
0.00000000e+00
0.00000000e+00
0.00000000e+00
0.00000000e+00
0.00000000e+00
0.00000000e+00
0.00000000e+00
0.00000000e+00
1.94702924e+00
-2.00267149e-02
-4.87123303e-01
-1.92482892e+00
-3.11827140e+00
0.00000000e+00
0.00000000e+00
0.00000000e+00
-2.89040837e+00
-2.08870989e+00
-1.42320219e+00
0.00000000e+00
1.45420845e-01
0.00000000e+00
1.88945416e+00
0.00000000e+00
-3.05391388e+00
-1.63292864e+00
-1.86289242e+00
0.00000000e+00
0.00000000e+00
0.00000000e+00
0.00000000e+00
-7.56441256e-01
-1.93472391e+00
-5.26250760e-01
0.00000000e+00
-3.31611348e+00
0.00000000e+00
7.17081177e-01
-5.11710471e-01
-6.18383623e-01
5.08627178e-01
0.00000000e+00
2.63487583e+00
0.00000000e+00
3.11946897e+00
7.78247194e-01
0.00000000e+00
0.00000000e+00
0.00000000e+00
2.74262567e-01
0.00000000e+00
-2.05199845e+00
1.42252479e+00
-1.43968004e+00
-5.28366030e+00
0.00000000e+00
-3.96192038e+00
0.00000000e+00
-1.14400549e+00
6.64486656e-01
1.88850994e+00
2.64066428e+00
0.00000000e+00
2.11215030e+00
-2.29163015e+00
5.03089238e+00
-8.32488078e-01
0.00000000e+00
0.00000000e+00
0.00000000e+00
-2.57945445e+00
0.00000000e+00
-6.37961476e-01
-5.96741346e-01
0.00000000e+00
0.00000000e+00
0.00000000e+00
-8.61768041e-01
0.00000000e+00
1.26814667e-01
1.17567233e+00
-2.48246255e+00
-6.12809642e+00
5.47380557e-01
-5.85045819e-02
0.00000000e+00
0.00000000e+00
0.00000000e+00
3.32148272e+00
1.07947525e+00
1.55924702e-01
3.80943711e+00
-5.44559626e+00
0.00000000e+00
0.00000000e+00
0.00000000e+00
4.80113452e+00
-5.45850265e-03
4.36992313e+00
6.04435936e+00
-2.33684745e-02
1.00639800e+00
5.13969679e+00
5.88488266e+00
4.65860288e+00
0.00000000e+00
3.19595824e+00
5.37396424e+00
2.41200886e+00
4.92942372e+00
4.76109304e+00
1.92142636e+00
2.28246903e+00
-7.24856683e-02
6.08340462e+00
4.55233361e+00
-6.82728487e-01
0.00000000e+00
0.00000000e+00
0.00000000e+00
1.12602534e+00
-2.05943494e-03
4.90983230e-01
-1.04311824e+00
-4.17760425e-03
4.92672921e+00
-3.42649980e-01
1.44564542e-02
1.44387859e+00
0.00000000e+00
2.52762208e+00
-1.74713175e+00
2.43611531e+00
1.66760454e+00
2.25241787e-01
4.05934760e+00
3.37750738e+00
-1.68535354e-02
-1.25530083e-01
6.74085717e-01
-5.59177698e-01
0.00000000e+00
0.00000000e+00
0.00000000e+00
9.36242713e-01
-4.72999358e-01
7.55596589e-01
2.29032400e+00
-1.86220743e-01
3.42188080e+00
1.95226529e+00
7.24994024e-01
1.66443650e+00
0.00000000e+00
1.04589400e+00
0.00000000e+00
-1.35123608e-01
1.98349920e+00
3.81572174e-01
1.24741725e+00
7.93819428e-01
0.00000000e+00
-6.35242784e-01
1.17074890e+00
-1.61543319e+00
0.00000000e+00
0.00000000e+00
0.00000000e+00
1.15494143e+00
-8.28933153e-02
1.75455680e+00
1.72255808e+00
-1.69287663e-02
-1.10879158e-01
1.73936315e+00
-5.12196268e-01
1.99581944e+00
0.00000000e+00
2.26292572e+00
0.00000000e+00
-1.43719758e-01
1.72259377e+00
8.57046343e-01
3.46008173e-02
2.04329412e+00
0.00000000e+00
-3.75765202e-01
1.27840672e+00
136
-1.48106265e+00
-1.47878214e+00
-6.45834507e-03
0.00000000e+00
0.00000000e+00
0.00000000e+00
0.00000000e+00
0.00000000e+00
0.00000000e+00
0.00000000e+00
-1.70015462e-01
2.83849214e-01
0.00000000e+00
0.00000000e+00
0.00000000e+00
0.00000000e+00
0.00000000e+00
0.00000000e+00
0.00000000e+00
0.00000000e+00
7.31578101e-01
5.66299648e-01
4.78336102e-01
5.32032008e-01
6.03846433e-01
1.34763682e+00
0.00000000e+00
-4.57908834e-01
-1.78220628e+00
-1.55339940e+00
-8.54370336e-01
0.00000000e+00
-1.01009451e+00
-3.25353464e-01
1.30486103e+00
0.00000000e+00
-9.84641419e-01
-5.53603703e-01
9.51080314e-02
0.00000000e+00
1.08870176e-01
-9.36060801e-01
1.38941100e+00
0.00000000e+00
0.00000000e+00
0.00000000e+00
0.00000000e+00
1.24478470e+00
1.58997285e-01
6.66662354e-01
-1.21432633e+00
0.00000000e+00
-4.76550068e-02
3.46462194e-01
-1.41102827e-02
-1.25229924e+00
0.00000000e+00
1.21886113e+00
2.08943169e-01
1.47938859e-01
-1.02558157e-01
-6.61515750e-01
3.15941600e-01
-2.08133506e-01
2.13216068e-01
-7.62447377e-01
0.00000000e+00
3.18456005e-01
1.46569229e-01
6.37651025e-02
-5.84691057e-02
0.00000000e+00
6.80029331e-01
-2.32674230e-01
5.51842357e-01
-6.58987106e-01
0.00000000e+00
1.04749933e+00
2.84920257e-01
3.70216111e-01
2.53008825e-01
-2.49048913e+00
-2.55841124e+00
-3.04383327e-01
-6.39805390e-01
-2.64442459e-01
-4.28825995e-01
1.64509412e+00
-1.48709643e+00
0.00000000e+00
0.00000000e+00
0.00000000e+00
3.43315816e-01
-7.18138330e-01
-6.65849062e-02
7.39210714e-01
-1.61893358e+00
1.74597338e-01
6.07549479e-01
6.02955980e-01
-2.47733650e-02
0.00000000e+00
6.81478882e-01
-1.86089055e-01
-1.26315596e+00
5.50368294e-01
1.84202715e-01
1.98329910e-01
1.16960518e-01
-1.99727551e+00
-1.00815418e-02
1.98966171e-01
-4.80386590e-01
0.00000000e+00
0.00000000e+00
0.00000000e+00
2.47304420e-01
-9.93305039e-01
-1.94681000e-01
7.22310172e-01
-2.03325563e+00
9.01741089e-01
7.57381978e-01
-4.54937455e-01
5.62225595e-01
0.00000000e+00
9.64993497e-01
2.94325453e-01
-1.13310964e+00
5.17369468e-01
-3.19346007e-01
-2.98280111e-01
-3.88627948e-02
-5.02049716e-01
-1.08565415e-01
6.28354553e-01
5 1
-1.3049e+00 4.0643e-01
8 0
1 4 8 2 7 15 11 0 
217
1.10394901e+00
1.89747789e-01
-1.28611869e+00
2.53516886e-01
3.43556689e-01
-1.69157665e-01
8.43772758e-01
-1.48043431e+00
0.00000000e+00
0.00000000e+00
0.00000000e+00
0.00000000e+00
0.00000000e+00
0.00000000e+00
4.91146173e-01
3.85883029e-03
3.04658357e-01
4.64298850e-01
-6.51312131e-03
4.02698492e-01
1.17433461e+00
-5.50768776e-03
-2.30999232e+00
-1.02583062e+00
-2.53643036e-04
1.38003285e+00
0.00000000e+00
-5.32006487e-01
1.19041731e-01
0.00000000e+00
0.00000000e+00
0.00000000e+00
0.00000000e+00
0.00000000e+00
0.00000000e+00
0.00000000e+00
0.00000000e+00
-9.93960184e-01
-8.25277713e-01
-1.06869006e+00
-1.05169256e+00
-7.99301004e-01
2.87676401e+00
0.00000000e+00
0.00000000e+00
-1.29961578e+00
6.46186960e-01
-3.20801974e-01
0.00000000e+00
-1.56187369e+00
0.00000000e+00
3.21021821e-01
0.00000000e+00
-3.30755728e-01
0.00000000e+00
1.43764742e-01
0.00000000e+00
0.00000000e+00
0.00000000e+00
0.00000000e+00
3.05000941e-02
-9.29471198e-01
-5.25208899e-01
0.00000000e+00
-2.16303312e+00
0.00000000e+00
9.84935024e-01
-5.49899978e-01
0.00000000e+00
0.00000000e+00
0.00000000e+00
1.30344096e+00
0.00000000e+00
-1.96100675e-01
1.02042887e+00
0.00000000e+00
0.00000000e+00
0.00000000e+00
6.17815657e-01
0.00000000e+00
5.91630463e-01
1.23779622e+00
0.00000000e+00
0.00000000e+00
0.00000000e+00
5.30898750e-01
0.00000000e+00
6.23337420e-01
-1.92457805e-01
0.00000000e+00
0.00000000e+00
0.00000000e+00
2.39900067e-01
-8.52884787e-01
1.13142690e+00
1.76562321e-02
0.00000000e+00
0.00000000e+00
0.00000000e+00
4.68334064e-01
5.46747605e-01
6.35614941e-01
-4.75191290e-01
0.00000000e+00
0.00000000e+00
1.55462339e+00
4.58790559e-01
0.00000000e+00
1.19435268e+00
-2.42060375e-01
0.00000000e+00
0.00000000e+00
3.52582371e-01
-4.25010081e-02
0.00000000e+00
5.13843219e-01
-2.79782624e+00
2.80024424e-01
1.15669121e+00
9.62785784e-01
9.46543195e-01
-1.72954306e+00
0.00000000e+00
0.00000000e+00
0.00000000e+00
1.91708918e+00
2.48581083e+00
8.75963926e-02
2.05832421e+00
-1.14998643e-01
1.04131310e+00
1.95012557e+00
1.92412045e+00
6.07107582e-01
0.00000000e+00
1.40955259e+00
1.82078564e+00
-5.41091430e-01
1.25142857e+00
8.81100340e-01
-4.62292180e-01
2.32429594e+00
-1.02029516e-01
-1.02570066e-02
1.02351957e+00
-9.75782306e-01
0.00000000e+00
0.00000000e+00
0.00000000e+00
-2.63857537e-02
-2.21428501e+00
1.97493274e+00
1.40996270e-01
-2.39260862e-02
3.94581111e-01
1.78876504e+00
1.44351388e-01
8.18555209e-01
0.00000000e+00
5.48986076e-01
4.36326315e-01
-1.25376795e+00
1.92112686e+00
-5.02844506e-01
-1.77811679e-01
-3.97595050e-01
-3.10701242e-02
-6.46675981e-03
1.58602177e+00
-2.13935990e+00
0.00000000e+00
0.00000000e+00
0.00000000e+00
1.53564843e+00
-1.80578311e-02
2.10115246e+00
1.12644620e+00
-3.19126316e-02
2.43219425e+00
3.13956710e+00
3.37328419e-01
9.85062724e-01
0.00000000e+00
2.22635830e+00
2.96697914e+00
6.94127708e-01
2.93319578e+00
8.34554759e-01
-5.56581824e-01
1.60517496e+00
-8.21761193e-03
2.62187930e+00
7.50073565e-01
-1.04847831e+00
0.00000000e+00
0.00000000e+00
0.00000000e+00
1.25199466e+00
-1.21161678e-02
9.21444292e-01
4.29708536e+00
-6.13533809e-03
1.10857150e+00
-2.30069267e+00
1.06891641e+00
1.41089887e+00
0.00000000e+00
1.19749761e+00
6.73455452e-01
5.06554513e-01
-9.90629061e-01
-6.28151747e-01
-1.60842902e-01
1.17449075e+00
-2.29771764e-03
-3.56489709e-01
1.53495267e+00
136
-2.76536140e-01
-5.57808055e-01
2.26907606e-02
1.96718595e-01
-2.22267852e-03
4.84557999e-02
1.40021989e-04
3.60975209e-02
-4.26584609e-04
-3.24968800e-02
-2.38286875e-01
-1.11227115e-03
0.00000000e+00
0.00000000e+00
0.00000000e+00
0.00000000e+00
0.00000000e+00
0.00000000e+00
0.00000000e+00
5.19784708e-02
1.60363671e-01
-1.12946134e-01
-1.04901200e-01
-1.95404637e-01
-2.41808111e-01
1.62600044e-01
3.58175598e-03
1.33090896e+00
-7.24742300e-01
-4.03306065e-01
-4.35730049e-01
0.00000000e+00
-1.01293747e+00
-4.15465539e-01
7.94499795e-01
0.00000000e+00
-3.56451260e-01
1.18331159e-01
-9.69606684e-02
0.00000000e+00
-4.33285464e-01
-5.09360171e-01
9.57247687e-01
0.00000000e+00
0.00000000e+00
0.00000000e+00
1.09726656e+00
-6.54429755e-02
1.01542962e-01
4.34678729e-01
-9.05930161e-02
0.00000000e+00
-2.85792289e-01
5.15072178e-01
-3.10706204e-02
-9.90740221e-01
-3.73584992e-02
-2.23818546e-01
3.18715210e-01
-5.78045921e-02
-1.20511858e-01
-3.56510937e-01
1.78221228e-01
-6.63428341e-02
1.20900418e-01
-3.58094839e-01
2.20045912e-01
-2.06530324e-01
-5.14829986e-02
6.03888332e-02
5.31575226e-02
0.00000000e+00
-3.17159024e-01
-1.52023197e-01
2.36540500e-01
-7.32085526e-01
-3.06447662e-01
3.75085276e-02
-1.69824780e-01
2.02646222e-01
-8.59995508e-01
-3.95078622e-02
-4.79069055e-01
-1.18043821e+00
-4.26862014e-02
1.69942725e-01
-1.10057419e-01
9.78467478e-01
-1.55922533e+00
0.00000000e+00
0.00000000e+00
0.00000000e+00
1.07307168e+00
9.84716423e-01
4.56302077e-01
1.16934110e+00
-1.91960663e-01
4.67099046e-01
9.20201487e-01
9.38428267e-01
7.37868514e-01
0.00000000e+00
1.28189139e+00
1.36901305e+00
-2.14528594e-01
8.93382749e-01
1.27450542e-01
2.62575987e-01
9.19922139e-01
-1.22028237e+00
4.25160321e-01
1.02062127e+00
-1.09423447e+00
0.00000000e+00
0.00000000e+00
0.00000000e+00
6.19178453e-01
-5.99362569e-01
4.88839677e-01
1.24737403e+00
-2.35125201e-01
8.26795669e-01
1.29914949e+00
1.79408174e-01
6.39343876e-01
0.00000000e+00
1.40744205e+00
9.77371872e-01
-4.82752971e-01
9.37778242e-01
-8.06980442e-02
1.27870676e-01
4.66488986e-01
-9.84412511e-01
5.08208825e-01
9.97499038e-01
