0 6 -999999999 -1 -1
1 2 0 -1 -1
0.3985 -0.6564
356
1.23330946e+00
4.97325390e-01
7.35984072e-01
-5.35778725e-02
-4.61542777e-02
4.39785336e-02
9.58562471e-02
0.00000000e+00
0.00000000e+00
-1.46449002e-01
-3.10795349e-02
0.00000000e+00
0.00000000e+00
3.82285490e-02
-3.22593278e-02
-5.95470937e-02
0.00000000e+00
0.00000000e+00
0.00000000e+00
0.00000000e+00
0.00000000e+00
0.00000000e+00
0.00000000e+00
0.00000000e+00
0.00000000e+00
0.00000000e+00
0.00000000e+00
0.00000000e+00
0.00000000e+00
0.00000000e+00
0.00000000e+00
0.00000000e+00
0.00000000e+00
0.00000000e+00
0.00000000e+00
0.00000000e+00
0.00000000e+00
0.00000000e+00
0.00000000e+00
0.00000000e+00
0.00000000e+00
0.00000000e+00
0.00000000e+00
0.00000000e+00
0.00000000e+00
0.00000000e+00
0.00000000e+00
0.00000000e+00
0.00000000e+00
0.00000000e+00
0.00000000e+00
-6.00253575e-01
-9.99581214e-01
8.13737805e-01
0.00000000e+00
0.00000000e+00
0.00000000e+00
0.00000000e+00
1.98439791e-01
2.25757369e-01
4.45969309e-01
3.47026667e-01
8.31507156e-01
-2.67667918e-01
5.39082292e-01
-1.23023150e+00
-7.81689086e-01
-9.64427179e-01
0.00000000e+00
0.00000000e+00
0.00000000e+00
1.46193099e+00
-1.14434054e-02
-4.47735383e-01
4.61767260e-01
-3.82460416e-03
-5.20019613e-01
-6.83730419e-01
-7.61239449e-04
-3.16358514e-01
0.00000000e+00
0.00000000e+00
8.27851434e-01
7.91893700e-01
1.22508182e+00
-7.74012567e-01
-5.67108896e-01
-2.61749486e-01
0.00000000e+00
0.00000000e+00
-4.59634260e-01
-2.58528841e-01
-1.31308698e+00
-5.89701554e-01
-3.50533474e-01
-4.70754234e-01
-1.06469909e-02
-1.46540087e-01
1.41287863e-01
-6.05494323e-02
2.11065477e-01
-5.87774223e-03
0.00000000e+00
0.00000000e+00
2.80406406e+00
3.01711208e+00
0.00000000e+00
0.00000000e+00
0.00000000e+00
0.00000000e+00
0.00000000e+00
3.59845956e-01
4.37535118e-01
4.78529439e-01
2.67229159e-01
-2.03688162e-01
-7.36736142e-01
-2.17053329e+00
0.00000000e+00
0.00000000e+00
0.00000000e+00
2.02723932e-01
0.00000000e+00
-8.61507885e-01
1.24002002e+00
-1.30672904e-01
-1.78899382e-02
-3.70511107e-01
-7.19878306e-01
-1.15944901e+00
4.76038858e+00
4.79452422e+00
4.76170009e+00
4.78446613e+00
4.88029795e+00
4.80561199e+00
3.69131703e-01
2.66190024e-01
1.96655736e-01
1.93658154e-01
1.57354478e-01
-4.88882809e-01
2.14628199e-01
7.32956715e-02
-1.36190625e-01
-9.62706583e-02
-2.74053381e-01
-5.27103327e-01
3.56909275e-01
0.00000000e+00
0.00000000e+00
0.00000000e+00
-6.25421377e-01
2.36086508e-01
0.00000000e+00
0.00000000e+00
1.50182156e+00
8.38285317e-02
0.00000000e+00
-4.82569724e-01
-6.47846456e-01
-5.81956031e-01
-9.15104852e-01
-7.19276865e-01
-1.56295131e+00
0.00000000e+00
0.00000000e+00
0.00000000e+00
4.96107182e-01
5.83853317e-01
1.57077049e-01
6.81421919e-02
-1.09652954e+00
7.42605855e-01
2.93074282e-01
3.20863680e-01
-3.11531602e-01
0.00000000e+00
9.65321017e-01
-4.99506114e-01
-1.28483139e+00
7.94712874e-03
-1.14452903e+00
2.19347875e-01
3.08305830e-01
-1.33090899e+00
-5.43380697e-01
4.85620640e-01
5.27890571e-01
0.00000000e+00
0.00000000e+00
0.00000000e+00
4.88138991e-02
-3.24876396e-01
-3.00254344e-02
1.25787203e-01
2.19246915e-01
-2.35287161e-02
4.43331208e-02
-2.20965613e-01
2.19437450e-01
0.00000000e+00
-1.90359425e-01
2.03291600e-01
2.05335098e-01
1.34427684e-01
-3.28857833e-01
7.12666040e-02
4.99248612e-02
2.51150398e-01
1.67492730e-01
-9.40035755e-02
-7.61998283e-01
-4.90213942e-01
-5.50898634e-02
-4.55564073e-01
-2.07699072e-01
5.71671336e-01
1.46291125e-02
-1.07651439e+00
-4.97441744e-01
0.00000000e+00
0.00000000e+00
0.00000000e+00
5.72174572e-02
3.93909768e-01
-2.74107902e-01
1.78367256e-01
-2.07410396e-01
3.73109540e-01
2.92632379e-01
-1.13988833e+00
3.31846677e-02
0.00000000e+00
8.04016030e-01
3.77995578e-01
1.85865998e-01
4.54073816e-02
-1.44323303e+00
-6.96780862e-01
-2.82906623e-01
1.88965950e-02
-1.04702317e-02
7.96752981e-01
-2.71784341e-01
0.00000000e+00
-4.63054079e-01
-9.95482497e-02
-8.00953025e-01
-1.57632513e-01
-7.28760953e-01
-1.09534197e+00
-8.71097996e-01
7.91595831e-01
2.44204858e-01
-1.19343320e+00
-6.43320512e-01
3.51049160e-01
-9.89742850e-02
-2.48240581e-01
-1.30123290e+00
0.00000000e+00
0.00000000e+00
0.00000000e+00
-1.17109336e+00
-2.73474911e-01
1.87862078e-01
-1.94172540e-01
-4.18368656e-01
6.56497506e-01
3.58493868e-01
5.32648727e-01
2.80450802e-02
0.00000000e+00
-5.81907459e-01
-1.63767095e-01
-5.97436579e-01
7.85599344e-01
-3.24485325e-01
1.84329511e-01
8.92602674e-02
-5.36580001e-01
3.06846721e-01
-1.69530073e-01
4.17542060e-01
0.00000000e+00
0.00000000e+00
0.00000000e+00
1.42463595e-02
-1.09135136e-01
-6.88980670e-02
2.90236994e-01
9.96749607e-03
-4.25596701e-03
1.33208417e-01
-2.84758245e-01
1.41961507e-01
0.00000000e+00
-8.17023057e-02
3.14886615e-02
2.90490779e-02
4.84013938e-02
6.10112020e-02
-3.84030348e-02
-3.71900376e-03
1.43591125e-01
1.79498819e-02
8.73017035e-02
-6.49351389e-01
-1.67941897e-01
5.21843067e-01
4.54357895e-01
3.28623182e-01
6.17745381e-01
1.30499309e-01
-9.16186588e-01
-4.51463989e-01
0.00000000e+00
0.00000000e+00
0.00000000e+00
-2.02695087e-01
-9.23237052e-02
3.10027022e-01
-4.83927738e-01
3.18939959e-01
-2.30881810e-01
-4.68813020e-01
9.46368113e-01
2.72261490e-02
0.00000000e+00
-6.27776927e-01
-2.93079405e-01
-1.93732594e-01
-5.32632132e-02
5.63967541e-01
5.94880360e-01
3.05881267e-01
-4.65218662e-02
8.43012991e-02
-9.10040335e-01
-4.81409492e-01
1.69153517e+00
9.90050125e-01
4.52243775e-01
-6.51881506e-01
-4.14014134e-01
-2.35253248e-01
-1.29492073e-01
-3.59129605e-01
7.14904013e-01
1.04606427e-01
-1.23352457e+00
-2.37867372e-01
1.38865485e+00
5.13200203e-02
-6.03513357e-01
247
-3.98696385e-01
-2.39391727e-01
-1.59304658e-01
-1.26613571e-01
-1.12778156e-01
-9.80633790e-02
-4.07496196e-01
1.90504425e-01
0.00000000e+00
0.00000000e+00
-1.51771632e-01
-3.52781759e-01
0.00000000e+00
0.00000000e+00
0.00000000e+00
0.00000000e+00
0.00000000e+00
0.00000000e+00
0.00000000e+00
0.00000000e+00
0.00000000e+00
0.00000000e+00
0.00000000e+00
0.00000000e+00
0.00000000e+00
0.00000000e+00
0.00000000e+00
0.00000000e+00
0.00000000e+00
0.00000000e+00
0.00000000e+00
0.00000000e+00
0.00000000e+00
0.00000000e+00
0.00000000e+00
0.00000000e+00
0.00000000e+00
0.00000000e+00
0.00000000e+00
0.00000000e+00
0.00000000e+00
0.00000000e+00
0.00000000e+00
5.30021861e-01
-6.81633217e-03
7.13727778e-03
-6.75668448e-03
-8.53838161e-01
6.07500822e-04
0.00000000e+00
0.00000000e+00
6.00169152e-02
2.11022671e-01
-1.60760832e-01
-1.68063388e-01
-2.69978382e-01
-5.23382000e-05
0.00000000e+00
0.00000000e+00
1.70930347e+00
2.86777299e+00
0.00000000e+00
0.00000000e+00
0.00000000e+00
0.00000000e+00
0.00000000e+00
0.00000000e+00
6.45443967e-01
3.02545492e-01
5.18408569e-02
-3.81198220e-01
-8.30179070e-01
-1.95554702e+00
0.00000000e+00
0.00000000e+00
0.00000000e+00
0.00000000e+00
0.00000000e+00
0.00000000e+00
8.39836291e-01
-6.03603907e-03
-1.68486774e-01
-5.17011786e-01
-6.76451314e-01
-1.12996973e+00
6.03089137e+00
6.08325094e+00
6.03929310e+00
6.02261825e+00
5.99926708e+00
6.07697528e+00
-2.29303047e-01
-2.33375030e-01
-2.44969436e-01
-2.29379604e-01
-2.04397063e-01
-8.24308339e-01
-2.76294972e-01
-3.87234365e-01
-5.78298229e-01
-6.09692862e-01
-7.89933047e-01
-1.01914403e+00
0.00000000e+00
-1.60835003e+00
0.00000000e+00
0.00000000e+00
1.15055950e+00
-3.48209679e-01
0.00000000e+00
-1.81776456e+00
-9.22634793e-01
-1.10561202e+00
-7.77569272e-01
-6.71135545e-01
-2.02824681e+00
0.00000000e+00
0.00000000e+00
0.00000000e+00
3.34247595e-01
-3.79350403e-01
1.33229666e-01
1.34221899e-01
-1.53182975e+00
5.35992422e-01
5.83250889e-02
3.49249906e-01
-1.41542355e-01
0.00000000e+00
4.27312709e-01
4.31837776e-02
-4.88831868e-01
2.60821383e-01
-1.17871578e+00
2.10805856e-01
3.29921627e-01
-1.17059691e+00
-2.21977126e-01
2.67285451e-01
-1.40117437e+00
-9.78876919e-01
0.00000000e+00
-2.13249582e-01
1.58208115e-01
2.83388816e-01
0.00000000e+00
0.00000000e+00
0.00000000e+00
-8.83577301e-02
2.09956370e-01
2.02548717e-02
-1.62752821e-01
1.79976868e-01
-1.07085999e-01
-1.13755728e-01
3.43406901e-01
1.18284465e-02
0.00000000e+00
-1.27185281e-01
1.21184223e-01
-2.38604211e-01
-3.29725874e-02
6.05968151e-01
9.89116815e-02
-1.19160966e-01
-5.18921032e-02
-5.66860441e-02
-2.09645225e-01
-4.22297455e-01
0.00000000e+00
-1.29424349e-01
1.18655903e-01
-6.27072436e-01
5.62421255e-02
0.00000000e+00
-1.98980241e+00
-1.09577008e+00
-6.83314561e-01
0.00000000e+00
-7.34834139e-01
-6.53078072e-01
-1.44870482e+00
0.00000000e+00
0.00000000e+00
0.00000000e+00
-4.70343245e-01
-1.38743313e+00
6.06369570e-02
1.95255492e-01
-1.12300367e+00
8.12787964e-01
2.59431051e-01
-9.61423862e-04
1.44435317e-01
0.00000000e+00
-9.33141384e-02
-1.32960034e-01
-2.69265681e-01
6.92285194e-01
-1.97108689e-01
-8.34688544e-02
1.47736144e-01
-4.39231047e-01
3.82505400e-01
5.33115723e-02
-8.48938108e-01
-6.20269680e-01
3.97894495e-01
3.54193989e-01
2.92246917e-01
3.38464561e-01
0.00000000e+00
0.00000000e+00
0.00000000e+00
-7.28468592e-02
3.69934881e-01
1.18080137e-02
2.13629442e-01
-1.23450365e-01
1.02369379e-01
2.34442608e-01
-2.20150511e-01
-4.43677113e-02
0.00000000e+00
1.89103790e-01
1.37776374e-01
-1.83077156e-01
-4.28748076e-03
-5.46001729e-01
-3.24961936e-02
2.49442342e-02
4.57360138e-02
-3.22471715e-02
2.67645002e-01
-2.28668429e-01
-3.84428520e-02
-2.17250872e-01
-2.47455418e-01
-5.99766708e-01
-1.57299592e-01
-4.22131383e-02
1.77325603e-01
6.35950656e-02
-4.42467116e-01
7.08478566e-01
-8.07625339e-02
-1.61494153e-01
1 -999999999 4 0 -1
1 0 2 1 -1
1.1829e-01 9.0428e-02
356
-1.44816390e-01
0.00000000e+00
0.00000000e+00
0.00000000e+00
0.00000000e+00
0.00000000e+00
0.00000000e+00
0.00000000e+00
0.00000000e+00
0.00000000e+00
0.00000000e+00
0.00000000e+00
0.00000000e+00
0.00000000e+00
0.00000000e+00
0.00000000e+00
-2.27775950e-01
8.29595600e-02
2.73660312e-01
-2.34539086e-01
-2.78244355e-01
-6.84242117e-02
0.00000000e+00
0.00000000e+00
4.07750468e-01
4.17852894e-01
0.00000000e+00
0.00000000e+00
5.60948616e-02
3.37380756e-02
1.83827375e-01
-1.10888804e-01
0.00000000e+00
-1.86383824e+00
-1.65458352e+00
6.83177619e-01
-6.68359857e-02
1.29103023e+00
1.06084615e+00
4.61919199e-01
1.62291492e+00
0.00000000e+00
0.00000000e+00
0.00000000e+00
0.00000000e+00
0.00000000e+00
0.00000000e+00
0.00000000e+00
0.00000000e+00
0.00000000e+00
0.00000000e+00
-1.36710326e-03
-1.97366977e-01
-1.10018414e+00
0.00000000e+00
0.00000000e+00
0.00000000e+00
0.00000000e+00
-3.31296861e-01
1.14841776e-01
-2.01490088e-01
5.98758317e-01
4.84482353e-01
-9.75937165e-02
3.11119089e-01
-6.44805086e-01
-4.07630883e-01
1.18983860e-02
0.00000000e+00
0.00000000e+00
0.00000000e+00
-4.27248929e-03
6.77108783e-03
-6.38238043e-03
2.08465787e-02
-3.57896114e-03
6.50823352e-02
-1.23471374e-01
1.53012383e-03
1.49221573e-02
0.00000000e+00
0.00000000e+00
-1.59035018e-01
-1.25145650e-01
3.44354348e-02
-2.11153786e-01
1.32028248e-01
2.54375364e-01
0.00000000e+00
0.00000000e+00
-7.07686610e-02
-1.19033310e-01
-4.41062242e-01
-3.41000845e-01
-2.23494709e-01
-1.03020592e-01
1.18578780e-01
3.03481005e-02
-4.90827230e-02
2.81622549e-03
-1.86522501e-01
-1.25008262e-01
0.00000000e+00
0.00000000e+00
3.16714931e+00
1.46264365e+00
0.00000000e+00
0.00000000e+00
0.00000000e+00
0.00000000e+00
0.00000000e+00
2.82470397e-01
-2.62855319e-01
1.32145053e-01
-8.66859842e-02
-4.49219243e-01
-7.57134483e-01
-2.15855952e+00
0.00000000e+00
0.00000000e+00
0.00000000e+00
3.44477828e-01
0.00000000e+00
-1.09848547e+00
1.14973571e+00
-1.15516916e-01
-8.77371010e-02
-2.74099400e-01
-6.17084361e-01
-8.79822665e-01
4.60161142e+00
4.56683427e+00
4.52364633e+00
4.44991326e+00
4.54720487e+00
4.46270555e+00
3.67429499e-01
3.60183561e-01
1.62448668e-01
2.68261293e-01
1.95630763e-01
-5.42423716e-01
6.22174983e-01
3.50484046e-01
1.47744238e-01
1.85914957e-01
7.05209001e-02
-2.97527897e-01
2.70343803e-01
0.00000000e+00
0.00000000e+00
0.00000000e+00
-7.82935306e-01
3.29338831e-01
0.00000000e+00
0.00000000e+00
3.67775112e-01
-1.21345983e-01
-2.79833217e+00
0.00000000e+00
-1.07438878e-02
-4.08737025e-01
-5.02889637e-01
-1.19541415e+00
-5.13633524e-01
0.00000000e+00
0.00000000e+00
0.00000000e+00
5.92722635e-01
4.40398097e-01
4.08237143e-02
4.79701818e-01
-8.56420925e-01
5.08934168e-01
3.52168600e-01
9.50519713e-02
8.05511326e-01
0.00000000e+00
7.17495896e-01
-4.28367793e-01
-8.70527598e-01
3.32682162e-01
-1.84434558e+00
1.41268449e-01
1.02172059e-01
-9.99504972e-01
-1.04190106e-01
-1.92074432e-02
-9.12403527e-02
0.00000000e+00
0.00000000e+00
0.00000000e+00
-7.05177871e-02
-1.24604891e-01
-2.61883052e-02
-1.16696566e-01
1.34084440e-01
-4.94890576e-02
-1.16527736e-01
-1.75208673e-02
-2.48229913e-01
0.00000000e+00
-1.32197085e-01
3.25269259e-02
4.19019114e-03
9.35025154e-02
3.76851291e-01
-8.64462788e-02
-2.36165873e-02
1.84921229e-01
1.15032840e-01
-2.03147108e-02
-3.36572841e-01
5.38689673e-02
-1.21732686e+00
-7.65369082e-01
-5.31183675e-01
1.68709804e-01
1.20695011e-01
-2.35535848e-01
1.09510338e-01
0.00000000e+00
0.00000000e+00
0.00000000e+00
3.30083793e-01
6.19248889e-01
-2.20666439e-01
5.40235780e-01
-2.18572085e-01
1.92467919e-01
4.20302927e-01
-1.07893950e+00
3.28539870e-01
0.00000000e+00
9.06854923e-01
1.28406814e-01
2.69755355e-02
-6.86137717e-02
-1.49191104e+00
-7.55702800e-01
-1.96502572e-01
9.54527860e-02
-1.87804281e-01
7.39653587e-01
-3.90441808e-01
-7.60970998e-01
-5.16880996e-01
-1.91679930e-01
-1.77060683e-01
-6.46128552e-02
-2.31978718e+00
-1.82921889e+00
-1.41410063e+00
4.97803923e-01
1.91054307e-01
-7.53471086e-01
-1.12447828e-01
-1.26932244e+00
-1.77447450e+00
-1.63285583e+00
-1.60415117e+00
0.00000000e+00
0.00000000e+00
0.00000000e+00
-9.45130522e-01
-1.66238886e+00
4.86189918e-01
9.86817331e-02
-4.61011964e-01
8.44179400e-01
3.73509533e-01
5.25581206e-01
-5.06790237e-01
0.00000000e+00
-6.67110056e-01
-3.72128545e-02
-1.05135682e+00
6.10279547e-01
3.33217895e-01
6.70896865e-01
4.69353541e-01
-6.33191692e-01
6.59911694e-02
-1.17838967e-01
-6.64557045e-02
0.00000000e+00
0.00000000e+00
0.00000000e+00
-3.60745639e-02
2.29742141e-01
-2.27430650e-01
-1.86899991e-02
-9.92348357e-03
-1.05438627e-02
1.42149532e-02
-2.51500766e-01
1.47410604e-01
0.00000000e+00
3.89975887e-02
1.41244774e-02
1.66392739e-01
3.41855376e-02
-5.63293889e-02
-2.77778580e-01
-1.55622835e-01
1.22562715e-01
5.55335096e-02
1.54274159e-01
-5.14042743e-01
-1.66283977e-01
9.61275829e-01
3.89435109e-01
1.23531996e-01
8.66113778e-02
4.88750794e-02
-3.01770434e-01
2.78553786e-02
0.00000000e+00
0.00000000e+00
0.00000000e+00
-1.51027559e-01
-4.95197585e-01
4.82420738e-01
-5.34707578e-01
2.73767292e-01
5.74520052e-03
-4.59904553e-01
1.16783853e+00
-2.00483330e-01
0.00000000e+00
-7.56546075e-01
-2.63327058e-03
-1.33686389e-01
-1.48758074e-02
3.95693813e-01
9.50747453e-01
3.64085051e-01
-2.43209859e-03
1.34097448e-03
-8.62289426e-01
-3.47758766e-01
3.69396457e-01
-1.30172218e-01
-4.87503460e-01
-1.09010843e+00
-2.42453048e-01
8.50040473e-01
5.04026154e-01
9.36804034e-02
3.11200523e-01
2.89416474e-02
-5.82595219e-01
-8.47655382e-01
6.43721992e-01
7.09395550e-01
1.23968260e-01
247
-2.63056379e-01
0.00000000e+00
0.00000000e+00
0.00000000e+00
0.00000000e+00
0.00000000e+00
0.00000000e+00
0.00000000e+00
0.00000000e+00
3.08370035e-01
0.00000000e+00
0.00000000e+00
0.00000000e+00
0.00000000e+00
-9.42382966e-02
-1.68818082e-01
2.01715451e-01
-2.95953747e-01
-5.91952460e-01
-4.63082829e-01
0.00000000e+00
0.00000000e+00
0.00000000e+00
7.79728756e-01
8.59156574e-01
0.00000000e+00
0.00000000e+00
-2.63056379e-01
0.00000000e+00
-1.96248661e-01
0.00000000e+00
0.00000000e+00
2.52467986e-01
-4.43068183e-01
0.00000000e+00
0.00000000e+00
0.00000000e+00
0.00000000e+00
0.00000000e+00
0.00000000e+00
0.00000000e+00
0.00000000e+00
0.00000000e+00
0.00000000e+00
0.00000000e+00
-3.27191096e-02
-1.34208509e-03
-3.04812316e-01
6.16749341e-04
0.00000000e+00
0.00000000e+00
7.37852644e-01
5.66606636e-01
5.88259160e-01
-1.09773311e+00
-4.36424142e-01
-5.40448995e-01
0.00000000e+00
0.00000000e+00
3.21722037e+00
1.36810560e+00
0.00000000e+00
0.00000000e+00
0.00000000e+00
0.00000000e+00
0.00000000e+00
0.00000000e+00
-2.72399351e-01
2.02008349e-01
1.19308736e-01
-2.81778433e-01
-9.79085568e-01
-2.24975486e+00
0.00000000e+00
0.00000000e+00
0.00000000e+00
3.58864306e-01
0.00000000e+00
-1.22279535e+00
1.01887748e+00
1.45756035e-01
-5.00506086e-02
-4.36373221e-01
-5.95194447e-01
-8.92431659e-01
5.42643441e+00
5.38984879e+00
5.37279817e+00
5.39624422e+00
5.31523364e+00
5.25066483e+00
8.49111022e-02
-3.48620124e-02
-2.00045702e-01
-1.81809542e-01
-2.08566139e-01
-6.32168306e-01
2.98971998e-01
6.85098758e-02
-1.07139093e-01
-1.74333433e-02
3.13210804e-03
-1.60498092e-01
0.00000000e+00
-8.21745561e-01
4.35032770e-01
0.00000000e+00
5.77264804e-01
-4.14893221e-01
-2.97708675e+00
0.00000000e+00
-1.62595675e-01
-3.40594319e-01
-4.93749071e-01
-1.12646459e+00
-5.03189993e-01
0.00000000e+00
0.00000000e+00
0.00000000e+00
5.26724981e-01
-4.68051433e-01
1.00816276e-01
6.75767962e-02
-3.26914334e-01
4.20704690e-01
3.17035523e-01
8.75379141e-02
-1.49892952e-01
0.00000000e+00
5.08775313e-01
1.68366187e-01
-8.52744008e-01
4.24366768e-01
-1.38790669e+00
4.77403017e-01
3.83586010e-01
-4.91825382e-01
-3.98017702e-02
-2.68946894e-01
-1.70364879e-01
2.84307196e-01
-1.67762563e+00
-9.99838254e-01
-3.84782305e-01
-2.85685340e-01
0.00000000e+00
0.00000000e+00
0.00000000e+00
-5.10789743e-02
-2.93226325e-01
8.42128295e-02
-1.79927810e-01
-8.86134366e-02
-9.32155788e-02
-1.98215007e-01
3.23185446e-01
-4.05651168e-01
0.00000000e+00
2.27653360e-02
1.49053575e-01
-2.35729595e-01
-1.31686571e-01
8.91255839e-01
9.03113061e-02
-4.37509313e-02
2.96713029e-02
-7.55488563e-02
-7.94967220e-02
-4.54672075e-01
-1.42658023e+00
-7.65377973e-01
-4.87720729e-01
-3.32825114e-01
-4.46902871e-01
-1.60710972e+00
-1.20874120e+00
-9.77943359e-01
1.14077757e-01
-1.79761220e+00
-1.59646358e+00
-1.33468931e+00
-1.62021366e+00
0.00000000e+00
0.00000000e+00
0.00000000e+00
-6.34170004e-01
-1.70927552e+00
3.62534051e-01
1.24046452e-01
-4.27046697e-01
6.18417107e-01
4.33288493e-01
2.35589641e-01
1.63566149e-01
0.00000000e+00
-5.36036665e-01
-5.61922402e-02
-6.22150772e-01
7.97013739e-01
-6.70772681e-01
3.19803280e-01
4.05564060e-01
-4.91628101e-01
3.46522123e-01
-2.79286081e-01
-2.88019660e-01
3.29151474e-01
1.15225493e-01
-1.84535654e-01
-1.57921389e-01
-4.99869440e-01
0.00000000e+00
0.00000000e+00
0.00000000e+00
9.58160461e-02
5.15602890e-01
-2.81058792e-01
2.38647980e-01
-3.79102018e-01
5.47755130e-02
1.16869245e-01
-3.86907636e-01
3.43113093e-01
0.00000000e+00
3.78551191e-01
-9.02427474e-02
4.75291049e-03
-3.12036406e-02
-8.60148890e-01
-2.69443488e-01
-2.29025885e-01
-2.99187246e-02
-5.90603907e-02
3.68113905e-01
-6.17171134e-01
4.44985705e-01
1.33260005e-01
-1.82887540e-01
-1.33219400e+00
-8.22900545e-01
7.52465458e-01
4.23897153e-01
8.66945552e-03
-5.09293458e-01
1.07052485e+00
7.32506678e-01
1.34361453e-01
2 1
-2.3412e-01 3.9529e-02
2 1
0 1 
217
3.60584659e-01
9.66945559e-02
-4.34099489e-01
-6.79980439e-01
-1.21685608e-01
1.16937489e-01
1.62971125e-02
3.17026031e-01
3.87742341e-01
6.62969825e-02
3.38505381e-01
-3.78511792e-01
-2.60274566e-01
-1.68585676e-01
0.00000000e+00
0.00000000e+00
0.00000000e+00
1.70390158e-02
-6.51511876e-03
5.22717188e-01
-2.15599979e-01
2.81217798e-03
2.02183912e-01
5.59252439e-01
7.13128475e-04
-5.34036316e-03
0.00000000e+00
0.00000000e+00
9.46726807e-03
-1.04126602e-01
4.44176283e-01
-5.65721614e-01
1.06973894e-01
4.70380177e-01
0.00000000e+00
0.00000000e+00
0.00000000e+00
-1.40019261e-01
5.00603921e-01
0.00000000e+00
0.00000000e+00
0.00000000e+00
0.00000000e+00
0.00000000e+00
0.00000000e+00
-3.59316211e-02
-1.04087640e-01
5.00603921e-01
0.00000000e+00
0.00000000e+00
0.00000000e+00
0.00000000e+00
0.00000000e+00
0.00000000e+00
0.00000000e+00
0.00000000e+00
0.00000000e+00
0.00000000e+00
0.00000000e+00
0.00000000e+00
5.00603921e-01
-1.04087640e-01
-3.59316211e-02
0.00000000e+00
-1.03971490e-01
-1.56676883e+00
6.57096426e-01
1.29743060e+00
-1.92424127e-01
1.37104558e+00
0.00000000e+00
-3.59316211e-02
-1.05066387e+00
3.55604023e-01
-1.65285803e+00
4.09122574e-02
-4.04280300e-01
0.00000000e+00
0.00000000e+00
0.00000000e+00
0.00000000e+00
0.00000000e+00
0.00000000e+00
0.00000000e+00
0.00000000e+00
0.00000000e+00
0.00000000e+00
0.00000000e+00
0.00000000e+00
0.00000000e+00
0.00000000e+00
0.00000000e+00
0.00000000e+00
0.00000000e+00
0.00000000e+00
0.00000000e+00
0.00000000e+00
0.00000000e+00
0.00000000e+00
0.00000000e+00
0.00000000e+00
0.00000000e+00
0.00000000e+00
0.00000000e+00
0.00000000e+00
0.00000000e+00
0.00000000e+00
0.00000000e+00
0.00000000e+00
0.00000000e+00
0.00000000e+00
0.00000000e+00
0.00000000e+00
0.00000000e+00
0.00000000e+00
0.00000000e+00
0.00000000e+00
0.00000000e+00
0.00000000e+00
-8.53719976e-01
-1.12505971e+00
-7.75321621e-01
0.00000000e+00
0.00000000e+00
0.00000000e+00
1.03488035e-01
-7.47366388e-01
4.47392852e-02
4.49611279e-01
-5.01637350e-01
2.17532904e-01
4.36135262e-01
4.74225178e-01
-7.87470324e-02
0.00000000e+00
-5.77430900e-02
-3.36421469e-01
-1.05394231e+00
5.91219408e-02
3.21258399e-01
7.10490348e-01
5.23396257e-01
-8.54216480e-01
-3.99616515e-01
-8.56298704e-02
-2.63487623e-01
0.00000000e+00
0.00000000e+00
0.00000000e+00
3.37487813e-01
-1.19374788e+00
-2.56364902e-02
1.18421584e-01
-5.74034395e-01
1.07689775e-01
9.07377407e-02
1.73408754e-01
3.27324250e-02
0.00000000e+00
4.92413574e-01
-4.60005460e-01
-1.39396632e-01
1.98639998e-01
-1.10601095e-01
1.12710582e-01
1.62300549e-01
-1.19400471e-01
1.49723052e-01
3.83068953e-01
-1.15012372e+00
0.00000000e+00
0.00000000e+00
0.00000000e+00
-3.13689096e-01
-5.02310393e-01
-5.69607404e-02
3.80801516e-03
-3.44426017e-01
4.42596325e-01
3.83573748e-01
-2.48421342e-02
-6.65608289e-02
0.00000000e+00
5.85835488e-01
-1.98177839e-01
-5.97725583e-01
2.92436276e-01
-5.25728457e-01
-4.64846737e-02
1.37479984e-01
-4.14644628e-01
-6.39983810e-02
1.59695220e-01
-9.09033685e-02
0.00000000e+00
0.00000000e+00
0.00000000e+00
2.13560835e-01
-7.45332031e-01
5.31261531e-02
1.38739000e-01
-3.27051618e-01
8.07546930e-02
5.51191467e-02
1.14572980e-01
-1.59898111e-01
0.00000000e+00
7.88602353e-02
-9.96935512e-02
-1.65614207e-01
1.92741534e-01
3.00229741e-01
1.72639544e-01
4.51794907e-02
-1.90799938e-01
6.19750793e-02
8.99876563e-02
136
5.91101561e-01
0.00000000e+00
0.00000000e+00
3.87741581e-02
3.30447285e-03
1.54977652e-01
2.37896672e-03
4.15901032e-01
1.42997054e-03
0.00000000e+00
0.00000000e+00
1.35997734e-01
1.16252102e-01
5.25074243e-01
-4.96123515e-01
5.40957761e-03
3.44000599e-01
0.00000000e+00
0.00000000e+00
0.00000000e+00
-3.45946824e-03
5.98148456e-01
0.00000000e+00
0.00000000e+00
0.00000000e+00
0.00000000e+00
0.00000000e+00
0.00000000e+00
8.89528368e-01
-8.92987836e-01
5.98148456e-01
0.00000000e+00
0.00000000e+00
0.00000000e+00
0.00000000e+00
0.00000000e+00
0.00000000e+00
0.00000000e+00
0.00000000e+00
0.00000000e+00
0.00000000e+00
0.00000000e+00
0.00000000e+00
0.00000000e+00
0.00000000e+00
0.00000000e+00
0.00000000e+00
-8.79923287e-01
1.11090532e-01
-7.18561248e-01
-1.53195677e+00
0.00000000e+00
8.88474948e-01
-1.16882697e-01
7.67185176e-01
-1.01075217e+00
0.00000000e+00
0.00000000e+00
0.00000000e+00
0.00000000e+00
5.98148456e-01
-8.92987836e-01
8.89528368e-01
0.00000000e+00
0.00000000e+00
0.00000000e+00
0.00000000e+00
0.00000000e+00
0.00000000e+00
0.00000000e+00
0.00000000e+00
0.00000000e+00
0.00000000e+00
0.00000000e+00
0.00000000e+00
0.00000000e+00
0.00000000e+00
0.00000000e+00
0.00000000e+00
0.00000000e+00
0.00000000e+00
0.00000000e+00
0.00000000e+00
0.00000000e+00
0.00000000e+00
0.00000000e+00
-9.03286050e-01
-9.39872440e-01
-1.26680529e+00
0.00000000e+00
0.00000000e+00
0.00000000e+00
5.31795317e-01
-2.07805183e+00
4.27001136e-01
5.27199230e-01
-1.48754220e+00
5.11444927e-01
4.80091147e-01
1.01878733e+00
-3.16808338e-01
0.00000000e+00
5.66820967e-01
-5.32284572e-01
-1.28985054e+00
3.88867177e-01
1.01093857e+00
7.29981944e-01
2.75743372e-01
-1.66557603e+00
-5.44792518e-01
1.79429620e-01
-1.26700670e+00
0.00000000e+00
0.00000000e+00
0.00000000e+00
2.45869631e-01
-1.72007263e+00
1.15750218e-01
5.76106966e-01
-1.33643422e+00
7.70625838e-01
7.98911067e-01
-8.33459121e-03
-8.15225749e-02
0.00000000e+00
1.02353848e+00
-4.49241481e-01
-1.01973376e+00
6.73263713e-01
-4.85931417e-01
1.81069050e-01
2.10324626e-01
-1.14733569e+00
-1.18448379e-01
5.04588457e-01
7 1
-4.5316e-01 1.4397e-01
3 1
0 1 2 
217
3.68671393e-01
3.24851020e-01
-5.94331311e-01
6.44115971e-02
-1.35230026e-01
7.88908417e-02
2.02637479e-01
1.07978933e-01
3.19896051e-01
-1.41422443e-01
1.22243372e-01
-3.23953737e-01
-1.40875483e-01
-9.42105432e-02
0.00000000e+00
0.00000000e+00
0.00000000e+00
9.28171919e-03
5.89029741e-04
1.49052572e-01
-1.76084628e-01
3.23675875e-03
1.39408660e-01
5.35510103e-01
3.51872157e-04
-1.54741665e-02
0.00000000e+00
0.00000000e+00
-1.21654719e-01
-1.29739590e-01
3.65018184e-01
-3.58746725e-01
1.32135744e-01
4.82690721e-01
0.00000000e+00
0.00000000e+00
0.00000000e+00
-1.44453426e-01
-1.00994298e-01
6.14119116e-01
0.00000000e+00
0.00000000e+00
0.00000000e+00
0.00000000e+00
0.00000000e+00
1.80447705e-02
-1.62498197e-01
4.31330807e-01
0.00000000e+00
-5.38707857e-01
6.38275237e-03
6.14119116e-01
0.00000000e+00
0.00000000e+00
0.00000000e+00
0.00000000e+00
0.00000000e+00
0.00000000e+00
0.00000000e+00
0.00000000e+00
5.06742067e-01
-1.56115444e-01
1.80447705e-02
0.00000000e+00
-1.55175469e-01
-1.81052489e+00
6.39122445e-01
1.34843692e+00
-1.14335608e-01
1.00034139e+00
0.00000000e+00
-5.20663086e-01
-9.94164442e-01
6.28812462e-01
-1.51286251e+00
2.60522017e-01
-1.63639504e-01
0.00000000e+00
2.86877381e-01
-1.80489239e-01
1.67927240e-01
-9.22439061e-01
-8.61332281e-02
-3.82682841e-01
0.00000000e+00
0.00000000e+00
0.00000000e+00
0.00000000e+00
0.00000000e+00
0.00000000e+00
0.00000000e+00
0.00000000e+00
0.00000000e+00
0.00000000e+00
0.00000000e+00
0.00000000e+00
0.00000000e+00
0.00000000e+00
0.00000000e+00
0.00000000e+00
0.00000000e+00
0.00000000e+00
0.00000000e+00
0.00000000e+00
0.00000000e+00
0.00000000e+00
0.00000000e+00
0.00000000e+00
0.00000000e+00
0.00000000e+00
0.00000000e+00
0.00000000e+00
0.00000000e+00
0.00000000e+00
0.00000000e+00
0.00000000e+00
0.00000000e+00
0.00000000e+00
0.00000000e+00
-7.26185644e-01
-1.01601787e+00
-7.85400268e-01
0.00000000e+00
0.00000000e+00
0.00000000e+00
2.05179081e-01
-6.50269415e-01
3.10458645e-01
3.75661662e-01
-5.73364098e-01
3.63970574e-01
2.91627001e-01
2.97189804e-01
1.57073147e-01
0.00000000e+00
3.91418361e-02
-3.32541025e-01
-9.84274049e-01
4.10061545e-02
1.20955697e-01
4.07627701e-01
3.75186260e-01
-8.15056856e-01
-3.42903964e-01
-7.20684244e-02
-2.31071136e-01
0.00000000e+00
0.00000000e+00
0.00000000e+00
2.97698016e-01
-8.29321777e-01
9.58587744e-02
1.27690864e-01
-5.60418380e-01
5.44592954e-02
1.52600304e-01
1.85904895e-01
-1.67664660e-01
0.00000000e+00
4.24341143e-01
-6.29919402e-01
-1.61569208e-01
2.49705231e-01
-1.63860225e-02
1.28593222e-01
1.02456674e-01
-1.50315758e-01
9.79534628e-02
3.67262190e-01
-1.12735034e+00
0.00000000e+00
0.00000000e+00
0.00000000e+00
-2.47338925e-01
-4.88287700e-01
-4.26866600e-02
7.25391939e-02
-4.11916698e-01
4.91674156e-01
3.20837628e-01
-1.50598494e-01
-1.33794050e-01
0.00000000e+00
6.28529398e-01
-1.86948224e-01
-6.84444891e-01
2.87477918e-01
-3.07950329e-01
-1.82153646e-02
8.71074863e-02
-3.80960188e-01
-5.07233707e-02
8.83487756e-02
-8.07021675e-02
0.00000000e+00
0.00000000e+00
0.00000000e+00
1.87104655e-01
-7.12285439e-01
1.75391390e-02
1.03357802e-01
-3.35009997e-01
1.02793180e-01
8.02800740e-02
1.59121445e-01
-1.18680194e-01
0.00000000e+00
5.91569369e-02
-9.88457235e-02
-1.50390805e-01
2.29031750e-01
2.17056848e-01
1.61852268e-01
5.51255045e-02
-2.22345089e-01
8.58148467e-02
9.86206315e-02
136
6.34658809e-01
0.00000000e+00
0.00000000e+00
3.01220917e-02
3.39966309e-03
1.74889543e-01
2.44897199e-03
4.43956803e-01
1.49999464e-03
0.00000000e+00
0.00000000e+00
2.12212656e-01
1.54260776e-01
5.74692565e-01
-5.55940693e-01
-3.79934395e-02
3.10624937e-01
0.00000000e+00
0.00000000e+00
0.00000000e+00
-1.14846195e-01
2.00150610e-01
5.51233765e-01
0.00000000e+00
0.00000000e+00
0.00000000e+00
0.00000000e+00
0.00000000e+00
1.86617691e-01
-3.01463886e-01
7.75750750e-01
0.00000000e+00
5.22015523e-01
-1.09761566e+00
5.51233765e-01
0.00000000e+00
0.00000000e+00
0.00000000e+00
0.00000000e+00
0.00000000e+00
0.00000000e+00
0.00000000e+00
0.00000000e+00
0.00000000e+00
0.00000000e+00
0.00000000e+00
0.00000000e+00
-1.39434705e+00
2.64869575e-01
-5.95213269e-01
-1.36467410e+00
0.00000000e+00
7.09835280e-01
-1.96599852e-01
7.06566929e-01
-1.00264503e+00
0.00000000e+00
6.69824060e-01
-4.89908432e-02
4.17194074e-01
-5.37607632e-01
-1.39907955e+00
1.86617691e-01
0.00000000e+00
0.00000000e+00
0.00000000e+00
0.00000000e+00
0.00000000e+00
0.00000000e+00
0.00000000e+00
0.00000000e+00
0.00000000e+00
0.00000000e+00
0.00000000e+00
0.00000000e+00
0.00000000e+00
0.00000000e+00
0.00000000e+00
0.00000000e+00
0.00000000e+00
0.00000000e+00
0.00000000e+00
0.00000000e+00
0.00000000e+00
0.00000000e+00
0.00000000e+00
-8.77159393e-01
-8.69813002e-01
-1.27934045e+00
0.00000000e+00
0.00000000e+00
0.00000000e+00
5.62136993e-01
-2.21778114e+00
2.75010802e-01
5.36389465e-01
-1.51039105e+00
4.87572115e-01
4.81771946e-01
1.04466611e+00
-2.76054204e-01
0.00000000e+00
5.80773680e-01
-5.14050502e-01
-1.35427209e+00
3.83053781e-01
1.01619641e+00
8.25327621e-01
4.01312705e-01
-1.65771841e+00
-5.56508577e-01
2.13223904e-01
-1.26391728e+00
0.00000000e+00
0.00000000e+00
0.00000000e+00
2.85238042e-01
-1.73131072e+00
1.14359974e-01
5.91130096e-01
-1.30297200e+00
7.59209559e-01
7.94713145e-01
3.07385994e-02
-8.11409651e-02
0.00000000e+00
9.69648479e-01
-4.61169784e-01
-1.06222511e+00
6.53565011e-01
-4.82894012e-01
1.91469545e-01
2.23628156e-01
-1.12447357e+00
-1.49842725e-01
5.18411006e-01
3 1
-6.0701e-01 2.1508e-01
4 0
0 1 2 7 
217
-3.29306997e-01
-5.04624465e-01
6.94036753e-01
1.53639282e-01
-1.13016224e-01
-1.08351048e-01
-1.36651922e-01
-8.28525408e-02
-2.32300258e-01
1.68219060e-01
4.05658117e-02
-9.50651443e-02
1.12095596e-01
3.11465126e-01
0.00000000e+00
0.00000000e+00
0.00000000e+00
5.86724828e-01
-7.25378767e-03
-1.40525037e-01
-1.02746926e-01
-1.15373352e-03
2.44694718e-02
-8.19267797e-01
2.69302618e-04
2.63122163e-01
0.00000000e+00
0.00000000e+00
-4.12756410e-01
-8.03337926e-02
4.00684857e-01
-2.45000388e-01
4.58424119e-02
-2.70151561e-02
0.00000000e+00
0.00000000e+00
0.00000000e+00
-4.51162829e-01
-2.76159044e-01
-5.93446257e-02
4.57359501e-01
0.00000000e+00
0.00000000e+00
0.00000000e+00
0.00000000e+00
-1.74056179e-01
-2.77106650e-01
-1.26153297e-01
0.00000000e+00
2.38999798e-01
-2.51880922e-01
4.23608076e-01
0.00000000e+00
-3.43057505e-01
2.05932882e-01
4.22274484e-01
0.00000000e+00
-7.40840347e-01
-1.64386838e-01
4.57359501e-01
3.32190711e-01
-4.87441528e-01
-1.74056179e-01
0.00000000e+00
-4.87441528e-01
-1.28222860e+00
1.65701582e-01
1.51397338e+00
-7.56705108e-03
5.59547168e-01
0.00000000e+00
-1.01174458e+00
-8.25092635e-01
3.02666679e-01
-1.29359222e+00
3.86980557e-01
6.73014370e-02
0.00000000e+00
-2.83532220e-01
-4.51995650e-01
1.09268930e-01
-5.47542193e-01
-1.46409662e-01
2.44357736e-01
0.00000000e+00
-1.57955129e-01
-2.14352948e-02
3.96955771e-02
-5.73954693e-01
-2.02413400e-01
1.05088316e-01
0.00000000e+00
0.00000000e+00
0.00000000e+00
0.00000000e+00
0.00000000e+00
0.00000000e+00
0.00000000e+00
0.00000000e+00
0.00000000e+00
0.00000000e+00
0.00000000e+00
0.00000000e+00
0.00000000e+00
0.00000000e+00
0.00000000e+00
0.00000000e+00
0.00000000e+00
0.00000000e+00
0.00000000e+00
0.00000000e+00
0.00000000e+00
0.00000000e+00
0.00000000e+00
0.00000000e+00
0.00000000e+00
0.00000000e+00
0.00000000e+00
0.00000000e+00
-8.38995207e-01
-8.78614889e-01
-9.42652520e-01
0.00000000e+00
0.00000000e+00
0.00000000e+00
2.79498646e-01
-6.02350843e-01
1.40020568e-01
7.99339525e-02
-6.21344520e-01
2.19201381e-01
2.88821725e-01
4.31370340e-01
1.20290936e-02
0.00000000e+00
1.63152200e-01
-6.93661191e-01
-1.03628365e+00
2.53504767e-01
7.94172538e-01
1.77583311e-01
1.22285595e-01
-6.91328361e-01
-3.15456730e-01
5.61986545e-02
-1.10414894e-01
0.00000000e+00
0.00000000e+00
0.00000000e+00
1.70623886e-01
-4.63813232e-01
-2.35125885e-02
2.78677888e-01
-4.48357750e-01
9.99558859e-02
9.21198443e-02
2.35170335e-02
1.56434510e-02
0.00000000e+00
2.56383973e-01
2.69263596e-01
-1.36078279e-01
9.49228871e-02
-4.14871990e-01
1.02495947e-01
3.80682161e-02
-2.96496800e-01
-1.99954671e-02
2.51038606e-01
-8.02827133e-01
0.00000000e+00
0.00000000e+00
0.00000000e+00
-3.27235220e-01
-6.47496035e-01
-4.94862453e-01
3.40149320e-01
-4.25919710e-01
8.36508126e-01
6.90874866e-01
-3.19783754e-01
7.31566127e-02
0.00000000e+00
4.63214907e-01
1.16618883e-02
-5.77725273e-01
3.48311718e-01
-1.27406152e-01
9.89846216e-02
5.22988541e-02
-5.17587672e-01
-8.12063576e-02
-1.98765421e-01
-1.89881692e-01
0.00000000e+00
0.00000000e+00
0.00000000e+00
1.99077147e-01
-3.98671228e-01
2.51762983e-01
1.41076885e-03
-4.27700833e-01
1.74095529e-01
1.53728440e-01
2.80456187e-01
7.65932423e-02
0.00000000e+00
-3.17561778e-02
-4.64529590e-02
-4.40177965e-01
-1.13188018e-02
2.73774859e-01
8.34715690e-02
1.70945732e-03
-3.36819062e-01
-8.16732298e-02
8.86083819e-02
136
6.57879678e-01
-7.81727905e-03
3.19875767e-02
4.75070485e-01
-3.04068743e-03
1.05297440e-01
1.22796221e-03
8.53290314e-02
-4.48771298e-04
0.00000000e+00
0.00000000e+00
-1.07383519e-01
4.21633183e-02
7.09406889e-01
-2.40888690e-01
9.82141367e-02
1.70570942e-01
0.00000000e+00
0.00000000e+00
0.00000000e+00
-1.39505009e-01
1.62158916e-01
2.05894508e-01
4.30238389e-01
0.00000000e+00
0.00000000e+00
0.00000000e+00
0.00000000e+00
-1.73789901e-01
3.42848920e-02
3.33679918e-01
0.00000000e+00
4.31070663e-01
-5.93522503e-01
5.95103706e-01
0.00000000e+00
3.69747300e-01
-3.78816463e-01
4.68901347e-01
0.00000000e+00
-2.49476204e-01
-6.08634341e-01
4.30238389e-01
0.00000000e+00
0.00000000e+00
0.00000000e+00
0.00000000e+00
-1.54571673e+00
3.51367499e-01
-5.44233459e-01
-1.44567872e+00
0.00000000e+00
3.77650069e-01
-1.07792450e-01
6.43058107e-01
-1.08368088e+00
0.00000000e+00
6.58085335e-01
-1.40095456e-01
4.10274749e-01
-3.61613362e-01
-1.55042791e+00
4.55869245e-01
-1.91405599e-01
3.51062737e-01
-1.36483120e-01
0.00000000e+00
0.00000000e+00
0.00000000e+00
0.00000000e+00
0.00000000e+00
0.00000000e+00
0.00000000e+00
0.00000000e+00
0.00000000e+00
0.00000000e+00
0.00000000e+00
0.00000000e+00
0.00000000e+00
0.00000000e+00
0.00000000e+00
0.00000000e+00
0.00000000e+00
0.00000000e+00
0.00000000e+00
0.00000000e+00
-7.89906897e-01
-8.49438480e-01
-1.30704188e+00
0.00000000e+00
0.00000000e+00
0.00000000e+00
6.06882729e-01
-2.46780595e+00
3.81111693e-01
5.14723162e-01
-1.52488493e+00
4.84081220e-01
5.07388266e-01
1.09911825e+00
-3.48527010e-01
0.00000000e+00
6.66566695e-01
-8.01626978e-01
-1.37761550e+00
3.86165976e-01
1.10252837e+00
8.80417867e-01
5.06626428e-01
-1.61204219e+00
-5.45390506e-01
2.35240530e-01
-1.28309352e+00
0.00000000e+00
0.00000000e+00
0.00000000e+00
3.29915812e-01
-1.85723760e+00
9.57460825e-02
6.14479813e-01
-1.26798671e+00
6.26316246e-01
6.69486231e-01
3.27849072e-02
-2.03443391e-01
0.00000000e+00
1.02776352e+00
-5.58514287e-01
-9.50007743e-01
7.32926123e-01
-5.49400402e-01
2.31919109e-01
2.81175500e-01
-1.03917896e+00
-8.93782456e-02
5.89540473e-01
5 1
-7.9636e-01 2.5770e-01
5 0
0 1 2 7 3 
217
-1.51107380e-01
-6.06070183e-01
6.72717529e-01
-1.28415366e-01
1.03005355e-01
-4.73949415e-02
-1.21337616e-01
-6.13382149e-02
-2.19768783e-01
2.15329122e-01
8.19908663e-03
1.92522690e-02
7.87945775e-02
3.08892169e-01
0.00000000e+00
0.00000000e+00
0.00000000e+00
6.12338765e-01
-5.68013822e-03
-9.34900865e-02
-2.32117963e-02
-6.32503581e-04
3.12099693e-02
-7.40631439e-01
1.68961103e-04
2.77343432e-01
0.00000000e+00
0.00000000e+00
-2.56835236e-01
-2.76154622e-02
4.85214724e-01
-1.98901767e-01
-6.74783635e-03
-1.02731467e-01
0.00000000e+00
0.00000000e+00
0.00000000e+00
-4.85923055e-01
-2.60902224e-01
8.57784720e-03
1.90076831e-01
3.97063221e-01
0.00000000e+00
0.00000000e+00
0.00000000e+00
-2.99849954e-01
-4.12390406e-01
1.73644476e-01
0.00000000e+00
2.71311602e-01
-4.36845705e-01
5.01489757e-01
0.00000000e+00
-1.04282749e-01
-2.33490049e-01
5.55647746e-01
0.00000000e+00
-7.20371339e-01
-1.86799667e-01
7.40828908e-01
-3.80179830e-01
5.28922404e-01
-2.99849954e-01
0.00000000e+00
-1.26952583e+00
-1.39979538e+00
5.75713278e-01
1.46109525e+00
5.42705168e-01
5.68140885e-01
0.00000000e+00
-8.42884121e-01
-6.74894914e-01
3.96859132e-01
-1.24139142e+00
3.05225929e-01
-9.52486590e-02
0.00000000e+00
-2.77388091e-01
-4.16752007e-01
2.78077866e-01
-5.36994261e-01
-1.08464310e-01
1.25886900e-01
0.00000000e+00
-1.60373543e-01
3.79164119e-03
1.69960772e-01
-5.77483662e-01
-1.18427922e-01
1.15813129e-01
0.00000000e+00
1.27423189e-01
4.84871709e-02
-9.73608122e-02
-4.45644695e-01
-1.80659634e-01
-2.87099659e-02
0.00000000e+00
0.00000000e+00
0.00000000e+00
0.00000000e+00
0.00000000e+00
0.00000000e+00
0.00000000e+00
0.00000000e+00
0.00000000e+00
0.00000000e+00
0.00000000e+00
0.00000000e+00
0.00000000e+00
0.00000000e+00
0.00000000e+00
0.00000000e+00
0.00000000e+00
0.00000000e+00
0.00000000e+00
0.00000000e+00
0.00000000e+00
-8.29637605e-01
-8.89337888e-01
-1.04281682e+00
0.00000000e+00
0.00000000e+00
0.00000000e+00
1.63017339e-01
-5.41100047e-01
5.53238599e-02
1.10502743e-01
-6.28057953e-01
2.75006689e-01
2.54493009e-01
3.34774332e-01
6.00248150e-02
0.00000000e+00
3.39353233e-01
-4.34802792e-01
-1.21880056e+00
2.55992896e-01
6.03233552e-01
2.39489181e-01
-1.02847309e-02
-8.65467869e-01
-3.08417202e-01
2.72902689e-01
-8.72754298e-02
0.00000000e+00
0.00000000e+00
0.00000000e+00
2.72228961e-01
-5.78254480e-01
-3.54493171e-02
2.41422195e-01
-4.81113844e-01
1.36459986e-01
1.77386208e-01
1.00399157e-01
-5.66644443e-02
0.00000000e+00
2.40403160e-01
1.73833592e-02
-5.85912158e-02
1.13073952e-01
-3.68934341e-01
1.26287308e-01
1.18347057e-01
-2.32250897e-01
-2.90420216e-02
2.09633788e-01
-8.45157611e-01
0.00000000e+00
0.00000000e+00
0.00000000e+00
-5.44756901e-01
-5.39727377e-01
5.11668718e-01
1.56496618e-01
-4.50878731e-01
9.35737663e-01
6.70624024e-01
-2.53639119e-01
-2.10946535e-01
0.00000000e+00
3.26485514e-01
-2.42454219e-02
-7.63807390e-01
1.95792372e-01
-3.92175851e-02
-4.28876503e-02
-1.59280992e-01
-3.66192974e-01
-8.83658613e-02
-1.58015982e-01
-1.81536845e-01
0.00000000e+00
0.00000000e+00
0.00000000e+00
2.98545014e-01
-2.49067252e-01
-1.01106265e-02
7.37036981e-02
-2.28076279e-01
2.44122429e-01
-2.35628949e-02
1.82290393e-01
2.15616618e-03
0.00000000e+00
3.74197799e-02
-2.86718601e-01
-3.34326669e-01
7.36218546e-02
1.20485184e-01
1.32261266e-01
1.31117663e-01
-3.58225150e-01
-8.98845242e-02
1.02711704e-01
136
5.10715065e-01
-9.41352180e-03
3.43266999e-02
4.30132522e-01
-3.64241456e-03
7.98385969e-02
6.46735825e-04
1.01574674e-02
-4.99933929e-04
0.00000000e+00
0.00000000e+00
-1.34448012e-01
5.49240371e-02
6.83883840e-01
-2.64813124e-01
6.55546491e-02
1.19963171e-01
0.00000000e+00
0.00000000e+00
0.00000000e+00
-2.09495172e-01
1.06924477e-01
1.14443711e-01
1.56551979e-01
3.42867792e-01
0.00000000e+00
0.00000000e+00
0.00000000e+00
-1.72255399e-01
-3.45289095e-02
3.56619549e-01
0.00000000e+00
4.02668875e-01
-6.94997297e-01
6.46360808e-01
0.00000000e+00
3.36461268e-01
-4.54410900e-01
5.29642999e-01
0.00000000e+00
-2.59368449e-01
-7.45354601e-01
6.00454844e-01
0.00000000e+00
0.00000000e+00
0.00000000e+00
0.00000000e+00
-1.92580670e+00
4.09162942e-01
-5.16479514e-01
-1.30653957e+00
0.00000000e+00
3.08149672e-01
-1.36840700e-01
6.22581340e-01
-1.10119957e+00
0.00000000e+00
5.65658760e-01
-1.22118778e-01
3.75090629e-01
-4.37808895e-01
-9.33581937e-01
3.35335327e-01
-1.74355344e-01
3.12534617e-01
-1.23806011e-01
0.00000000e+00
4.28311584e-01
-3.16047470e-01
1.41833435e-01
6.71717931e-02
0.00000000e+00
0.00000000e+00
0.00000000e+00
0.00000000e+00
0.00000000e+00
0.00000000e+00
0.00000000e+00
0.00000000e+00
0.00000000e+00
0.00000000e+00
0.00000000e+00
0.00000000e+00
0.00000000e+00
0.00000000e+00
0.00000000e+00
-7.40315921e-01
-8.01066364e-01
-1.27523888e+00
0.00000000e+00
0.00000000e+00
0.00000000e+00
5.90272988e-01
-2.39229468e+00
3.73129310e-01
5.18973174e-01
-1.55051825e+00
4.81880736e-01
4.71536895e-01
1.05744980e+00
-3.14485806e-01
0.00000000e+00
6.43910241e-01
-6.66614876e-01
-1.34688587e+00
3.77398056e-01
1.05449737e+00
8.46916109e-01
4.57900489e-01
-1.60628394e+00
-5.17405455e-01
2.45384833e-01
-1.28148999e+00
0.00000000e+00
0.00000000e+00
0.00000000e+00
3.27219392e-01
-2.02722507e+00
-1.38305125e-02
6.01705585e-01
-1.32179318e+00
4.93781490e-01
7.78604962e-01
5.95366155e-02
-7.63235512e-02
0.00000000e+00
1.00007827e+00
-4.25052346e-01
-9.26130311e-01
7.06224723e-01
-3.88172033e-01
2.50407829e-01
2.74574130e-01
-1.08146361e+00
-6.65718477e-02
5.52939479e-01
8 1
-1.0940e+00 2.9334e-01
6 1
0 1 2 7 3 5 
217
2.34806378e-01
-3.06671470e-01
-6.18893932e-02
-1.17308512e-01
3.10039318e-03
1.07872417e-01
4.92435249e-02
-1.09453286e-02
3.43754202e-02
-1.51827302e-01
-7.79270822e-02
1.64361228e-01
2.26014122e-01
1.85915261e-01
0.00000000e+00
0.00000000e+00
0.00000000e+00
5.51359117e-02
-8.27711523e-03
5.70395112e-01
-3.43201274e-01
6.36516742e-03
3.64679099e-01
5.23047482e-01
1.82615395e-03
1.48707282e-01
0.00000000e+00
0.00000000e+00
5.02563219e-01
3.43038186e-01
6.68161396e-01
-1.15758531e+00
-2.54042575e-01
1.38002221e-01
0.00000000e+00
0.00000000e+00
0.00000000e+00
-3.47583282e-01
-1.67757150e-01
-5.41583835e-02
5.22387955e-02
2.86206816e-01
4.65859582e-01
0.00000000e+00
0.00000000e+00
-6.16992787e-02
-4.64907820e-01
1.83352169e-01
0.00000000e+00
-9.76928292e-03
-3.87811490e-01
6.24319954e-01
0.00000000e+00
-2.46470456e-01
-1.19909455e-01
5.94904620e-01
0.00000000e+00
-5.15679673e-01
-2.23731086e-01
8.62208177e-01
1.68767230e-01
1.27738427e-01
-6.16992787e-02
0.00000000e+00
-1.19120484e+00
-1.64181296e+00
7.01833249e-01
1.03488898e+00
7.29332981e-01
1.20070934e+00
0.00000000e+00
-8.33618691e-01
-1.24570266e+00
6.75630261e-01
-6.31226260e-01
3.92794808e-01
-1.32432104e-01
0.00000000e+00
-1.14730220e-01
-3.67345341e-01
3.18835735e-01
-6.31345049e-01
3.07008631e-02
-1.50918431e-01
0.00000000e+00
-1.16515749e-01
4.67484783e-02
2.66515383e-01
-5.35860236e-01
8.48067449e-02
1.90133110e-03
0.00000000e+00
1.54274258e-01
1.79262150e-02
6.13746242e-02
-5.16403376e-01
2.51947088e-02
-1.50379786e-01
0.00000000e+00
-6.17110729e-02
-1.15729589e-01
1.10121038e-01
-5.13681247e-01
1.92433626e-01
2.19511648e-01
0.00000000e+00
0.00000000e+00
0.00000000e+00
0.00000000e+00
0.00000000e+00
0.00000000e+00
0.00000000e+00
0.00000000e+00
0.00000000e+00
0.00000000e+00
0.00000000e+00
0.00000000e+00
0.00000000e+00
0.00000000e+00
-8.61289887e-01
-9.06018491e-01
-1.05631734e+00
0.00000000e+00
0.00000000e+00
0.00000000e+00
5.50059378e-01
-7.41216127e-01
-3.22975439e-01
-4.33749593e-01
-6.45628876e-01
-2.23682514e-01
4.27368949e-01
3.49039759e-01
4.88869999e-01
0.00000000e+00
8.14198537e-01
-5.94213630e-01
-8.86181998e-01
3.47703993e-01
3.49997449e-01
6.85994348e-03
-1.68881744e-01
-6.34250439e-01
-1.64945569e-01
4.25310583e-01
-1.27692676e-01
0.00000000e+00
0.00000000e+00
0.00000000e+00
7.86073891e-02
-7.33206884e-01
1.75182417e-01
2.65647214e-01
-5.54330255e-01
2.37767557e-01
1.15271047e-02
2.16251214e-01
-7.16291146e-02
0.00000000e+00
7.40878798e-02
-2.36357364e-01
-1.62357569e-01
1.28133129e-01
3.93680376e-02
2.93057053e-01
1.98820557e-01
-2.08641183e-01
4.84497357e-02
7.19304049e-02
-1.02810147e+00
0.00000000e+00
0.00000000e+00
0.00000000e+00
1.29387648e-01
-3.79040418e-01
-1.29725679e-03
4.99499513e-02
-4.57849604e-01
4.24531128e-01
3.79188723e-01
-6.25310038e-02
-1.52337636e-01
0.00000000e+00
3.42460814e-01
-2.09494917e-01
-5.02698345e-01
1.69864715e-01
-3.88246644e-02
-2.23787285e-01
4.90482937e-02
-5.31832588e-01
-1.24727359e-01
1.11888334e-01
-1.35280164e-01
0.00000000e+00
0.00000000e+00
0.00000000e+00
5.32506808e-02
-7.78414298e-01
6.20889973e-02
2.15808893e-01
-2.39207368e-01
1.10095314e-01
1.12744103e-01
1.19944767e-01
2.39573673e-02
0.00000000e+00
1.93359401e-01
-3.47792173e-02
-2.25526101e-01
1.53375989e-01
9.24781443e-02
1.73676268e-01
-9.93325684e-03
-2.88675384e-01
1.75446985e-02
1.12930838e-01
136
2.49500917e-01
0.00000000e+00
0.00000000e+00
7.33016322e-02
1.57567179e-04
-1.44419438e-01
5.31238537e-03
3.31014040e-01
1.32180824e-03
0.00000000e+00
0.00000000e+00
1.45231477e-01
2.63242300e-02
4.92613422e-01
-4.97377039e-01
-9.65389641e-02
1.94267078e-01
0.00000000e+00
0.00000000e+00
0.00000000e+00
-2.49904530e-01
6.63604492e-02
5.09507866e-02
8.60264579e-02
8.82903008e-02
2.09262343e-01
0.00000000e+00
0.00000000e+00
-1.12270575e-01
-7.93770635e-02
2.84497175e-01
0.00000000e+00
3.91299230e-01
-7.23700270e-01
5.60992712e-01
0.00000000e+00
2.96415742e-01
-4.86768067e-01
4.83618017e-01
0.00000000e+00
-3.11413752e-01
-6.49791280e-01
5.97483941e-01
0.00000000e+00
0.00000000e+00
0.00000000e+00
0.00000000e+00
-1.93826329e+00
4.79583251e-01
-4.57092056e-01
-1.14991939e+00
0.00000000e+00
2.64487241e-01
-2.29159880e-01
6.47961501e-01
-9.57456633e-01
0.00000000e+00
3.93130719e-01
-9.63675302e-02
3.23382666e-01
-4.73903788e-01
-5.55605972e-01
2.16162482e-01
-1.83004671e-01
2.84174632e-01
-1.48927403e-01
0.00000000e+00
2.17678309e-01
-2.85782063e-01
1.01511283e-01
4.12848809e-02
0.00000000e+00
1.82538070e-01
-2.15301230e-01
1.15190796e-01
-1.06248330e-01
0.00000000e+00
0.00000000e+00
0.00000000e+00
0.00000000e+00
0.00000000e+00
0.00000000e+00
0.00000000e+00
0.00000000e+00
0.00000000e+00
0.00000000e+00
-7.08665406e-01
-8.28846209e-01
-1.24519054e+00
0.00000000e+00
0.00000000e+00
0.00000000e+00
6.03481154e-01
-2.19857772e+00
3.32446054e-01
5.97427184e-01
-1.50563556e+00
5.11625089e-01
4.99369832e-01
1.00765759e+00
-4.05275574e-01
0.00000000e+00
6.07989184e-01
-5.69398645e-01
-1.37602416e+00
3.31573834e-01
9.74273135e-01
8.30015205e-01
4.59771007e-01
-1.64986434e+00
-5.67642333e-01
2.71598522e-01
-1.26701456e+00
0.00000000e+00
0.00000000e+00
0.00000000e+00
2.86827679e-01
-1.77831621e+00
6.11432332e-02
5.76534373e-01
-1.29071958e+00
7.63804353e-01
7.62804146e-01
5.16892437e-02
-1.11258823e-01
0.00000000e+00
9.07424643e-01
-4.97930031e-01
-1.03000827e+00
6.70083584e-01
-4.01258705e-01
2.38565731e-01
2.45215365e-01
-1.08535745e+00
-1.32224846e-01
4.95967006e-01
4 2
-9.9391e-01 2.9349e-01
7 -1
0 1 2 7 3 5 8 
217
9.24370084e-01
1.00356217e-01
-8.82101876e-01
-2.65059629e-01
1.04219683e-01
2.57291090e-01
3.76289844e-01
-7.08527915e-03
5.15198583e-01
-1.76482433e-01
1.72297810e-01
-4.26747218e-01
-2.43635835e-01
1.49058295e-01
1.08047993e+00
-5.39571032e-03
2.95217582e-02
7.28492754e-01
-1.10040083e-02
2.12952938e-01
-3.28772789e-02
-2.14048588e-03
1.00045308e-01
-8.51725324e-01
2.94554434e-04
4.02551550e-01
0.00000000e+00
0.00000000e+00
8.88060139e-01
8.59462854e-01
9.60606057e-01
-5.75953109e-01
-6.95163252e-01
-4.78202050e-01
0.00000000e+00
0.00000000e+00
0.00000000e+00
-4.37743418e-01
1.09615441e-02
1.21108421e-01
1.90059285e-01
3.38632809e-01
3.02731960e-01
3.98619483e-01
0.00000000e+00
-6.03629064e-01
1.49971612e-01
1.54008322e-01
0.00000000e+00
4.52457303e-01
-6.00844067e-01
6.06022117e-01
0.00000000e+00
-1.20246067e-01
-3.59423053e-02
4.84921972e-01
0.00000000e+00
-2.52477003e-01
-1.72220997e-01
8.62348261e-01
-5.60445117e-02
2.62162873e-01
7.18251723e-01
0.00000000e+00
-6.59035757e-01
-1.80684977e+00
9.61530160e-01
9.00290819e-01
6.21875681e-01
5.22883163e-01
0.00000000e+00
-5.09211747e-01
-8.96023872e-01
9.40140301e-01
-7.20512555e-01
5.08124615e-01
-8.27778287e-02
0.00000000e+00
6.34046438e-02
-5.84454900e-01
6.17667673e-01
-4.41643070e-01
2.77617942e-01
-1.01240567e-01
0.00000000e+00
1.92306396e-01
1.99613694e-02
5.52280588e-01
-2.91444234e-01
2.14103274e-01
1.21112938e-01
0.00000000e+00
4.61527530e-01
-1.16819055e-01
3.01353197e-01
-4.13375343e-01
1.61489357e-01
-1.53194184e-01
0.00000000e+00
3.61095085e-01
-2.79043168e-02
4.38814823e-01
-2.21460936e-01
1.24460177e-01
-2.66594226e-01
0.00000000e+00
-3.29486217e-01
-1.29356898e-01
6.93259677e-01
-4.09607633e-01
5.94916799e-01
-6.33166517e-02
0.00000000e+00
0.00000000e+00
0.00000000e+00
0.00000000e+00
0.00000000e+00
0.00000000e+00
0.00000000e+00
-1.03057598e+00
-1.21277212e+00
-7.67360441e-01
0.00000000e+00
0.00000000e+00
0.00000000e+00
3.75945542e-01
-1.01968863e+00
1.82012154e-01
3.25094001e-02
-1.30962307e+00
5.89044916e-01
2.99803003e-01
5.94565311e-01
3.55251627e-01
0.00000000e+00
5.82311448e-01
-2.47491525e-01
-1.38675145e+00
3.82500669e-01
7.47871851e-01
4.31961940e-01
4.02870798e-01
-1.36838203e+00
-6.19904999e-01
2.07832608e-01
-3.58027860e-01
0.00000000e+00
0.00000000e+00
0.00000000e+00
7.73863024e-02
-7.24309395e-01
-2.46919589e-02
4.35714862e-01
-2.25168267e-01
-1.12974321e-01
2.69641515e-01
1.39694532e-01
-4.62130304e-01
0.00000000e+00
6.71456863e-02
-2.18395749e-01
-1.70097859e-03
5.90219389e-02
8.87060425e-03
1.45162918e-01
-4.15477956e-02
-6.06796654e-02
1.84471130e-01
1.26461083e-01
-1.31377732e+00
0.00000000e+00
0.00000000e+00
0.00000000e+00
7.83162009e-02
-2.09719862e+00
1.13641466e-01
4.84365768e-01
-1.08224014e+00
8.54011847e-01
7.72796670e-01
-4.64740297e-03
-3.46291963e-01
0.00000000e+00
9.31565080e-01
-3.53610586e-01
-8.92951228e-01
7.93848295e-01
-2.41497394e-01
1.68013516e-01
1.50289549e-02
-6.49029667e-01
6.00963694e-02
8.20055156e-02
-4.38830689e-02
0.00000000e+00
0.00000000e+00
0.00000000e+00
2.38335554e-02
4.17985833e-01
-6.98740580e-02
-2.66667386e-02
2.05033609e-02
-1.58519457e-01
-2.45656801e-01
3.64660525e-02
5.92205334e-01
0.00000000e+00
-1.98707356e-01
1.78489754e-01
-1.70092995e-01
-1.63006177e-01
2.33848471e-01
1.41717271e-02
6.07461494e-02
-3.44859475e-01
-2.16650261e-01
-2.80999867e-02
136
3.50656511e-01
9.25792444e-01
-1.06021654e-03
8.50393072e-01
-9.44925859e-03
-1.94084212e-01
-9.91972696e-03
-1.23144479e+00
4.35260584e-04
0.00000000e+00
0.00000000e+00
7.93867282e-01
8.44739713e-01
9.88771236e-01
-6.72469737e-01
-7.78506988e-01
-8.10768459e-01
0.00000000e+00
0.00000000e+00
0.00000000e+00
-2.09386482e-02
9.33174064e-02
-6.55109122e-02
-9.80495077e-02
-8.17941907e-02
-1.37805414e-02
5.37412905e-01
0.00000000e+00
-5.11754830e-02
-3.53233816e-01
6.23408272e-01
0.00000000e+00
5.62761936e-01
-1.08053482e+00
7.74318773e-01
0.00000000e+00
5.13577826e-01
-6.97202255e-01
7.12362672e-01
0.00000000e+00
-1.44211317e-01
-1.14259450e+00
6.33179222e-01
0.00000000e+00
0.00000000e+00
0.00000000e+00
0.00000000e+00
-3.27356539e+00
1.77093067e-01
-7.61659101e-01
-1.01466753e+00
0.00000000e+00
8.82149533e-01
-8.68926599e-02
7.72759787e-01
-1.03465422e+00
0.00000000e+00
7.52838191e-01
-3.38635711e-02
4.46769601e-01
-4.28046065e-01
-5.58470433e-01
4.57932995e-01
-9.07207373e-02
3.50839143e-01
-9.46493830e-02
0.00000000e+00
2.31631535e-01
-2.50307592e-01
1.32913552e-01
6.09587677e-02
0.00000000e+00
3.18669000e-01
-1.80167945e-01
1.63885226e-01
-1.09885217e-01
0.00000000e+00
2.32234789e-01
-9.58119557e-02
3.38151282e-01
-1.82232632e-01
0.00000000e+00
0.00000000e+00
0.00000000e+00
0.00000000e+00
0.00000000e+00
-7.43582980e-01
-8.06570330e-01
-1.28120969e+00
0.00000000e+00
0.00000000e+00
0.00000000e+00
6.05586611e-01
-2.28068966e+00
3.38543816e-01
5.45713578e-01
-1.49530966e+00
5.24136912e-01
4.65692410e-01
1.02981571e+00
-3.08855225e-01
0.00000000e+00
6.71256063e-01
-6.10780665e-01
-1.37550244e+00
3.21123638e-01
8.86703027e-01
8.26183883e-01
4.39566018e-01
-1.61552377e+00
-5.38103461e-01
2.89233523e-01
-1.32807902e+00
0.00000000e+00
0.00000000e+00
0.00000000e+00
3.61178383e-01
-1.99482183e+00
1.16309347e-01
6.34572688e-01
-1.37626298e+00
7.91944448e-01
8.22344394e-01
7.53540057e-02
-3.06123871e-01
0.00000000e+00
9.75877573e-01
-5.90880378e-01
-1.03739571e+00
6.64653121e-01
-2.82510914e-01
2.80081687e-01
2.61304847e-01
-1.16404853e+00
-1.29642019e-01
5.69986725e-01
9 1
-1.4127e+00 3.5440e-01
8 1
0 1 2 7 3 5 8 4 
217
3.82246593e-01
-2.95868705e-02
-3.10904324e-01
1.27133925e-02
-1.74293647e-03
5.66809989e-02
4.21166437e-02
8.32616964e-02
1.42351265e-01
-3.52814572e-02
8.50305197e-02
-1.01083877e-01
1.14491102e-01
-7.75156918e-02
0.00000000e+00
0.00000000e+00
0.00000000e+00
1.87059412e-01
-7.52084585e-03
4.38921729e-01
-1.93947922e-01
7.04993976e-03
2.34349501e-01
3.89135103e-01
1.10216216e-03
2.92665579e-01
0.00000000e+00
0.00000000e+00
3.52483541e-01
2.20219047e-01
4.76169663e-01
-8.52198936e-01
5.11804892e-02
1.34392789e-01
0.00000000e+00
0.00000000e+00
0.00000000e+00
-1.78410268e-01
-5.02671758e-02
-1.85710503e-01
-1.56209577e-01
3.40983216e-03
2.87398847e-01
6.62035439e-01
0.00000000e+00
-7.78501141e-01
-9.08509990e-02
1.96173662e-01
0.00000000e+00
3.17434009e-01
-3.97383330e-01
6.72460150e-01
0.00000000e+00
1.14261322e-01
-2.56722758e-01
6.13673577e-01
0.00000000e+00
-6.46680357e-01
-2.21645057e-01
8.60027514e-01
-6.08374494e-02
-3.98981974e-01
8.42066017e-01
0.00000000e+00
-9.66602144e-01
-1.29471422e+00
8.46339253e-01
1.20768716e+00
5.02509484e-01
6.95157003e-01
0.00000000e+00
-9.93486166e-01
-9.74329281e-01
8.43393964e-01
-1.10617551e+00
5.32338796e-01
-1.98593725e-01
0.00000000e+00
-2.01966336e-01
-4.68667302e-01
4.69587455e-01
-6.73757022e-01
1.14625474e-01
-2.29685702e-01
0.00000000e+00
-8.06676482e-02
8.78914817e-03
3.73667657e-01
-4.37939032e-01
8.92465845e-02
-1.61123748e-01
0.00000000e+00
3.46857153e-01
1.45423653e-01
1.34695231e-01
-3.57173089e-01
-9.93057910e-02
-2.30176613e-01
0.00000000e+00
1.48888770e-01
-1.98003630e-01
1.06568460e-01
-2.66145720e-01
1.26789363e-01
3.32862673e-02
0.00000000e+00
-3.41925217e-01
-1.37692929e-01
4.03253304e-01
-2.45476928e-01
3.20918507e-01
2.38263278e-02
2.62652379e-01
-7.01985301e-02
-2.35208786e-01
1.81195795e-01
3.89797519e-01
8.59695022e-03
-1.07727636e-01
-1.00292889e+00
-9.47951461e-01
-1.12265192e+00
0.00000000e+00
0.00000000e+00
0.00000000e+00
2.00611170e-01
-8.03648877e-01
-3.52602451e-01
9.92425847e-02
-7.13703181e-01
3.24363087e-02
4.66568606e-01
4.23583342e-01
-4.79992593e-01
0.00000000e+00
3.72797163e-01
-4.34100860e-01
-1.24481385e+00
-7.22757929e-02
6.33611258e-01
1.02537559e+00
8.94016347e-01
-7.77478713e-01
-3.14303877e-01
-7.79740908e-02
-1.39900593e-01
0.00000000e+00
0.00000000e+00
0.00000000e+00
2.12571258e-01
-9.19787608e-01
1.94700287e-01
1.80435582e-01
-4.47631848e-01
2.30805424e-01
8.69530078e-02
2.11289851e-01
1.19667844e-02
0.00000000e+00
1.87046850e-01
-1.04843884e-01
-8.33110318e-02
1.00665858e-01
3.73904445e-03
3.24186062e-02
1.64700242e-02
-2.51772907e-01
-6.06760262e-02
2.59060135e-01
-9.65797610e-01
0.00000000e+00
0.00000000e+00
0.00000000e+00
-2.64651870e-01
-4.99764826e-01
-1.39919720e-01
1.91517842e-01
-5.63552573e-01
6.83060319e-01
5.45742710e-01
6.00338524e-03
-2.73688370e-01
0.00000000e+00
6.25725804e-01
-4.33855171e-01
-6.16723176e-01
3.02091093e-01
-2.83111910e-01
7.56984374e-02
4.91604405e-02
-4.69346512e-01
5.28223821e-02
4.69941035e-02
-1.64823688e-01
0.00000000e+00
0.00000000e+00
0.00000000e+00
2.64008650e-01
-6.61096197e-01
6.24137714e-02
1.30567659e-01
-1.90773625e-01
-9.44480338e-02
3.28467013e-02
9.47122640e-02
3.78536703e-02
0.00000000e+00
5.78439793e-02
-4.10939726e-03
-1.17585654e-01
1.70895683e-01
-1.12927567e-02
1.16218916e-01
9.97592077e-02
-2.63992767e-01
-5.48182882e-02
1.66172529e-01
136
3.44096809e-01
0.00000000e+00
0.00000000e+00
1.93860573e-01
-3.16111940e-03
-1.56980866e-01
4.76173991e-03
3.18777737e-01
1.23920846e-03
0.00000000e+00
0.00000000e+00
2.44949297e-01
1.19675677e-01
5.40578138e-01
-4.92683323e-01
-8.99720249e-02
4.68793947e-02
0.00000000e+00
0.00000000e+00
0.00000000e+00
-4.57729792e-02
2.51206460e-02
-1.04409999e-01
-1.19002417e-01
-6.87003676e-02
7.59434353e-02
5.82054204e-01
0.00000000e+00
-1.56414359e-01
-3.35817562e-01
5.77389153e-01
0.00000000e+00
4.18847653e-01
-8.73358288e-01
7.91045290e-01
0.00000000e+00
3.80353553e-01
-6.07180435e-01
6.96236305e-01
0.00000000e+00
-1.68994162e-01
-1.02222044e+00
6.45345818e-01
0.00000000e+00
0.00000000e+00
0.00000000e+00
0.00000000e+00
-2.82641792e+00
2.67294567e-01
-6.56975216e-01
-1.00251286e+00
0.00000000e+00
4.74894019e-01
-1.74140988e-01
6.55528592e-01
-1.07099040e+00
0.00000000e+00
5.60421229e-01
-7.37473006e-02
3.80123714e-01
-3.98932690e-01
-4.98279351e-01
3.23676927e-01
-1.23031996e-01
3.10825391e-01
-1.02841828e-01
0.00000000e+00
2.68705991e-01
-2.34888354e-01
1.28551894e-01
4.72369443e-02
0.00000000e+00
2.43608455e-01
-1.81182574e-01
1.47492784e-01
-1.47234492e-01
0.00000000e+00
2.22454805e-01
-1.23212604e-01
3.40003863e-01
-2.15616382e-01
6.42587711e-02
-9.49184570e-02
2.40091595e-01
-4.63127271e-02
-3.05743534e-01
-7.37779362e-01
-7.80615520e-01
-1.27649155e+00
0.00000000e+00
0.00000000e+00
0.00000000e+00
5.73118056e-01
-2.21280935e+00
3.52170659e-01
5.33307502e-01
-1.50029217e+00
5.00481452e-01
4.78277306e-01
9.39106353e-01
-2.77398152e-01
0.00000000e+00
6.22727561e-01
-5.88394568e-01
-1.34582967e+00
3.97703925e-01
8.89712718e-01
7.39796418e-01
3.95851772e-01
-1.56665379e+00
-5.02512365e-01
2.95144796e-01
-1.24596683e+00
0.00000000e+00
0.00000000e+00
0.00000000e+00
2.69693620e-01
-1.80835508e+00
8.19760097e-02
5.51467654e-01
-1.28374995e+00
7.74649448e-01
7.55866747e-01
5.52492227e-02
-1.40604286e-01
0.00000000e+00
8.96615624e-01
-4.60444318e-01
-1.04461878e+00
6.61032239e-01
-3.11428435e-01
2.33562413e-01
2.34776880e-01
-1.08664148e+00
-1.17752681e-01
4.92738328e-01
10 1
-1.3829e+00 3.5967e-01
8 1
0 1 2 7 3 5 8 4 
217
3.66891663e-01
9.56793722e-02
-3.64906071e-01
-9.78603573e-02
6.88938298e-02
8.45321168e-03
8.58434423e-02
-2.31209570e-02
1.41510514e-01
-6.49221617e-02
2.45630446e-02
3.52555978e-03
4.60808317e-02
2.39679083e-01
0.00000000e+00
0.00000000e+00
0.00000000e+00
6.37897585e-02
-3.05565503e-03
3.53432518e-01
-3.15541855e-01
7.26758812e-03
2.52985191e-01
6.18643760e-01
7.33291795e-04
1.84073958e-01
0.00000000e+00
0.00000000e+00
2.22496803e-01
1.56767407e-01
4.55687659e-01
-7.93609265e-01
8.85878816e-02
2.36961178e-01
0.00000000e+00
0.00000000e+00
0.00000000e+00
-1.98530002e-01
-7.67218884e-02
-1.17732457e-01
-1.01842461e-01
2.28163149e-02
3.24585544e-01
5.14316612e-01
0.00000000e+00
-7.23059516e-01
-5.72365930e-02
2.86038986e-01
0.00000000e+00
1.36862114e-01
-3.44849025e-01
5.13879490e-01
0.00000000e+00
5.01203945e-03
-2.12740583e-01
4.26809266e-01
0.00000000e+00
-3.83573195e-01
-2.03678467e-01
9.23427146e-01
-3.00506677e-02
-4.49429315e-01
8.46371645e-01
0.00000000e+00
-8.18504669e-01
-1.43864546e+00
7.42288111e-01
1.23162788e+00
4.43108220e-01
5.47600485e-01
0.00000000e+00
-9.64758558e-01
-1.08559328e+00
8.12337065e-01
-1.09319506e+00
5.19313156e-01
-1.75481751e-01
0.00000000e+00
-2.75176400e-01
-3.86667262e-01
4.59289386e-01
-6.50516560e-01
1.82778677e-01
-1.41122269e-01
0.00000000e+00
-1.88364544e-01
-9.08383396e-02
5.02341687e-01
-6.57103524e-01
5.29145202e-02
-1.22622101e-01
0.00000000e+00
2.80207459e-01
2.94693568e-01
6.77204841e-02
-3.48403364e-01
1.89637192e-02
-7.49860178e-02
0.00000000e+00
3.30622220e-01
-1.20617642e-01
1.49578588e-01
-1.75181471e-01
-1.13309146e-01
-3.04458844e-01
0.00000000e+00
-3.72111153e-01
-3.07596903e-01
4.79102902e-01
-3.61619881e-01
2.59899914e-01
6.69148918e-02
2.27186263e-01
8.56356857e-02
-1.13487496e-01
-1.63207265e-02
4.86424030e-01
7.03904408e-02
-1.26247535e-01
-9.96070443e-01
-1.01229763e+00
-1.15563877e+00
0.00000000e+00
0.00000000e+00
0.00000000e+00
1.62605947e-01
-6.66771780e-01
7.41200136e-02
1.42780100e-01
-7.75014412e-01
1.18971784e-01
4.18600887e-01
1.52792366e-01
-2.51164739e-01
0.00000000e+00
2.55461945e-01
-5.95133368e-01
-1.25028722e+00
6.27472290e-02
3.57854627e-01
5.87244412e-01
8.23974602e-01
-5.75206616e-01
-3.00045726e-01
1.00831185e-01
-1.15531427e-01
0.00000000e+00
0.00000000e+00
0.00000000e+00
1.88935100e-01
-7.43623128e-01
9.44367011e-02
1.79511452e-01
-4.16534275e-01
2.10534536e-01
7.84959469e-02
2.48435675e-01
-2.74269518e-02
0.00000000e+00
2.26993734e-01
-6.33525516e-02
-1.10125686e-01
8.35505687e-02
5.69580605e-02
1.24799683e-01
-2.07344820e-02
-3.56699403e-01
-6.47835937e-02
1.95097186e-01
-1.02619468e+00
0.00000000e+00
0.00000000e+00
0.00000000e+00
-2.27035000e-01
-5.89775773e-01
7.36852421e-02
1.53780297e-01
-4.62256433e-01
5.23940071e-01
3.48973488e-01
-2.57715349e-01
-3.27764353e-01
0.00000000e+00
5.30337706e-01
-3.48110744e-01
-6.95242802e-01
5.15495071e-01
-1.91506310e-01
1.51442333e-01
7.51837745e-02
-3.32430348e-01
-8.48190869e-02
1.17623539e-01
-1.43557671e-01
0.00000000e+00
0.00000000e+00
0.00000000e+00
1.98907915e-01
-4.52846955e-01
-7.02243691e-02
1.20277019e-01
-2.55310722e-01
1.04537657e-02
8.18561840e-02
1.69275166e-01
1.04347082e-01
0.00000000e+00
7.64735095e-02
-6.32256948e-02
-1.15392491e-01
8.81398096e-02
1.07794345e-02
9.83409112e-02
5.72615823e-02
-3.45673993e-01
1.20327809e-02
1.30971395e-01
136
3.25868923e-01
0.00000000e+00
0.00000000e+00
1.94454877e-01
-3.31131097e-03
-1.62999595e-01
4.61700874e-03
3.07242665e-01
1.20248896e-03
0.00000000e+00
0.00000000e+00
2.44709598e-01
1.31431505e-01
5.25137619e-01
-4.74568455e-01
-9.93206032e-02
2.04357908e-02
0.00000000e+00
0.00000000e+00
0.00000000e+00
-5.00612457e-02
3.75158675e-02
-8.65563136e-02
-1.21295364e-01
-8.38773937e-02
3.98357209e-02
5.91496108e-01
0.00000000e+00
-1.77817017e-01
-3.03294876e-01
5.30607865e-01
0.00000000e+00
4.50593410e-01
-8.60657705e-01
7.97544360e-01
0.00000000e+00
3.70745608e-01
-5.91803363e-01
6.85587623e-01
0.00000000e+00
-2.24369952e-01
-9.42629917e-01
5.92551343e-01
0.00000000e+00
0.00000000e+00
0.00000000e+00
0.00000000e+00
-2.69118213e+00
2.94686111e-01
-6.20319110e-01
-9.42879403e-01
0.00000000e+00
4.19981473e-01
-1.72154232e-01
6.45781137e-01
-1.10348116e+00
0.00000000e+00
5.21133750e-01
-7.64797791e-02
3.62340682e-01
-4.07873060e-01
-5.15944246e-01
3.44375136e-01
-1.01489922e-01
3.02568902e-01
-6.83661098e-02
0.00000000e+00
2.27316997e-01
-2.50851848e-01
1.28099849e-01
3.70660124e-02
0.00000000e+00
2.30467603e-01
-1.66611439e-01
1.33776834e-01
-1.15195780e-01
0.00000000e+00
2.26274672e-01
-9.30470546e-02
3.15874867e-01
-1.97179123e-01
7.78793259e-02
-1.01199250e-01
2.36527589e-01
-4.67486761e-02
-3.03337561e-01
-7.49668452e-01
-7.75166771e-01
-1.29676582e+00
0.00000000e+00
0.00000000e+00
0.00000000e+00
5.50051040e-01
-2.25804495e+00
3.11423475e-01
5.35416460e-01
-1.46312691e+00
4.99942937e-01
4.72934170e-01
9.15395673e-01
-2.69265554e-01
0.00000000e+00
6.19007101e-01
-5.69202169e-01
-1.30783889e+00
3.91980010e-01
8.88309710e-01
7.55012995e-01
4.09793874e-01
-1.58855729e+00
-4.74314468e-01
2.84316971e-01
-1.25075418e+00
0.00000000e+00
0.00000000e+00
0.00000000e+00
3.00003245e-01
-1.81856033e+00
7.40550226e-02
5.72294130e-01
-1.28912149e+00
7.87187467e-01
7.67838601e-01
7.03582879e-02
-1.37582197e-01
0.00000000e+00
8.85277986e-01
-4.71550076e-01
-1.01936649e+00
6.51010237e-01
-3.38256517e-01
2.29876711e-01
2.35403020e-01
-1.12146858e+00
-1.33707702e-01
5.05554492e-01
11 1
-1.3737e+00 3.6634e-01
8 1
0 1 2 7 3 5 8 4 
217
4.88656071e-01
-3.30907334e-02
-3.14744364e-01
-8.75895635e-02
5.15844579e-02
1.47309015e-01
2.29610320e-01
-1.12283974e-01
3.41408930e-02
2.55235985e-02
3.39589379e-02
1.28896628e-01
1.39361462e-01
-8.40497326e-02
0.00000000e+00
0.00000000e+00
0.00000000e+00
1.14015115e-01
-4.21554899e-03
4.39683408e-01
6.07642198e-02
3.98032173e-03
2.55780540e-01
3.16629632e-01
6.43401416e-04
3.67644764e-01
0.00000000e+00
0.00000000e+00
6.41288315e-01
4.01163808e-01
4.69079166e-01
-6.71059559e-01
-2.44435622e-01
-1.04655604e-01
0.00000000e+00
0.00000000e+00
0.00000000e+00
-1.92921925e-01
-1.76632183e-01
-1.92459396e-01
-6.17880380e-02
1.29473744e-01
3.21456575e-01
6.61527293e-01
0.00000000e+00
-7.42753317e-01
-1.37142594e-01
3.78659001e-01
0.00000000e+00
1.60672391e-01
-4.05800083e-01
5.95262946e-01
0.00000000e+00
2.29671175e-02
-1.92134843e-01
4.41298222e-01
0.00000000e+00
-2.97278851e-01
-4.16033182e-02
7.06509399e-01
-3.11949162e-02
-4.58236854e-01
9.78087841e-01
0.00000000e+00
-7.76680838e-01
-1.37248976e+00
6.44658521e-01
1.12319427e+00
6.20678388e-01
9.03513826e-01
0.00000000e+00
-8.56392658e-01
-1.10445075e+00
6.96599155e-01
-8.94539506e-01
6.48449574e-01
-1.01124137e-01
0.00000000e+00
-2.29106414e-01
-5.40653766e-01
5.05030619e-01
-5.65831588e-01
2.12731866e-01
-8.61146719e-02
0.00000000e+00
-1.51101655e-01
-8.21133001e-02
5.51412088e-01
-5.93570322e-01
8.83456380e-02
-1.95034451e-01
0.00000000e+00
3.03659785e-01
2.92459837e-01
7.08322557e-02
-3.82310108e-01
1.14164030e-01
6.87590296e-02
0.00000000e+00
1.73196799e-01
-1.10162371e-01
1.57233570e-01
-2.87397640e-01
1.58225702e-01
3.32595374e-02
0.00000000e+00
-2.79589466e-01
-1.03347335e-01
5.60124236e-01
-4.46829144e-01
2.08121301e-01
9.64736455e-02
2.31052906e-02
-4.33829325e-02
-1.61562337e-01
2.67212246e-01
2.93099745e-01
2.41721467e-01
6.69186304e-02
-1.29712984e+00
-9.90828577e-01
-1.39149397e+00
0.00000000e+00
0.00000000e+00
0.00000000e+00
4.10957088e-01
-7.62702873e-01
1.42577705e-01
-5.67634682e-02
-8.13951678e-01
-2.47645365e-02
-7.37175347e-02
2.27669033e-01
-6.26785937e-02
0.00000000e+00
4.14075327e-01
-6.25069731e-01
-1.01946739e+00
5.62443652e-01
3.56877675e-01
5.80239760e-02
7.45367415e-02
-5.29385553e-01
7.45876827e-02
2.55258508e-01
-9.82890680e-02
0.00000000e+00
0.00000000e+00
0.00000000e+00
8.63683366e-02
-9.56963464e-01
6.33503499e-02
2.31064477e-01
-5.35460839e-01
1.63203144e-01
2.46780127e-01
2.30827875e-01
-1.17406522e-02
0.00000000e+00
1.72300349e-01
-8.60528835e-02
-9.93983272e-02
6.99300627e-02
6.65266896e-02
2.75799993e-01
1.29798945e-01
-2.05244832e-01
-2.39063812e-03
6.30122202e-02
-1.09480656e+00
0.00000000e+00
0.00000000e+00
0.00000000e+00
-2.42274968e-02
-5.23464376e-01
-1.55185272e-01
2.33606469e-01
-4.55058259e-01
4.64625386e-01
3.63098451e-01
-1.47195106e-01
-3.59221184e-01
0.00000000e+00
8.45601761e-01
-2.78356267e-01
-5.51023578e-01
2.06955220e-01
-2.34126149e-01
8.46657069e-02
-6.76003360e-02
-7.39564603e-01
-7.10326732e-02
3.12695752e-01
-1.16317723e-01
0.00000000e+00
0.00000000e+00
0.00000000e+00
1.00357320e-01
-6.24862995e-01
1.19850027e-01
1.23591408e-01
-3.74716264e-01
1.23386816e-01
9.36170750e-02
1.59690019e-01
9.03177435e-02
0.00000000e+00
1.54662339e-02
-5.62994891e-02
-2.08925843e-01
1.95104170e-01
1.96656334e-02
7.60940721e-02
9.84281285e-02
-1.64552306e-01
1.75815273e-02
7.98890008e-02
136
2.71166231e-01
0.00000000e+00
0.00000000e+00
1.63311019e-01
-4.27234294e-03
-2.11682842e-01
6.01267187e-03
3.25156933e-01
1.37361715e-03
0.00000000e+00
0.00000000e+00
2.78385985e-01
1.44723718e-01
5.58220708e-01
-5.48052080e-01
-1.44019266e-01
-5.74593094e-03
0.00000000e+00
0.00000000e+00
0.00000000e+00
-7.50482518e-02
9.99359003e-03
-7.51905471e-02
-8.03649429e-02
-3.77859830e-02
1.11979734e-01
4.18686907e-01
0.00000000e+00
-2.37300190e-01
-2.08508924e-01
4.08966120e-01
0.00000000e+00
4.13261514e-01
-7.51539443e-01
6.76129803e-01
0.00000000e+00
3.44674436e-01
-4.62259915e-01
5.60363749e-01
0.00000000e+00
-2.39705871e-01
-7.99712945e-01
5.67902173e-01
0.00000000e+00
0.00000000e+00
0.00000000e+00
0.00000000e+00
-2.21706006e+00
3.88362960e-01
-5.08055767e-01
-8.50900517e-01
0.00000000e+00
2.80866093e-01
-1.68713899e-01
6.23117908e-01
-1.13421842e+00
0.00000000e+00
4.08231051e-01
-9.84080525e-02
3.35480262e-01
-4.11064438e-01
-5.98081244e-01
3.11292069e-01
-1.24533911e-01
2.99378253e-01
-8.35628528e-02
0.00000000e+00
1.95756492e-01
-2.28883521e-01
1.04933049e-01
3.82686128e-02
0.00000000e+00
2.19920623e-01
-1.92042658e-01
1.32928463e-01
-1.60031730e-01
0.00000000e+00
1.72563245e-01
-1.01321146e-01
2.92559467e-01
-1.76854579e-01
7.98093834e-02
-1.04487097e-01
2.15830496e-01
-5.81292372e-02
-2.83301340e-01
-7.81529333e-01
-8.01730806e-01
-1.34399901e+00
0.00000000e+00
0.00000000e+00
0.00000000e+00
5.45762049e-01
-2.17295702e+00
3.17563652e-01
5.32135360e-01
-1.43495049e+00
5.23019377e-01
4.87931407e-01
9.01229296e-01
-2.98182795e-01
0.00000000e+00
6.12166349e-01
-5.70108356e-01
-1.36215129e+00
3.39028537e-01
8.75498890e-01
7.71175699e-01
4.50335207e-01
-1.62109996e+00
-5.44701410e-01
3.04306492e-01
-1.27466432e+00
0.00000000e+00
0.00000000e+00
0.00000000e+00
3.21864671e-01
-1.80806070e+00
6.85730231e-02
5.61579834e-01
-1.28196888e+00
7.44500768e-01
7.51612002e-01
7.10761068e-02
-1.36894698e-01
0.00000000e+00
8.76944202e-01
-4.78647236e-01
-1.03129188e+00
6.58418673e-01
-3.24241813e-01
2.64517737e-01
2.60356049e-01
-1.13571993e+00
-1.61563496e-01
5.04281240e-01
6 2
-1.1829e+00 3.6676e-01
8 -1
0 1 2 7 3 5 8 4 
217
4.84728901e-01
-1.51846908e-01
7.97040518e-02
1.93029739e-02
2.61131022e-01
-3.75839521e-01
1.66094746e-02
-5.81850878e-02
-4.74064319e-02
-1.89384044e-03
-1.16678432e-01
1.08570316e-01
3.71073268e-01
-4.19359096e-01
-1.23072652e+00
3.35479195e-03
3.29134832e-01
-9.45731273e-01
1.11834075e-02
1.35063427e-01
7.46210537e-01
1.41585691e-03
1.54180936e-01
1.91497615e+00
-3.84839998e-03
-3.09032039e-01
0.00000000e+00
0.00000000e+00
9.96550473e-01
1.03253377e+00
1.08183770e+00
-8.68237036e-01
-8.04041570e-01
-9.17368837e-01
0.00000000e+00
0.00000000e+00
0.00000000e+00
-3.23993007e-02
-6.96021272e-02
-2.17147337e-01
-2.17035249e-01
-1.23670112e-01
1.05684892e-01
1.03889814e+00
0.00000000e+00
-9.49900057e-01
-1.42526866e-01
2.48240709e-01
0.00000000e+00
1.67970832e-01
-1.58595415e-01
7.23250838e-01
0.00000000e+00
9.99976341e-02
9.43285518e-03
4.87870109e-01
0.00000000e+00
-2.70927465e-01
-2.80318133e-01
5.50233860e-01
-7.07069072e-02
-1.79571575e-01
7.35007383e-01
0.00000000e+00
-5.36621491e-01
-6.54946635e-01
4.86026009e-01
9.09423722e-01
5.70710450e-01
6.24951409e-01
0.00000000e+00
-9.52859056e-01
-8.71937186e-01
7.74700333e-01
-9.31082232e-01
6.62887624e-01
-1.70569528e-01
0.00000000e+00
-2.46885616e-01
-4.08693642e-01
4.92596215e-01
-3.68502115e-01
2.39018301e-01
2.75126137e-01
0.00000000e+00
-1.11559960e-01
-7.65643672e-02
4.27628590e-01
-3.58866886e-01
1.68660270e-01
1.13783191e-03
0.00000000e+00
3.90649732e-01
2.29279424e-01
1.29570396e-01
-1.32272023e-01
-1.05160062e-04
-5.34756170e-02
0.00000000e+00
2.47145776e-01
-8.91377175e-02
2.16450207e-01
-8.72353795e-02
5.65189860e-02
-1.67729570e-01
0.00000000e+00
-6.84570099e-01
-4.05078763e-01
6.88629091e-01
-4.16720488e-01
4.80669909e-01
-3.99616022e-02
1.27642983e-01
-5.00892940e-03
-1.20634248e-01
2.56082100e-01
2.06716098e-01
1.06012747e-01
1.00169537e-01
-1.14639555e+00
-1.03542627e+00
-1.64848057e+00
0.00000000e+00
0.00000000e+00
0.00000000e+00
8.24238852e-01
-1.48147504e+00
-6.46672133e-02
5.32973557e-01
-1.82136852e+00
4.40773448e-01
3.94799278e-01
9.06126968e-01
-2.64602271e-01
0.00000000e+00
6.41675672e-01
-6.99050669e-01
-1.54247975e+00
1.80752850e-01
8.89625807e-01
7.72950253e-01
4.01467851e-01
-1.67755762e+00
-4.28371663e-01
3.45707642e-01
1.00147318e-01
0.00000000e+00
0.00000000e+00
0.00000000e+00
-1.29831007e-01
-2.26880550e-01
1.44090450e-01
2.77526502e-02
1.59611673e-01
-1.83140282e-02
6.33502500e-02
-7.44104689e-02
1.26709842e-01
0.00000000e+00
3.60183306e-03
-2.36942118e-02
1.20176747e-01
1.19162283e-01
-3.26485995e-01
-6.85607535e-02
-3.88899408e-02
9.94048039e-02
8.10496602e-02
6.23040810e-02
-1.31363263e+00
0.00000000e+00
0.00000000e+00
0.00000000e+00
4.14143719e-01
-1.54334370e+00
-8.15459515e-02
7.65783316e-01
-1.40223655e+00
5.77748856e-01
8.29840936e-01
-3.24251873e-02
-7.85320104e-02
0.00000000e+00
7.79439216e-01
-5.47375788e-01
-1.18364571e+00
4.26013793e-01
1.15588762e-02
2.15004765e-01
1.15910777e-01
-9.83300866e-01
-1.54524368e-01
5.57853250e-01
-1.56581349e-02
0.00000000e+00
0.00000000e+00
0.00000000e+00
-4.39249738e-02
-7.00818347e-02
4.96013223e-03
-2.34909929e-01
1.19346182e-01
1.01697398e-01
-1.45743271e-01
6.99677023e-02
-1.18037556e-01
0.00000000e+00
9.19028410e-03
7.58612781e-02
2.56725321e-02
1.65024215e-01
-1.26223837e-01
4.76664874e-02
3.33809481e-02
-4.36292126e-02
1.28616384e-01
-1.44910631e-02
136
5.08564084e-01
-1.13341779e+00
7.26266130e-03
-8.06896476e-01
1.32682712e-02
1.09115556e+00
2.35622768e-03
1.35772279e+00
-5.60150897e-04
0.00000000e+00
0.00000000e+00
1.13030506e+00
1.11219496e+00
1.03020957e+00
-1.02101512e+00
-8.57877717e-01
-8.56344614e-01
0.00000000e+00
0.00000000e+00
0.00000000e+00
-6.64053246e-02
2.27347968e-02
-6.81882681e-02
-1.04439247e-01
-3.00131809e-02
1.04469559e-01
6.54126452e-01
0.00000000e+00
-4.41411844e-02
-3.68059317e-01
6.36963130e-01
0.00000000e+00
5.14445934e-01
-9.86895958e-01
8.49639204e-01
0.00000000e+00
4.50276322e-01
-7.52410342e-01
7.61464818e-01
0.00000000e+00
-1.55023420e-01
-1.13416457e+00
7.40190173e-01
0.00000000e+00
0.00000000e+00
0.00000000e+00
0.00000000e+00
-3.22235337e+00
1.62789424e-01
-7.51595258e-01
-7.93853302e-01
0.00000000e+00
7.62229062e-01
-8.72980022e-02
7.01990921e-01
-1.24626655e+00
0.00000000e+00
6.80923825e-01
-4.67946431e-02
4.03541209e-01
-4.25121388e-01
-5.30895186e-01
2.65042887e-01
-1.03392132e-01
2.89697796e-01
-1.21977084e-01
0.00000000e+00
2.06662892e-01
-2.35556815e-01
1.22970214e-01
7.24221516e-02
0.00000000e+00
3.31784315e-01
-1.52717127e-01
1.52056609e-01
-1.33204470e-01
0.00000000e+00
2.58999250e-01
-7.71961325e-02
3.04787692e-01
-1.95617656e-01
8.78382134e-02
-6.86614416e-02
1.95737687e-01
-3.65437617e-02
-2.35334794e-01
-7.82251827e-01
-7.59788547e-01
-1.37818397e+00
0.00000000e+00
0.00000000e+00
0.00000000e+00
4.98325951e-01
-2.18032448e+00
3.08325704e-01
5.21792580e-01
-1.46649402e+00
5.04142465e-01
4.68590702e-01
8.61135038e-01
-2.69492588e-01
0.00000000e+00
6.19490910e-01
-5.80153060e-01
-1.30706795e+00
3.67514640e-01
8.60847489e-01
7.58294855e-01
4.41340799e-01
-1.56708048e+00
-4.91035313e-01
2.73662795e-01
-1.24960428e+00
0.00000000e+00
0.00000000e+00
0.00000000e+00
3.07334377e-01
-1.81532733e+00
7.35603479e-02
5.88119066e-01
-1.30745618e+00
7.29874822e-01
7.27606823e-01
8.05566308e-02
-1.07927656e-01
0.00000000e+00
9.06183512e-01
-4.60733092e-01
-9.97435293e-01
6.67868173e-01
-3.11773305e-01
2.60758030e-01
2.56696731e-01
-1.18628552e+00
-1.61824081e-01
5.00599665e-01
17 1
-1.3302e+00 3.7967e-01
8 0
0 1 2 7 3 5 8 4 
217
1.04478309e-01
-5.37302246e-01
4.15973652e-01
-1.78170836e-01
1.46000929e-01
-1.25029867e-02
-2.07369594e-02
-2.10086533e-01
-1.87371803e-01
1.51065401e-01
-5.38339968e-02
9.66784247e-02
2.20420140e-01
6.50821521e-01
0.00000000e+00
0.00000000e+00
0.00000000e+00
4.65586901e-01
-6.00575857e-03
1.97831845e-01
1.25597353e-01
-9.16244614e-04
2.52515127e-01
-4.85426441e-01
-2.89651340e-05
5.52075399e-01
0.00000000e+00
0.00000000e+00
-2.32703488e-01
1.94515841e-02
5.79234434e-01
-1.95125842e-01
-1.80556453e-02
-1.42698605e-02
0.00000000e+00
0.00000000e+00
0.00000000e+00
-3.23656415e-01
-1.73345565e-01
-1.58943272e-01
-7.81100097e-02
9.14782522e-02
2.84973531e-01
4.62081788e-01
0.00000000e+00
-9.10909723e-01
-1.36416019e-01
3.33757675e-01
0.00000000e+00
3.35317295e-01
-5.69699420e-01
7.07077226e-01
0.00000000e+00
3.81208440e-02
-1.38395670e-01
5.66412495e-01
0.00000000e+00
-4.02660303e-01
-2.80933172e-01
5.62807082e-01
-2.22444885e-01
-4.31774596e-01
7.58697790e-01
0.00000000e+00
-1.12544428e+00
-1.10620381e+00
7.08924697e-01
1.20607074e+00
5.20997893e-01
9.28981472e-01
0.00000000e+00
-9.30943783e-01
-9.69227488e-01
6.39006416e-01
-1.19271391e+00
4.05603781e-01
-4.54978354e-02
0.00000000e+00
-2.13631477e-01
-5.07780586e-01
3.26085481e-01
-3.51788557e-01
2.58232264e-02
-1.10812670e-01
0.00000000e+00
-2.07074046e-01
-3.04058137e-02
3.89092126e-01
-3.92487140e-01
-4.37408501e-02
-2.54805808e-01
0.00000000e+00
1.46796008e-01
-3.65366286e-02
1.09381700e-02
-1.26315470e-01
-5.32558688e-02
1.08814653e-01
0.00000000e+00
7.29104074e-02
-2.55191416e-01
1.10870112e-02
-2.34660971e-01
2.04808908e-02
2.21005926e-01
0.00000000e+00
-6.41035302e-01
-2.98527745e-01
5.96749811e-01
-3.91429314e-01
1.82816673e-01
2.70907673e-01
-9.45369607e-02
-1.40348879e-01
-3.43310461e-01
2.20210495e-01
3.92245295e-01
1.19153654e-01
9.39015229e-02
-7.96630563e-01
-7.22984688e-01
-1.00798631e+00
0.00000000e+00
0.00000000e+00
0.00000000e+00
1.38401435e-01
-5.18997278e-01
-2.39547771e-01
1.71373494e-01
-5.75287793e-01
3.49818225e-01
2.52211661e-01
3.75613641e-01
-1.65558999e-01
0.00000000e+00
3.71989229e-01
-5.29744217e-01
-1.05983643e+00
2.27729606e-01
6.71661920e-01
2.32328886e-01
-2.70533164e-02
-5.85643843e-01
-2.82254413e-01
1.84809660e-01
-1.10801894e-01
0.00000000e+00
0.00000000e+00
0.00000000e+00
2.45741012e-01
-6.53629553e-01
1.67417939e-01
1.79318814e-01
-4.71265362e-01
1.54768702e-01
2.11237362e-01
2.06952761e-01
2.95383156e-02
0.00000000e+00
1.04733858e-01
8.05133247e-02
-8.18933880e-02
9.27086040e-02
-4.43240188e-01
2.80188257e-01
2.23189564e-01
-4.70600701e-01
-3.67437689e-02
7.02625529e-02
-5.70852595e-01
0.00000000e+00
0.00000000e+00
0.00000000e+00
-3.23718396e-01
-4.39243038e-01
3.27359720e-01
8.75394634e-02
-3.15012871e-01
1.27615482e+00
5.23024314e-01
-2.82333195e-01
-3.45147641e-01
0.00000000e+00
3.59140958e-01
-2.68532652e-01
-6.53951328e-01
3.73804581e-01
-1.14210934e-01
7.40347806e-02
-1.78594794e-01
-4.68564976e-01
-1.11353020e-01
-9.12483835e-02
-2.76785794e-01
0.00000000e+00
0.00000000e+00
0.00000000e+00
2.93936025e-01
-3.51685766e-01
1.27544590e-02
1.17668567e-01
-3.97509528e-01
-4.26551110e-02
-4.88036425e-02
2.43796347e-01
6.49020596e-02
0.00000000e+00
1.65880388e-01
-1.26847858e-01
-3.21505442e-01
1.98656344e-02
3.04887008e-02
5.35919421e-02
1.89550355e-01
-3.77047133e-01
-3.84935025e-02
2.35327711e-01
136
4.33616482e-01
-1.03569521e-02
1.93465845e-02
4.87255119e-01
-5.65988421e-03
2.18720998e-02
1.07671700e-03
-6.51537843e-02
-2.90879938e-04
0.00000000e+00
0.00000000e+00
-1.74432764e-01
6.75472955e-02
7.15234797e-01
-2.47306283e-01
3.98850869e-02
4.98902496e-02
0.00000000e+00
0.00000000e+00
0.00000000e+00
-2.53282079e-02
4.33079037e-02
-5.99036775e-02
-7.37555669e-02
-4.80466461e-02
7.01408651e-02
5.27810916e-01
0.00000000e+00
-2.02139886e-01
-2.26228368e-01
4.61369509e-01
0.00000000e+00
4.22585928e-01
-7.49147897e-01
7.25507250e-01
0.00000000e+00
3.97514705e-01
-5.16539521e-01
6.13755525e-01
0.00000000e+00
-2.05507620e-01
-9.04756305e-01
6.17812266e-01
0.00000000e+00
0.00000000e+00
0.00000000e+00
0.00000000e+00
-2.39270570e+00
3.12349752e-01
-5.76033317e-01
-8.15857481e-01
0.00000000e+00
4.13047417e-01
-1.17015860e-01
6.28931686e-01
-1.25392484e+00
0.00000000e+00
5.31267920e-01
-8.18361919e-02
3.62083630e-01
-3.68811400e-01
-6.50510609e-01
3.56723372e-01
-1.05083214e-01
2.95044746e-01
-6.77630006e-02
0.00000000e+00
2.85948982e-01
-2.21532747e-01
1.20436225e-01
9.07928362e-02
0.00000000e+00
2.65427374e-01
-9.35915589e-02
1.08596574e-01
-1.29006512e-01
0.00000000e+00
3.19887523e-01
-9.81371736e-02
3.22687438e-01
-1.79877052e-01
1.06262375e-01
9.24190693e-03
2.10467600e-01
-2.47076892e-02
-2.23051281e-01
-9.04302568e-01
-8.41030234e-01
-1.46293841e+00
0.00000000e+00
0.00000000e+00
0.00000000e+00
4.91248453e-01
-2.24628817e+00
3.27246089e-01
5.16777753e-01
-1.47565173e+00
4.94565082e-01
4.53287800e-01
8.51016811e-01
-2.61625878e-01
0.00000000e+00
6.13025428e-01
-6.50013422e-01
-1.33895519e+00
3.93666535e-01
9.23982054e-01
7.29305053e-01
4.25057423e-01
-1.52283976e+00
-4.62906019e-01
2.76163276e-01
-1.32363394e+00
0.00000000e+00
0.00000000e+00
0.00000000e+00
3.24022729e-01
-1.93345970e+00
5.83186121e-02
5.72411667e-01
-1.29844182e+00
6.68135376e-01
7.54930066e-01
1.03064643e-01
-1.22780659e-01
0.00000000e+00
8.96110518e-01
-4.69874568e-01
-1.00197706e+00
6.64690005e-01
-2.84673243e-01
2.84097811e-01
2.75562447e-01
-1.16632290e+00
-1.62720863e-01
5.15273005e-01
